1.263410 3.026921 8.901299 -1.330000 0.770000 1.050000
1.263410 3.026921 8.901299 -1.330000 0.770000 1.050000
1.222732 3.153740 9.047262 -23.450001 1.470000 2.870000
1.406980 2.780460 9.087940 -45.779999 -2.590000 3.780000
1.296910 2.639283 9.279366 -59.849998 2.240000 4.550000
1.225125 1.926222 9.793823 -137.970001 3.150000 5.950000
1.107877 1.409373 9.949356 -175.979996 -3.360000 5.950000
1.107877 1.409373 9.949356 -175.979996 -3.360000 5.950000
1.663012 -0.528814 9.674182 -201.110001 -10.150000 8.330000
1.663012 -0.528814 9.674182 -201.110001 -10.150000 8.330000
0.461815 -1.117448 8.204988 -409.079987 -30.240000 8.890000
0.461815 -1.117448 8.204988 -409.079987 -30.240000 8.890000
2.055435 -6.410372 5.446064 -419.929993 -32.689999 7.700000
2.055435 -6.410372 5.446064 -419.929993 -32.689999 7.700000
1.945365 -8.599805 2.469393 -345.940002 -24.780001 -3.500000
1.945365 -8.599805 2.469393 -345.940002 -24.780001 -3.500000
1.945365 -8.599805 2.469393 -345.940002 -24.780001 -3.500000
1.945365 -8.599805 2.469393 -345.940002 -24.780001 -3.500000
1.945365 -8.599805 2.469393 -345.940002 -24.780001 -3.500000
2.266003 -9.942179 -3.926622 -246.960007 -28.350000 -10.150000
2.266003 -9.942179 -3.926622 -246.960007 -28.350000 -10.150000
2.266003 -9.942179 -3.926622 -246.960007 -28.350000 -10.150000
2.266003 -9.942179 -3.926622 -246.960007 -28.350000 -10.150000
2.266003 -9.942179 -3.926622 -246.960007 -28.350000 -10.150000
2.266003 -9.942179 -3.926622 -246.960007 -28.350000 -10.150000
2.002793 -6.683154 -7.690532 -101.010002 -22.680000 -13.230000
2.067399 -6.326623 -8.195417 -81.970001 -21.490000 -12.600000
2.067399 -5.936593 -7.946564 -73.360001 -20.510000 -13.090000
2.108077 -5.453243 -8.142776 -73.360001 -18.690001 -10.640000
2.096112 -5.714060 -8.343772 -67.269997 -19.320000 -9.590000
2.048256 -5.352744 -8.640482 -45.920002 -15.890000 -8.680000
1.969293 -5.144568 -8.652447 -41.439999 -12.670000 -7.840000
1.969293 -5.144568 -8.652447 -41.439999 -12.670000 -7.840000
1.808974 -4.737789 -9.097511 -7.910000 -5.040000 -2.380000
1.808974 -4.737789 -9.097511 -7.910000 -5.040000 -2.380000
1.878366 -4.898108 -8.941978 -1.470000 -4.270000 -1.750000
1.773082 -4.809574 -8.841480 4.900000 -3.780000 -0.350000
1.773082 -4.809574 -8.841480 4.900000 -3.780000 -0.350000
1.732404 -4.742575 -8.839087 5.390000 1.330000 -0.560000
1.835295 -4.742575 -8.817552 7.840000 1.400000 -1.190000
1.787439 -4.721039 -8.719445 1.610000 2.520000 -2.310000
