1.028914 -2.041078 9.288938 -180.460007 -7.210000 13.650000
1.138984 -4.905287 7.829315 -198.100006 -12.040000 10.220000
1.138984 -4.905287 7.829315 -198.100006 -12.040000 10.220000
0.957129 -5.517848 7.561320 -198.589996 -7.630000 9.170000
1.134198 -7.606783 5.149354 -249.270004 -14.910000 0.350000
1.318445 -8.417950 4.039084 -228.410004 -14.210000 0.700000
1.256232 -8.365308 3.536592 -234.919998 -13.720000 -1.750000
1.471586 -9.238688 2.175076 -233.660004 -14.770000 -0.560000
1.471586 -9.238688 2.175076 -233.660004 -14.770000 -0.560000
1.351945 -8.980263 0.277567 -230.649994 -16.940001 -0.490000
1.464408 -8.659625 -3.182454 -206.500000 -21.840000 -4.340000
1.320838 -8.537591 -4.223332 -211.190002 -22.960001 -5.950000
1.849652 -8.738588 -5.481956 -173.669998 -23.379999 -9.520000
1.849652 -8.738588 -5.481956 -173.669998 -23.379999 -9.520000
1.450050 -8.104490 -5.994020 -154.630005 -18.270000 -12.040000
1.402194 -7.030113 -7.539784 -121.590004 -16.240000 -11.760000
1.473979 -6.240481 -8.188239 -91.139999 -14.420000 -10.990000
1.395016 -6.178268 -8.245667 -85.330002 -13.440001 -10.220000
1.490728 -5.599205 -8.126025 -60.619999 -13.720000 -9.240000
1.490728 -5.599205 -8.126025 -60.619999 -13.720000 -9.240000
1.612763 -5.907879 -8.922836 -53.270000 -13.020000 -8.190000
1.301696 -5.374279 -9.109475 -24.290001 -5.530000 -3.710000
1.344766 -5.242674 -9.327222 18.410000 0.280000 -0.700000
1.313660 -4.807181 -8.997013 20.860001 5.180000 -0.070000
1.476372 -5.266603 -8.891729 23.450001 10.640000 3.150000
1.392623 -5.742774 -8.554340 54.529999 9.590000 6.090000
1.392623 -5.742774 -8.554340 54.529999 9.590000 6.090000
1.481157 -5.850451 -7.972885 63.349998 9.520000 6.860000
1.430908 -5.601598 -7.594819 27.580000 15.330000 2.030000
1.418944 -6.264410 -7.523034 21.350000 13.720000 1.190000
1.416551 -5.795416 -7.070791 9.730000 10.990000 -0.420000
1.663012 -5.781059 -6.891330 -1.330000 4.060000 -0.070000
1.514657 -5.979663 -6.948757 -8.610000 0.490000 -0.700000
1.785046 -6.080163 -7.111469 3.360000 -6.230000 -0.770000
