0.823131 0.449851 9.279366 -3.92 6.65 1.19 5.0
1.024128 0.519243 9.466006 -4.83 7.49 3.92 5.0
1.024128 0.519243 9.466006 -4.83 7.49 3.92 5.0
0.607777 0.564706 9.54497 -5.18 9.31 2.87 5.0
0.634098 0.464208 8.865408 -9.59 8.12 3.57 5.0
0.531207 0.088534 7.867601 -13.09 12.81 1.89 5.0
0.464208 0.09332 7.32443 -16.450001 16.24 0.91 5.0
0.464208 0.09332 7.32443 -16.450001 16.24 0.91 5.0
1.002593 -0.289532 6.21416 -34.439999 40.18 -3.85 5.0
1.002593 -0.289532 6.21416 -34.439999 40.18 -3.85 5.0
-0.224925 -0.392423 7.252645 -17.780001 66.639999 -1.61 5.0
-1.129412 -0.165105 8.362915 -22.68 78.540001 1.33 5.0
-1.368695 -0.258425 8.238488 -35.279999 80.919998 2.31 5.0
-1.368695 -0.258425 8.238488 -35.279999 80.919998 2.31 5.0
-3.237489 -0.5001 9.166903 -19.460001 76.720001 -8.61 5.0
-3.237489 -0.5001 9.166903 -19.460001 76.720001 -8.61 5.0
-4.113262 -0.449851 9.391829 -13.23 75.18 -13.51 5.0
-4.335794 -0.777667 9.820145 -21.629999 71.470001 -12.39 5.0
-4.335794 -0.777667 9.820145 -21.629999 71.470001 -12.39 5.0
-4.333402 -0.59342 9.992428 -3.29 71.050003 -8.4 5.0
-4.333402 -0.59342 9.992428 -3.29 71.050003 -8.4 5.0
-4.333402 -0.59342 9.992428 -3.29 71.050003 -8.4 5.0
-4.682754 -0.196211 9.832108 -11.48 56.139999 -1.96 5.0
-5.180461 -0.638884 9.286544 -23.799999 52.5 2.94 5.0
-5.041678 -0.921237 9.456435 -17.15 50.82 5.88 5.0
-5.608776 -0.660419 9.166903 -7.28 45.779999 8.4 5.0
-5.546563 -1.246661 8.355737 -35.0 41.580002 8.75 5.0
-6.486942 -0.79681 8.85105 -5.6 30.59 4.2 5.0
-5.673382 -1.78026 8.432307 -23.309999 26.880001 2.66 5.0
-5.673382 -1.78026 8.432307 -23.309999 26.880001 2.66 5.0
0.442672 0.382852 7.879565 -14.7 20.58 0.49 5.0
0.224925 0.260818 7.001399 -28.98 27.09 -3.99 5.0
0.545564 -0.18664 6.819544 -27.58 31.780001 -6.16 5.0
0.086142 -0.236889 6.915257 -10.22 42.0 -5.53 5.0
-0.909273 -0.452243 7.618747 -21.35 61.529999 -9.03 5.0
-0.909273 -0.452243 7.618747 -21.35 61.529999 -9.03 5.0
-1.512264 0.138784 8.221739 -19.18 66.849998 -9.45 5.0
-2.084148 0.177069 8.659625 -35.349998 76.580002 -7.91 5.0
-2.251646 -0.253639 8.805587 -36.75 76.510002 -5.46 5.0
-2.919244 -0.22014 9.037691 -15.82 77.559998 -1.47 5.0
-3.809374 -0.583849 8.688338 -25.83 82.32 -2.38 5.0
-3.986443 -0.914058 8.583055 -15.68 79.169998 -1.12 5.0
-3.986443 -0.914058 8.583055 -15.68 79.169998 -1.12 5.0
-3.986443 -0.914058 8.583055 -15.68 79.169998 -1.12 5.0
-3.986443 -0.914058 8.583055 -15.68 79.169998 -1.12 5.0
-4.402793 -0.471386 9.114261 -17.5 70.349998 -12.39 5.0
-5.65424 -0.416351 9.329616 -0.28 70.559998 -10.29 5.0
-5.771489 -0.354138 9.860823 -5.67 63.420002 -9.1 5.0
-5.771489 -0.354138 9.860823 -5.67 63.420002 -9.1 5.0
-6.049056 -0.019143 10.356135 -12.67 52.5 -7.35 5.0
-5.958128 -0.672383 9.513863 -4.34 35.98 -4.34 5.0
-6.355337 0.409173 9.341579 -4.76 26.6 -2.94 5.0
-6.053841 -0.638884 8.283953 -22.82 23.309999 -0.7 5.0
-6.15434 -0.878166 7.867601 -10.71 21.98 2.31 5.0
-6.15434 -0.878166 7.867601 -10.71 21.98 2.31 5.0
-6.15434 -0.878166 7.867601 -10.71 21.98 2.31 5.0
-6.15434 -0.878166 7.867601 -10.71 21.98 2.31 5.0
-6.45105 -1.895115 8.214561 11.9 14.14 12.39 5.0
-6.242875 -0.184247 9.329616 16.379999 -2.17 -0.42 5.0
-6.242875 -0.184247 9.329616 16.379999 -2.17 -0.42 5.0
1.507478 0.239282 9.166903 0.56 11.69 6.65 5.0
1.26341 0.253639 9.123833 -7.28 13.79 7.07 5.0
1.359123 0.189033 9.147761 -9.31 12.32 6.44 5.0
1.380659 0.043071 9.102298 -0.56 11.9 1.33 5.0
1.380659 0.043071 9.102298 -0.56 11.9 1.33 5.0
0.985843 0.557528 8.915657 -0.84 13.37 1.33 5.0
0.988236 0.449851 8.666803 -9.8 14.07 2.17 5.0
1.301696 -0.09332 7.948956 -18.200001 18.34 0.14 5.0
0.799203 0.256032 7.252645 -13.79 26.040001 -1.19 5.0
0.744168 0.265603 6.171089 -33.18 36.119999 2.1 5.0
1.129412 -0.078963 6.54437 -32.27 42.98 2.38 5.0
0.155533 -0.334995 6.936793 -15.4 68.389999 8.68 5.0
0.155533 -0.334995 6.936793 -15.4 68.389999 8.68 5.0
-0.363709 -0.200997 7.075576 -23.59 73.080002 9.17 5.0
-1.665405 -0.662812 8.425128 -22.190001 85.330002 5.25 5.0
-1.658226 -0.971486 8.863015 -15.61 87.360001 1.12 5.0
-3.09392 -0.528814 9.312866 -13.23 89.25 2.87 5.0
-3.069991 -0.552742 10.171888 -16.24 82.599998 -3.43 5.0
-3.158526 -0.497707 10.569098 -8.19 79.239998 -2.38 5.0
-4.09412 -0.557528 10.260423 -27.16 66.779999 2.38 5.0
-4.09412 -0.557528 10.260423 -27.16 66.779999 2.38 5.0
-4.649254 -0.76331 10.011569 -10.99 64.540001 6.09 5.0
-4.649254 -0.76331 10.011569 -10.99 64.540001 6.09 5.0
-4.108476 -0.923629 9.611969 -24.639999 52.290001 4.27 5.0
-5.046463 -0.842274 9.044869 -29.120001 46.970001 9.45 5.0
-5.046463 -0.842274 9.044869 -29.120001 46.970001 9.45 5.0
-5.091926 -1.17009 8.886944 -31.01 48.790001 9.73 5.0
-5.091926 -1.17009 8.886944 -31.01 48.790001 9.73 5.0
-5.091926 -1.17009 8.886944 -31.01 48.790001 9.73 5.0
-5.881558 -1.100698 9.068797 -9.38 26.18 2.45 5.0
1.538585 0.387637 8.937192 -10.15 4.55 2.31 5.0
1.543371 0.562313 9.080762 -6.79 9.31 2.87 5.0
1.543371 0.562313 9.080762 -6.79 9.31 2.87 5.0
1.435694 0.239282 8.427521 -16.73 10.15 1.82 5.0
1.165305 0.057428 7.62114 -15.96 17.5 0.28 5.0
1.165305 0.057428 7.62114 -15.96 17.5 0.28 5.0
1.344766 -0.138784 6.910471 -26.110001 23.17 -1.47 5.0
0.868595 -0.210568 6.750153 -19.879999 46.900002 -0.49 5.0
0.681954 -0.217747 6.563512 -38.57 56.139999 2.8 5.0
0.681954 -0.217747 6.563512 -38.57 56.139999 2.8 5.0
1.052842 -0.679562 7.123433 -31.08 64.260002 3.99 5.0
-0.746561 -0.358923 7.826923 2.03 79.660004 11.2 5.0
-0.746561 -0.358923 7.826923 2.03 79.660004 11.2 5.0
-1.292124 -0.758525 9.221939 -17.710001 91.07 10.15 5.0
-2.29711 -0.040678 10.04507 -25.76 77.980003 5.18 5.0
-3.211168 -1.069592 9.513863 -18.41 73.57 4.62 5.0
-3.45045 -0.284746 9.786645 1.54 65.309998 4.69 5.0
-3.498307 -0.215354 9.879964 -30.1 71.260002 4.2 5.0
-4.039084 -0.770489 9.394222 -29.610001 70.559998 3.64 5.0
-4.039084 -0.770489 9.394222 -29.610001 70.559998 3.64 5.0
-4.529613 -1.009771 9.327222 -6.16 65.239998 8.05 5.0
-4.242475 -0.734596 9.485149 -0.49 65.099998 6.37 5.0
-4.98425 -0.409173 9.755538 -10.64 56.91 8.89 5.0
-5.158926 -0.4666 9.963714 -15.05 59.849998 11.06 5.0
-5.627919 -0.112463 9.674182 -16.450001 53.549999 13.09 5.0
-5.627919 -0.112463 9.674182 -16.450001 53.549999 13.09 5.0
-5.661418 -1.002593 9.571291 -24.99 45.990002 15.05 5.0
-5.819345 -0.600598 9.683753 -10.08 36.049999 12.39 5.0
-5.819345 -0.600598 9.683753 -10.08 36.049999 12.39 5.0
-5.795416 -0.923629 9.013763 -1.47 13.86 2.8 5.0
-0.567099 0.241675 9.018548 -14.91 5.32 0.28 5.0
-0.457029 0.356531 8.757731 -11.76 4.97 0.07 5.0
-0.433101 -0.002393 7.946564 -25.34 13.79 -0.84 5.0
-0.459422 -0.055035 7.113862 -31.92 20.93 -1.75 5.0
-0.459422 -0.055035 7.113862 -31.92 20.93 -1.75 5.0
-0.476172 -0.232104 7.006185 -37.380001 25.549999 -1.12 5.0
-1.098306 -0.708275 6.79083 -20.58 58.240002 4.13 5.0
-1.868794 -0.145962 7.616355 -21.77 72.239998 8.19 5.0
-2.132005 -0.327817 8.078169 -25.83 77.279999 11.13 5.0
-3.220739 -0.674776 8.415558 7.21 79.169998 15.4 5.0
-3.220739 -0.674776 8.415558 7.21 79.169998 15.4 5.0
-3.383451 -0.433101 9.032906 6.51 78.050003 13.86 5.0
-4.244867 -1.5003 8.88455 -19.32 78.190002 4.27 5.0
-4.244867 -1.5003 8.88455 -19.32 78.190002 4.27 5.0
-4.878965 0.045464 9.315259 -6.79 68.599998 -1.4 5.0
-5.771489 -0.399601 9.059227 -7.0 69.019997 0.63 5.0
-5.505885 0.004786 9.202796 -0.21 57.959999 0.07 5.0
-5.515456 -0.09332 9.920642 -7.21 58.240002 0.98 5.0
-5.742774 0.303888 9.65504 -6.93 48.16 5.6 5.0
-5.742774 0.303888 9.65504 -6.93 48.16 5.6 5.0
-5.761917 0.155533 9.994821 -9.8 46.900002 7.35 5.0
-6.398407 -0.562313 8.427521 -17.219999 10.22 6.09 5.0
-6.058627 -0.354138 8.303094 -9.45 2.73 3.22 5.0
-5.898308 -0.488136 8.023134 -23.1 0.98 1.33 5.0
-5.898308 -0.488136 8.023134 -23.1 0.98 1.33 5.0
-5.898308 -0.488136 8.023134 -23.1 0.98 1.33 5.0
-6.135197 -0.911665 7.267002 -19.67 1.05 0.63 5.0
-5.773881 -0.574277 7.601997 -5.04 0.49 1.05 5.0
-5.773881 -0.574277 7.601997 -5.04 0.49 1.05 5.0
-5.773881 -0.574277 7.601997 -5.04 0.49 1.05 5.0
0.212961 0.468993 9.336794 -6.16 5.74 4.76 5.0
0.193819 0.595813 9.602397 -6.37 6.16 4.06 5.0
0.052642 0.665205 9.664611 -4.9 4.55 5.04 5.0
0.184247 0.591027 9.578469 -5.6 4.06 3.78 5.0
0.184247 0.591027 9.578469 -5.6 4.06 3.78 5.0
0.26321 0.509671 9.542577 -6.72 4.06 3.29 5.0
0.131605 0.583849 9.566505 -2.38 2.66 3.36 5.0
0.143569 0.55992 9.365508 -6.51 3.92 3.99 5.0
0.07657 0.433101 8.228917 -7.63 9.03 2.59 5.0
0.07657 0.433101 8.228917 -7.63 9.03 2.59 5.0
0.148355 0.184247 8.032705 -8.68 10.22 0.49 5.0
0.124427 0.083749 7.097112 -21.98 16.799999 -0.14 5.0
0.248854 -0.215354 6.76451 -25.83 29.82 -2.1 5.0
-0.366102 0.045464 7.207181 -26.110001 50.470001 0.56 5.0
-0.538385 -0.476172 7.123433 -38.990002 59.010002 1.4 5.0
-0.538385 -0.476172 7.123433 -38.990002 59.010002 1.4 5.0
-2.139183 -0.547956 8.252845 -19.040001 73.849998 2.73 5.0
-2.139183 -0.547956 8.252845 -19.040001 73.849998 2.73 5.0
-2.139183 -0.547956 8.252845 -19.040001 73.849998 2.73 5.0
-3.570091 0.179462 9.769895 -11.27 65.449997 -9.8 5.0
-3.761517 -0.066999 9.899107 -5.88 66.57 -6.3 5.0
-4.56072 0.418744 9.489935 -14.98 63.209999 0.42 5.0
-4.56072 0.418744 9.489935 -14.98 63.209999 0.42 5.0
-4.046263 -0.571885 9.190832 -17.92 65.940002 3.36 5.0
-4.871787 -0.038285 9.164511 -5.6 68.809998 8.75 5.0
-4.65404 -0.358923 9.303294 -34.16 60.689999 10.36 5.0
-5.79781 -0.234497 9.119047 -17.639999 59.290001 12.81 5.0
-6.171089 -0.981057 8.429914 -11.27 42.700001 2.87 5.0
-6.171089 -0.981057 8.429914 -11.27 42.700001 2.87 5.0
-5.986843 -1.119841 8.738588 -17.290001 39.970001 0.49 5.0
0.452243 0.636491 8.846266 -9.59 12.39 1.12 5.0
0.564706 0.497707 8.736196 -17.219999 13.3 1.05 5.0
0.492921 0.299103 8.389235 -21.210001 18.9 0.56 5.0
0.069392 0.251246 7.180861 -33.599998 25.27 -1.82 5.0
0.069392 0.251246 7.180861 -33.599998 25.27 -1.82 5.0
0.160319 0.153141 6.496514 -49.490002 28.42 -3.64 5.0
-0.064606 -0.416351 5.410172 -83.440002 42.700001 2.38 5.0
-1.414158 -0.181855 7.951349 28.139999 88.059998 15.4 5.0
-1.828116 -0.131605 8.484949 21.0 90.860001 15.89 5.0
-1.828116 -0.131605 8.484949 21.0 90.860001 15.89 5.0
-1.828116 -0.131605 8.484949 21.0 90.860001 15.89 5.0
-3.608376 -0.074178 9.999605 -29.889999 82.529999 13.16 5.0
-3.828516 -1.129412 9.865608 -52.009998 84.0 18.48 5.0
-3.828516 -1.129412 9.865608 -52.009998 84.0 18.48 5.0
-4.582255 -1.39023 9.789038 -23.309999 80.150002 20.440001 5.0
-4.582255 -1.39023 9.789038 -23.309999 80.150002 20.440001 5.0
-4.582255 -1.39023 9.789038 -23.309999 80.150002 20.440001 5.0
-4.627719 -1.124627 10.217353 -14.0 77.07 18.83 5.0
-4.627719 -1.124627 10.217353 -14.0 77.07 18.83 5.0
-5.580062 -1.136591 9.777073 -0.91 32.27 3.43 5.0
-5.367101 -0.327817 9.690931 -11.13 20.09 2.59 5.0
-5.367101 -0.327817 9.690931 -11.13 20.09 2.59 5.0
-5.249853 -0.648455 9.367901 -16.66 18.549999 2.31 5.0
-5.580062 -0.588634 8.946764 -11.27 17.360001 4.06 5.0
-5.737988 -0.784846 8.571091 -13.16 9.45 5.46 5.0
-5.362316 -0.9667 8.252845 -12.32 2.87 3.43 5.0
-5.4676 -1.021735 7.948956 -6.65 1.96 3.99 5.0
-5.4676 -1.021735 7.948956 -6.65 1.96 3.99 5.0
-5.240282 -1.105484 7.838887 -10.22 1.89 2.73 5.0
-5.240282 -1.105484 7.838887 -10.22 1.89 2.73 5.0
-0.184247 0.507278 9.461221 -9.24 9.59 2.24 5.0
-0.165105 0.39003 9.315259 -9.59 9.17 1.12 5.0
-0.165105 0.39003 9.315259 -9.59 9.17 1.12 5.0
-0.177069 0.588634 9.47797 -3.43 8.82 2.03 5.0
-0.323031 0.514457 9.037691 -9.59 10.22 2.03 5.0
-0.339781 0.138784 8.35813 -12.74 15.05 1.89 5.0
-0.339781 0.138784 8.35813 -12.74 15.05 1.89 5.0
-0.361316 0.157926 7.537392 -10.5 18.969999 2.52 5.0
-0.265603 0.028714 7.432107 -21.42 23.799999 0.21 5.0
-0.677169 -0.461815 6.472585 -39.689999 36.82 -0.21 5.0
-1.246661 -0.447458 7.087541 -16.309999 57.049999 -1.19 5.0
-1.37348 -0.961915 7.71446 -19.6 68.25 -4.13 5.0
-2.605784 -0.224925 8.449057 1.61 74.269997 -2.87 5.0
-2.605784 -0.224925 8.449057 1.61 74.269997 -2.87 5.0
-2.962314 -0.059821 8.88455 -8.19 74.269997 -4.62 5.0
-4.366901 0.4666 9.798609 -6.23 66.709999 -7.42 5.0
-4.240082 0.284746 9.836893 -20.23 65.099998 -6.3 5.0
-4.240082 0.284746 9.836893 -20.23 65.099998 -6.3 5.0
-4.716253 -0.090927 9.442079 -14.98 64.889999 -1.05 5.0
-4.716253 -0.090927 9.442079 -14.98 64.889999 -1.05 5.0
-4.716253 -0.090927 9.442079 -14.98 64.889999 -1.05 5.0
-4.575077 -0.346959 8.901299 -28.42 61.18 -0.35 5.0
-4.850252 -0.435494 9.449257 -11.2 57.68 4.97 5.0
-4.850252 -0.435494 9.449257 -11.2 57.68 4.97 5.0
-5.702096 -1.052842 9.202796 -11.41 44.939999 4.34 5.0
-5.82413 -0.954736 9.085547 -11.41 37.869999 3.08 5.0
-5.52742 -0.957129 9.334401 -9.66 33.32 1.61 5.0
-6.178268 -0.66999 8.982656 -8.89 29.960001 0.84 5.0
-6.178268 -0.66999 8.982656 -8.89 29.960001 0.84 5.0
-6.302694 -1.024128 8.044669 1.96 15.190001 1.33 5.0
1.586441 -0.026321 8.484949 -15.05 9.03 0.21 5.0
1.586441 -0.026321 8.484949 -15.05 9.03 0.21 5.0
1.433301 -0.323031 7.661818 -20.93 13.51 -0.49 5.0
1.433301 -0.323031 7.661818 -20.93 13.51 -0.49 5.0
1.40698 -0.356531 6.979864 -18.620001 27.860001 -0.7 5.0
1.411765 -0.315853 6.989435 -29.469999 41.369999 1.4 5.0
1.418944 -0.770489 7.159326 -24.08 47.389999 2.8 5.0
1.418944 -0.770489 7.159326 -24.08 47.389999 2.8 5.0
0.476172 -0.569492 8.212167 -4.13 59.920002 9.1 5.0
0.413958 -0.631705 8.9348 -28.49 58.59 8.19 5.0
-1.162912 -1.301696 8.501699 -8.19 65.239998 7.7 5.0
-1.545763 -1.124627 8.755339 -9.03 70.07 4.97 5.0
-1.773082 -0.973879 8.738588 -12.88 68.18 2.31 5.0
-1.773082 -0.973879 8.738588 -12.88 68.18 2.31 5.0
-2.139183 -1.064806 8.796017 -4.41 71.959999 -2.24 5.0
-2.567499 -0.713061 9.133404 -11.55 70.0 -3.99 5.0
-2.388037 -0.902094 9.355937 -8.82 69.790001 -1.4 5.0
-3.510271 -0.964308 9.032906 -20.02 71.82 5.74 5.0
-3.510271 -0.964308 9.032906 -20.02 71.82 5.74 5.0
-4.527221 -0.839881 9.487542 -13.58 69.860001 9.31 5.0
-4.63729 -1.06002 9.750752 -14.56 69.510002 8.47 5.0
-5.187639 -0.887737 9.480364 -11.83 69.019997 10.43 5.0
-5.099105 -0.902094 9.38465 -24.01 59.920002 10.08 5.0
-5.82413 -1.160519 9.413363 -23.309999 60.060001 13.72 5.0
-5.82413 -1.160519 9.413363 -23.309999 60.060001 13.72 5.0
-5.656632 -1.928615 9.339187 -44.380001 49.490002 11.06 5.0
-5.656632 -1.928615 9.339187 -44.380001 49.490002 11.06 5.0
-6.262017 -1.931008 9.128618 -17.99 35.98 11.41 5.0
-6.262017 -1.931008 9.128618 -17.99 35.98 11.41 5.0
-6.443871 -1.785046 8.812766 -9.59 16.17 5.04 5.0
1.356731 0.026321 9.109475 -4.55 8.4 3.64 5.0
1.524228 -0.01675 8.657232 -2.73 9.66 0.49 5.0
1.253839 0.11007 8.549555 1.05 13.86 0.91 5.0
1.253839 0.11007 8.549555 1.05 13.86 0.91 5.0
1.488336 0.107677 8.403593 -10.5 16.52 0.07 5.0
0.887737 -0.18664 7.513463 -5.74 27.860001 0.07 5.0
1.196411 -0.028714 7.152147 -26.67 33.110001 -3.85 5.0
1.196411 -0.028714 7.152147 -26.67 33.110001 -3.85 5.0
0.622134 -0.282353 7.369894 -9.87 53.970001 0.42 5.0
0.622134 -0.282353 7.369894 -9.87 53.970001 0.42 5.0
-0.394816 -0.531207 6.855437 -23.870001 63.209999 -3.01 5.0
-0.325424 -0.859023 7.312466 -15.05 68.32 -3.92 5.0
-1.40698 0.074178 8.343772 12.11 79.099998 -1.47 5.0
-1.397408 0.155533 9.219545 -25.129999 79.730003 -2.94 5.0
-3.098706 -0.803988 10.188639 -26.110001 87.849998 6.86 5.0
-3.098706 -0.803988 10.188639 -26.110001 87.849998 6.86 5.0
-4.271189 -0.447458 9.868 -8.75 86.660004 9.94 5.0
-3.68734 -0.385244 10.425529 -24.92 71.330002 5.6 5.0
-4.73061 -0.935594 9.623933 -13.02 71.75 7.91 5.0
-4.773681 -0.430708 9.84168 -30.870001 63.630001 1.75 5.0
-5.123034 -1.519442 9.887143 -10.36 50.400002 1.26 5.0
-5.123034 -1.519442 9.887143 -10.36 50.400002 1.26 5.0
-5.134997 -1.232304 10.284351 6.79 44.73 0.98 5.0
-5.376673 -0.662812 10.473385 -7.35 24.780001 -4.13 5.0
-5.376673 -0.662812 10.473385 -7.35 24.780001 -4.13 5.0
-5.534599 -0.538385 10.018748 -7.35 16.030001 -5.32 5.0
-5.211568 -0.859023 9.51147 -8.05 8.19 -5.53 5.0
-5.302495 -0.571885 8.84148 -5.39 2.38 -3.29 5.0
-5.010571 -0.689133 8.745767 -9.38 -0.28 -4.69 5.0
-5.010571 -0.689133 8.745767 -9.38 -0.28 -4.69 5.0
0.524028 -0.002393 9.018548 -7.28 6.79 1.75 5.0
0.524028 -0.002393 9.018548 -7.28 6.79 1.75 5.0
0.624527 0.055035 8.958728 -3.43 9.52 0.84 5.0
0.473779 0.081356 8.762517 -3.71 11.41 1.26 5.0
0.746561 -0.433101 7.281359 -22.610001 21.35 -0.91 5.0
0.346959 -0.320638 6.809973 -22.190001 28.91 -1.54 5.0
0.346959 -0.320638 6.809973 -22.190001 28.91 -1.54 5.0
0.217747 -0.411566 5.953342 -40.950001 39.060001 -3.43 5.0
0.217747 -0.411566 5.953342 -40.950001 39.060001 -3.43 5.0
0.040678 -1.29691 6.407979 -29.049999 62.580002 -1.33 5.0
-0.689133 -1.129412 6.479764 -6.79 70.279999 0.28 5.0
-0.689133 -1.129412 6.479764 -6.79 70.279999 0.28 5.0
-0.689133 -1.129412 6.479764 -6.79 70.279999 0.28 5.0
-3.134598 -0.282353 9.834501 -4.55 88.550003 -1.12 5.0
-3.940979 -0.430708 10.284351 0.07 84.910004 0.77 5.0
-3.940979 -0.430708 10.284351 0.07 84.910004 0.77 5.0
-4.692325 -0.277567 9.798609 -23.450001 74.059998 -4.2 5.0
-4.692325 -0.277567 9.798609 -23.450001 74.059998 -4.2 5.0
-4.9675 -0.476172 9.49472 -12.67 68.949997 -4.34 5.0
-5.479564 -0.59342 9.566505 -11.55 59.990002 3.71 5.0
-5.958128 -0.66999 9.336794 -20.93 55.790001 1.89 5.0
-5.958128 -0.66999 9.336794 -20.93 55.790001 1.89 5.0
-5.570491 -1.227518 9.341579 -16.940001 50.470001 1.26 5.0
-6.360123 -1.22034 8.760124 -35.98 40.599998 1.12 5.0
-6.360123 -1.22034 8.760124 -35.98 40.599998 1.12 5.0
-5.74756 -1.538585 9.071191 -2.17 30.17 2.73 5.0
-6.403193 -0.540778 8.872586 -11.97 24.85 1.54 5.0
-6.175875 -1.172483 8.513663 -29.190001 20.93 0.91 5.0
-6.175875 -1.172483 8.513663 -29.190001 20.93 0.91 5.0
-6.175875 -1.172483 8.513663 -29.190001 20.93 0.91 5.0
0.418744 0.291924 8.437093 -6.16 13.65 -1.89 5.0
0.650848 0.18664 7.769495 -15.33 19.18 -2.52 5.0
0.650848 0.18664 7.769495 -15.33 19.18 -2.52 5.0
0.629312 -0.124427 7.025328 -30.940001 27.51 -6.51 5.0
0.356531 -0.277567 6.836295 -30.66 35.349998 -7.42 5.0
-0.531207 -0.210568 7.640282 -13.86 62.23 -3.64 5.0
-0.531207 -0.210568 7.640282 -13.86 62.23 -3.64 5.0
-0.531207 -0.210568 7.640282 -13.86 62.23 -3.64 5.0
-0.531207 -0.210568 7.640282 -13.86 62.23 -3.64 5.0
-1.564906 -0.457029 8.01117 -36.189999 73.010002 -0.42 5.0
-2.469393 -0.181855 9.473185 4.48 75.459999 -3.29 5.0
-2.469393 -0.181855 9.473185 4.48 75.459999 -3.29 5.0
-2.469393 -0.181855 9.473185 4.48 75.459999 -3.29 5.0
-3.546163 0.086142 9.652647 -1.82 64.260002 -5.81 5.0
-3.771089 -0.421137 9.79143 -6.02 66.709999 -6.02 5.0
-3.771089 -0.421137 9.79143 -6.02 66.709999 -6.02 5.0
-4.335794 0.167498 9.769895 5.04 55.369999 -1.75 5.0
-4.785645 -0.284746 8.657232 -16.66 58.240002 1.12 5.0
-4.280759 -0.354138 8.738588 -15.33 56.279999 1.54 5.0
-5.070391 -0.20339 8.662018 -24.290001 60.060001 4.13 5.0
-4.472186 -1.397408 8.566305 -30.799999 60.48 7.49 5.0
-5.862415 -0.31346 9.245867 -9.59 63.07 8.12 5.0
-5.862415 -0.31346 9.245867 -9.59 63.07 8.12 5.0
-5.752346 -0.428315 9.437292 -23.52 56.349998 8.26 5.0
-6.21416 -1.182054 9.028119 -17.08 51.099998 10.36 5.0
-6.563512 -0.81356 9.542577 -13.79 39.900002 5.39 5.0
-6.616155 -1.095913 9.286544 -14.7 32.900002 3.99 5.0
-6.616155 -1.095913 9.286544 -14.7 32.900002 3.99 5.0
-6.12084 -1.148555 8.13799 -13.02 7.98 -0.63 5.0
-6.372087 -0.940379 7.936993 -2.87 5.46 0.14 5.0
