1.457229 2.512464 9.099905 -2.73 -1.82 1.4 2.0
1.5003 2.474179 9.066404 -2.59 -1.47 1.33 2.0
1.505085 2.586641 8.906086 -3.64 -1.4 0.77 2.0
1.545763 2.620141 8.872586 -6.23 -1.89 0.56 2.0
1.545763 2.620141 8.872586 -6.23 -1.89 0.56 2.0
1.612763 2.469393 8.944371 -2.38 -0.14 2.1 2.0
1.706082 2.656033 9.200402 -22.190001 1.4 3.64 2.0
1.328017 3.371487 9.535398 -89.25 0.07 7.49 2.0
1.328017 3.371487 9.535398 -89.25 0.07 7.49 2.0
1.172483 2.845066 9.059227 -126.559998 -7.56 9.24 2.0
2.206182 -4.335794 6.635297 -409.149994 -28.0 25.41 2.0
1.469193 -4.656433 5.989235 -413.420013 -23.59 21.139999 2.0
1.667797 -6.534799 3.574877 -448.980011 -34.509998 8.33 2.0
1.919044 -7.470392 0.421137 -483.350006 -33.459999 -2.94 2.0
1.919044 -7.470392 0.421137 -483.350006 -33.459999 -2.94 2.0
1.837688 -7.707282 -1.938186 -500.920013 -32.830002 -12.25 2.0
1.837688 -7.707282 -1.938186 -500.920013 -32.830002 -12.25 2.0
1.837688 -7.707282 -1.938186 -500.920013 -32.830002 -12.25 2.0
1.837688 -7.707282 -1.938186 -500.920013 -32.830002 -12.25 2.0
1.837688 -7.707282 -1.938186 -500.920013 -32.830002 -12.25 2.0
1.837688 -7.707282 -1.938186 -500.920013 -32.830002 -12.25 2.0
2.002793 -6.762117 -7.855636 -26.530001 -9.1 -5.6 2.0
2.462214 -6.903293 -8.042276 -11.13 -5.25 -2.52 2.0
2.26361 -6.38405 -7.88435 -10.71 -3.15 -5.11 2.0
2.179861 -6.532406 -7.846066 -13.16 -4.48 -4.97 2.0
2.031506 -5.831308 -7.743174 -3.22 -2.1 -3.99 2.0
2.031506 -5.831308 -7.743174 -3.22 -2.1 -3.99 2.0
2.141576 -5.891129 -7.534998 1.96 1.19 -2.59 2.0
2.206182 -5.757132 -7.57089 0.49 1.96 -1.33 2.0
2.206182 -5.757132 -7.57089 0.49 1.96 -1.33 2.0
1.588834 2.596212 8.865408 -7.77 -1.96 1.26 2.0
1.588834 2.596212 8.865408 -7.77 -1.96 1.26 2.0
1.619941 2.35693 8.77448 1.26 2.24 2.1 2.0
1.56012 2.562713 8.800802 2.38 3.43 4.06 2.0
1.56012 2.562713 8.800802 2.38 3.43 4.06 2.0
1.512264 2.421536 8.908479 -9.03 2.59 4.27 2.0
1.397408 2.495714 9.399008 -1.96 4.9 2.03 2.0
1.397408 2.495714 9.399008 -1.96 4.9 2.03 2.0
1.495514 2.007578 9.202796 -11.55 -1.75 0.35 2.0
1.361516 2.352145 9.513863 3.36 2.59 -0.14 2.0
1.615155 2.641676 9.497113 -8.54 2.73 -0.35 2.0
1.399801 4.149154 10.437491 -113.68 7.21 3.43 2.0
1.292124 2.749353 10.377672 -281.119995 -10.29 5.6 2.0
1.292124 2.749353 10.377672 -281.119995 -10.29 5.6 2.0
1.356731 -2.050649 6.553941 -467.320007 -34.369999 13.09 2.0
2.136791 -6.096912 5.213961 -420.209991 -24.710001 15.05 2.0
1.727618 -6.611369 5.058427 -372.049988 -20.02 14.07 2.0
1.727618 -6.611369 5.058427 -372.049988 -20.02 14.07 2.0
1.727618 -6.611369 5.058427 -372.049988 -20.02 14.07 2.0
1.648655 -7.089933 3.194418 -341.529999 -28.700001 9.52 2.0
1.648655 -7.089933 3.194418 -341.529999 -28.700001 9.52 2.0
1.792224 -9.24826 -0.366102 -345.100006 -34.580002 3.43 2.0
1.792224 -9.24826 -0.366102 -345.100006 -34.580002 3.43 2.0
1.792224 -9.24826 -0.366102 -345.100006 -34.580002 3.43 2.0
1.792224 -9.24826 -0.366102 -345.100006 -34.580002 3.43 2.0
1.792224 -9.24826 -0.366102 -345.100006 -34.580002 3.43 2.0
1.792224 -9.24826 -0.366102 -345.100006 -34.580002 3.43 2.0
2.309074 -5.446064 -8.652447 -44.170002 -4.27 -8.33 2.0
2.309074 -5.446064 -8.652447 -44.170002 -4.27 -8.33 2.0
2.014757 -5.123034 -8.573483 -32.34 -0.91 -4.27 2.0
0.997807 2.349752 9.238688 -11.97 0.63 3.5 2.0
0.997807 2.349752 9.238688 -11.97 0.63 3.5 2.0
1.105484 2.208575 9.150154 -9.52 1.19 4.2 2.0
1.024128 2.165504 9.126225 -5.95 1.68 3.57 2.0
1.191626 2.364109 9.310472 -13.09 3.85 3.01 2.0
1.191626 2.364109 9.310472 -13.09 3.85 3.01 2.0
1.177269 2.624927 9.762716 -56.560001 4.48 4.41 2.0
1.201197 -4.189832 5.295317 -505.75 -34.650002 9.03 2.0
1.725225 -7.056434 4.388437 -474.320007 -31.780001 6.09 2.0
1.447658 -8.645268 3.407379 -313.600006 -21.559999 -0.28 2.0
1.447658 -8.645268 3.407379 -313.600006 -21.559999 -0.28 2.0
1.689333 -9.109475 0.875773 -259.140015 -24.01 -4.34 2.0
1.689333 -9.109475 0.875773 -259.140015 -24.01 -4.34 2.0
1.689333 -9.109475 0.875773 -259.140015 -24.01 -4.34 2.0
1.689333 -9.109475 0.875773 -259.140015 -24.01 -4.34 2.0
1.689333 -9.109475 0.875773 -259.140015 -24.01 -4.34 2.0
1.689333 -9.109475 0.875773 -259.140015 -24.01 -4.34 2.0
1.689333 -9.109475 0.875773 -259.140015 -24.01 -4.34 2.0
1.689333 -9.109475 0.875773 -259.140015 -24.01 -4.34 2.0
1.689333 -9.109475 0.875773 -259.140015 -24.01 -4.34 2.0
1.689333 -9.109475 0.875773 -259.140015 -24.01 -4.34 2.0
1.689333 -9.109475 0.875773 -259.140015 -24.01 -4.34 2.0
1.942972 -7.286145 -8.023134 -81.410004 -18.27 -11.27 2.0
2.11047 -6.826723 -8.154739 -63.630001 -14.0 -9.59 2.0
2.11047 -6.826723 -8.154739 -63.630001 -14.0 -9.59 2.0
1.859223 -6.001199 -8.049455 -67.620003 -8.05 -11.9 2.0
1.859223 -6.001199 -8.049455 -67.620003 -8.05 -11.9 2.0
1.74676 -5.855237 -8.126025 -72.099998 -7.49 -12.39 2.0
1.775474 -5.213961 -8.152347 -44.869999 -11.27 -8.96 2.0
1.76351 -5.419744 -8.410772 -42.91 -11.27 -7.7 2.0
1.423729 2.754139 8.956335 1.96 -0.28 -0.91 2.0
1.502693 2.605784 8.920443 0.91 -0.56 -1.82 2.0
1.325624 2.957529 8.963513 0.7 -0.28 -0.91 2.0
1.323231 2.732604 8.898908 2.03 -0.07 -0.63 2.0
1.383051 2.964707 8.925228 2.03 0.7 -0.14 2.0
1.5003 3.036492 8.927622 -15.33 1.26 -0.7 2.0
1.375873 2.909672 8.88455 -25.129999 -0.21 1.47 2.0
1.596013 2.476572 8.860621 -14.84 3.92 2.59 2.0
1.28016 3.098706 9.142976 -30.66 9.73 3.57 2.0
1.28016 3.098706 9.142976 -30.66 9.73 3.57 2.0
1.708475 3.285345 10.612168 -93.660004 23.24 8.26 2.0
1.708475 3.285345 10.612168 -93.660004 23.24 8.26 2.0
0.038285 4.113262 10.734202 -400.119995 -0.42 13.79 2.0
0.038285 4.113262 10.734202 -400.119995 -0.42 13.79 2.0
0.038285 4.113262 10.734202 -400.119995 -0.42 13.79 2.0
0.038285 4.113262 10.734202 -400.119995 -0.42 13.79 2.0
0.038285 4.113262 10.734202 -400.119995 -0.42 13.79 2.0
1.85683 -10.097712 -2.191825 -228.199997 -30.380001 0.14 2.0
1.85683 -10.097712 -2.191825 -228.199997 -30.380001 0.14 2.0
1.85683 -10.097712 -2.191825 -228.199997 -30.380001 0.14 2.0
1.85683 -10.097712 -2.191825 -228.199997 -30.380001 0.14 2.0
1.85683 -10.097712 -2.191825 -228.199997 -30.380001 0.14 2.0
1.85683 -10.097712 -2.191825 -228.199997 -30.380001 0.14 2.0
1.85683 -10.097712 -2.191825 -228.199997 -30.380001 0.14 2.0
1.828116 -6.482157 -8.482556 -155.259995 -13.65 -16.309999 2.0
1.828116 -6.482157 -8.482556 -155.259995 -13.65 -16.309999 2.0
1.722832 -5.376673 -8.185846 -74.059998 -12.46 -10.64 2.0
1.722832 -5.376673 -8.185846 -74.059998 -12.46 -10.64 2.0
1.722832 -5.376673 -8.185846 -74.059998 -12.46 -10.64 2.0
1.722832 -5.048856 -8.611769 -28.139999 -4.55 -2.94 2.0
0.954736 2.816352 9.506684 -65.379997 3.36 5.67 2.0
0.679562 3.172883 10.920842 -166.949997 11.34 6.3 2.0
0.311067 2.720639 10.710274 -258.720001 1.19 7.07 2.0
0.342174 0.949951 9.667004 -329.700012 -19.74 6.86 2.0
0.887737 -1.445265 8.9683 -345.029999 -31.57 9.31 2.0
0.887737 -1.445265 8.9683 -345.029999 -31.57 9.31 2.0
1.325624 -3.120241 8.487342 -310.940002 -20.02 11.13 2.0
1.332802 -6.905686 5.491528 -321.299988 -29.120001 7.0 2.0
1.332802 -6.905686 5.491528 -321.299988 -29.120001 7.0 2.0
1.332802 -6.905686 5.491528 -321.299988 -29.120001 7.0 2.0
1.332802 -6.905686 5.491528 -321.299988 -29.120001 7.0 2.0
1.332802 -6.905686 5.491528 -321.299988 -29.120001 7.0 2.0
1.332802 -6.905686 5.491528 -321.299988 -29.120001 7.0 2.0
1.332802 -6.905686 5.491528 -321.299988 -29.120001 7.0 2.0
1.332802 -6.905686 5.491528 -321.299988 -29.120001 7.0 2.0
1.332802 -6.905686 5.491528 -321.299988 -29.120001 7.0 2.0
1.332802 -6.905686 5.491528 -321.299988 -29.120001 7.0 2.0
1.332802 -6.905686 5.491528 -321.299988 -29.120001 7.0 2.0
1.9669 -7.283752 -6.721439 -159.949997 -27.09 -19.67 2.0
1.928615 -6.910471 -7.183254 -111.860001 -26.809999 -15.47 2.0
1.928615 -6.910471 -7.183254 -111.860001 -26.809999 -15.47 2.0
1.885544 -6.446264 -8.056634 -63.209999 -24.43 -8.96 2.0
1.933401 -6.245267 -8.394022 -29.68 -17.01 -5.6 2.0
1.933401 -6.245267 -8.394022 -29.68 -17.01 -5.6 2.0
1.596013 -6.125626 -8.336594 -2.17 -5.67 -0.49 2.0
1.658226 -5.785845 -8.240881 -5.46 -2.73 -1.75 2.0
1.658226 -5.785845 -8.240881 -5.46 -2.73 -1.75 2.0
1.753939 -6.07777 -8.26481 -8.68 -3.36 -0.7 2.0
1.598405 -5.699703 -8.085347 -4.13 2.45 -2.45 2.0
1.65344 -5.833702 -8.11167 -4.97 2.94 -1.61 2.0
1.045663 2.167897 9.221939 -2.38 -0.98 0.91 2.0
1.045663 2.167897 9.221939 -2.38 -0.98 0.91 2.0
1.045663 2.167897 9.221939 -2.38 -0.98 0.91 2.0
1.045663 2.167897 9.221939 -2.38 -0.98 0.91 2.0
1.086342 1.59362 9.052048 -7.84 1.96 3.22 2.0
1.440479 2.629712 9.702895 -45.779999 11.69 2.8 2.0
0.545564 2.024328 9.891929 -209.860001 -5.88 8.82 2.0
1.043271 0.622134 9.84168 -297.149994 -11.48 6.79 2.0
1.031307 -1.502693 9.114261 -325.570007 -16.450001 9.1 2.0
1.476372 -4.4339 7.657032 -292.459991 -17.92 8.54 2.0
1.476372 -4.4339 7.657032 -292.459991 -17.92 8.54 2.0
1.476372 -4.4339 7.657032 -292.459991 -17.92 8.54 2.0
1.493121 -4.945964 7.776673 -270.269989 -12.81 7.84 2.0
1.330409 -7.233503 5.395815 -238.910004 -20.23 1.33 2.0
1.330409 -7.233503 5.395815 -238.910004 -20.23 1.33 2.0
1.330409 -7.233503 5.395815 -238.910004 -20.23 1.33 2.0
1.325624 -7.444071 4.465007 -244.440002 -20.51 -0.07 2.0
1.325624 -7.444071 4.465007 -244.440002 -20.51 -0.07 2.0
1.787439 -8.874979 -3.761517 -263.76001 -28.139999 -10.08 2.0
1.787439 -8.874979 -3.761517 -263.76001 -28.139999 -10.08 2.0
1.897508 -7.869993 -4.455436 -152.320007 -28.35 -14.21 2.0
1.897508 -7.869993 -4.455436 -152.320007 -28.35 -14.21 2.0
2.033899 -8.312666 -6.324231 -137.270004 -32.200001 -12.04 2.0
1.921437 -7.611568 -6.494121 -107.239998 -29.049999 -10.92 2.0
2.014757 -7.252645 -7.283752 -95.410004 -24.639999 -7.42 2.0
1.734797 -6.673582 -7.860423 -86.800003 -17.85 -9.94 2.0
1.806581 -6.132804 -8.157133 -45.150002 -14.63 -5.67 2.0
1.768296 -6.087341 -8.154739 -30.73 -8.68 -2.59 2.0
1.787439 -6.068198 -8.245667 -17.710001 -6.79 -0.28 2.0
1.787439 -6.068198 -8.245667 -17.710001 -6.79 -0.28 2.0
1.028914 -2.041078 9.288938 -180.460007 -7.21 13.65 2.0
1.138984 -4.905287 7.829315 -198.100006 -12.04 10.22 2.0
1.138984 -4.905287 7.829315 -198.100006 -12.04 10.22 2.0
0.957129 -5.517848 7.56132 -198.589996 -7.63 9.17 2.0
1.134198 -7.606783 5.149354 -249.270004 -14.91 0.35 2.0
1.318445 -8.41795 4.039084 -228.410004 -14.21 0.7 2.0
1.256232 -8.365308 3.536592 -234.919998 -13.72 -1.75 2.0
1.471586 -9.238688 2.175076 -233.660004 -14.77 -0.56 2.0
1.471586 -9.238688 2.175076 -233.660004 -14.77 -0.56 2.0
1.351945 -8.980263 0.277567 -230.649994 -16.940001 -0.49 2.0
1.464408 -8.659625 -3.182454 -206.5 -21.84 -4.34 2.0
1.320838 -8.537591 -4.223332 -211.190002 -22.960001 -5.95 2.0
1.849652 -8.738588 -5.481956 -173.669998 -23.379999 -9.52 2.0
1.849652 -8.738588 -5.481956 -173.669998 -23.379999 -9.52 2.0
1.45005 -8.10449 -5.99402 -154.630005 -18.27 -12.04 2.0
1.402194 -7.030113 -7.539784 -121.590004 -16.24 -11.76 2.0
1.473979 -6.240481 -8.188239 -91.139999 -14.42 -10.99 2.0
1.395016 -6.178268 -8.245667 -85.330002 -13.440001 -10.22 2.0
1.490728 -5.599205 -8.126025 -60.619999 -13.72 -9.24 2.0
1.490728 -5.599205 -8.126025 -60.619999 -13.72 -9.24 2.0
1.612763 -5.907879 -8.922836 -53.27 -13.02 -8.19 2.0
1.301696 -5.374279 -9.109475 -24.290001 -5.53 -3.71 2.0
1.344766 -5.242674 -9.327222 18.41 0.28 -0.7 2.0
1.31366 -4.807181 -8.997013 20.860001 5.18 -0.07 2.0
1.476372 -5.266603 -8.891729 23.450001 10.64 3.15 2.0
1.392623 -5.742774 -8.55434 54.529999 9.59 6.09 2.0
1.392623 -5.742774 -8.55434 54.529999 9.59 6.09 2.0
1.481157 -5.850451 -7.972885 63.349998 9.52 6.86 2.0
1.430908 -5.601598 -7.594819 27.58 15.33 2.03 2.0
1.418944 -6.26441 -7.523034 21.35 13.72 1.19 2.0
1.325624 2.304288 9.19801 0.7 0.56 0.35 2.0
1.337588 2.292324 9.19801 1.33 0.21 0.28 2.0
1.337588 2.292324 9.19801 1.33 0.21 0.28 2.0
1.337588 2.292324 9.19801 1.33 0.21 0.28 2.0
1.337588 2.292324 9.19801 1.33 0.21 0.28 2.0
1.337588 2.292324 9.19801 1.33 0.21 0.28 2.0
1.375873 2.289931 8.997013 -2.66 -1.96 0.14 2.0
1.505085 2.277967 8.970692 9.31 0.63 -0.42 2.0
1.416551 2.744568 9.018548 -8.75 1.4 0.98 2.0
1.416551 2.744568 9.018548 -8.75 1.4 0.98 2.0
1.416551 2.744568 9.018548 -8.75 1.4 0.98 2.0
1.055235 3.661019 10.016356 -178.990005 2.8 8.26 2.0
0.832702 1.07677 9.427721 -403.200012 -11.76 17.01 2.0
1.423729 -2.938386 6.817152 -462.910004 -23.450001 16.799999 2.0
1.423729 -2.938386 6.817152 -462.910004 -23.450001 16.799999 2.0
1.167697 -5.376673 4.981857 -479.220001 -24.92 8.75 2.0
1.359123 -7.298109 3.024528 -465.779999 -25.48 0.63 2.0
1.359123 -7.298109 3.024528 -465.779999 -25.48 0.63 2.0
1.359123 -7.298109 3.024528 -465.779999 -25.48 0.63 2.0
1.359123 -7.298109 3.024528 -465.779999 -25.48 0.63 2.0
1.359123 -7.298109 3.024528 -465.779999 -25.48 0.63 2.0
1.359123 -7.298109 3.024528 -465.779999 -25.48 0.63 2.0
1.359123 -7.298109 3.024528 -465.779999 -25.48 0.63 2.0
1.359123 -7.298109 3.024528 -465.779999 -25.48 0.63 2.0
1.359123 -7.298109 3.024528 -465.779999 -25.48 0.63 2.0
1.359123 -7.298109 3.024528 -465.779999 -25.48 0.63 2.0
1.359123 -7.298109 3.024528 -465.779999 -25.48 0.63 2.0
1.359123 -7.298109 3.024528 -465.779999 -25.48 0.63 2.0
1.359123 -7.298109 3.024528 -465.779999 -25.48 0.63 2.0
1.359123 -7.298109 3.024528 -465.779999 -25.48 0.63 2.0
1.732404 2.426322 9.028119 -15.47 -3.36 1.33 2.0
1.732404 2.426322 9.028119 -15.47 -3.36 1.33 2.0
1.818545 2.9336 9.408579 -58.170002 4.2 5.53 2.0
1.818545 2.9336 9.408579 -58.170002 4.2 5.53 2.0
1.354338 2.62732 10.112068 -177.660004 -0.42 12.18 2.0
2.072184 -0.409173 9.846465 -244.369995 -12.25 16.309999 2.0
2.072184 -0.409173 9.846465 -244.369995 -12.25 16.309999 2.0
1.533799 -2.9671 7.676175 -373.799988 -26.389999 13.51 2.0
1.842474 -6.453443 4.443472 -417.690002 -30.309999 -2.45 2.0
1.842474 -6.453443 4.443472 -417.690002 -30.309999 -2.45 2.0
1.842474 -6.453443 4.443472 -417.690002 -30.309999 -2.45 2.0
1.842474 -6.453443 4.443472 -417.690002 -30.309999 -2.45 2.0
2.416751 -9.286544 -2.127219 -348.73999 -36.959999 -9.24 2.0
2.416751 -9.286544 -2.127219 -348.73999 -36.959999 -9.24 2.0
2.416751 -9.286544 -2.127219 -348.73999 -36.959999 -9.24 2.0
2.526821 -8.901299 -4.23051 -232.889999 -37.310001 -17.15 2.0
2.526821 -8.901299 -4.23051 -232.889999 -37.310001 -17.15 2.0
2.526821 -8.901299 -4.23051 -232.889999 -37.310001 -17.15 2.0
2.526821 -8.901299 -4.23051 -232.889999 -37.310001 -17.15 2.0
2.651247 -5.905487 -8.190632 -61.110001 -16.1 -13.09 2.0
2.569891 -5.783452 -8.188239 -50.959999 -10.01 -8.4 2.0
2.569891 -5.783452 -8.188239 -50.959999 -10.01 -8.4 2.0
2.533999 -5.47717 -8.262416 -32.41 -3.99 -4.9 2.0
2.533999 -5.47717 -8.262416 -32.41 -3.99 -4.9 2.0
2.493321 -5.168497 -8.25763 -20.370001 -4.06 -3.15 2.0
2.493321 -5.168497 -8.25763 -20.370001 -4.06 -3.15 2.0
2.366502 -4.955536 -8.248059 -15.26 -3.57 -2.66 2.0
2.395216 -4.960321 -8.334201 -11.76 -2.8 -2.17 2.0
2.37368 -5.017749 -8.360522 -5.95 -2.8 -1.61 2.0
2.35693 -4.941179 -8.238488 7.56 -0.84 0.28 2.0
1.26341 3.026921 8.901299 -1.33 0.77 1.05 2.0
1.26341 3.026921 8.901299 -1.33 0.77 1.05 2.0
1.222732 3.15374 9.047262 -23.450001 1.47 2.87 2.0
1.40698 2.78046 9.08794 -45.779999 -2.59 3.78 2.0
1.29691 2.639283 9.279366 -59.849998 2.24 4.55 2.0
1.225125 1.926222 9.793823 -137.970001 3.15 5.95 2.0
1.107877 1.409373 9.949356 -175.979996 -3.36 5.95 2.0
1.107877 1.409373 9.949356 -175.979996 -3.36 5.95 2.0
1.663012 -0.528814 9.674182 -201.110001 -10.15 8.33 2.0
1.663012 -0.528814 9.674182 -201.110001 -10.15 8.33 2.0
0.461815 -1.117448 8.204988 -409.079987 -30.24 8.89 2.0
0.461815 -1.117448 8.204988 -409.079987 -30.24 8.89 2.0
2.055435 -6.410372 5.446064 -419.929993 -32.689999 7.7 2.0
2.055435 -6.410372 5.446064 -419.929993 -32.689999 7.7 2.0
1.945365 -8.599805 2.469393 -345.940002 -24.780001 -3.5 2.0
1.945365 -8.599805 2.469393 -345.940002 -24.780001 -3.5 2.0
1.945365 -8.599805 2.469393 -345.940002 -24.780001 -3.5 2.0
1.945365 -8.599805 2.469393 -345.940002 -24.780001 -3.5 2.0
1.945365 -8.599805 2.469393 -345.940002 -24.780001 -3.5 2.0
2.266003 -9.942179 -3.926622 -246.960007 -28.35 -10.15 2.0
2.266003 -9.942179 -3.926622 -246.960007 -28.35 -10.15 2.0
2.266003 -9.942179 -3.926622 -246.960007 -28.35 -10.15 2.0
2.266003 -9.942179 -3.926622 -246.960007 -28.35 -10.15 2.0
2.266003 -9.942179 -3.926622 -246.960007 -28.35 -10.15 2.0
2.266003 -9.942179 -3.926622 -246.960007 -28.35 -10.15 2.0
2.002793 -6.683154 -7.690532 -101.010002 -22.68 -13.23 2.0
2.067399 -6.326623 -8.195417 -81.970001 -21.49 -12.6 2.0
2.067399 -5.936593 -7.946564 -73.360001 -20.51 -13.09 2.0
2.108077 -5.453243 -8.142776 -73.360001 -18.690001 -10.64 2.0
2.096112 -5.71406 -8.343772 -67.269997 -19.32 -9.59 2.0
1.323231 3.18724 9.176475 -19.879999 -1.33 2.59 2.0
1.387837 2.289931 9.939785 -96.459999 4.13 5.88 2.0
1.387837 2.289931 9.939785 -96.459999 4.13 5.88 2.0
1.387837 2.289931 9.939785 -96.459999 4.13 5.88 2.0
1.607977 -0.342174 9.147761 -154.770004 -16.17 3.99 2.0
1.607977 -0.342174 9.147761 -154.770004 -16.17 3.99 2.0
1.395016 -1.574477 9.554541 -250.600006 -5.18 7.35 2.0
1.395016 -1.574477 9.554541 -250.600006 -5.18 7.35 2.0
1.395016 -1.574477 9.554541 -250.600006 -5.18 7.35 2.0
1.842474 -7.678568 3.649055 -320.529999 -20.790001 -2.03 2.0
1.842474 -7.678568 3.649055 -320.529999 -20.790001 -2.03 2.0
1.79701 -7.642675 2.416751 -322.630005 -24.360001 -4.97 2.0
2.311467 -9.54497 -0.564706 -261.309998 -25.200001 -6.09 2.0
2.311467 -9.54497 -0.564706 -261.309998 -25.200001 -6.09 2.0
2.311467 -9.54497 -0.564706 -261.309998 -25.200001 -6.09 2.0
2.311467 -9.54497 -0.564706 -261.309998 -25.200001 -6.09 2.0
2.311467 -9.54497 -0.564706 -261.309998 -25.200001 -6.09 2.0
2.311467 -9.54497 -0.564706 -261.309998 -25.200001 -6.09 2.0
2.311467 -9.54497 -0.564706 -261.309998 -25.200001 -6.09 2.0
2.311467 -9.54497 -0.564706 -261.309998 -25.200001 -6.09 2.0
2.311467 -9.54497 -0.564706 -261.309998 -25.200001 -6.09 2.0
2.464607 -6.905686 -7.503892 -100.800003 -22.190001 -19.809999 2.0
2.562713 -6.479764 -7.709675 -86.379997 -19.950001 -18.83 2.0
2.498107 -5.615955 -7.984849 -67.760002 -13.93 -17.360001 2.0
2.498107 -5.615955 -7.984849 -67.760002 -13.93 -17.360001 2.0
2.423929 -5.656632 -8.11167 -73.010002 -10.57 -16.799999 2.0
2.423929 -5.656632 -8.11167 -73.010002 -10.57 -16.799999 2.0
2.423929 -5.656632 -8.11167 -73.010002 -10.57 -16.799999 2.0
2.361716 -5.465207 -8.365308 -30.73 -6.79 -6.44 2.0
2.344966 -5.28096 -8.305488 4.9 -2.38 1.75 2.0
1.658226 1.383051 9.281759 -0.35 0.21 -1.05 2.0
1.641476 1.225125 9.138189 -6.58 1.68 0.98 2.0
1.641476 1.225125 9.138189 -6.58 1.68 0.98 2.0
1.646262 1.141376 9.607183 -0.42 2.38 2.03 2.0
1.607977 1.325624 9.485149 -2.73 2.17 3.22 2.0
1.607977 1.325624 9.485149 -2.73 2.17 3.22 2.0
1.387837 0.801596 9.564112 -179.619995 -10.85 13.16 2.0
1.773082 -0.478565 9.611969 -203.559998 -4.9 17.780001 2.0
1.773082 -0.478565 9.611969 -203.559998 -4.9 17.780001 2.0
1.095913 -1.416551 8.547162 -308.070007 -20.16 21.49 2.0
1.378266 -3.948158 7.384251 -368.200012 -21.280001 17.15 2.0
1.378266 -3.948158 7.384251 -368.200012 -21.280001 17.15 2.0
1.572084 -6.436693 3.591627 -442.119995 -33.040001 2.03 2.0
1.572084 -6.436693 3.591627 -442.119995 -33.040001 2.03 2.0
2.24686 -8.779266 0.028714 -351.540009 -28.35 -11.76 2.0
2.24686 -8.779266 0.028714 -351.540009 -28.35 -11.76 2.0
2.24686 -8.779266 0.028714 -351.540009 -28.35 -11.76 2.0
2.24686 -8.779266 0.028714 -351.540009 -28.35 -11.76 2.0
2.24686 -8.779266 0.028714 -351.540009 -28.35 -11.76 2.0
2.24686 -8.779266 0.028714 -351.540009 -28.35 -11.76 2.0
2.24686 -8.779266 0.028714 -351.540009 -28.35 -11.76 2.0
2.24686 -8.779266 0.028714 -351.540009 -28.35 -11.76 2.0
2.24686 -8.779266 0.028714 -351.540009 -28.35 -11.76 2.0
2.555535 -7.042077 -7.422535 -105.489998 -11.34 -7.7 2.0
2.644069 -6.30748 -8.128418 -84.840004 -14.84 -10.85 2.0
2.644069 -6.30748 -8.128418 -84.840004 -14.84 -10.85 2.0
2.299503 -5.666204 -8.238488 -82.25 -14.14 -12.6 2.0
2.28036 -5.453243 -8.420342 -79.309998 -14.28 -11.06 2.0
2.354537 -5.178068 -8.499306 -58.52 -13.37 -11.41 2.0
2.266003 -4.508078 -8.673983 -57.610001 -10.22 -9.1 2.0
