0.758525 1.72044 9.382257 1.54 1.4 1.96 0.0
0.758525 1.72044 9.382257 1.54 1.4 1.96 0.0
0.679562 1.586441 9.497113 0.14 1.05 2.87 0.0
0.741775 1.730011 9.391829 -2.87 -1.12 1.47 0.0
0.708275 1.770689 9.38465 0.7 1.12 2.45 0.0
0.708275 1.770689 9.38465 0.7 1.12 2.45 0.0
0.708275 1.770689 9.38465 0.7 1.12 2.45 0.0
0.531207 2.333002 9.12144 -3.36 -0.42 8.19 0.0
0.531207 2.333002 9.12144 -3.36 -0.42 8.19 0.0
0.107677 4.23051 9.566505 17.360001 5.25 20.16 0.0
0.107677 4.23051 9.566505 17.360001 5.25 20.16 0.0
-0.043071 5.47717 9.865608 21.77 5.74 36.189999 0.0
-0.114855 5.986843 9.489935 12.25 3.64 44.450001 0.0
-0.145962 6.013163 9.296116 2.17 1.19 53.970001 0.0
-0.411566 5.496314 9.12144 10.43 7.7 80.080002 0.0
-0.667598 5.536992 8.992228 -6.86 6.51 100.169998 0.0
-0.667598 5.536992 8.992228 -6.86 6.51 100.169998 0.0
-0.667598 5.536992 8.992228 -6.86 6.51 100.169998 0.0
-0.667598 5.536992 8.992228 -6.86 6.51 100.169998 0.0
-0.918844 3.335595 9.10469 -10.64 5.74 129.990005 0.0
-1.196411 2.974278 9.317651 -10.15 7.42 137.479996 0.0
-1.356731 2.445465 9.312866 -4.41 8.26 148.259995 0.0
-1.172483 1.507478 9.420543 -9.31 5.6 152.460007 0.0
-1.172483 1.507478 9.420543 -9.31 5.6 152.460007 0.0
-1.172483 1.507478 9.420543 -9.31 5.6 152.460007 0.0
-1.009771 -1.229911 9.377472 -7.28 -0.21 142.100006 0.0
-0.282353 -1.706082 9.085547 10.29 2.94 130.619995 0.0
-0.282353 -1.706082 9.085547 10.29 2.94 130.619995 0.0
-0.01675 -1.421337 9.001799 19.67 6.16 116.550003 0.0
-0.143569 -1.988436 9.480364 27.93 5.67 117.040001 0.0
0.736989 1.938186 9.267403 3.85 2.45 1.33 0.0
0.736989 1.938186 9.267403 3.85 2.45 1.33 0.0
0.736989 1.938186 9.267403 3.85 2.45 1.33 0.0
0.736989 1.938186 9.267403 3.85 2.45 1.33 0.0
0.624527 2.172683 9.025726 -0.35 4.06 8.96 0.0
0.540778 2.227718 9.078369 1.12 4.55 10.01 0.0
0.411566 2.54357 8.85105 2.52 7.84 12.25 0.0
0.270389 2.490928 9.095119 8.4 7.63 12.53 0.0
0.392423 2.711068 9.336794 21.210001 10.29 14.07 0.0
0.133998 3.871587 9.84168 29.75 12.53 18.200001 0.0
-0.031107 4.61097 9.887143 22.889999 9.59 21.84 0.0
-0.047856 5.771489 10.19821 27.51 3.36 42.420002 0.0
-0.31346 6.290731 10.250853 33.25 6.3 53.27 0.0
-0.684347 6.728617 10.107283 25.76 2.31 66.360001 0.0
-0.916451 6.125626 9.178867 -4.41 -4.62 90.93 0.0
-0.859023 5.785845 8.779266 -10.92 -3.5 98.349998 0.0
-1.019342 4.957928 8.025528 -21.49 -2.03 114.239998 0.0
-1.019342 4.957928 8.025528 -21.49 -2.03 114.239998 0.0
-0.89013 3.117848 8.054241 4.2 9.38 133.979996 0.0
-0.89013 3.117848 8.054241 4.2 9.38 133.979996 0.0
-1.083949 2.885744 7.88435 13.65 19.25 139.720001 0.0
-0.851845 1.945365 8.449057 7.42 26.67 145.389999 0.0
-0.863809 1.150948 9.382257 11.41 31.5 154.770004 0.0
-0.863809 1.150948 9.382257 11.41 31.5 154.770004 0.0
-0.973879 0.380459 9.425328 17.57 30.24 156.869995 0.0
-0.655633 0.691526 10.260423 44.240002 37.799999 146.509995 0.0
-0.679562 -0.433101 9.537791 16.450001 28.49 132.369995 0.0
-0.397209 -0.07657 9.693325 1.96 27.02 120.889999 0.0
-0.452243 -0.971486 9.865608 -7.14 20.16 119.559998 0.0
-0.452243 -0.971486 9.865608 -7.14 20.16 119.559998 0.0
0.806381 2.120041 9.224331 2.52 2.45 2.31 0.0
0.713061 2.232504 9.320045 1.54 2.38 3.15 0.0
0.732204 2.208575 9.193225 -0.56 1.68 3.85 0.0
0.732204 2.208575 9.193225 -0.56 1.68 3.85 0.0
0.76331 2.313859 9.171689 0.77 2.87 5.6 0.0
0.746561 2.254039 9.114261 3.43 4.76 8.75 0.0
0.574277 2.289931 9.221939 0.49 3.36 8.89 0.0
0.59342 2.366502 9.24108 -1.54 2.8 9.94 0.0
0.480957 3.546163 9.353544 0.35 4.2 16.379999 0.0
0.002393 4.110869 9.420543 5.46 3.01 23.66 0.0
0.002393 4.110869 9.420543 5.46 3.01 23.66 0.0
-0.01675 4.65404 9.355937 17.99 6.86 28.07 0.0
-0.01675 4.65404 9.355937 17.99 6.86 28.07 0.0
-0.01675 4.65404 9.355937 17.99 6.86 28.07 0.0
-0.643669 5.802595 8.776874 22.120001 12.32 69.720001 0.0
-0.681954 5.426922 9.116654 32.619999 17.01 85.959999 0.0
-1.222732 5.728417 9.126225 33.25 19.809999 101.150002 0.0
-1.323231 5.335995 9.166903 22.540001 18.969999 109.900002 0.0
-1.555335 4.713861 9.226725 4.76 17.290001 128.309998 0.0
-1.555335 4.713861 9.226725 4.76 17.290001 128.309998 0.0
-1.591227 3.661019 8.965906 -14.49 12.81 143.5 0.0
-1.591227 3.661019 8.965906 -14.49 12.81 143.5 0.0
-1.591227 3.661019 8.965906 -14.49 12.81 143.5 0.0
-1.591227 3.661019 8.965906 -14.49 12.81 143.5 0.0
-1.459622 3.058028 8.566305 -24.360001 11.41 148.75 0.0
-1.459622 3.058028 8.566305 -24.360001 11.41 148.75 0.0
-1.459622 3.058028 8.566305 -24.360001 11.41 148.75 0.0
-0.31346 -0.641276 9.894321 16.870001 33.32 144.479996 0.0
0.066999 -0.832702 9.906286 12.95 31.219999 129.220001 0.0
0.148355 -0.952343 9.549755 -11.48 22.889999 108.43 0.0
0.464208 2.615355 9.229117 8.05 3.85 1.54 0.0
0.464208 2.615355 9.229117 8.05 3.85 1.54 0.0
0.461815 2.756532 9.131011 3.01 3.08 4.48 0.0
0.579063 2.352145 9.12144 -6.44 0.7 6.3 0.0
0.442672 2.76371 9.315259 1.33 3.57 10.71 0.0
0.368495 3.005385 9.470792 5.04 3.15 13.93 0.0
0.368495 3.005385 9.470792 5.04 3.15 13.93 0.0
0.303888 3.378666 9.719646 9.38 4.06 17.08 0.0
0.303888 3.378666 9.719646 9.38 4.06 17.08 0.0
-0.847059 6.558727 9.221939 28.84 6.79 74.970001 0.0
-0.535992 6.204589 8.77448 1.89 1.61 89.809998 0.0
-0.622134 5.599205 8.714661 2.8 4.69 101.639999 0.0
-0.622134 5.599205 8.714661 2.8 4.69 101.639999 0.0
-1.371087 4.790431 8.781659 -9.87 6.93 133.419998 0.0
-1.371087 4.790431 8.781659 -9.87 6.93 133.419998 0.0
-1.375873 4.472186 8.853443 -28.98 2.87 136.779999 0.0
-1.375873 4.472186 8.853443 -28.98 2.87 136.779999 0.0
-1.375873 4.472186 8.853443 -28.98 2.87 136.779999 0.0
-1.320838 1.241875 8.587841 -28.210001 3.99 165.410004 0.0
-1.37348 0.658026 8.348558 -16.870001 8.61 171.289993 0.0
-1.37348 0.658026 8.348558 -16.870001 8.61 171.289993 0.0
-1.37348 0.658026 8.348558 -16.870001 8.61 171.289993 0.0
-1.37348 0.658026 8.348558 -16.870001 8.61 171.289993 0.0
0.382852 -3.739982 9.595219 -71.260002 -4.97 123.830002 0.0
0.382852 -3.739982 9.595219 -71.260002 -4.97 123.830002 0.0
0.715454 -3.775874 9.260223 -29.469999 5.32 116.129997 0.0
0.59342 -2.208575 9.083155 -8.82 8.33 97.370003 0.0
1.071985 -4.297509 9.410972 1.4 -0.77 89.18 0.0
1.361516 -2.591427 9.238688 23.870001 9.1 54.670002 0.0
1.361516 -2.591427 9.238688 23.870001 9.1 54.670002 0.0
0.784846 1.785046 9.463614 0.77 2.38 5.53 0.0
0.782453 1.782653 9.485149 -3.29 -0.56 4.55 0.0
0.782453 1.782653 9.485149 -3.29 -0.56 4.55 0.0
0.782453 1.782653 9.485149 -3.29 -0.56 4.55 0.0
0.705883 1.74676 9.348758 -2.1 0.42 6.02 0.0
0.760918 1.605584 9.140583 -2.17 0.56 5.53 0.0
0.792024 1.806581 9.193225 0.98 1.68 5.25 0.0
0.792024 1.806581 9.193225 0.98 1.68 5.25 0.0
0.758525 1.909473 9.109475 13.3 4.34 3.29 0.0
0.758525 1.909473 9.109475 13.3 4.34 3.29 0.0
-0.27996 5.525027 9.631111 28.91 5.81 44.029999 0.0
-0.311067 6.046663 9.561719 21.139999 5.32 64.120003 0.0
-0.509671 5.71406 9.408579 15.96 2.52 73.150002 0.0
-0.311067 5.47717 9.683753 19.460001 3.29 81.550003 0.0
-0.847059 5.517848 9.580862 24.08 6.44 102.410004 0.0
-0.847059 5.517848 9.580862 24.08 6.44 102.410004 0.0
-1.174876 5.249853 8.941978 -0.35 0.14 113.190002 0.0
-0.916451 4.630112 9.047262 -0.35 1.33 119.489998 0.0
-1.529014 3.854837 8.973085 19.67 12.6 139.300003 0.0
-0.959522 1.387837 8.611769 -33.670002 8.89 153.789993 0.0
-0.787239 -0.42353 9.068797 -5.67 7.21 156.449997 0.0
-0.787239 -0.42353 9.068797 -5.67 7.21 156.449997 0.0
-0.409173 -0.229711 9.320045 29.610001 15.89 153.229996 0.0
-0.409173 -0.229711 9.320045 29.610001 15.89 153.229996 0.0
-0.768096 0.914058 9.597611 15.26 7.98 143.289993 0.0
-0.038285 -3.036492 10.41835 27.440001 30.24 145.669998 0.0
0.337388 -3.960121 9.609575 -12.74 21.91 126.910004 0.0
0.337388 -3.960121 9.609575 -12.74 21.91 126.910004 0.0
1.385444 -5.374279 9.49472 -38.57 10.36 77.279999 0.0
1.385444 -5.374279 9.49472 -38.57 10.36 77.279999 0.0
0.239282 2.648855 9.193225 6.65 1.68 10.71 0.0
0.210568 3.474378 9.107083 8.54 3.36 15.33 0.0
0.208176 3.775874 9.166903 5.53 3.36 25.48 0.0
0.208176 3.775874 9.166903 5.53 3.36 25.48 0.0
-0.066999 4.481757 9.097511 20.440001 7.77 37.73 0.0
-0.184247 5.429315 9.253045 20.58 8.75 55.02 0.0
-0.413958 5.242674 9.336794 21.700001 11.13 67.550003 0.0
-0.413958 5.242674 9.336794 21.700001 11.13 67.550003 0.0
-1.153341 3.912265 9.162118 -14.7 9.17 120.050003 0.0
-1.289732 3.278167 9.099905 -17.780001 5.67 127.470001 0.0
-1.081556 2.06022 9.111869 9.38 13.23 134.399994 0.0
-1.375873 1.706082 8.997013 19.530001 13.93 136.919998 0.0
-1.275374 1.440479 9.308081 31.01 17.15 135.589996 0.0
-1.275374 1.440479 9.308081 31.01 17.15 135.589996 0.0
-1.275374 1.440479 9.308081 31.01 17.15 135.589996 0.0
-1.055235 1.349552 10.028319 16.66 15.96 142.169998 0.0
-0.61017 1.107877 10.712667 33.950001 12.81 138.25 0.0
-0.61017 1.107877 10.712667 33.950001 12.81 138.25 0.0
-0.61017 1.107877 10.712667 33.950001 12.81 138.25 0.0
-0.880559 0.942772 10.356135 44.240002 14.98 137.899994 0.0
-0.059821 -0.827917 8.422735 -19.460001 9.17 120.889999 0.0
-0.059821 -0.827917 8.422735 -19.460001 9.17 120.889999 0.0
0.440279 -1.507478 8.427521 -5.39 12.11 103.18 0.0
0.583849 -0.89013 8.80798 5.53 20.440001 97.720001 0.0
0.679562 -0.734596 9.377472 -9.1 11.34 86.660004 0.0
1.17009 -2.15354 9.901501 -15.12 7.0 74.970001 0.0
1.07677 -3.144169 9.645468 -7.21 10.78 72.730003 0.0
1.07677 -3.144169 9.645468 -7.21 10.78 72.730003 0.0
1.375873 -2.555535 9.592826 -0.7 9.52 43.75 0.0
1.540978 -3.062813 9.458827 -9.8 5.32 32.130001 0.0
0.985843 2.474179 9.095119 -3.08 0.98 5.95 0.0
0.985843 2.474179 9.095119 -3.08 0.98 5.95 0.0
1.019342 2.242075 9.135797 -5.6 -0.07 6.09 0.0
0.502493 2.921637 8.920443 3.43 4.48 10.29 0.0
0.502493 2.921637 8.920443 3.43 4.48 10.29 0.0
0.251246 3.122634 9.085547 2.31 2.94 12.11 0.0
0.251246 3.122634 9.085547 2.31 2.94 12.11 0.0
0.251246 3.122634 9.085547 2.31 2.94 12.11 0.0
0.251246 3.122634 9.085547 2.31 2.94 12.11 0.0
0.275175 5.563312 8.685946 18.9 14.84 27.790001 0.0
0.275175 5.563312 8.685946 18.9 14.84 27.790001 0.0
-0.571885 5.826523 8.973085 29.68 23.17 75.389999 0.0
-0.567099 4.9675 9.145369 20.370001 20.790001 87.360001 0.0
-0.358923 5.017749 9.327222 16.030001 19.879999 94.57 0.0
-0.358923 5.017749 9.327222 16.030001 19.879999 94.57 0.0
-0.770489 4.460221 9.296116 11.55 19.809999 109.760002 0.0
-0.9667 4.508078 9.032906 12.18 20.299999 118.370003 0.0
-0.990629 4.106083 8.829515 -25.129999 14.84 131.25 0.0
-0.705883 2.428715 8.523234 -10.22 22.889999 161.490005 0.0
-0.930808 1.048056 8.508877 -25.129999 26.880001 163.240005 0.0
-0.449851 0.33021 8.930015 5.74 28.42 157.220001 0.0
-0.449851 0.33021 8.930015 5.74 28.42 157.220001 0.0
-0.512064 0.543171 9.020942 28.630001 31.43 150.430008 0.0
-0.55992 0.162712 9.267403 26.880001 39.200001 135.660004 0.0
-0.519243 0.189033 9.504292 9.8 39.060001 134.680008 0.0
-0.519243 0.189033 9.504292 9.8 39.060001 134.680008 0.0
-0.519243 0.189033 9.504292 9.8 39.060001 134.680008 0.0
-0.062213 -1.234696 9.32483 2.31 37.73 119.910004 0.0
-0.062213 -1.234696 9.32483 2.31 37.73 119.910004 0.0
0.62692 -2.493321 9.432507 -27.790001 23.379999 77.910004 0.0
0.772882 1.868794 9.24108 6.02 3.15 1.68 0.0
0.57667 2.122434 9.06162 -6.37 -0.56 4.83 0.0
0.459422 2.392823 8.977871 -0.7 3.01 8.89 0.0
0.504886 2.426322 8.822337 0.42 4.55 11.34 0.0
0.567099 2.301895 8.865408 2.38 6.72 15.4 0.0
0.454636 2.086541 8.867801 9.24 11.55 19.74 0.0
0.562313 2.167897 9.174082 14.84 13.440001 21.629999 0.0
0.562313 2.167897 9.174082 14.84 13.440001 21.629999 0.0
0.248854 3.019742 9.657433 16.940001 15.26 26.809999 0.0
-0.021535 4.366901 9.970891 15.12 9.8 39.130001 0.0
-0.397209 4.993821 9.489935 8.68 5.6 51.450001 0.0
-0.428315 5.355137 9.427721 14.56 10.08 69.93 0.0
-0.691526 5.520242 9.446864 9.59 7.42 79.660004 0.0
-0.691526 5.520242 9.446864 9.59 7.42 79.660004 0.0
-0.940379 4.917251 9.195618 8.54 7.49 93.660004 0.0
-1.481157 4.766503 9.164511 -14.0 5.67 118.160004 0.0
-1.399801 3.402594 8.877372 -10.71 4.34 127.120003 0.0
-1.356731 2.998207 8.9683 9.73 15.12 138.25 0.0
-1.51705 3.058028 8.932407 2.1 14.77 142.100006 0.0
-1.51705 3.058028 8.932407 2.1 14.77 142.100006 0.0
-1.397408 1.196411 8.843873 -20.93 7.98 149.449997 0.0
-1.39023 0.971486 8.982656 13.65 24.639999 155.190002 0.0
-1.038485 -0.870987 9.040084 -13.65 13.3 149.729996 0.0
-1.038485 -0.870987 9.040084 -13.65 13.3 149.729996 0.0
-0.600598 -0.856631 9.327222 39.130001 33.880001 143.289993 0.0
-0.859023 -0.059821 9.382257 14.7 33.110001 136.779999 0.0
-0.859023 -0.059821 9.382257 14.7 33.110001 136.779999 0.0
0.287139 -2.428715 9.549755 -21.0 7.0 98.0 0.0
0.617348 -2.794817 9.564112 -14.84 8.33 80.989998 0.0
0.696311 -2.656033 9.200402 -27.02 2.45 60.830002 0.0
0.837488 1.976472 9.260223 0.56 0.56 0.21 0.0
0.70349 2.182254 9.355937 1.05 0.56 1.61 0.0
0.777667 2.084148 9.200402 -3.57 -1.61 1.12 0.0
0.72024 2.311467 9.157332 3.5 1.19 2.03 0.0
0.562313 2.605784 9.131011 2.24 0.63 2.52 0.0
0.535992 2.529213 9.157332 2.31 -0.49 4.48 0.0
0.535992 2.529213 9.157332 2.31 -0.49 4.48 0.0
0.100499 3.842873 9.327222 4.48 -1.61 10.92 0.0
0.01675 4.752146 9.099905 15.68 0.07 17.5 0.0
0.01675 4.752146 9.099905 15.68 0.07 17.5 0.0
-0.397209 5.594419 9.016156 27.719999 6.51 36.540001 0.0
-0.294317 5.443672 8.563912 7.91 9.73 63.279999 0.0
-0.294317 5.443672 8.563912 7.91 9.73 63.279999 0.0
-0.416351 4.421937 8.901299 34.02 21.629999 86.379997 0.0
-0.416351 4.421937 8.901299 34.02 21.629999 86.379997 0.0
-0.792024 4.04387 9.284152 12.46 16.870001 104.090004 0.0
-0.433101 3.979264 9.265009 -8.26 12.6 108.220001 0.0
-0.098106 2.943172 8.944371 -11.34 12.25 122.709999 0.0
-0.098106 2.943172 8.944371 -11.34 12.25 122.709999 0.0
-0.124427 2.555535 8.891729 -7.49 15.26 127.75 0.0
-0.098106 1.897508 8.755339 -2.03 19.460001 134.820007 0.0
-0.165105 1.335195 8.736196 22.889999 30.380001 131.600006 0.0
-0.165105 1.335195 8.736196 22.889999 30.380001 131.600006 0.0
0.153141 0.198604 8.85105 -18.059999 20.23 122.849998 0.0
0.153141 0.198604 8.85105 -18.059999 20.23 122.849998 0.0
0.461815 -0.416351 9.028119 -10.64 22.610001 124.32 0.0
0.461815 -0.416351 9.028119 -10.64 22.610001 124.32 0.0
0.401994 0.495314 9.054441 14.77 37.240002 122.150002 0.0
0.401994 0.495314 9.054441 14.77 37.240002 122.150002 0.0
0.926022 -1.789831 9.95175 -26.040001 17.15 80.639999 0.0
0.361316 1.835295 9.296116 2.73 0.14 1.19 0.0
0.323031 1.837688 9.272188 -0.91 -1.4 2.45 0.0
0.437887 1.832902 9.286544 1.05 -0.49 2.73 0.0
0.277567 2.667997 9.131011 1.19 0.28 7.98 0.0
0.277567 2.667997 9.131011 1.19 0.28 7.98 0.0
0.236889 2.976671 9.085547 4.97 1.89 11.34 0.0
-0.198604 3.766303 8.953942 10.5 3.64 20.370001 0.0
-0.189033 4.426722 8.738588 15.75 6.16 26.25 0.0
-0.29671 5.005785 8.788837 15.89 8.89 35.0 0.0
-0.327817 5.20439 8.788837 20.440001 13.16 53.41 0.0
-0.327817 5.20439 8.788837 20.440001 13.16 53.41 0.0
-0.859023 4.948357 9.377472 16.66 17.15 80.989998 0.0
-1.115055 4.017549 9.245867 -16.379999 10.08 103.949997 0.0
-1.115055 4.017549 9.245867 -16.379999 10.08 103.949997 0.0
-1.258625 3.421736 9.128618 -15.33 8.75 119.699997 0.0
-1.258625 3.421736 9.128618 -15.33 8.75 119.699997 0.0
-1.237089 2.9671 9.109475 13.3 17.15 137.130005 0.0
-1.392623 2.244468 9.21476 -14.14 10.57 140.350006 0.0
-1.277767 1.39023 9.023334 17.219999 20.370001 146.930008 0.0
-1.275374 2.005185 9.054441 9.1 20.65 143.779999 0.0
-1.241875 0.351745 9.346365 5.46 17.57 143.779999 0.0
-1.225125 1.074377 9.097511 -15.4 16.52 140.770004 0.0
-1.225125 1.074377 9.097511 -15.4 16.52 140.770004 0.0
-1.062413 -0.744168 9.487542 -25.059999 3.92 136.430008 0.0
-0.598206 -0.514457 9.257831 -9.38 9.73 112.980003 0.0
-0.598206 -0.514457 9.257831 -9.38 9.73 112.980003 0.0
-0.380459 -1.72044 9.578469 -6.51 5.6 106.540001 0.0
-0.11007 0.047856 9.647861 6.09 17.57 93.800003 0.0
0.332602 -1.447658 8.748159 -8.26 9.31 89.25 0.0
0.332602 -1.447658 8.748159 -8.26 9.31 89.25 0.0
0.567099 2.610569 9.260223 -0.84 -0.14 9.31 0.0
0.655633 2.904887 9.413363 7.0 2.24 16.59 0.0
0.655633 2.904887 9.413363 7.0 2.24 16.59 0.0
0.574277 2.926422 9.473185 1.12 2.1 26.880001 0.0
0.636491 3.955336 9.74836 7.91 -3.08 37.240002 0.0
0.557528 4.386044 9.456435 9.52 -3.01 42.0 0.0
0.557528 4.386044 9.456435 9.52 -3.01 42.0 0.0
0.133998 4.780859 9.54497 4.48 -2.87 55.650002 0.0
0.052642 5.130211 9.355937 16.940001 2.31 80.919998 0.0
0.052642 5.130211 9.355937 16.940001 2.31 80.919998 0.0
-0.492921 4.919643 9.217153 0.35 1.89 107.379997 0.0
-1.117448 3.802195 8.793623 -11.48 7.49 137.410004 0.0
-1.117448 3.802195 8.793623 -11.48 7.49 137.410004 0.0
-1.342373 1.761117 8.585447 -7.07 7.98 147.350006 0.0
-1.342373 1.761117 8.585447 -7.07 7.98 147.350006 0.0
-1.342373 1.761117 8.585447 -7.07 7.98 147.350006 0.0
-0.806381 -0.648455 9.131011 -19.040001 12.95 147.350006 0.0
-0.380459 -1.469193 9.040084 -13.65 10.08 142.029999 0.0
-0.380459 -1.469193 9.040084 -13.65 10.08 142.029999 0.0
-0.026321 -2.251646 9.020942 -2.59 11.76 133.350006 0.0
1.107877 -3.897908 9.674182 7.0 8.96 73.989998 0.0
1.107877 -3.897908 9.674182 7.0 8.96 73.989998 0.0
1.107877 -3.897908 9.674182 7.0 8.96 73.989998 0.0
1.524228 -1.787439 9.781858 11.13 10.22 47.040001 0.0
1.524228 -1.787439 9.781858 11.13 10.22 47.040001 0.0
1.524228 -1.787439 9.781858 11.13 10.22 47.040001 0.0
1.524228 -1.787439 9.781858 11.13 10.22 47.040001 0.0
1.524228 -1.787439 9.781858 11.13 10.22 47.040001 0.0
1.524228 -1.787439 9.781858 11.13 10.22 47.040001 0.0
1.775474 -1.792224 9.762716 -1.33 5.11 37.799999 0.0
