1.490728 0.653241 9.29133 7.14 5.18 2.03 1.0
1.368695 0.851845 9.32483 18.620001 5.53 2.31 1.0
1.368695 0.851845 9.32483 18.620001 5.53 2.31 1.0
1.292124 0.708275 9.300901 21.280001 4.41 0.42 1.0
1.603191 0.488136 8.786445 61.599998 6.65 -2.87 1.0
1.225125 2.660819 9.334401 49.490002 7.84 -5.46 1.0
1.215554 2.002793 8.657232 48.439999 5.88 -5.18 1.0
1.215554 2.002793 8.657232 48.439999 5.88 -5.18 1.0
1.787439 2.397608 7.834101 149.729996 10.99 -5.18 1.0
0.985843 5.070391 8.092526 167.160004 9.45 -7.21 1.0
1.485943 5.754738 6.771688 217.490005 13.16 -6.09 1.0
1.485943 5.754738 6.771688 217.490005 13.16 -6.09 1.0
1.138984 8.559127 4.134798 203.910004 15.12 -10.92 1.0
0.811167 9.970891 4.347759 196.559998 20.299999 -11.41 1.0
0.299103 9.829715 4.106083 153.160004 15.89 -9.73 1.0
0.533599 8.788837 2.672783 115.290001 13.72 -7.35 1.0
0.533599 8.788837 2.672783 115.290001 13.72 -7.35 1.0
0.248854 9.288938 1.615155 119.840004 12.53 -19.530001 1.0
0.248854 9.288938 1.615155 119.840004 12.53 -19.530001 1.0
0.248854 9.288938 1.615155 119.840004 12.53 -19.530001 1.0
0.055035 9.521042 -0.375673 97.790001 15.75 -28.280001 1.0
-0.208176 9.616754 -1.268196 79.169998 18.27 -24.710001 1.0
-0.208176 9.616754 -1.268196 79.169998 18.27 -24.710001 1.0
-0.208176 9.616754 -1.268196 79.169998 18.27 -24.710001 1.0
-0.504886 9.693325 -2.079363 33.110001 13.09 -10.71 1.0
-0.299103 10.540384 -1.674976 22.889999 11.06 -8.54 1.0
-0.861416 9.107083 -1.976472 16.73 5.95 -5.74 1.0
-0.727418 9.741181 -2.210968 5.25 4.2 -1.47 1.0
-0.921237 8.77448 -2.612962 9.31 1.82 -0.42 1.0
-0.921237 8.77448 -2.612962 9.31 1.82 -0.42 1.0
1.457229 2.512464 9.099905 -2.73 -1.82 1.4 1.0
1.5003 2.474179 9.066404 -2.59 -1.47 1.33 1.0
1.505085 2.586641 8.906086 -3.64 -1.4 0.77 1.0
1.545763 2.620141 8.872586 -6.23 -1.89 0.56 1.0
1.545763 2.620141 8.872586 -6.23 -1.89 0.56 1.0
1.612763 2.469393 8.944371 -2.38 -0.14 2.1 1.0
1.706082 2.656033 9.200402 -22.190001 1.4 3.64 1.0
1.328017 3.371487 9.535398 -89.25 0.07 7.49 1.0
1.328017 3.371487 9.535398 -89.25 0.07 7.49 1.0
1.172483 2.845066 9.059227 -126.559998 -7.56 9.24 1.0
2.206182 -4.335794 6.635297 -409.149994 -28.0 25.41 1.0
1.469193 -4.656433 5.989235 -413.420013 -23.59 21.139999 1.0
1.667797 -6.534799 3.574877 -448.980011 -34.509998 8.33 1.0
1.919044 -7.470392 0.421137 -483.350006 -33.459999 -2.94 1.0
1.919044 -7.470392 0.421137 -483.350006 -33.459999 -2.94 1.0
1.837688 -7.707282 -1.938186 -500.920013 -32.830002 -12.25 1.0
1.837688 -7.707282 -1.938186 -500.920013 -32.830002 -12.25 1.0
1.837688 -7.707282 -1.938186 -500.920013 -32.830002 -12.25 1.0
1.837688 -7.707282 -1.938186 -500.920013 -32.830002 -12.25 1.0
1.837688 -7.707282 -1.938186 -500.920013 -32.830002 -12.25 1.0
1.837688 -7.707282 -1.938186 -500.920013 -32.830002 -12.25 1.0
2.002793 -6.762117 -7.855636 -26.530001 -9.1 -5.6 1.0
2.462214 -6.903293 -8.042276 -11.13 -5.25 -2.52 1.0
2.26361 -6.38405 -7.88435 -10.71 -3.15 -5.11 1.0
2.179861 -6.532406 -7.846066 -13.16 -4.48 -4.97 1.0
2.031506 -5.831308 -7.743174 -3.22 -2.1 -3.99 1.0
2.031506 -5.831308 -7.743174 -3.22 -2.1 -3.99 1.0
2.141576 -5.891129 -7.534998 1.96 1.19 -2.59 1.0
2.206182 -5.757132 -7.57089 0.49 1.96 -1.33 1.0
2.206182 -5.757132 -7.57089 0.49 1.96 -1.33 1.0
0.535992 1.371087 9.504292 -3.78 -4.2 -14.0 1.0
0.684347 1.210768 9.566505 -8.75 -5.39 -11.83 1.0
0.495314 0.600598 9.614362 9.38 -4.9 -26.110001 1.0
0.495314 0.600598 9.614362 9.38 -4.9 -26.110001 1.0
0.495314 0.600598 9.614362 9.38 -4.9 -26.110001 1.0
-0.18664 -0.770489 10.021141 7.98 -20.440001 -67.059998 1.0
-0.253639 -0.961915 9.853643 6.23 -23.24 -86.449997 1.0
-0.397209 -1.272982 9.966106 11.97 -26.6 -123.410004 1.0
-0.397209 -1.272982 9.966106 11.97 -26.6 -123.410004 1.0
-1.01695 -0.607777 9.836893 40.950001 -30.030001 -170.729996 1.0
-1.531406 0.078963 9.516255 38.57 -31.85 -194.389999 1.0
-1.74676 0.79681 9.279366 33.459999 -34.439999 -210.490005 1.0
-1.74676 0.79681 9.279366 33.459999 -34.439999 -210.490005 1.0
-1.74676 0.79681 9.279366 33.459999 -34.439999 -210.490005 1.0
-2.991028 2.522035 8.449057 42.07 -35.139999 -228.550003 1.0
-2.861816 4.816752 7.757531 44.869999 -43.889999 -222.949997 1.0
-2.782853 6.032306 7.642675 34.93 -41.509998 -209.089996 1.0
-2.866602 7.025328 7.558927 0.56 -41.790001 -179.759995 1.0
-2.866602 7.025328 7.558927 0.56 -41.790001 -179.759995 1.0
-1.85683 8.437093 8.008778 -3.92 -16.450001 -60.27 1.0
-2.203789 6.474977 8.202596 -11.9 -2.52 -16.1 1.0
-2.182254 5.015356 8.506484 -7.91 -3.29 -3.01 1.0
-2.182254 5.015356 8.506484 -7.91 -3.29 -3.01 1.0
-1.978864 3.225525 9.363115 -1.26 3.71 10.57 1.0
-1.978864 3.225525 9.363115 -1.26 3.71 10.57 1.0
-2.012364 2.931208 8.958728 -2.38 1.68 15.82 1.0
-1.409373 3.342773 8.49452 3.08 -1.19 6.72 1.0
-1.524228 3.172883 8.51127 -1.19 -1.12 5.88 1.0
-1.414158 2.897708 8.427521 -2.24 -1.12 3.5 1.0
-1.414158 2.897708 8.427521 -2.24 -1.12 3.5 1.0
0.758525 1.72044 9.382257 1.54 1.4 1.96 1.0
0.758525 1.72044 9.382257 1.54 1.4 1.96 1.0
0.679562 1.586441 9.497113 0.14 1.05 2.87 1.0
0.741775 1.730011 9.391829 -2.87 -1.12 1.47 1.0
0.708275 1.770689 9.38465 0.7 1.12 2.45 1.0
0.708275 1.770689 9.38465 0.7 1.12 2.45 1.0
0.708275 1.770689 9.38465 0.7 1.12 2.45 1.0
0.531207 2.333002 9.12144 -3.36 -0.42 8.19 1.0
0.531207 2.333002 9.12144 -3.36 -0.42 8.19 1.0
0.107677 4.23051 9.566505 17.360001 5.25 20.16 1.0
0.107677 4.23051 9.566505 17.360001 5.25 20.16 1.0
-0.043071 5.47717 9.865608 21.77 5.74 36.189999 1.0
-0.114855 5.986843 9.489935 12.25 3.64 44.450001 1.0
-0.145962 6.013163 9.296116 2.17 1.19 53.970001 1.0
-0.411566 5.496314 9.12144 10.43 7.7 80.080002 1.0
-0.667598 5.536992 8.992228 -6.86 6.51 100.169998 1.0
-0.667598 5.536992 8.992228 -6.86 6.51 100.169998 1.0
-0.667598 5.536992 8.992228 -6.86 6.51 100.169998 1.0
-0.667598 5.536992 8.992228 -6.86 6.51 100.169998 1.0
-0.918844 3.335595 9.10469 -10.64 5.74 129.990005 1.0
-1.196411 2.974278 9.317651 -10.15 7.42 137.479996 1.0
-1.356731 2.445465 9.312866 -4.41 8.26 148.259995 1.0
-1.172483 1.507478 9.420543 -9.31 5.6 152.460007 1.0
-1.172483 1.507478 9.420543 -9.31 5.6 152.460007 1.0
-1.172483 1.507478 9.420543 -9.31 5.6 152.460007 1.0
-1.009771 -1.229911 9.377472 -7.28 -0.21 142.100006 1.0
-0.282353 -1.706082 9.085547 10.29 2.94 130.619995 1.0
-0.282353 -1.706082 9.085547 10.29 2.94 130.619995 1.0
-0.01675 -1.421337 9.001799 19.67 6.16 116.550003 1.0
-0.143569 -1.988436 9.480364 27.93 5.67 117.040001 1.0
0.811167 -0.291924 9.51147 -4.34 3.99 4.06 1.0
0.744168 -0.351745 9.396614 -3.5 4.2 3.71 1.0
0.679562 -0.224925 9.45165 -1.89 4.9 2.45 1.0
0.739382 -0.236889 9.475577 1.82 5.74 2.24 1.0
0.758525 -0.090927 9.585647 6.44 5.74 1.33 1.0
0.756132 0.052642 9.590433 6.65 6.09 1.12 1.0
0.756132 0.052642 9.590433 6.65 6.09 1.12 1.0
0.911665 -0.404387 8.650054 142.869995 8.26 1.82 1.0
0.911665 -0.404387 8.650054 142.869995 8.26 1.82 1.0
0.674776 1.423729 7.953743 243.669998 12.18 -0.84 1.0
0.557528 4.843073 8.453842 266.140015 17.43 1.96 1.0
0.557528 4.843073 8.453842 266.140015 17.43 1.96 1.0
0.16989 4.816752 6.580262 252.070007 2.38 1.12 1.0
-0.334995 8.860621 7.582855 174.930008 13.58 -1.61 1.0
0.260818 8.949157 4.716253 185.360001 10.5 -8.54 1.0
0.258425 8.159525 3.120241 144.339996 -0.7 -18.41 1.0
0.258425 8.159525 3.120241 144.339996 -0.7 -18.41 1.0
0.294317 8.693125 2.847459 152.25 1.68 -24.08 1.0
0.294317 8.693125 2.847459 152.25 1.68 -24.08 1.0
0.294317 8.693125 2.847459 152.25 1.68 -24.08 1.0
-0.165105 9.535398 1.359123 43.049999 9.45 -10.78 1.0
-0.205783 9.683753 1.306481 28.91 7.21 -9.73 1.0
-0.193819 9.516255 0.993021 29.889999 4.76 -9.38 1.0
-0.380459 9.891929 1.194018 29.26 5.95 -9.03 1.0
-0.533599 10.435099 0.70349 4.97 0.28 -5.74 1.0
-0.358923 10.126426 0.488136 6.79 4.9 -1.96 1.0
-0.59342 10.080962 0.758525 -16.59 -1.12 -0.7 1.0
-0.468993 9.903893 0.27996 -10.78 0.14 -0.35 1.0
-0.428315 9.846465 0.332602 -25.41 -1.05 3.15 1.0
-0.401994 9.688539 0.327817 -29.120001 2.52 5.88 1.0
0.736989 1.938186 9.267403 3.85 2.45 1.33 1.0
0.736989 1.938186 9.267403 3.85 2.45 1.33 1.0
0.736989 1.938186 9.267403 3.85 2.45 1.33 1.0
0.736989 1.938186 9.267403 3.85 2.45 1.33 1.0
0.624527 2.172683 9.025726 -0.35 4.06 8.96 1.0
0.540778 2.227718 9.078369 1.12 4.55 10.01 1.0
0.411566 2.54357 8.85105 2.52 7.84 12.25 1.0
0.270389 2.490928 9.095119 8.4 7.63 12.53 1.0
0.392423 2.711068 9.336794 21.210001 10.29 14.07 1.0
0.133998 3.871587 9.84168 29.75 12.53 18.200001 1.0
-0.031107 4.61097 9.887143 22.889999 9.59 21.84 1.0
-0.047856 5.771489 10.19821 27.51 3.36 42.420002 1.0
-0.31346 6.290731 10.250853 33.25 6.3 53.27 1.0
-0.684347 6.728617 10.107283 25.76 2.31 66.360001 1.0
-0.916451 6.125626 9.178867 -4.41 -4.62 90.93 1.0
-0.859023 5.785845 8.779266 -10.92 -3.5 98.349998 1.0
-1.019342 4.957928 8.025528 -21.49 -2.03 114.239998 1.0
-1.019342 4.957928 8.025528 -21.49 -2.03 114.239998 1.0
-0.89013 3.117848 8.054241 4.2 9.38 133.979996 1.0
-0.89013 3.117848 8.054241 4.2 9.38 133.979996 1.0
-1.083949 2.885744 7.88435 13.65 19.25 139.720001 1.0
-0.851845 1.945365 8.449057 7.42 26.67 145.389999 1.0
-0.863809 1.150948 9.382257 11.41 31.5 154.770004 1.0
-0.863809 1.150948 9.382257 11.41 31.5 154.770004 1.0
-0.973879 0.380459 9.425328 17.57 30.24 156.869995 1.0
-0.655633 0.691526 10.260423 44.240002 37.799999 146.509995 1.0
-0.679562 -0.433101 9.537791 16.450001 28.49 132.369995 1.0
-0.397209 -0.07657 9.693325 1.96 27.02 120.889999 1.0
-0.452243 -0.971486 9.865608 -7.14 20.16 119.559998 1.0
-0.452243 -0.971486 9.865608 -7.14 20.16 119.559998 1.0
1.026521 1.332802 9.372685 -0.35 6.86 3.08 1.0
1.028914 1.375873 9.29133 6.58 6.93 1.05 1.0
1.038485 1.607977 9.485149 16.66 5.81 2.1 1.0
0.995414 1.706082 9.45165 28.559999 5.39 2.38 1.0
0.995414 1.706082 9.45165 28.559999 5.39 2.38 1.0
0.870987 1.380659 8.930015 48.93 2.38 1.54 1.0
1.294517 1.813759 8.743374 137.059998 10.43 1.12 1.0
0.825524 3.177669 7.4345 204.960007 2.1 -0.91 1.0
0.614955 5.864808 6.814759 251.790009 11.48 -8.19 1.0
0.794417 6.9679 6.429514 239.75 5.25 -11.34 1.0
0.794417 6.9679 6.429514 239.75 5.25 -11.34 1.0
0.794417 6.9679 6.429514 239.75 5.25 -11.34 1.0
0.378066 9.597611 2.321038 108.639999 0.63 -22.120001 1.0
0.488136 9.755538 1.737189 97.790001 7.49 -20.23 1.0
0.488136 9.755538 1.737189 97.790001 7.49 -20.23 1.0
0.131605 9.724431 1.603191 46.200001 11.55 -10.92 1.0
0.131605 9.724431 1.603191 46.200001 11.55 -10.92 1.0
-0.232104 10.231709 1.277767 65.379997 16.24 -14.07 1.0
-0.232104 10.231709 1.277767 65.379997 16.24 -14.07 1.0
-0.445065 9.126225 0.289532 74.550003 12.88 -16.450001 1.0
-0.354138 10.772489 0.229711 21.84 7.77 -9.31 1.0
-0.775275 9.250652 -0.753739 17.219999 5.04 -6.79 1.0
-0.526421 9.664611 -0.672383 31.5 12.46 -7.42 1.0
-0.550349 9.521042 -1.160519 16.799999 7.56 -8.05 1.0
-0.550349 9.521042 -1.160519 16.799999 7.56 -8.05 1.0
-0.600598 9.84168 -1.421337 16.309999 7.0 -8.68 1.0
-0.674776 9.652647 -0.894916 3.01 7.07 -6.65 1.0
-0.624527 9.707682 -1.26341 13.79 11.76 -6.09 1.0
-0.624527 9.707682 -1.26341 13.79 11.76 -6.09 1.0
-0.624527 9.707682 -1.26341 13.79 11.76 -6.09 1.0
0.892523 0.581456 9.427721 -5.46 4.06 1.75 1.0
0.806381 0.870987 9.47797 -3.92 4.41 1.75 1.0
0.937986 0.760918 9.518648 -3.71 4.41 2.1 1.0
0.937986 0.760918 9.518648 -3.71 4.41 2.1 1.0
0.909273 0.792024 9.458827 -2.66 4.55 2.1 1.0
0.87338 0.746561 9.396614 1.12 5.53 1.68 1.0
0.969093 0.827917 9.51147 2.17 5.11 1.19 1.0
0.933201 0.880559 9.300901 9.17 6.23 1.75 1.0
0.911665 0.90688 9.253045 13.02 6.16 2.17 1.0
0.911665 0.90688 9.253045 13.02 6.16 2.17 1.0
0.973879 0.57667 9.119047 39.27 5.81 1.47 1.0
0.691526 1.39023 9.008978 70.980003 9.31 -0.21 1.0
0.911665 1.902294 7.913064 174.369995 8.68 -1.19 1.0
0.789631 3.809374 7.166504 251.580002 14.0 -2.52 1.0
0.947558 5.656632 6.833901 272.230011 14.35 -0.28 1.0
0.947558 5.656632 6.833901 272.230011 14.35 -0.28 1.0
0.947558 5.656632 6.833901 272.230011 14.35 -0.28 1.0
0.303888 8.671589 4.876573 153.020004 4.97 -11.97 1.0
0.334995 8.628519 4.074977 136.710007 0.91 -11.48 1.0
0.334995 8.628519 4.074977 136.710007 0.91 -11.48 1.0
-0.050249 9.566505 0.880559 105.419998 8.12 -26.67 1.0
-0.050249 9.566505 0.880559 105.419998 8.12 -26.67 1.0
0.059821 9.810574 0.468993 68.110001 11.76 -25.549999 1.0
-0.509671 9.592826 0.275175 52.920002 20.02 -24.710001 1.0
-0.770489 9.518648 -0.4666 43.259998 16.940001 -25.059999 1.0
-0.878166 10.363315 -0.222532 35.700001 15.33 -24.710001 1.0
-0.878166 10.363315 -0.222532 35.700001 15.33 -24.710001 1.0
-1.021735 10.241282 -0.021535 8.47 8.96 -18.34 1.0
-1.311267 10.660025 0.01675 7.56 10.15 -9.87 1.0
-1.459622 9.992428 -0.29671 -0.14 5.04 -1.68 1.0
1.588834 2.596212 8.865408 -7.77 -1.96 1.26 1.0
1.588834 2.596212 8.865408 -7.77 -1.96 1.26 1.0
1.619941 2.35693 8.77448 1.26 2.24 2.1 1.0
1.56012 2.562713 8.800802 2.38 3.43 4.06 1.0
1.56012 2.562713 8.800802 2.38 3.43 4.06 1.0
1.512264 2.421536 8.908479 -9.03 2.59 4.27 1.0
1.397408 2.495714 9.399008 -1.96 4.9 2.03 1.0
1.397408 2.495714 9.399008 -1.96 4.9 2.03 1.0
1.495514 2.007578 9.202796 -11.55 -1.75 0.35 1.0
1.361516 2.352145 9.513863 3.36 2.59 -0.14 1.0
1.615155 2.641676 9.497113 -8.54 2.73 -0.35 1.0
1.399801 4.149154 10.437491 -113.68 7.21 3.43 1.0
1.292124 2.749353 10.377672 -281.119995 -10.29 5.6 1.0
1.292124 2.749353 10.377672 -281.119995 -10.29 5.6 1.0
1.356731 -2.050649 6.553941 -467.320007 -34.369999 13.09 1.0
2.136791 -6.096912 5.213961 -420.209991 -24.710001 15.05 1.0
1.727618 -6.611369 5.058427 -372.049988 -20.02 14.07 1.0
1.727618 -6.611369 5.058427 -372.049988 -20.02 14.07 1.0
1.727618 -6.611369 5.058427 -372.049988 -20.02 14.07 1.0
1.648655 -7.089933 3.194418 -341.529999 -28.700001 9.52 1.0
1.648655 -7.089933 3.194418 -341.529999 -28.700001 9.52 1.0
1.792224 -9.24826 -0.366102 -345.100006 -34.580002 3.43 1.0
1.792224 -9.24826 -0.366102 -345.100006 -34.580002 3.43 1.0
1.792224 -9.24826 -0.366102 -345.100006 -34.580002 3.43 1.0
1.792224 -9.24826 -0.366102 -345.100006 -34.580002 3.43 1.0
1.792224 -9.24826 -0.366102 -345.100006 -34.580002 3.43 1.0
1.792224 -9.24826 -0.366102 -345.100006 -34.580002 3.43 1.0
2.309074 -5.446064 -8.652447 -44.170002 -4.27 -8.33 1.0
2.309074 -5.446064 -8.652447 -44.170002 -4.27 -8.33 1.0
2.014757 -5.123034 -8.573483 -32.34 -0.91 -4.27 1.0
1.100698 1.249053 9.363115 2.59 5.6 2.59 1.0
0.923629 1.148555 9.056834 34.93 4.9 -5.53 1.0
0.887737 1.198804 8.853443 46.27 3.85 -8.05 1.0
1.268196 1.765903 8.762517 79.590004 6.93 -8.47 1.0
1.28016 2.041078 8.360522 116.690002 7.91 -9.87 1.0
1.28016 2.041078 8.360522 116.690002 7.91 -9.87 1.0
1.485943 2.962314 8.26481 144.339996 14.42 -8.4 1.0
1.39023 4.194618 6.941578 185.850006 12.32 -13.02 1.0
1.246661 5.69731 6.599405 217.279999 23.309999 -10.43 1.0
1.246661 5.69731 6.599405 217.279999 23.309999 -10.43 1.0
1.246661 5.69731 6.599405 217.279999 23.309999 -10.43 1.0
1.246661 5.69731 6.599405 217.279999 23.309999 -10.43 1.0
-0.043071 9.497113 2.330609 159.740005 36.540001 -20.370001 1.0
-0.358923 10.348958 2.428715 139.440002 34.790001 -18.969999 1.0
-0.488136 10.028319 1.832902 106.120003 28.35 -18.620001 1.0
-0.765703 9.032906 1.103091 100.660004 27.65 -21.49 1.0
-0.765703 9.032906 1.103091 100.660004 27.65 -21.49 1.0
-0.636491 10.284351 0.748954 77.629997 25.690001 -23.1 1.0
-0.98345 9.77468 0.844666 61.459999 22.33 -18.129999 1.0
-0.976272 10.112068 -0.42353 52.779999 22.960001 -12.25 1.0
-1.210768 10.468598 -0.650848 44.66 22.26 -7.77 1.0
-1.103091 9.633504 -1.18684 64.120003 22.610001 -11.27 1.0
-1.103091 9.633504 -1.18684 64.120003 22.610001 -11.27 1.0
-1.208375 9.647861 -1.354338 13.23 10.43 -8.33 1.0
-0.844666 10.057034 -1.57687 25.200001 18.9 -4.27 1.0
-1.150948 9.664611 -2.203789 9.94 10.85 -1.96 1.0
-1.150948 9.664611 -2.203789 9.94 10.85 -1.96 1.0
-1.564906 9.293723 -2.11047 12.53 7.21 0.56 1.0
-1.225125 9.667004 -1.921437 6.93 6.16 -1.19 1.0
-1.213161 9.454042 -2.206182 10.01 9.66 0.28 1.0
0.904487 0.973879 9.442079 -3.43 4.69 2.87 1.0
0.981057 0.942772 9.415757 -5.67 3.85 2.59 1.0
0.928415 0.859023 9.329616 -1.75 4.97 2.45 1.0
0.985843 0.978664 9.377472 -1.47 4.27 1.26 1.0
0.926022 0.985843 9.387043 -2.1 4.48 2.38 1.0
1.069592 0.827917 9.327222 0.49 4.27 0.98 1.0
0.904487 1.232304 9.592826 6.51 6.65 0.28 1.0
0.823131 1.024128 9.006584 37.310001 -2.03 -2.94 1.0
1.414158 0.260818 8.750552 91.840004 6.65 -4.41 1.0
1.414158 0.260818 8.750552 91.840004 6.65 -4.41 1.0
0.646062 2.78046 9.564112 125.160004 11.76 -3.36 1.0
0.617348 3.086741 7.743174 138.389999 2.38 -0.49 1.0
1.37348 4.797609 7.611568 227.639999 12.88 -3.08 1.0
0.827917 6.460621 7.652246 211.050003 5.81 -3.92 1.0
0.827917 6.460621 7.652246 211.050003 5.81 -3.92 1.0
0.835095 6.946364 6.644868 200.270004 -1.05 -3.5 1.0
1.007378 8.819944 2.955136 126.559998 2.1 -11.62 1.0
1.007378 8.819944 2.955136 126.559998 2.1 -11.62 1.0
0.538385 9.219545 2.124826 77.699997 4.97 -9.66 1.0
0.538385 9.219545 2.124826 77.699997 4.97 -9.66 1.0
0.4666 9.731609 1.909473 62.439999 12.18 -10.15 1.0
0.4666 9.731609 1.909473 62.439999 12.18 -10.15 1.0
0.177069 8.748159 0.705883 50.259998 8.12 -11.27 1.0
0.074178 9.174082 0.617348 57.470001 10.71 -12.46 1.0
-0.241675 9.107083 0.717847 36.889999 2.94 -11.27 1.0
-0.081356 9.257831 -0.495314 38.57 9.87 -10.36 1.0
0.09332 9.468399 -0.875773 38.360001 10.85 -11.69 1.0
-0.258425 9.341579 -1.007378 25.83 11.48 -14.21 1.0
-0.342174 9.815358 -1.06002 23.030001 16.52 -10.5 1.0
-0.342174 9.815358 -1.06002 23.030001 16.52 -10.5 1.0
0.713061 0.435494 9.540184 -0.56 -1.19 -3.92 1.0
0.684347 0.409173 9.571291 -2.17 -1.33 -4.2 1.0
0.624527 0.236889 9.540184 -3.43 -1.89 -6.58 1.0
0.72024 0.303888 9.492328 -4.27 -2.17 -9.8 1.0
0.37328 -0.433101 9.731609 -3.64 -6.65 -19.040001 1.0
0.37328 -0.433101 9.731609 -3.64 -6.65 -19.040001 1.0
-0.303888 -2.428715 10.29153 12.67 -22.889999 -74.410004 1.0
-0.68674 -2.883351 10.779665 10.29 -32.549999 -128.800003 1.0
-0.68674 -2.883351 10.779665 10.29 -32.549999 -128.800003 1.0
-0.758525 -2.758924 10.143176 -5.04 -34.790001 -175.979996 1.0
-0.758525 -2.758924 10.143176 -5.04 -34.790001 -175.979996 1.0
-0.918844 -2.134398 9.705289 35.700001 -27.370001 -217.770004 1.0
-1.550549 0.471386 9.107083 69.93 -29.610001 -230.790009 1.0
-2.447858 2.041078 8.133204 44.73 -32.619999 -239.540009 1.0
-2.376073 2.54357 7.759924 41.16 -32.549999 -238.350006 1.0
-2.842674 3.479164 7.482357 41.580002 -28.210001 -234.220001 1.0
-3.022135 4.201797 7.334002 40.389999 -27.16 -230.160004 1.0
-3.022135 4.201797 7.334002 40.389999 -27.16 -230.160004 1.0
-2.565106 7.21436 7.250252 13.09 -25.27 -190.050003 1.0
-2.794817 8.298308 7.798209 10.01 -19.809999 -139.369995 1.0
-2.536392 8.894121 8.324631 -8.05 -16.379999 -89.110001 1.0
-2.536392 8.894121 8.324631 -8.05 -16.379999 -89.110001 1.0
-2.715853 7.640282 8.003991 -0.42 -16.59 -64.120003 1.0
-2.18704 6.520442 8.678767 -3.36 -6.09 -19.67 1.0
-2.344966 5.228317 8.642875 -19.32 -8.05 7.28 1.0
-1.225125 2.682354 9.080762 7.28 3.01 10.36 1.0
-1.332802 2.06022 8.985049 -7.28 -0.98 7.07 1.0
-1.332802 2.06022 8.985049 -7.28 -0.98 7.07 1.0
-1.332802 2.06022 8.985049 -7.28 -0.98 7.07 1.0
-1.332802 2.06022 8.985049 -7.28 -0.98 7.07 1.0
0.806381 2.120041 9.224331 2.52 2.45 2.31 1.0
0.713061 2.232504 9.320045 1.54 2.38 3.15 1.0
0.732204 2.208575 9.193225 -0.56 1.68 3.85 1.0
0.732204 2.208575 9.193225 -0.56 1.68 3.85 1.0
0.76331 2.313859 9.171689 0.77 2.87 5.6 1.0
0.746561 2.254039 9.114261 3.43 4.76 8.75 1.0
0.574277 2.289931 9.221939 0.49 3.36 8.89 1.0
0.59342 2.366502 9.24108 -1.54 2.8 9.94 1.0
0.480957 3.546163 9.353544 0.35 4.2 16.379999 1.0
0.002393 4.110869 9.420543 5.46 3.01 23.66 1.0
0.002393 4.110869 9.420543 5.46 3.01 23.66 1.0
-0.01675 4.65404 9.355937 17.99 6.86 28.07 1.0
-0.01675 4.65404 9.355937 17.99 6.86 28.07 1.0
-0.01675 4.65404 9.355937 17.99 6.86 28.07 1.0
-0.643669 5.802595 8.776874 22.120001 12.32 69.720001 1.0
-0.681954 5.426922 9.116654 32.619999 17.01 85.959999 1.0
-1.222732 5.728417 9.126225 33.25 19.809999 101.150002 1.0
-1.323231 5.335995 9.166903 22.540001 18.969999 109.900002 1.0
-1.555335 4.713861 9.226725 4.76 17.290001 128.309998 1.0
-1.555335 4.713861 9.226725 4.76 17.290001 128.309998 1.0
-1.591227 3.661019 8.965906 -14.49 12.81 143.5 1.0
-1.591227 3.661019 8.965906 -14.49 12.81 143.5 1.0
-1.591227 3.661019 8.965906 -14.49 12.81 143.5 1.0
-1.591227 3.661019 8.965906 -14.49 12.81 143.5 1.0
-1.459622 3.058028 8.566305 -24.360001 11.41 148.75 1.0
-1.459622 3.058028 8.566305 -24.360001 11.41 148.75 1.0
-1.459622 3.058028 8.566305 -24.360001 11.41 148.75 1.0
-0.31346 -0.641276 9.894321 16.870001 33.32 144.479996 1.0
0.066999 -0.832702 9.906286 12.95 31.219999 129.220001 1.0
0.148355 -0.952343 9.549755 -11.48 22.889999 108.43 1.0
0.997807 2.349752 9.238688 -11.97 0.63 3.5 1.0
0.997807 2.349752 9.238688 -11.97 0.63 3.5 1.0
1.105484 2.208575 9.150154 -9.52 1.19 4.2 1.0
1.024128 2.165504 9.126225 -5.95 1.68 3.57 1.0
1.191626 2.364109 9.310472 -13.09 3.85 3.01 1.0
1.191626 2.364109 9.310472 -13.09 3.85 3.01 1.0
1.177269 2.624927 9.762716 -56.560001 4.48 4.41 1.0
1.201197 -4.189832 5.295317 -505.75 -34.650002 9.03 1.0
1.725225 -7.056434 4.388437 -474.320007 -31.780001 6.09 1.0
1.447658 -8.645268 3.407379 -313.600006 -21.559999 -0.28 1.0
1.447658 -8.645268 3.407379 -313.600006 -21.559999 -0.28 1.0
1.689333 -9.109475 0.875773 -259.140015 -24.01 -4.34 1.0
1.689333 -9.109475 0.875773 -259.140015 -24.01 -4.34 1.0
1.689333 -9.109475 0.875773 -259.140015 -24.01 -4.34 1.0
1.689333 -9.109475 0.875773 -259.140015 -24.01 -4.34 1.0
1.689333 -9.109475 0.875773 -259.140015 -24.01 -4.34 1.0
1.689333 -9.109475 0.875773 -259.140015 -24.01 -4.34 1.0
1.689333 -9.109475 0.875773 -259.140015 -24.01 -4.34 1.0
1.689333 -9.109475 0.875773 -259.140015 -24.01 -4.34 1.0
1.689333 -9.109475 0.875773 -259.140015 -24.01 -4.34 1.0
1.689333 -9.109475 0.875773 -259.140015 -24.01 -4.34 1.0
1.689333 -9.109475 0.875773 -259.140015 -24.01 -4.34 1.0
1.942972 -7.286145 -8.023134 -81.410004 -18.27 -11.27 1.0
2.11047 -6.826723 -8.154739 -63.630001 -14.0 -9.59 1.0
2.11047 -6.826723 -8.154739 -63.630001 -14.0 -9.59 1.0
1.859223 -6.001199 -8.049455 -67.620003 -8.05 -11.9 1.0
1.859223 -6.001199 -8.049455 -67.620003 -8.05 -11.9 1.0
1.74676 -5.855237 -8.126025 -72.099998 -7.49 -12.39 1.0
1.775474 -5.213961 -8.152347 -44.869999 -11.27 -8.96 1.0
1.76351 -5.419744 -8.410772 -42.91 -11.27 -7.7 1.0
1.423729 2.754139 8.956335 1.96 -0.28 -0.91 1.0
1.502693 2.605784 8.920443 0.91 -0.56 -1.82 1.0
1.325624 2.957529 8.963513 0.7 -0.28 -0.91 1.0
1.323231 2.732604 8.898908 2.03 -0.07 -0.63 1.0
1.383051 2.964707 8.925228 2.03 0.7 -0.14 1.0
1.5003 3.036492 8.927622 -15.33 1.26 -0.7 1.0
1.375873 2.909672 8.88455 -25.129999 -0.21 1.47 1.0
1.596013 2.476572 8.860621 -14.84 3.92 2.59 1.0
1.28016 3.098706 9.142976 -30.66 9.73 3.57 1.0
1.28016 3.098706 9.142976 -30.66 9.73 3.57 1.0
1.708475 3.285345 10.612168 -93.660004 23.24 8.26 1.0
1.708475 3.285345 10.612168 -93.660004 23.24 8.26 1.0
0.038285 4.113262 10.734202 -400.119995 -0.42 13.79 1.0
0.038285 4.113262 10.734202 -400.119995 -0.42 13.79 1.0
0.038285 4.113262 10.734202 -400.119995 -0.42 13.79 1.0
0.038285 4.113262 10.734202 -400.119995 -0.42 13.79 1.0
0.038285 4.113262 10.734202 -400.119995 -0.42 13.79 1.0
1.85683 -10.097712 -2.191825 -228.199997 -30.380001 0.14 1.0
1.85683 -10.097712 -2.191825 -228.199997 -30.380001 0.14 1.0
1.85683 -10.097712 -2.191825 -228.199997 -30.380001 0.14 1.0
1.85683 -10.097712 -2.191825 -228.199997 -30.380001 0.14 1.0
1.85683 -10.097712 -2.191825 -228.199997 -30.380001 0.14 1.0
1.85683 -10.097712 -2.191825 -228.199997 -30.380001 0.14 1.0
1.85683 -10.097712 -2.191825 -228.199997 -30.380001 0.14 1.0
1.828116 -6.482157 -8.482556 -155.259995 -13.65 -16.309999 1.0
1.828116 -6.482157 -8.482556 -155.259995 -13.65 -16.309999 1.0
1.722832 -5.376673 -8.185846 -74.059998 -12.46 -10.64 1.0
1.722832 -5.376673 -8.185846 -74.059998 -12.46 -10.64 1.0
1.722832 -5.376673 -8.185846 -74.059998 -12.46 -10.64 1.0
1.722832 -5.048856 -8.611769 -28.139999 -4.55 -2.94 1.0
0.954736 2.816352 9.506684 -65.379997 3.36 5.67 1.0
0.679562 3.172883 10.920842 -166.949997 11.34 6.3 1.0
0.311067 2.720639 10.710274 -258.720001 1.19 7.07 1.0
0.342174 0.949951 9.667004 -329.700012 -19.74 6.86 1.0
0.887737 -1.445265 8.9683 -345.029999 -31.57 9.31 1.0
0.887737 -1.445265 8.9683 -345.029999 -31.57 9.31 1.0
1.325624 -3.120241 8.487342 -310.940002 -20.02 11.13 1.0
1.332802 -6.905686 5.491528 -321.299988 -29.120001 7.0 1.0
1.332802 -6.905686 5.491528 -321.299988 -29.120001 7.0 1.0
1.332802 -6.905686 5.491528 -321.299988 -29.120001 7.0 1.0
1.332802 -6.905686 5.491528 -321.299988 -29.120001 7.0 1.0
1.332802 -6.905686 5.491528 -321.299988 -29.120001 7.0 1.0
1.332802 -6.905686 5.491528 -321.299988 -29.120001 7.0 1.0
1.332802 -6.905686 5.491528 -321.299988 -29.120001 7.0 1.0
1.332802 -6.905686 5.491528 -321.299988 -29.120001 7.0 1.0
1.332802 -6.905686 5.491528 -321.299988 -29.120001 7.0 1.0
1.332802 -6.905686 5.491528 -321.299988 -29.120001 7.0 1.0
1.332802 -6.905686 5.491528 -321.299988 -29.120001 7.0 1.0
1.9669 -7.283752 -6.721439 -159.949997 -27.09 -19.67 1.0
1.928615 -6.910471 -7.183254 -111.860001 -26.809999 -15.47 1.0
1.928615 -6.910471 -7.183254 -111.860001 -26.809999 -15.47 1.0
1.885544 -6.446264 -8.056634 -63.209999 -24.43 -8.96 1.0
1.933401 -6.245267 -8.394022 -29.68 -17.01 -5.6 1.0
1.933401 -6.245267 -8.394022 -29.68 -17.01 -5.6 1.0
1.596013 -6.125626 -8.336594 -2.17 -5.67 -0.49 1.0
1.658226 -5.785845 -8.240881 -5.46 -2.73 -1.75 1.0
1.658226 -5.785845 -8.240881 -5.46 -2.73 -1.75 1.0
1.753939 -6.07777 -8.26481 -8.68 -3.36 -0.7 1.0
1.598405 -5.699703 -8.085347 -4.13 2.45 -2.45 1.0
1.65344 -5.833702 -8.11167 -4.97 2.94 -1.61 1.0
0.464208 2.615355 9.229117 8.05 3.85 1.54 1.0
0.464208 2.615355 9.229117 8.05 3.85 1.54 1.0
0.461815 2.756532 9.131011 3.01 3.08 4.48 1.0
0.579063 2.352145 9.12144 -6.44 0.7 6.3 1.0
0.442672 2.76371 9.315259 1.33 3.57 10.71 1.0
0.368495 3.005385 9.470792 5.04 3.15 13.93 1.0
0.368495 3.005385 9.470792 5.04 3.15 13.93 1.0
0.303888 3.378666 9.719646 9.38 4.06 17.08 1.0
0.303888 3.378666 9.719646 9.38 4.06 17.08 1.0
-0.847059 6.558727 9.221939 28.84 6.79 74.970001 1.0
-0.535992 6.204589 8.77448 1.89 1.61 89.809998 1.0
-0.622134 5.599205 8.714661 2.8 4.69 101.639999 1.0
-0.622134 5.599205 8.714661 2.8 4.69 101.639999 1.0
-1.371087 4.790431 8.781659 -9.87 6.93 133.419998 1.0
-1.371087 4.790431 8.781659 -9.87 6.93 133.419998 1.0
-1.375873 4.472186 8.853443 -28.98 2.87 136.779999 1.0
-1.375873 4.472186 8.853443 -28.98 2.87 136.779999 1.0
-1.375873 4.472186 8.853443 -28.98 2.87 136.779999 1.0
-1.320838 1.241875 8.587841 -28.210001 3.99 165.410004 1.0
-1.37348 0.658026 8.348558 -16.870001 8.61 171.289993 1.0
-1.37348 0.658026 8.348558 -16.870001 8.61 171.289993 1.0
-1.37348 0.658026 8.348558 -16.870001 8.61 171.289993 1.0
-1.37348 0.658026 8.348558 -16.870001 8.61 171.289993 1.0
0.382852 -3.739982 9.595219 -71.260002 -4.97 123.830002 1.0
0.382852 -3.739982 9.595219 -71.260002 -4.97 123.830002 1.0
0.715454 -3.775874 9.260223 -29.469999 5.32 116.129997 1.0
0.59342 -2.208575 9.083155 -8.82 8.33 97.370003 1.0
1.071985 -4.297509 9.410972 1.4 -0.77 89.18 1.0
1.361516 -2.591427 9.238688 23.870001 9.1 54.670002 1.0
1.361516 -2.591427 9.238688 23.870001 9.1 54.670002 1.0
0.784846 1.785046 9.463614 0.77 2.38 5.53 1.0
0.782453 1.782653 9.485149 -3.29 -0.56 4.55 1.0
0.782453 1.782653 9.485149 -3.29 -0.56 4.55 1.0
0.782453 1.782653 9.485149 -3.29 -0.56 4.55 1.0
0.705883 1.74676 9.348758 -2.1 0.42 6.02 1.0
0.760918 1.605584 9.140583 -2.17 0.56 5.53 1.0
0.792024 1.806581 9.193225 0.98 1.68 5.25 1.0
0.792024 1.806581 9.193225 0.98 1.68 5.25 1.0
0.758525 1.909473 9.109475 13.3 4.34 3.29 1.0
0.758525 1.909473 9.109475 13.3 4.34 3.29 1.0
-0.27996 5.525027 9.631111 28.91 5.81 44.029999 1.0
-0.311067 6.046663 9.561719 21.139999 5.32 64.120003 1.0
-0.509671 5.71406 9.408579 15.96 2.52 73.150002 1.0
-0.311067 5.47717 9.683753 19.460001 3.29 81.550003 1.0
-0.847059 5.517848 9.580862 24.08 6.44 102.410004 1.0
-0.847059 5.517848 9.580862 24.08 6.44 102.410004 1.0
-1.174876 5.249853 8.941978 -0.35 0.14 113.190002 1.0
-0.916451 4.630112 9.047262 -0.35 1.33 119.489998 1.0
-1.529014 3.854837 8.973085 19.67 12.6 139.300003 1.0
-0.959522 1.387837 8.611769 -33.670002 8.89 153.789993 1.0
-0.787239 -0.42353 9.068797 -5.67 7.21 156.449997 1.0
-0.787239 -0.42353 9.068797 -5.67 7.21 156.449997 1.0
-0.409173 -0.229711 9.320045 29.610001 15.89 153.229996 1.0
-0.409173 -0.229711 9.320045 29.610001 15.89 153.229996 1.0
-0.768096 0.914058 9.597611 15.26 7.98 143.289993 1.0
-0.038285 -3.036492 10.41835 27.440001 30.24 145.669998 1.0
0.337388 -3.960121 9.609575 -12.74 21.91 126.910004 1.0
0.337388 -3.960121 9.609575 -12.74 21.91 126.910004 1.0
1.385444 -5.374279 9.49472 -38.57 10.36 77.279999 1.0
1.385444 -5.374279 9.49472 -38.57 10.36 77.279999 1.0
0.521635 1.217947 9.516255 3.85 0.42 -1.33 1.0
0.521635 1.217947 9.516255 3.85 0.42 -1.33 1.0
0.48335 1.423729 9.372685 -2.31 -0.21 -0.42 1.0
0.39003 0.827917 9.626326 -0.77 -3.29 -7.0 1.0
0.327817 0.241675 9.827322 -1.96 -8.4 -23.24 1.0
0.184247 -0.112463 9.846465 0.42 -11.62 -33.950001 1.0
-0.138784 -0.842274 9.786645 7.35 -17.780001 -71.190002 1.0
0.011964 -0.789631 9.899107 11.41 -22.190001 -99.400002 1.0
0.011964 -0.789631 9.899107 11.41 -22.190001 -99.400002 1.0
-0.038285 -0.681954 9.88475 17.01 -23.66 -107.940002 1.0
-0.574277 -0.875773 9.743573 33.740002 -26.18 -131.25 1.0
-0.574277 -0.875773 9.743573 33.740002 -26.18 -131.25 1.0
-1.521835 -0.019143 9.901501 39.48 -37.099998 -172.899994 1.0
-1.775474 0.172283 9.513863 38.150002 -46.830002 -200.059998 1.0
-1.775474 0.172283 9.513863 38.150002 -46.830002 -200.059998 1.0
-1.775474 0.172283 9.513863 38.150002 -46.830002 -200.059998 1.0
-2.24686 1.26341 8.745767 34.299999 -42.91 -217.699997 1.0
-3.010171 4.505685 7.652246 37.450001 -39.130001 -224.350006 1.0
-3.24706 4.778467 7.750352 25.969999 -38.57 -219.169998 1.0
-3.24706 4.778467 7.750352 25.969999 -38.57 -219.169998 1.0
-2.57707 7.338787 7.283752 1.68 -34.16 -157.919998 1.0
-2.493321 8.16431 7.482357 -6.3 -30.870001 -135.589996 1.0
-2.493321 8.16431 7.482357 -6.3 -30.870001 -135.589996 1.0
-2.340181 7.793423 7.676175 0.42 -23.030001 -90.230003 1.0
-2.340181 7.793423 7.676175 0.42 -23.030001 -90.230003 1.0
-2.261217 6.501299 8.616554 -22.469999 -6.58 -18.690001 1.0
-2.026721 3.546163 8.743374 -4.76 -3.15 -0.7 1.0
-2.026721 3.546163 8.743374 -4.76 -3.15 -0.7 1.0
-2.026721 3.546163 8.743374 -4.76 -3.15 -0.7 1.0
-1.782653 2.730211 8.99462 -11.76 -2.45 9.17 1.0
0.705883 0.681954 9.650253 -9.38 -2.24 -5.6 1.0
0.624527 0.39003 9.52822 -4.9 -2.66 -9.73 1.0
0.624527 0.39003 9.52822 -4.9 -2.66 -9.73 1.0
0.524028 -0.12682 9.865608 2.94 -6.58 -29.190001 1.0
0.334995 -0.547956 9.96132 3.92 -11.55 -41.509998 1.0
0.251246 -0.935594 10.076177 10.5 -17.710001 -65.870003 1.0
0.167498 -1.050449 10.296316 13.51 -24.57 -92.889999 1.0
-0.019143 -1.138984 10.162319 12.95 -29.049999 -107.169998 1.0
-0.019143 -1.138984 10.162319 12.95 -29.049999 -107.169998 1.0
-0.502493 -0.930808 9.765109 25.129999 -34.860001 -159.669998 1.0
-1.272982 -0.299103 9.415757 46.34 -40.880001 -198.800003 1.0
-1.272982 -0.299103 9.415757 46.34 -40.880001 -198.800003 1.0
-2.311467 0.591027 8.551948 41.509998 -44.73 -234.430008 1.0
-2.311467 0.591027 8.551948 41.509998 -44.73 -234.430008 1.0
-2.689533 1.397408 7.992027 60.549999 -43.470001 -252.419998 1.0
-2.845066 3.773481 7.563712 74.550003 -44.52 -253.470001 1.0
-2.845066 3.773481 7.563712 74.550003 -44.52 -253.470001 1.0
-2.845066 3.773481 7.563712 74.550003 -44.52 -253.470001 1.0
-2.845066 3.773481 7.563712 74.550003 -44.52 -253.470001 1.0
-2.199004 8.736196 6.809973 -4.9 -37.939999 -133.490005 1.0
-2.402394 8.221739 7.702496 10.5 -17.99 -61.110001 1.0
-2.402394 8.221739 7.702496 10.5 -17.99 -61.110001 1.0
-2.088934 7.862815 8.114061 -3.43 -12.95 -44.099998 1.0
-2.368894 6.21416 8.068598 -21.77 -5.32 -7.56 1.0
-1.371087 4.457829 8.695518 3.5 6.44 15.190001 1.0
-1.844866 3.232704 8.422735 -15.61 -0.63 11.27 1.0
-1.844866 3.232704 8.422735 -15.61 -0.63 11.27 1.0
-0.928415 3.223132 8.925228 -4.97 2.45 6.3 1.0
-1.261017 3.629912 8.518449 -8.12 1.96 6.72 1.0
-1.162912 3.663411 8.236095 3.01 0.63 2.17 1.0
1.045663 2.167897 9.221939 -2.38 -0.98 0.91 1.0
1.045663 2.167897 9.221939 -2.38 -0.98 0.91 1.0
1.045663 2.167897 9.221939 -2.38 -0.98 0.91 1.0
1.045663 2.167897 9.221939 -2.38 -0.98 0.91 1.0
1.086342 1.59362 9.052048 -7.84 1.96 3.22 1.0
1.440479 2.629712 9.702895 -45.779999 11.69 2.8 1.0
0.545564 2.024328 9.891929 -209.860001 -5.88 8.82 1.0
1.043271 0.622134 9.84168 -297.149994 -11.48 6.79 1.0
1.031307 -1.502693 9.114261 -325.570007 -16.450001 9.1 1.0
1.476372 -4.4339 7.657032 -292.459991 -17.92 8.54 1.0
1.476372 -4.4339 7.657032 -292.459991 -17.92 8.54 1.0
1.476372 -4.4339 7.657032 -292.459991 -17.92 8.54 1.0
1.493121 -4.945964 7.776673 -270.269989 -12.81 7.84 1.0
1.330409 -7.233503 5.395815 -238.910004 -20.23 1.33 1.0
1.330409 -7.233503 5.395815 -238.910004 -20.23 1.33 1.0
1.330409 -7.233503 5.395815 -238.910004 -20.23 1.33 1.0
1.325624 -7.444071 4.465007 -244.440002 -20.51 -0.07 1.0
1.325624 -7.444071 4.465007 -244.440002 -20.51 -0.07 1.0
1.787439 -8.874979 -3.761517 -263.76001 -28.139999 -10.08 1.0
1.787439 -8.874979 -3.761517 -263.76001 -28.139999 -10.08 1.0
1.897508 -7.869993 -4.455436 -152.320007 -28.35 -14.21 1.0
1.897508 -7.869993 -4.455436 -152.320007 -28.35 -14.21 1.0
2.033899 -8.312666 -6.324231 -137.270004 -32.200001 -12.04 1.0
1.921437 -7.611568 -6.494121 -107.239998 -29.049999 -10.92 1.0
2.014757 -7.252645 -7.283752 -95.410004 -24.639999 -7.42 1.0
1.734797 -6.673582 -7.860423 -86.800003 -17.85 -9.94 1.0
1.806581 -6.132804 -8.157133 -45.150002 -14.63 -5.67 1.0
1.768296 -6.087341 -8.154739 -30.73 -8.68 -2.59 1.0
1.787439 -6.068198 -8.245667 -17.710001 -6.79 -0.28 1.0
1.787439 -6.068198 -8.245667 -17.710001 -6.79 -0.28 1.0
0.945165 0.689133 9.456435 -6.16 2.52 2.94 1.0
0.945165 0.689133 9.456435 -6.16 2.52 2.94 1.0
0.945165 0.689133 9.456435 -6.16 2.52 2.94 1.0
0.981057 0.605384 9.312866 -8.54 3.5 2.8 1.0
0.981057 0.605384 9.312866 -8.54 3.5 2.8 1.0
0.981057 0.605384 9.312866 -8.54 3.5 2.8 1.0
0.787239 0.825524 9.370294 -7.42 6.09 2.66 1.0
0.947558 0.72024 9.363115 -7.0 5.46 3.43 1.0
0.949951 0.631705 9.41815 -0.28 6.51 2.8 1.0
0.87338 0.710668 9.578469 2.31 7.0 1.61 1.0
0.904487 0.581456 9.243474 6.09 5.88 2.1 1.0
0.904487 0.581456 9.243474 6.09 5.88 2.1 1.0
0.971486 0.887737 9.221939 67.410004 8.05 1.33 1.0
0.619741 2.132005 9.097511 56.07 3.71 0.91 1.0
0.619741 2.132005 9.097511 56.07 3.71 0.91 1.0
0.969093 3.26381 8.039884 209.930008 14.77 -1.33 1.0
0.87338 4.811966 6.855437 241.639999 6.3 -0.98 1.0
0.87338 4.811966 6.855437 241.639999 6.3 -0.98 1.0
0.87338 4.811966 6.855437 241.639999 6.3 -0.98 1.0
0.461815 9.583255 5.115855 199.009995 0.77 -16.799999 1.0
0.617348 10.817951 2.591427 136.850006 -1.54 -27.299999 1.0
0.062213 10.526026 1.782653 95.830002 -4.97 -21.629999 1.0
-0.066999 8.760124 1.210768 84.699997 7.7 -15.47 1.0
-0.066999 8.760124 1.210768 84.699997 7.7 -15.47 1.0
-0.066999 8.760124 1.210768 84.699997 7.7 -15.47 1.0
-0.055035 9.592826 0.579063 39.759998 4.76 -8.68 1.0
-0.258425 8.927622 0.684347 47.389999 10.08 -9.87 1.0
-0.145962 9.590433 -0.004786 15.54 2.31 -9.66 1.0
-0.215354 9.54497 0.021535 28.98 5.88 -9.87 1.0
-0.215354 9.54497 0.021535 28.98 5.88 -9.87 1.0
1.028914 -2.041078 9.288938 -180.460007 -7.21 13.65 1.0
1.138984 -4.905287 7.829315 -198.100006 -12.04 10.22 1.0
1.138984 -4.905287 7.829315 -198.100006 -12.04 10.22 1.0
0.957129 -5.517848 7.56132 -198.589996 -7.63 9.17 1.0
1.134198 -7.606783 5.149354 -249.270004 -14.91 0.35 1.0
1.318445 -8.41795 4.039084 -228.410004 -14.21 0.7 1.0
1.256232 -8.365308 3.536592 -234.919998 -13.72 -1.75 1.0
1.471586 -9.238688 2.175076 -233.660004 -14.77 -0.56 1.0
1.471586 -9.238688 2.175076 -233.660004 -14.77 -0.56 1.0
1.351945 -8.980263 0.277567 -230.649994 -16.940001 -0.49 1.0
1.464408 -8.659625 -3.182454 -206.5 -21.84 -4.34 1.0
1.320838 -8.537591 -4.223332 -211.190002 -22.960001 -5.95 1.0
1.849652 -8.738588 -5.481956 -173.669998 -23.379999 -9.52 1.0
1.849652 -8.738588 -5.481956 -173.669998 -23.379999 -9.52 1.0
1.45005 -8.10449 -5.99402 -154.630005 -18.27 -12.04 1.0
1.402194 -7.030113 -7.539784 -121.590004 -16.24 -11.76 1.0
1.473979 -6.240481 -8.188239 -91.139999 -14.42 -10.99 1.0
1.395016 -6.178268 -8.245667 -85.330002 -13.440001 -10.22 1.0
1.490728 -5.599205 -8.126025 -60.619999 -13.72 -9.24 1.0
1.490728 -5.599205 -8.126025 -60.619999 -13.72 -9.24 1.0
1.612763 -5.907879 -8.922836 -53.27 -13.02 -8.19 1.0
1.301696 -5.374279 -9.109475 -24.290001 -5.53 -3.71 1.0
1.344766 -5.242674 -9.327222 18.41 0.28 -0.7 1.0
1.31366 -4.807181 -8.997013 20.860001 5.18 -0.07 1.0
1.476372 -5.266603 -8.891729 23.450001 10.64 3.15 1.0
1.392623 -5.742774 -8.55434 54.529999 9.59 6.09 1.0
1.392623 -5.742774 -8.55434 54.529999 9.59 6.09 1.0
1.481157 -5.850451 -7.972885 63.349998 9.52 6.86 1.0
1.430908 -5.601598 -7.594819 27.58 15.33 2.03 1.0
1.418944 -6.26441 -7.523034 21.35 13.72 1.19 1.0
0.454636 0.775275 9.561719 -2.52 -0.84 0.21 1.0
0.449851 0.464208 9.375079 -3.78 -1.4 -0.7 1.0
0.48335 0.485743 9.387043 0.91 0.56 -3.99 1.0
0.5001 0.289532 9.470792 1.75 -0.21 -6.23 1.0
0.5001 0.289532 9.470792 1.75 -0.21 -6.23 1.0
0.215354 -1.349552 9.98525 -4.69 -10.22 -42.700001 1.0
-0.038285 -1.777867 10.001998 4.2 -10.92 -58.450001 1.0
-0.138784 -1.830509 9.975677 16.1 -14.42 -88.480003 1.0
-0.138784 -1.830509 9.975677 16.1 -14.42 -88.480003 1.0
-0.138784 -1.830509 9.975677 16.1 -14.42 -88.480003 1.0
-0.138784 -1.830509 9.975677 16.1 -14.42 -88.480003 1.0
-2.694318 -0.629312 9.035298 67.410004 -11.48 -219.800003 1.0
-2.694318 -0.629312 9.035298 67.410004 -11.48 -219.800003 1.0
-2.699104 1.552942 8.343772 72.029999 -16.1 -239.680008 1.0
-2.684747 3.302095 8.405986 60.060001 -22.4 -232.680008 1.0
-2.57707 4.553542 8.109276 51.939999 -25.620001 -221.899994 1.0
-2.57707 4.553542 8.109276 51.939999 -25.620001 -221.899994 1.0
-2.57707 4.553542 8.109276 51.939999 -25.620001 -221.899994 1.0
-2.440679 7.176075 7.850852 -8.96 -38.43 -121.520004 1.0
-1.945365 6.955935 8.226524 -15.4 -30.73 -79.239998 1.0
-2.244468 6.348158 8.482556 -10.08 -19.6 -60.760002 1.0
-2.244468 6.348158 8.482556 -10.08 -19.6 -60.760002 1.0
-2.244468 6.348158 8.482556 -10.08 -19.6 -60.760002 1.0
-2.098505 3.275774 8.95155 -1.68 -5.25 -2.52 1.0
-1.471586 2.847459 8.563912 -1.4 -6.3 0.98 1.0
-1.524228 2.533999 8.729016 0.84 -2.8 2.94 1.0
-1.521835 2.632105 8.748159 2.52 -2.31 2.45 1.0
-1.261017 2.792424 8.549555 -0.42 -1.61 0.91 1.0
-1.454836 2.847459 8.721838 1.82 1.19 0.35 1.0
-1.454836 2.847459 8.721838 1.82 1.19 0.35 1.0
0.87338 1.844866 9.233903 -4.2 4.41 3.99 1.0
0.87338 1.844866 9.233903 -4.2 4.41 3.99 1.0
0.969093 1.883151 9.353544 -2.66 2.94 3.85 1.0
1.079163 2.041078 9.497113 13.79 5.81 0.98 1.0
1.079163 2.041078 9.497113 13.79 5.81 0.98 1.0
1.079163 2.041078 9.497113 13.79 5.81 0.98 1.0
0.78006 4.905287 9.377472 130.970001 15.190001 -0.07 1.0
0.746561 4.232903 8.523234 99.190002 -1.12 -2.59 1.0
1.107877 3.433701 6.73101 177.169998 3.5 -2.17 1.0
1.107877 3.433701 6.73101 177.169998 3.5 -2.17 1.0
1.222732 6.888937 7.211967 254.589996 17.15 -9.73 1.0
1.222732 6.888937 7.211967 254.589996 17.15 -9.73 1.0
0.736989 9.370294 5.156533 228.199997 7.49 -15.89 1.0
0.370888 9.408579 2.055435 160.930008 8.12 -23.799999 1.0
0.370888 9.408579 2.055435 160.930008 8.12 -23.799999 1.0
0.370888 9.408579 2.055435 160.930008 8.12 -23.799999 1.0
-0.122034 9.016156 0.792024 122.57 10.64 -22.610001 1.0
-0.122034 9.016156 0.792024 122.57 10.64 -22.610001 1.0
-0.052642 9.580862 0.33021 117.32 15.26 -23.799999 1.0
-0.392423 8.941978 -0.679562 85.470001 23.66 -25.620001 1.0
-0.509671 9.415757 -1.48355 49.560001 17.780001 -23.870001 1.0
-0.591027 9.839286 -1.514657 47.110001 19.879999 -22.610001 1.0
-0.748954 10.188639 -1.057628 49.349998 18.969999 -22.469999 1.0
-0.748954 10.188639 -1.057628 49.349998 18.969999 -22.469999 1.0
-1.019342 10.9017 -1.689333 11.34 8.47 -10.01 1.0
-1.177269 10.293922 -1.684547 17.5 11.13 -5.53 1.0
-1.033699 9.705289 -1.87358 12.32 7.77 -2.87 1.0
-0.882952 9.52822 -2.452643 12.04 4.76 -0.91 1.0
-1.064806 9.078369 -2.443072 -2.59 0.28 1.68 1.0
-0.98345 9.489935 -2.617748 0.21 5.25 1.54 1.0
1.325624 2.304288 9.19801 0.7 0.56 0.35 1.0
1.337588 2.292324 9.19801 1.33 0.21 0.28 1.0
1.337588 2.292324 9.19801 1.33 0.21 0.28 1.0
1.337588 2.292324 9.19801 1.33 0.21 0.28 1.0
1.337588 2.292324 9.19801 1.33 0.21 0.28 1.0
1.337588 2.292324 9.19801 1.33 0.21 0.28 1.0
1.375873 2.289931 8.997013 -2.66 -1.96 0.14 1.0
1.505085 2.277967 8.970692 9.31 0.63 -0.42 1.0
1.416551 2.744568 9.018548 -8.75 1.4 0.98 1.0
1.416551 2.744568 9.018548 -8.75 1.4 0.98 1.0
1.416551 2.744568 9.018548 -8.75 1.4 0.98 1.0
1.055235 3.661019 10.016356 -178.990005 2.8 8.26 1.0
0.832702 1.07677 9.427721 -403.200012 -11.76 17.01 1.0
1.423729 -2.938386 6.817152 -462.910004 -23.450001 16.799999 1.0
1.423729 -2.938386 6.817152 -462.910004 -23.450001 16.799999 1.0
1.167697 -5.376673 4.981857 -479.220001 -24.92 8.75 1.0
1.359123 -7.298109 3.024528 -465.779999 -25.48 0.63 1.0
1.359123 -7.298109 3.024528 -465.779999 -25.48 0.63 1.0
1.359123 -7.298109 3.024528 -465.779999 -25.48 0.63 1.0
1.359123 -7.298109 3.024528 -465.779999 -25.48 0.63 1.0
1.359123 -7.298109 3.024528 -465.779999 -25.48 0.63 1.0
1.359123 -7.298109 3.024528 -465.779999 -25.48 0.63 1.0
1.359123 -7.298109 3.024528 -465.779999 -25.48 0.63 1.0
1.359123 -7.298109 3.024528 -465.779999 -25.48 0.63 1.0
1.359123 -7.298109 3.024528 -465.779999 -25.48 0.63 1.0
1.359123 -7.298109 3.024528 -465.779999 -25.48 0.63 1.0
1.359123 -7.298109 3.024528 -465.779999 -25.48 0.63 1.0
1.359123 -7.298109 3.024528 -465.779999 -25.48 0.63 1.0
1.359123 -7.298109 3.024528 -465.779999 -25.48 0.63 1.0
1.359123 -7.298109 3.024528 -465.779999 -25.48 0.63 1.0
1.055235 0.885344 9.353544 -18.41 3.92 4.27 1.0
1.258625 0.473779 9.296116 -6.37 5.18 4.13 1.0
1.119841 0.789631 9.626326 -17.85 4.62 4.48 1.0
1.119841 0.789631 9.626326 -17.85 4.62 4.48 1.0
1.17009 -0.117248 9.571291 15.89 6.16 -1.33 1.0
1.17009 -0.117248 9.571291 15.89 6.16 -1.33 1.0
1.17009 -0.117248 9.571291 15.89 6.16 -1.33 1.0
1.612763 1.117448 8.755339 195.580002 17.15 -4.06 1.0
1.194018 3.036492 8.073383 240.240005 6.37 -6.72 1.0
1.194018 3.036492 8.073383 240.240005 6.37 -6.72 1.0
1.194018 3.036492 8.073383 240.240005 6.37 -6.72 1.0
1.311267 6.226124 5.991628 283.920013 3.29 -11.83 1.0
0.820738 9.4349 3.469593 199.850006 4.06 -24.5 1.0
0.449851 10.274779 2.311467 137.550003 14.28 -26.110001 1.0
-0.011964 9.466006 2.021935 81.830002 7.98 -16.940001 1.0
-0.057428 8.729016 1.048056 103.389999 13.02 -14.84 1.0
-0.057428 8.729016 1.048056 103.389999 13.02 -14.84 1.0
-0.435494 9.999605 -0.772882 68.669998 9.1 -24.85 1.0
-0.435494 9.999605 -0.772882 68.669998 9.1 -24.85 1.0
-0.710668 9.154939 -0.916451 82.879997 17.780001 -21.629999 1.0
-0.710668 9.154939 -0.916451 82.879997 17.780001 -21.629999 1.0
-0.547956 10.432706 -1.122234 40.040001 14.91 -16.17 1.0
-0.81356 9.726824 -1.945365 39.34 11.2 -14.7 1.0
-0.78006 9.343972 -2.629712 36.82 14.35 -14.0 1.0
-1.07677 8.937192 -2.861816 20.09 9.1 -8.54 1.0
-1.07677 8.937192 -2.861816 20.09 9.1 -8.54 1.0
-0.923629 9.80818 -3.053242 21.07 11.41 -8.4 1.0
-1.11027 9.229117 -3.378666 5.67 7.21 -4.48 1.0
-1.256232 9.394222 -2.957529 5.95 8.89 -3.01 1.0
-1.256232 9.394222 -2.957529 5.95 8.89 -3.01 1.0
0.239282 2.648855 9.193225 6.65 1.68 10.71 1.0
0.210568 3.474378 9.107083 8.54 3.36 15.33 1.0
0.208176 3.775874 9.166903 5.53 3.36 25.48 1.0
0.208176 3.775874 9.166903 5.53 3.36 25.48 1.0
-0.066999 4.481757 9.097511 20.440001 7.77 37.73 1.0
-0.184247 5.429315 9.253045 20.58 8.75 55.02 1.0
-0.413958 5.242674 9.336794 21.700001 11.13 67.550003 1.0
-0.413958 5.242674 9.336794 21.700001 11.13 67.550003 1.0
-1.153341 3.912265 9.162118 -14.7 9.17 120.050003 1.0
-1.289732 3.278167 9.099905 -17.780001 5.67 127.470001 1.0
-1.081556 2.06022 9.111869 9.38 13.23 134.399994 1.0
-1.375873 1.706082 8.997013 19.530001 13.93 136.919998 1.0
-1.275374 1.440479 9.308081 31.01 17.15 135.589996 1.0
-1.275374 1.440479 9.308081 31.01 17.15 135.589996 1.0
-1.275374 1.440479 9.308081 31.01 17.15 135.589996 1.0
-1.055235 1.349552 10.028319 16.66 15.96 142.169998 1.0
-0.61017 1.107877 10.712667 33.950001 12.81 138.25 1.0
-0.61017 1.107877 10.712667 33.950001 12.81 138.25 1.0
-0.61017 1.107877 10.712667 33.950001 12.81 138.25 1.0
-0.880559 0.942772 10.356135 44.240002 14.98 137.899994 1.0
-0.059821 -0.827917 8.422735 -19.460001 9.17 120.889999 1.0
-0.059821 -0.827917 8.422735 -19.460001 9.17 120.889999 1.0
0.440279 -1.507478 8.427521 -5.39 12.11 103.18 1.0
0.583849 -0.89013 8.80798 5.53 20.440001 97.720001 1.0
0.679562 -0.734596 9.377472 -9.1 11.34 86.660004 1.0
1.17009 -2.15354 9.901501 -15.12 7.0 74.970001 1.0
1.07677 -3.144169 9.645468 -7.21 10.78 72.730003 1.0
1.07677 -3.144169 9.645468 -7.21 10.78 72.730003 1.0
1.375873 -2.555535 9.592826 -0.7 9.52 43.75 1.0
1.540978 -3.062813 9.458827 -9.8 5.32 32.130001 1.0
0.528814 0.957129 9.470792 -3.43 -0.35 1.61 1.0
0.528814 0.957129 9.470792 -3.43 -0.35 1.61 1.0
0.48335 0.557528 9.573684 -1.12 -1.61 -6.23 1.0
0.48335 0.557528 9.573684 -1.12 -1.61 -6.23 1.0
0.507278 -0.143569 9.659825 -3.78 -6.02 -15.26 1.0
0.27996 -1.210768 9.973285 8.75 -12.67 -48.790001 1.0
0.27996 -1.210768 9.973285 8.75 -12.67 -48.790001 1.0
-0.0335 -1.282553 9.987641 14.84 -19.18 -78.330002 1.0
-1.600798 -1.859223 10.183852 30.24 -36.400002 -194.880005 1.0
-1.938186 -1.354338 9.827322 38.779999 -39.34 -214.199997 1.0
-2.227718 -0.990629 9.32483 52.43 -40.459999 -228.130005 1.0
-2.103291 0.727418 9.059227 69.090004 -37.73 -239.399994 1.0
-2.311467 4.204189 7.448857 32.830002 -36.75 -235.759995 1.0
-2.311467 4.204189 7.448857 32.830002 -36.75 -235.759995 1.0
-2.038685 4.893322 7.487142 31.710001 -29.82 -219.869995 1.0
-2.038685 4.893322 7.487142 31.710001 -29.82 -219.869995 1.0
-2.053042 7.276574 7.709675 22.33 -25.34 -161.0 1.0
-2.0004 7.915457 7.829315 -10.22 -19.460001 -86.730003 1.0
-2.0004 7.915457 7.829315 -10.22 -19.460001 -86.730003 1.0
-1.976472 7.147361 8.001599 -9.87 -17.15 -65.730003 1.0
-1.976472 7.147361 8.001599 -9.87 -17.15 -65.730003 1.0
-2.033899 3.550949 9.044869 1.68 -7.0 -8.89 1.0
-2.033899 3.550949 9.044869 1.68 -7.0 -8.89 1.0
-1.639083 3.019742 8.398808 -0.35 -5.25 -1.19 1.0
-1.002593 3.369094 8.341379 -4.41 -1.75 0.91 1.0
-1.002593 3.369094 8.341379 -4.41 -1.75 0.91 1.0
-1.002593 3.369094 8.341379 -4.41 -1.75 0.91 1.0
-1.138984 3.335595 8.420342 4.83 1.54 -0.07 1.0
-1.270589 3.735196 8.628519 -3.08 5.11 -0.98 1.0
-1.359123 3.428915 8.628519 -5.6 2.73 5.18 1.0
1.732404 2.426322 9.028119 -15.47 -3.36 1.33 1.0
1.732404 2.426322 9.028119 -15.47 -3.36 1.33 1.0
1.818545 2.9336 9.408579 -58.170002 4.2 5.53 1.0
1.818545 2.9336 9.408579 -58.170002 4.2 5.53 1.0
1.354338 2.62732 10.112068 -177.660004 -0.42 12.18 1.0
2.072184 -0.409173 9.846465 -244.369995 -12.25 16.309999 1.0
2.072184 -0.409173 9.846465 -244.369995 -12.25 16.309999 1.0
1.533799 -2.9671 7.676175 -373.799988 -26.389999 13.51 1.0
1.842474 -6.453443 4.443472 -417.690002 -30.309999 -2.45 1.0
1.842474 -6.453443 4.443472 -417.690002 -30.309999 -2.45 1.0
1.842474 -6.453443 4.443472 -417.690002 -30.309999 -2.45 1.0
1.842474 -6.453443 4.443472 -417.690002 -30.309999 -2.45 1.0
2.416751 -9.286544 -2.127219 -348.73999 -36.959999 -9.24 1.0
2.416751 -9.286544 -2.127219 -348.73999 -36.959999 -9.24 1.0
2.416751 -9.286544 -2.127219 -348.73999 -36.959999 -9.24 1.0
2.526821 -8.901299 -4.23051 -232.889999 -37.310001 -17.15 1.0
2.526821 -8.901299 -4.23051 -232.889999 -37.310001 -17.15 1.0
2.526821 -8.901299 -4.23051 -232.889999 -37.310001 -17.15 1.0
2.526821 -8.901299 -4.23051 -232.889999 -37.310001 -17.15 1.0
2.651247 -5.905487 -8.190632 -61.110001 -16.1 -13.09 1.0
2.569891 -5.783452 -8.188239 -50.959999 -10.01 -8.4 1.0
2.569891 -5.783452 -8.188239 -50.959999 -10.01 -8.4 1.0
2.533999 -5.47717 -8.262416 -32.41 -3.99 -4.9 1.0
2.533999 -5.47717 -8.262416 -32.41 -3.99 -4.9 1.0
2.493321 -5.168497 -8.25763 -20.370001 -4.06 -3.15 1.0
2.493321 -5.168497 -8.25763 -20.370001 -4.06 -3.15 1.0
2.366502 -4.955536 -8.248059 -15.26 -3.57 -2.66 1.0
2.395216 -4.960321 -8.334201 -11.76 -2.8 -2.17 1.0
2.37368 -5.017749 -8.360522 -5.95 -2.8 -1.61 1.0
2.35693 -4.941179 -8.238488 7.56 -0.84 0.28 1.0
1.26341 3.026921 8.901299 -1.33 0.77 1.05 1.0
1.26341 3.026921 8.901299 -1.33 0.77 1.05 1.0
1.222732 3.15374 9.047262 -23.450001 1.47 2.87 1.0
1.40698 2.78046 9.08794 -45.779999 -2.59 3.78 1.0
1.29691 2.639283 9.279366 -59.849998 2.24 4.55 1.0
1.225125 1.926222 9.793823 -137.970001 3.15 5.95 1.0
1.107877 1.409373 9.949356 -175.979996 -3.36 5.95 1.0
1.107877 1.409373 9.949356 -175.979996 -3.36 5.95 1.0
1.663012 -0.528814 9.674182 -201.110001 -10.15 8.33 1.0
1.663012 -0.528814 9.674182 -201.110001 -10.15 8.33 1.0
0.461815 -1.117448 8.204988 -409.079987 -30.24 8.89 1.0
0.461815 -1.117448 8.204988 -409.079987 -30.24 8.89 1.0
2.055435 -6.410372 5.446064 -419.929993 -32.689999 7.7 1.0
2.055435 -6.410372 5.446064 -419.929993 -32.689999 7.7 1.0
1.945365 -8.599805 2.469393 -345.940002 -24.780001 -3.5 1.0
1.945365 -8.599805 2.469393 -345.940002 -24.780001 -3.5 1.0
1.945365 -8.599805 2.469393 -345.940002 -24.780001 -3.5 1.0
1.945365 -8.599805 2.469393 -345.940002 -24.780001 -3.5 1.0
1.945365 -8.599805 2.469393 -345.940002 -24.780001 -3.5 1.0
2.266003 -9.942179 -3.926622 -246.960007 -28.35 -10.15 1.0
2.266003 -9.942179 -3.926622 -246.960007 -28.35 -10.15 1.0
2.266003 -9.942179 -3.926622 -246.960007 -28.35 -10.15 1.0
2.266003 -9.942179 -3.926622 -246.960007 -28.35 -10.15 1.0
2.266003 -9.942179 -3.926622 -246.960007 -28.35 -10.15 1.0
2.266003 -9.942179 -3.926622 -246.960007 -28.35 -10.15 1.0
2.002793 -6.683154 -7.690532 -101.010002 -22.68 -13.23 1.0
2.067399 -6.326623 -8.195417 -81.970001 -21.49 -12.6 1.0
2.067399 -5.936593 -7.946564 -73.360001 -20.51 -13.09 1.0
2.108077 -5.453243 -8.142776 -73.360001 -18.690001 -10.64 1.0
2.096112 -5.71406 -8.343772 -67.269997 -19.32 -9.59 1.0
0.90688 0.921237 9.35833 -10.01 -3.71 -9.66 1.0
0.90688 0.921237 9.35833 -10.01 -3.71 -9.66 1.0
1.01695 0.81356 9.387043 2.03 -1.54 -10.36 1.0
1.01695 0.81356 9.387043 2.03 -1.54 -10.36 1.0
0.803988 1.261017 9.205189 -4.62 -0.07 2.87 1.0
0.866202 1.213161 9.300901 -8.05 -0.84 2.66 1.0
0.875773 0.930808 9.145369 -8.05 -0.42 1.61 1.0
0.875773 0.930808 9.145369 -8.05 -0.42 1.61 1.0
0.660419 0.198604 9.62154 0.84 -2.31 -10.99 1.0
0.660419 0.198604 9.62154 0.84 -2.31 -10.99 1.0
0.157926 -1.813759 10.253245 16.940001 -18.76 -75.669998 1.0
0.157926 -1.813759 10.253245 16.940001 -18.76 -75.669998 1.0
-0.234497 -2.005185 10.054641 29.190001 -28.630001 -146.089996 1.0
-1.162912 -1.067199 9.590433 55.02 -30.870001 -193.479996 1.0
-1.682154 0.4666 8.733803 65.800003 -31.57 -215.669998 1.0
-1.988436 1.787439 8.85823 61.880001 -33.040001 -225.190002 1.0
-1.988436 1.787439 8.85823 61.880001 -33.040001 -225.190002 1.0
-1.988436 1.787439 8.85823 61.880001 -33.040001 -225.190002 1.0
-2.512464 3.943372 8.23131 32.549999 -34.790001 -217.979996 1.0
-2.811567 5.115855 7.41775 58.240002 -42.630001 -209.440002 1.0
-2.811567 5.115855 7.41775 58.240002 -42.630001 -209.440002 1.0
-2.715853 7.281359 7.386643 0.21 -44.380001 -145.949997 1.0
-2.715853 7.281359 7.386643 0.21 -44.380001 -145.949997 1.0
-2.333002 8.276773 7.609176 9.8 -22.469999 -96.949997 1.0
-2.574677 7.329216 8.075776 8.82 -20.65 -60.689999 1.0
-2.383251 5.448457 8.367701 -2.52 -6.16 -17.639999 1.0
-1.823331 4.132405 8.336594 18.48 -4.55 -8.89 1.0
-1.823331 4.132405 8.336594 18.48 -4.55 -8.89 1.0
-1.476372 4.249653 8.676375 15.12 1.33 -5.25 1.0
-1.880759 4.007978 8.35813 -8.68 -1.12 3.92 1.0
0.985843 2.474179 9.095119 -3.08 0.98 5.95 1.0
0.985843 2.474179 9.095119 -3.08 0.98 5.95 1.0
1.019342 2.242075 9.135797 -5.6 -0.07 6.09 1.0
0.502493 2.921637 8.920443 3.43 4.48 10.29 1.0
0.502493 2.921637 8.920443 3.43 4.48 10.29 1.0
0.251246 3.122634 9.085547 2.31 2.94 12.11 1.0
0.251246 3.122634 9.085547 2.31 2.94 12.11 1.0
0.251246 3.122634 9.085547 2.31 2.94 12.11 1.0
0.251246 3.122634 9.085547 2.31 2.94 12.11 1.0
0.275175 5.563312 8.685946 18.9 14.84 27.790001 1.0
0.275175 5.563312 8.685946 18.9 14.84 27.790001 1.0
-0.571885 5.826523 8.973085 29.68 23.17 75.389999 1.0
-0.567099 4.9675 9.145369 20.370001 20.790001 87.360001 1.0
-0.358923 5.017749 9.327222 16.030001 19.879999 94.57 1.0
-0.358923 5.017749 9.327222 16.030001 19.879999 94.57 1.0
-0.770489 4.460221 9.296116 11.55 19.809999 109.760002 1.0
-0.9667 4.508078 9.032906 12.18 20.299999 118.370003 1.0
-0.990629 4.106083 8.829515 -25.129999 14.84 131.25 1.0
-0.705883 2.428715 8.523234 -10.22 22.889999 161.490005 1.0
-0.930808 1.048056 8.508877 -25.129999 26.880001 163.240005 1.0
-0.449851 0.33021 8.930015 5.74 28.42 157.220001 1.0
-0.449851 0.33021 8.930015 5.74 28.42 157.220001 1.0
-0.512064 0.543171 9.020942 28.630001 31.43 150.430008 1.0
-0.55992 0.162712 9.267403 26.880001 39.200001 135.660004 1.0
-0.519243 0.189033 9.504292 9.8 39.060001 134.680008 1.0
-0.519243 0.189033 9.504292 9.8 39.060001 134.680008 1.0
-0.519243 0.189033 9.504292 9.8 39.060001 134.680008 1.0
-0.062213 -1.234696 9.32483 2.31 37.73 119.910004 1.0
-0.062213 -1.234696 9.32483 2.31 37.73 119.910004 1.0
0.62692 -2.493321 9.432507 -27.790001 23.379999 77.910004 1.0
1.323231 3.18724 9.176475 -19.879999 -1.33 2.59 1.0
1.387837 2.289931 9.939785 -96.459999 4.13 5.88 1.0
1.387837 2.289931 9.939785 -96.459999 4.13 5.88 1.0
1.387837 2.289931 9.939785 -96.459999 4.13 5.88 1.0
1.607977 -0.342174 9.147761 -154.770004 -16.17 3.99 1.0
1.607977 -0.342174 9.147761 -154.770004 -16.17 3.99 1.0
1.395016 -1.574477 9.554541 -250.600006 -5.18 7.35 1.0
1.395016 -1.574477 9.554541 -250.600006 -5.18 7.35 1.0
1.395016 -1.574477 9.554541 -250.600006 -5.18 7.35 1.0
1.842474 -7.678568 3.649055 -320.529999 -20.790001 -2.03 1.0
1.842474 -7.678568 3.649055 -320.529999 -20.790001 -2.03 1.0
1.79701 -7.642675 2.416751 -322.630005 -24.360001 -4.97 1.0
2.311467 -9.54497 -0.564706 -261.309998 -25.200001 -6.09 1.0
2.311467 -9.54497 -0.564706 -261.309998 -25.200001 -6.09 1.0
2.311467 -9.54497 -0.564706 -261.309998 -25.200001 -6.09 1.0
2.311467 -9.54497 -0.564706 -261.309998 -25.200001 -6.09 1.0
2.311467 -9.54497 -0.564706 -261.309998 -25.200001 -6.09 1.0
2.311467 -9.54497 -0.564706 -261.309998 -25.200001 -6.09 1.0
2.311467 -9.54497 -0.564706 -261.309998 -25.200001 -6.09 1.0
2.311467 -9.54497 -0.564706 -261.309998 -25.200001 -6.09 1.0
2.311467 -9.54497 -0.564706 -261.309998 -25.200001 -6.09 1.0
2.464607 -6.905686 -7.503892 -100.800003 -22.190001 -19.809999 1.0
2.562713 -6.479764 -7.709675 -86.379997 -19.950001 -18.83 1.0
2.498107 -5.615955 -7.984849 -67.760002 -13.93 -17.360001 1.0
2.498107 -5.615955 -7.984849 -67.760002 -13.93 -17.360001 1.0
2.423929 -5.656632 -8.11167 -73.010002 -10.57 -16.799999 1.0
2.423929 -5.656632 -8.11167 -73.010002 -10.57 -16.799999 1.0
2.423929 -5.656632 -8.11167 -73.010002 -10.57 -16.799999 1.0
2.361716 -5.465207 -8.365308 -30.73 -6.79 -6.44 1.0
2.344966 -5.28096 -8.305488 4.9 -2.38 1.75 1.0
1.306481 0.90688 9.461221 18.34 8.82 -0.21 1.0
1.292124 1.208375 9.394222 31.85 9.1 -1.82 1.0
1.155733 0.758525 8.712267 53.549999 5.53 -2.45 1.0
1.282553 1.978864 8.860621 130.619995 15.54 -3.64 1.0
1.282553 1.978864 8.860621 130.619995 15.54 -3.64 1.0
0.787239 3.440879 8.38445 150.710007 12.53 -4.34 1.0
0.787239 3.440879 8.38445 150.710007 12.53 -4.34 1.0
0.981057 6.518049 6.443871 249.410004 21.210001 -11.97 1.0
0.981057 6.518049 6.443871 249.410004 21.210001 -11.97 1.0
0.981057 6.518049 6.443871 249.410004 21.210001 -11.97 1.0
0.222532 9.619147 2.931208 139.720001 22.540001 -22.190001 1.0
-0.047856 9.212367 1.998007 135.100006 25.200001 -19.67 1.0
-0.047856 9.212367 1.998007 135.100006 25.200001 -19.67 1.0
-0.047856 9.212367 1.998007 135.100006 25.200001 -19.67 1.0
-0.047856 9.212367 1.998007 135.100006 25.200001 -19.67 1.0
-0.433101 9.949356 1.182054 119.0 23.940001 -25.549999 1.0
-0.643669 9.150154 -0.689133 111.230003 18.129999 -30.24 1.0
-1.201197 9.49472 -0.68674 84.980003 19.460001 -27.299999 1.0
-1.201197 8.520842 -1.825724 62.16 14.21 -23.030001 1.0
-0.902094 9.616754 -1.667797 87.919998 26.32 -23.940001 1.0
-1.091127 9.858429 -2.033899 56.84 17.710001 -21.280001 1.0
-1.320838 9.073583 -2.584249 41.509998 12.18 -19.110001 1.0
-1.320838 9.073583 -2.584249 41.509998 12.18 -19.110001 1.0
-1.318445 10.399208 -2.971886 34.02 13.93 -16.379999 1.0
-1.138984 10.348958 -2.758924 27.93 10.64 -12.11 1.0
-1.600798 9.870394 -3.101098 22.469999 8.82 -4.41 1.0
-1.600798 9.870394 -3.101098 22.469999 8.82 -4.41 1.0
-1.208375 9.896714 -3.649055 17.15 7.98 -3.36 1.0
-1.332802 9.834501 -3.929015 4.9 6.23 2.73 1.0
-1.811367 9.288938 -3.85723 23.309999 11.97 6.58 1.0
1.033699 -0.801596 9.568897 -0.49 3.64 2.52 1.0
1.158126 -1.148555 9.377472 1.33 2.59 2.38 1.0
1.158126 -1.148555 9.377472 1.33 2.59 2.38 1.0
1.119841 -0.665205 9.377472 6.37 4.2 1.33 1.0
1.167697 -0.885344 9.355937 10.22 5.04 1.89 1.0
1.167697 -0.885344 9.355937 10.22 5.04 1.89 1.0
1.057628 -0.344566 9.473185 11.62 6.16 0.91 1.0
1.057628 -0.344566 9.473185 11.62 6.16 0.91 1.0
1.069592 -0.375673 9.370294 5.32 6.16 -0.91 1.0
1.22034 -0.705883 9.396614 17.01 5.81 -2.38 1.0
1.239482 -0.605384 9.537791 43.610001 7.56 -4.76 1.0
1.17009 -0.909273 8.987441 62.23 6.44 -7.42 1.0
1.253839 -0.136391 8.867801 144.339996 8.33 -9.1 1.0
0.581456 1.225125 7.77428 217.350006 4.69 -11.76 1.0
0.581456 1.225125 7.77428 217.350006 4.69 -11.76 1.0
1.167697 1.842474 7.546963 279.019989 3.01 -15.12 1.0
1.167697 1.842474 7.546963 279.019989 3.01 -15.12 1.0
0.622134 9.671788 4.168297 201.740005 0.77 -23.799999 1.0
0.751346 9.62154 2.782853 159.389999 8.68 -25.48 1.0
0.729811 10.293922 2.720639 125.160004 11.41 -21.91 1.0
0.323031 9.176475 1.22034 127.540001 17.5 -24.290001 1.0
0.323031 9.176475 1.22034 127.540001 17.5 -24.290001 1.0
-0.344566 8.4012 0.583849 96.529999 17.5 -23.73 1.0
-0.181855 9.796216 -0.0335 96.879997 22.049999 -31.15 1.0
-0.689133 9.286544 -0.595813 92.75 25.690001 -32.549999 1.0
-0.689133 9.286544 -0.595813 92.75 25.690001 -32.549999 1.0
-0.457029 9.827322 -1.416551 77.279999 24.08 -33.389999 1.0
-1.165305 9.789038 -1.600798 61.670002 23.17 -28.35 1.0
-1.198804 9.887143 -1.452443 43.470001 19.950001 -24.780001 1.0
-1.356731 9.111869 -2.490928 47.810001 17.08 -22.469999 1.0
0.768096 0.22014 9.427721 1.4 -0.56 -5.74 1.0
0.768096 0.22014 9.427721 1.4 -0.56 -5.74 1.0
0.827917 0.184247 9.497113 3.08 -0.21 -5.6 1.0
0.875773 0.435494 9.611969 0.63 -0.42 -6.23 1.0
0.837488 0.260818 9.408579 1.33 -0.7 -3.85 1.0
0.784846 0.320638 9.54497 0.21 -0.63 -7.63 1.0
0.650848 0.028714 9.480364 -3.57 -2.8 -11.2 1.0
-0.021535 -2.09372 9.930215 10.43 -13.02 -64.330002 1.0
-0.162712 -2.184647 9.920642 16.450001 -16.450001 -92.68 1.0
-0.480957 -2.498107 9.954143 15.47 -20.860001 -136.009995 1.0
-0.480957 -2.498107 9.954143 15.47 -20.860001 -136.009995 1.0
-0.480957 -2.498107 9.954143 15.47 -20.860001 -136.009995 1.0
-0.985843 -1.823331 8.99462 26.18 -21.280001 -186.899994 1.0
-1.402194 0.847059 9.047262 75.949997 -21.700001 -209.440002 1.0
-1.337588 1.411765 9.193225 77.0 -25.620001 -211.539993 1.0
-1.07677 3.806981 8.712267 58.310001 -28.77 -201.880005 1.0
-1.59362 3.117848 8.489735 49.209999 -40.529999 -196.770004 1.0
-1.59362 3.117848 8.489735 49.209999 -40.529999 -196.770004 1.0
-1.600798 3.943372 8.740981 63.560001 -39.830002 -190.889999 1.0
-1.39023 5.749953 7.800602 26.389999 -42.279999 -171.779999 1.0
-1.39023 5.749953 7.800602 26.389999 -42.279999 -171.779999 1.0
-1.036092 7.580462 7.444071 17.08 -22.190001 -98.629997 1.0
-1.036092 7.580462 7.444071 17.08 -22.190001 -98.629997 1.0
-1.036092 7.580462 7.444071 17.08 -22.190001 -98.629997 1.0
-1.107877 7.025328 7.704889 -11.83 -12.25 -46.200001 1.0
-1.107877 7.025328 7.704889 -11.83 -12.25 -46.200001 1.0
-0.961915 5.682954 8.219346 -5.81 -0.28 -15.68 1.0
-1.244268 3.74716 8.566305 -4.9 6.16 2.94 1.0
-1.244268 3.74716 8.566305 -4.9 6.16 2.94 1.0
-1.009771 3.208775 8.80798 -0.35 3.85 2.1 1.0
0.772882 1.868794 9.24108 6.02 3.15 1.68 1.0
0.57667 2.122434 9.06162 -6.37 -0.56 4.83 1.0
0.459422 2.392823 8.977871 -0.7 3.01 8.89 1.0
0.504886 2.426322 8.822337 0.42 4.55 11.34 1.0
0.567099 2.301895 8.865408 2.38 6.72 15.4 1.0
0.454636 2.086541 8.867801 9.24 11.55 19.74 1.0
0.562313 2.167897 9.174082 14.84 13.440001 21.629999 1.0
0.562313 2.167897 9.174082 14.84 13.440001 21.629999 1.0
0.248854 3.019742 9.657433 16.940001 15.26 26.809999 1.0
-0.021535 4.366901 9.970891 15.12 9.8 39.130001 1.0
-0.397209 4.993821 9.489935 8.68 5.6 51.450001 1.0
-0.428315 5.355137 9.427721 14.56 10.08 69.93 1.0
-0.691526 5.520242 9.446864 9.59 7.42 79.660004 1.0
-0.691526 5.520242 9.446864 9.59 7.42 79.660004 1.0
-0.940379 4.917251 9.195618 8.54 7.49 93.660004 1.0
-1.481157 4.766503 9.164511 -14.0 5.67 118.160004 1.0
-1.399801 3.402594 8.877372 -10.71 4.34 127.120003 1.0
-1.356731 2.998207 8.9683 9.73 15.12 138.25 1.0
-1.51705 3.058028 8.932407 2.1 14.77 142.100006 1.0
-1.51705 3.058028 8.932407 2.1 14.77 142.100006 1.0
-1.397408 1.196411 8.843873 -20.93 7.98 149.449997 1.0
-1.39023 0.971486 8.982656 13.65 24.639999 155.190002 1.0
-1.038485 -0.870987 9.040084 -13.65 13.3 149.729996 1.0
-1.038485 -0.870987 9.040084 -13.65 13.3 149.729996 1.0
-0.600598 -0.856631 9.327222 39.130001 33.880001 143.289993 1.0
-0.859023 -0.059821 9.382257 14.7 33.110001 136.779999 1.0
-0.859023 -0.059821 9.382257 14.7 33.110001 136.779999 1.0
0.287139 -2.428715 9.549755 -21.0 7.0 98.0 1.0
0.617348 -2.794817 9.564112 -14.84 8.33 80.989998 1.0
0.696311 -2.656033 9.200402 -27.02 2.45 60.830002 1.0
0.679562 1.225125 9.35833 1.26 0.07 -0.98 1.0
0.866202 1.222732 9.315259 -3.85 -0.84 1.19 1.0
0.866202 1.222732 9.315259 -3.85 -0.84 1.19 1.0
0.799203 1.160519 9.279366 1.61 0.84 0.84 1.0
0.39003 0.31346 9.403792 -1.82 -4.2 -9.52 1.0
0.416351 -0.457029 9.803394 11.55 -10.43 -35.07 1.0
0.416351 -0.457029 9.803394 11.55 -10.43 -35.07 1.0
0.205783 -0.79681 9.97807 16.799999 -12.25 -51.869999 1.0
0.205783 -0.79681 9.97807 16.799999 -12.25 -51.869999 1.0
-0.095713 -1.040878 9.982857 20.370001 -28.700001 -119.699997 1.0
-0.370888 -1.024128 10.13839 24.57 -29.26 -133.699997 1.0
-1.213161 -0.849452 9.860823 30.870001 -35.490002 -171.710007 1.0
-1.598405 0.023928 9.633504 43.889999 -41.580002 -198.449997 1.0
-1.598405 0.023928 9.633504 43.889999 -41.580002 -198.449997 1.0
-1.741975 0.349352 9.461221 28.84 -43.540001 -218.540009 1.0
-2.337788 1.739582 8.23131 35.07 -35.139999 -232.960007 1.0
-2.866602 3.038885 8.078169 42.139999 -32.48 -233.589996 1.0
-2.87378 3.952943 7.795816 38.43 -33.110001 -230.720001 1.0
-2.87378 3.952943 7.795816 38.43 -33.110001 -230.720001 1.0
-3.180061 5.142176 7.479963 25.620001 -38.080002 -214.759995 1.0
-3.180061 5.142176 7.479963 25.620001 -38.080002 -214.759995 1.0
-2.041078 8.126025 8.075776 -4.13 -29.469999 -98.419998 1.0
-2.041078 8.126025 8.075776 -4.13 -29.469999 -98.419998 1.0
-1.885544 5.460421 8.68116 -1.19 -8.89 -19.25 1.0
-1.739582 4.515256 8.80798 -0.98 -6.72 -11.27 1.0
-1.497907 2.639283 8.793623 -0.14 -4.83 2.45 1.0
-1.497907 2.639283 8.793623 -0.14 -4.83 2.45 1.0
-1.241875 2.907279 8.477771 0.98 -3.78 3.22 1.0
-1.48355 3.058028 8.618947 -3.5 -1.47 1.75 1.0
-1.48355 3.058028 8.618947 -3.5 -1.47 1.75 1.0
0.837488 1.976472 9.260223 0.56 0.56 0.21 1.0
0.70349 2.182254 9.355937 1.05 0.56 1.61 1.0
0.777667 2.084148 9.200402 -3.57 -1.61 1.12 1.0
0.72024 2.311467 9.157332 3.5 1.19 2.03 1.0
0.562313 2.605784 9.131011 2.24 0.63 2.52 1.0
0.535992 2.529213 9.157332 2.31 -0.49 4.48 1.0
0.535992 2.529213 9.157332 2.31 -0.49 4.48 1.0
0.100499 3.842873 9.327222 4.48 -1.61 10.92 1.0
0.01675 4.752146 9.099905 15.68 0.07 17.5 1.0
0.01675 4.752146 9.099905 15.68 0.07 17.5 1.0
-0.397209 5.594419 9.016156 27.719999 6.51 36.540001 1.0
-0.294317 5.443672 8.563912 7.91 9.73 63.279999 1.0
-0.294317 5.443672 8.563912 7.91 9.73 63.279999 1.0
-0.416351 4.421937 8.901299 34.02 21.629999 86.379997 1.0
-0.416351 4.421937 8.901299 34.02 21.629999 86.379997 1.0
-0.792024 4.04387 9.284152 12.46 16.870001 104.090004 1.0
-0.433101 3.979264 9.265009 -8.26 12.6 108.220001 1.0
-0.098106 2.943172 8.944371 -11.34 12.25 122.709999 1.0
-0.098106 2.943172 8.944371 -11.34 12.25 122.709999 1.0
-0.124427 2.555535 8.891729 -7.49 15.26 127.75 1.0
-0.098106 1.897508 8.755339 -2.03 19.460001 134.820007 1.0
-0.165105 1.335195 8.736196 22.889999 30.380001 131.600006 1.0
-0.165105 1.335195 8.736196 22.889999 30.380001 131.600006 1.0
0.153141 0.198604 8.85105 -18.059999 20.23 122.849998 1.0
0.153141 0.198604 8.85105 -18.059999 20.23 122.849998 1.0
0.461815 -0.416351 9.028119 -10.64 22.610001 124.32 1.0
0.461815 -0.416351 9.028119 -10.64 22.610001 124.32 1.0
0.401994 0.495314 9.054441 14.77 37.240002 122.150002 1.0
0.401994 0.495314 9.054441 14.77 37.240002 122.150002 1.0
0.926022 -1.789831 9.95175 -26.040001 17.15 80.639999 1.0
0.361316 1.835295 9.296116 2.73 0.14 1.19 1.0
0.323031 1.837688 9.272188 -0.91 -1.4 2.45 1.0
0.437887 1.832902 9.286544 1.05 -0.49 2.73 1.0
0.277567 2.667997 9.131011 1.19 0.28 7.98 1.0
0.277567 2.667997 9.131011 1.19 0.28 7.98 1.0
0.236889 2.976671 9.085547 4.97 1.89 11.34 1.0
-0.198604 3.766303 8.953942 10.5 3.64 20.370001 1.0
-0.189033 4.426722 8.738588 15.75 6.16 26.25 1.0
-0.29671 5.005785 8.788837 15.89 8.89 35.0 1.0
-0.327817 5.20439 8.788837 20.440001 13.16 53.41 1.0
-0.327817 5.20439 8.788837 20.440001 13.16 53.41 1.0
-0.859023 4.948357 9.377472 16.66 17.15 80.989998 1.0
-1.115055 4.017549 9.245867 -16.379999 10.08 103.949997 1.0
-1.115055 4.017549 9.245867 -16.379999 10.08 103.949997 1.0
-1.258625 3.421736 9.128618 -15.33 8.75 119.699997 1.0
-1.258625 3.421736 9.128618 -15.33 8.75 119.699997 1.0
-1.237089 2.9671 9.109475 13.3 17.15 137.130005 1.0
-1.392623 2.244468 9.21476 -14.14 10.57 140.350006 1.0
-1.277767 1.39023 9.023334 17.219999 20.370001 146.930008 1.0
-1.275374 2.005185 9.054441 9.1 20.65 143.779999 1.0
-1.241875 0.351745 9.346365 5.46 17.57 143.779999 1.0
-1.225125 1.074377 9.097511 -15.4 16.52 140.770004 1.0
-1.225125 1.074377 9.097511 -15.4 16.52 140.770004 1.0
-1.062413 -0.744168 9.487542 -25.059999 3.92 136.430008 1.0
-0.598206 -0.514457 9.257831 -9.38 9.73 112.980003 1.0
-0.598206 -0.514457 9.257831 -9.38 9.73 112.980003 1.0
-0.380459 -1.72044 9.578469 -6.51 5.6 106.540001 1.0
-0.11007 0.047856 9.647861 6.09 17.57 93.800003 1.0
0.332602 -1.447658 8.748159 -8.26 9.31 89.25 1.0
0.332602 -1.447658 8.748159 -8.26 9.31 89.25 1.0
1.658226 1.383051 9.281759 -0.35 0.21 -1.05 1.0
1.641476 1.225125 9.138189 -6.58 1.68 0.98 1.0
1.641476 1.225125 9.138189 -6.58 1.68 0.98 1.0
1.646262 1.141376 9.607183 -0.42 2.38 2.03 1.0
1.607977 1.325624 9.485149 -2.73 2.17 3.22 1.0
1.607977 1.325624 9.485149 -2.73 2.17 3.22 1.0
1.387837 0.801596 9.564112 -179.619995 -10.85 13.16 1.0
1.773082 -0.478565 9.611969 -203.559998 -4.9 17.780001 1.0
1.773082 -0.478565 9.611969 -203.559998 -4.9 17.780001 1.0
1.095913 -1.416551 8.547162 -308.070007 -20.16 21.49 1.0
1.378266 -3.948158 7.384251 -368.200012 -21.280001 17.15 1.0
1.378266 -3.948158 7.384251 -368.200012 -21.280001 17.15 1.0
1.572084 -6.436693 3.591627 -442.119995 -33.040001 2.03 1.0
1.572084 -6.436693 3.591627 -442.119995 -33.040001 2.03 1.0
2.24686 -8.779266 0.028714 -351.540009 -28.35 -11.76 1.0
2.24686 -8.779266 0.028714 -351.540009 -28.35 -11.76 1.0
2.24686 -8.779266 0.028714 -351.540009 -28.35 -11.76 1.0
2.24686 -8.779266 0.028714 -351.540009 -28.35 -11.76 1.0
2.24686 -8.779266 0.028714 -351.540009 -28.35 -11.76 1.0
2.24686 -8.779266 0.028714 -351.540009 -28.35 -11.76 1.0
2.24686 -8.779266 0.028714 -351.540009 -28.35 -11.76 1.0
2.24686 -8.779266 0.028714 -351.540009 -28.35 -11.76 1.0
2.24686 -8.779266 0.028714 -351.540009 -28.35 -11.76 1.0
2.555535 -7.042077 -7.422535 -105.489998 -11.34 -7.7 1.0
2.644069 -6.30748 -8.128418 -84.840004 -14.84 -10.85 1.0
2.644069 -6.30748 -8.128418 -84.840004 -14.84 -10.85 1.0
2.299503 -5.666204 -8.238488 -82.25 -14.14 -12.6 1.0
2.28036 -5.453243 -8.420342 -79.309998 -14.28 -11.06 1.0
2.354537 -5.178068 -8.499306 -58.52 -13.37 -11.41 1.0
2.266003 -4.508078 -8.673983 -57.610001 -10.22 -9.1 1.0
0.567099 2.610569 9.260223 -0.84 -0.14 9.31 1.0
0.655633 2.904887 9.413363 7.0 2.24 16.59 1.0
0.655633 2.904887 9.413363 7.0 2.24 16.59 1.0
0.574277 2.926422 9.473185 1.12 2.1 26.880001 1.0
0.636491 3.955336 9.74836 7.91 -3.08 37.240002 1.0
0.557528 4.386044 9.456435 9.52 -3.01 42.0 1.0
0.557528 4.386044 9.456435 9.52 -3.01 42.0 1.0
0.133998 4.780859 9.54497 4.48 -2.87 55.650002 1.0
0.052642 5.130211 9.355937 16.940001 2.31 80.919998 1.0
0.052642 5.130211 9.355937 16.940001 2.31 80.919998 1.0
-0.492921 4.919643 9.217153 0.35 1.89 107.379997 1.0
-1.117448 3.802195 8.793623 -11.48 7.49 137.410004 1.0
-1.117448 3.802195 8.793623 -11.48 7.49 137.410004 1.0
-1.342373 1.761117 8.585447 -7.07 7.98 147.350006 1.0
-1.342373 1.761117 8.585447 -7.07 7.98 147.350006 1.0
-1.342373 1.761117 8.585447 -7.07 7.98 147.350006 1.0
-0.806381 -0.648455 9.131011 -19.040001 12.95 147.350006 1.0
-0.380459 -1.469193 9.040084 -13.65 10.08 142.029999 1.0
-0.380459 -1.469193 9.040084 -13.65 10.08 142.029999 1.0
-0.026321 -2.251646 9.020942 -2.59 11.76 133.350006 1.0
1.107877 -3.897908 9.674182 7.0 8.96 73.989998 1.0
1.107877 -3.897908 9.674182 7.0 8.96 73.989998 1.0
1.107877 -3.897908 9.674182 7.0 8.96 73.989998 1.0
1.524228 -1.787439 9.781858 11.13 10.22 47.040001 1.0
1.524228 -1.787439 9.781858 11.13 10.22 47.040001 1.0
1.524228 -1.787439 9.781858 11.13 10.22 47.040001 1.0
1.524228 -1.787439 9.781858 11.13 10.22 47.040001 1.0
1.524228 -1.787439 9.781858 11.13 10.22 47.040001 1.0
1.524228 -1.787439 9.781858 11.13 10.22 47.040001 1.0
1.775474 -1.792224 9.762716 -1.33 5.11 37.799999 1.0
1.222732 0.133998 9.410972 30.940001 2.8 -2.59 1.0
1.299303 -0.014357 8.834301 43.540001 2.94 -3.64 1.0
1.184447 0.165105 8.310273 107.029999 4.9 -8.12 1.0
1.184447 0.165105 8.310273 107.029999 4.9 -8.12 1.0
1.205983 2.742175 8.877372 141.820007 10.08 -12.67 1.0
1.205983 2.742175 8.877372 141.820007 10.08 -12.67 1.0
0.775275 6.001199 8.578269 123.760002 6.23 -9.1 1.0
0.775275 6.001199 8.578269 123.760002 6.23 -9.1 1.0
1.234696 5.331209 7.259824 122.709999 0.07 -9.73 1.0
1.234696 5.331209 7.259824 122.709999 0.07 -9.73 1.0
1.172483 7.336394 6.850651 172.550003 6.86 -11.55 1.0
1.172483 7.336394 6.850651 172.550003 6.86 -11.55 1.0
0.887737 8.508877 4.173083 132.860001 4.27 -11.48 1.0
0.880559 9.044869 3.629912 131.039993 9.87 -12.32 1.0
0.521635 9.12144 3.211168 94.150002 11.9 -4.76 1.0
0.521635 9.12144 3.211168 94.150002 11.9 -4.76 1.0
0.705883 9.166903 2.258825 115.220001 18.969999 -9.59 1.0
0.416351 9.705289 2.254039 97.160004 19.040001 -11.34 1.0
0.418744 9.442079 0.839881 87.5 16.379999 -18.200001 1.0
0.184247 9.212367 0.150748 85.470001 17.85 -19.6 1.0
0.011964 10.339387 0.732204 53.130001 20.09 -15.75 1.0
-0.289532 8.846266 -0.196211 54.810001 18.969999 -12.95 1.0
0.059821 10.279566 0.327817 65.519997 25.690001 -12.6 1.0
-0.172283 9.583255 -0.172283 13.440001 6.51 -6.51 1.0
-0.308674 9.499505 -0.76331 6.3 3.43 -2.03 1.0
-0.39003 9.992428 -0.588634 5.18 3.57 -0.49 1.0
-0.39003 9.992428 -0.588634 5.18 3.57 -0.49 1.0
-0.282353 9.485149 -1.241875 -9.73 -2.52 1.19 1.0
-0.282353 9.485149 -1.241875 -9.73 -2.52 1.19 1.0
-0.282353 9.485149 -1.241875 -9.73 -2.52 1.19 1.0
0.646062 0.162712 9.564112 -6.37 -1.47 -5.46 1.0
0.540778 -0.062213 9.549755 -4.48 -3.85 -12.88 1.0
0.564706 -0.138784 9.437292 2.24 -2.45 -21.280001 1.0
0.564706 -0.138784 9.437292 2.24 -2.45 -21.280001 1.0
0.552742 -0.07657 9.492328 4.27 -3.64 -24.15 1.0
-0.009571 -1.153341 9.781858 11.97 -15.4 -84.209999 1.0
-0.009571 -1.153341 9.781858 11.97 -15.4 -84.209999 1.0
-0.31346 -1.320838 9.781858 26.530001 -17.92 -111.510002 1.0
-0.382852 -1.332802 9.980463 28.98 -18.200001 -126.770004 1.0
-0.945165 -1.356731 9.836893 34.23 -22.610001 -159.809998 1.0
-0.945165 -1.356731 9.836893 34.23 -22.610001 -159.809998 1.0
-1.177269 -0.358923 9.700503 48.439999 -25.969999 -192.360001 1.0
-1.208375 1.086342 8.889337 58.099998 -27.299999 -203.139999 1.0
-1.543371 1.952543 8.896514 74.900002 -29.4 -206.850006 1.0
-1.330409 3.833302 8.063812 54.880001 -25.129999 -203.139999 1.0
-1.330409 3.833302 8.063812 54.880001 -25.129999 -203.139999 1.0
-2.258825 2.986243 7.613962 39.200001 -30.59 -200.270004 1.0
-2.258825 2.986243 7.613962 39.200001 -30.59 -200.270004 1.0
-2.258825 2.986243 7.613962 39.200001 -30.59 -200.270004 1.0
-2.258825 2.986243 7.613962 39.200001 -30.59 -200.270004 1.0
-1.928615 7.635497 7.551748 18.969999 -17.780001 -100.519997 1.0
-2.065006 7.65464 7.628319 -1.68 -12.32 -58.310001 1.0
-1.902294 7.15454 7.599605 -3.57 -10.85 -33.25 1.0
-2.215754 5.649454 8.4012 -2.03 -1.89 -3.85 1.0
-2.18704 4.63729 8.427521 -2.31 -0.21 2.66 1.0
-2.18704 4.63729 8.427521 -2.31 -0.21 2.66 1.0
-1.74676 3.098706 9.028119 2.52 3.64 8.82 1.0
-1.438086 2.912065 8.9683 1.54 1.12 4.83 1.0
-1.39023 3.287738 8.606983 1.19 -0.77 1.4 1.0
-1.39023 3.287738 8.606983 1.19 -0.77 1.4 1.0
