1.052842 0.701097 9.518648 -8.68 13.86 6.58 4.0
0.866202 0.449851 9.793823 -5.74 11.62 5.74 4.0
0.866202 0.449851 9.793823 -5.74 11.62 5.74 4.0
0.588634 0.933201 11.064411 -4.83 4.9 4.41 4.0
0.588634 0.933201 11.064411 -4.83 4.9 4.41 4.0
-0.055035 1.392623 12.866207 -17.360001 -19.389999 6.44 4.0
-0.055035 1.392623 12.866207 -17.360001 -19.389999 6.44 4.0
-0.29671 1.095913 13.234701 -22.540001 -40.25 9.24 4.0
0.837488 0.117248 13.028918 -15.68 -102.830002 1.47 4.0
1.825724 0.074178 11.696117 -44.240002 -104.720001 -4.06 4.0
1.825724 0.074178 11.696117 -44.240002 -104.720001 -4.06 4.0
3.158526 -0.409173 9.920642 -6.93 -132.440002 -11.48 4.0
3.158526 -0.409173 9.920642 -6.93 -132.440002 -11.48 4.0
3.948158 -0.787239 7.594819 3.36 -165.830002 -22.190001 4.0
4.802395 -0.339781 6.740582 4.27 -171.080002 -22.75 4.0
4.802395 -0.339781 6.740582 4.27 -171.080002 -22.75 4.0
6.001199 0.248854 4.589434 2.24 -165.199997 -16.030001 4.0
6.410372 0.208176 3.854837 9.1 -165.199997 -14.84 4.0
6.410372 0.208176 3.854837 9.1 -165.199997 -14.84 4.0
6.410372 0.208176 3.854837 9.1 -165.199997 -14.84 4.0
8.10449 0.557528 1.820938 17.360001 -162.259995 -14.28 4.0
8.10449 0.557528 1.820938 17.360001 -162.259995 -14.28 4.0
8.10449 0.557528 1.820938 17.360001 -162.259995 -14.28 4.0
8.10449 0.557528 1.820938 17.360001 -162.259995 -14.28 4.0
8.10449 0.557528 1.820938 17.360001 -162.259995 -14.28 4.0
8.221739 0.48335 0.045464 14.07 -154.139999 -11.55 4.0
8.221739 0.48335 0.045464 14.07 -154.139999 -11.55 4.0
8.221739 0.48335 0.045464 14.07 -154.139999 -11.55 4.0
8.221739 0.48335 0.045464 14.07 -154.139999 -11.55 4.0
8.79123 1.811367 -7.695317 -12.74 -58.310001 -6.58 4.0
-0.631705 1.227518 9.631111 -9.31 -0.07 1.19 4.0
-0.844666 1.227518 10.102496 -6.79 -1.12 0.98 4.0
-1.071985 1.198804 10.212566 -4.41 -5.6 0.49 4.0
-0.842274 2.184647 11.303694 -17.219999 -21.42 -1.89 4.0
-0.842274 2.184647 11.303694 -17.219999 -21.42 -1.89 4.0
-0.935594 1.349552 11.669796 -21.280001 -41.790001 -1.05 4.0
-0.935594 1.349552 11.669796 -21.280001 -41.790001 -1.05 4.0
-0.37328 1.31366 12.411572 -31.99 -93.590004 -5.18 4.0
-0.150748 0.930808 12.052648 -25.83 -117.879997 -6.23 4.0
-0.150748 0.930808 12.052648 -25.83 -117.879997 -6.23 4.0
1.069592 0.672383 11.301301 -27.860001 -148.330002 -4.97 4.0
1.641476 -0.095713 10.241282 -5.11 -167.509995 -7.14 4.0
1.641476 -0.095713 10.241282 -5.11 -167.509995 -7.14 4.0
2.694318 0.598206 8.252845 -8.75 -188.300003 -8.47 4.0
4.910072 0.636491 7.771888 -14.63 -187.180008 -5.67 4.0
4.364508 0.722632 6.809973 -8.75 -182.699997 -2.1 4.0
6.022735 0.595813 4.086941 4.76 -174.160004 9.17 4.0
6.388836 0.653241 3.352344 13.93 -174.580002 11.41 4.0
6.388836 0.653241 3.352344 13.93 -174.580002 11.41 4.0
6.388836 0.653241 3.352344 13.93 -174.580002 11.41 4.0
6.388836 0.653241 3.352344 13.93 -174.580002 11.41 4.0
6.388836 0.653241 3.352344 13.93 -174.580002 11.41 4.0
7.432107 0.81356 1.682154 17.99 -167.369995 14.14 4.0
7.432107 0.81356 1.682154 17.99 -167.369995 14.14 4.0
7.432107 0.81356 1.682154 17.99 -167.369995 14.14 4.0
7.432107 0.81356 1.682154 17.99 -167.369995 14.14 4.0
9.102298 0.78006 -5.919843 -13.37 -74.690002 -10.43 4.0
8.992228 1.033699 -5.4006 -7.98 -20.790001 -4.97 4.0
8.992228 1.033699 -5.4006 -7.98 -20.790001 -4.97 4.0
8.946764 1.131805 -5.321638 -8.61 -7.21 -8.54 4.0
-0.208176 1.368695 9.332008 -6.79 3.85 3.01 4.0
-0.208176 1.368695 9.332008 -6.79 3.85 3.01 4.0
-0.090927 1.5003 9.351151 -8.61 5.11 3.36 4.0
-0.090927 1.5003 9.351151 -8.61 5.11 3.36 4.0
-0.090927 1.5003 9.351151 -8.61 5.11 3.36 4.0
-0.435494 1.304088 10.482956 -21.07 -8.47 4.27 4.0
-0.777667 1.643869 11.700903 -25.76 -23.59 0.7 4.0
-0.777667 1.643869 11.700903 -25.76 -23.59 0.7 4.0
-0.22014 1.385444 12.14836 -30.799999 -57.82 -2.03 4.0
-0.504886 0.880559 12.107682 -30.380001 -81.059998 -2.66 4.0
-0.019143 0.81356 11.710474 -28.700001 -100.309998 -0.98 4.0
0.234497 0.579063 12.246466 -34.369999 -117.739998 -3.78 4.0
1.806581 0.18664 11.205588 -29.469999 -148.75 -6.58 4.0
2.081756 0.009571 10.638489 -28.139999 -153.930008 -8.12 4.0
2.895315 -0.045464 10.236496 -14.49 -163.520004 -9.03 4.0
3.287738 -0.155533 8.910872 -9.24 -173.880005 -11.97 4.0
3.287738 -0.155533 8.910872 -9.24 -173.880005 -11.97 4.0
5.17089 0.284746 6.491727 4.48 -188.649994 -15.61 4.0
6.580262 0.468993 3.517449 13.58 -177.800003 -10.71 4.0
6.580262 0.468993 3.517449 13.58 -177.800003 -10.71 4.0
6.580262 0.468993 3.517449 13.58 -177.800003 -10.71 4.0
6.580262 0.468993 3.517449 13.58 -177.800003 -10.71 4.0
6.580262 0.468993 3.517449 13.58 -177.800003 -10.71 4.0
6.580262 0.468993 3.517449 13.58 -177.800003 -10.71 4.0
6.580262 0.468993 3.517449 13.58 -177.800003 -10.71 4.0
6.580262 0.468993 3.517449 13.58 -177.800003 -10.71 4.0
6.580262 0.468993 3.517449 13.58 -177.800003 -10.71 4.0
6.580262 0.468993 3.517449 13.58 -177.800003 -10.71 4.0
6.580262 0.468993 3.517449 13.58 -177.800003 -10.71 4.0
6.580262 0.468993 3.517449 13.58 -177.800003 -10.71 4.0
0.09332 1.438086 10.277173 -8.19 -3.43 -0.28 4.0
-0.224925 1.158126 10.837094 1.75 -17.85 -3.22 4.0
-0.224925 1.158126 10.837094 1.75 -17.85 -3.22 4.0
-0.224925 1.158126 10.837094 1.75 -17.85 -3.22 4.0
0.064606 1.660619 11.712867 -5.88 -54.32 -9.66 4.0
0.064606 1.660619 11.712867 -5.88 -54.32 -9.66 4.0
0.064606 1.660619 11.712867 -5.88 -54.32 -9.66 4.0
1.134198 1.787439 12.076575 -25.27 -116.340004 -17.5 4.0
1.471586 1.832902 12.394822 -27.370001 -136.5 -14.77 4.0
1.471586 1.832902 12.394822 -27.370001 -136.5 -14.77 4.0
1.643869 1.713261 12.370893 -27.93 -146.369995 -12.53 4.0
1.643869 1.713261 12.370893 -27.93 -146.369995 -12.53 4.0
2.98385 0.672383 8.889337 -16.52 -196.979996 -12.04 4.0
4.465007 1.112662 6.297909 -0.21 -205.660004 -10.29 4.0
6.197411 1.083949 3.412165 19.110001 -210.210007 -6.51 4.0
6.197411 1.083949 3.412165 19.110001 -210.210007 -6.51 4.0
6.072984 1.229911 2.053042 6.23 -190.119995 -1.61 4.0
7.070791 1.361516 0.9667 10.78 -187.529999 -1.19 4.0
7.070791 1.361516 0.9667 10.78 -187.529999 -1.19 4.0
7.070791 1.361516 0.9667 10.78 -187.529999 -1.19 4.0
7.070791 1.361516 0.9667 10.78 -187.529999 -1.19 4.0
7.070791 1.361516 0.9667 10.78 -187.529999 -1.19 4.0
7.070791 1.361516 0.9667 10.78 -187.529999 -1.19 4.0
7.070791 1.361516 0.9667 10.78 -187.529999 -1.19 4.0
7.123433 1.229911 0.212961 8.33 -162.119995 4.48 4.0
7.123433 1.229911 0.212961 8.33 -162.119995 4.48 4.0
7.123433 1.229911 0.212961 8.33 -162.119995 4.48 4.0
9.406186 1.028914 -5.254639 -7.84 -19.67 -7.42 4.0
9.427721 1.383051 -4.981857 -11.69 -11.2 -8.12 4.0
9.24108 1.39023 -4.448257 -15.75 -2.94 -10.43 4.0
-0.308674 1.864009 9.726824 -5.81 1.19 3.08 4.0
-0.509671 1.787439 9.88475 -7.56 0.21 3.08 4.0
-0.509671 1.787439 9.88475 -7.56 0.21 3.08 4.0
-0.509671 1.787439 9.88475 -7.56 0.21 3.08 4.0
-0.768096 1.952543 10.526026 -9.8 -11.41 2.1 4.0
-0.768096 1.952543 10.526026 -9.8 -11.41 2.1 4.0
0.301496 1.947758 11.595619 -30.309999 -101.080002 -11.41 4.0
0.301496 1.947758 11.595619 -30.309999 -101.080002 -11.41 4.0
0.964308 2.057827 11.239087 -24.780001 -112.0 -9.59 4.0
1.85683 1.952543 10.439885 -28.139999 -119.419998 -5.04 4.0
2.048256 1.789831 10.454242 -17.08 -119.699997 -2.8 4.0
1.835295 1.600798 9.908678 -7.91 -127.190002 -0.77 4.0
1.835295 1.600798 9.908678 -7.91 -127.190002 -0.77 4.0
2.871387 1.284946 9.667004 -14.0 -141.399994 0.91 4.0
3.617948 0.969093 8.051848 -11.76 -154.839996 -3.01 4.0
4.275974 0.507278 6.675975 -19.67 -154.979996 -1.4 4.0
5.891129 1.062413 6.104091 -3.5 -162.610001 -6.65 4.0
5.891129 1.062413 6.104091 -3.5 -162.610001 -6.65 4.0
5.891129 1.062413 6.104091 -3.5 -162.610001 -6.65 4.0
5.996413 0.997807 5.740381 -2.94 -156.169998 -7.7 4.0
6.625726 1.689333 4.242475 1.12 -152.949997 3.5 4.0
6.625726 1.689333 4.242475 1.12 -152.949997 3.5 4.0
6.625726 1.689333 4.242475 1.12 -152.949997 3.5 4.0
6.343372 2.172683 3.529413 -15.75 -157.990005 9.31 4.0
6.343372 2.172683 3.529413 -15.75 -157.990005 9.31 4.0
7.424929 0.327817 -0.050249 7.0 -171.5 30.52 4.0
7.424929 0.327817 -0.050249 7.0 -171.5 30.52 4.0
8.819944 -0.078963 -5.503492 -2.94 -20.58 -17.99 4.0
9.119047 1.012164 -4.977071 -2.94 -10.64 -18.200001 4.0
9.367901 1.371087 -5.02732 -14.14 2.38 -12.04 4.0
-0.107677 1.430908 9.485149 -1.26 4.48 3.5 4.0
-0.107677 1.430908 9.485149 -1.26 4.48 3.5 4.0
-0.107677 1.430908 9.485149 -1.26 4.48 3.5 4.0
-0.107677 1.430908 9.485149 -1.26 4.48 3.5 4.0
-0.160319 1.351945 9.312866 -5.81 5.39 3.43 4.0
-0.124427 1.277767 9.446864 -10.22 4.55 3.01 4.0
-0.189033 1.533799 9.437292 -8.47 4.48 2.1 4.0
-0.189033 1.533799 9.437292 -8.47 4.48 2.1 4.0
-0.81356 1.677369 11.152946 -10.36 -14.42 1.33 4.0
-0.81356 1.677369 11.152946 -10.36 -14.42 1.33 4.0
-1.112662 2.409572 13.18206 -37.799999 -70.629997 -2.38 4.0
-1.112662 2.409572 13.18206 -37.799999 -70.629997 -2.38 4.0
-1.112662 2.409572 13.18206 -37.799999 -70.629997 -2.38 4.0
-1.112662 2.409572 13.18206 -37.799999 -70.629997 -2.38 4.0
0.143569 0.502493 12.624532 -56.700001 -181.720001 -3.64 4.0
1.194018 -0.267996 11.509477 -42.209999 -205.100006 -12.04 4.0
1.65344 -0.334995 10.406385 -30.52 -213.850006 -14.42 4.0
3.419343 -0.385244 6.989435 -2.66 -238.139999 -18.129999 4.0
4.680361 -0.019143 6.465407 -17.57 -220.080002 -16.17 4.0
4.680361 -0.019143 6.465407 -17.57 -220.080002 -16.17 4.0
4.551149 0.004786 4.443472 0.14 -214.830002 -15.54 4.0
6.228518 0.378066 2.517249 -7.07 -172.619995 -6.3 4.0
6.228518 0.378066 2.517249 -7.07 -172.619995 -6.3 4.0
6.228518 0.378066 2.517249 -7.07 -172.619995 -6.3 4.0
6.228518 0.378066 2.517249 -7.07 -172.619995 -6.3 4.0
6.228518 0.378066 2.517249 -7.07 -172.619995 -6.3 4.0
6.228518 0.378066 2.517249 -7.07 -172.619995 -6.3 4.0
6.228518 0.378066 2.517249 -7.07 -172.619995 -6.3 4.0
6.228518 0.378066 2.517249 -7.07 -172.619995 -6.3 4.0
6.228518 0.378066 2.517249 -7.07 -172.619995 -6.3 4.0
-0.68674 1.663012 9.485149 -6.3 -0.42 0.07 4.0
-0.68674 1.663012 9.485149 -6.3 -0.42 0.07 4.0
-0.602991 1.756332 9.769895 -7.49 -4.06 -0.84 4.0
-0.818345 1.569692 9.970891 -0.98 -8.89 -2.31 4.0
-0.818345 1.569692 9.970891 -0.98 -8.89 -2.31 4.0
-0.851845 2.09372 11.416157 -32.900002 -56.0 -11.55 4.0
-0.803988 1.430908 11.8349 -54.25 -88.970001 -9.03 4.0
-0.803988 1.430908 11.8349 -54.25 -88.970001 -9.03 4.0
-0.162712 0.842274 11.870793 -45.57 -105.629997 -7.98 4.0
-0.162712 0.842274 11.870793 -45.57 -105.629997 -7.98 4.0
1.777867 1.024128 11.382657 -24.290001 -141.820007 -1.47 4.0
2.132005 1.024128 11.408978 -20.93 -144.199997 -0.28 4.0
2.132005 1.024128 11.408978 -20.93 -144.199997 -0.28 4.0
3.448057 0.136391 8.496914 -8.82 -156.729996 -7.28 4.0
4.031906 0.29671 8.346166 1.82 -161.979996 -8.68 4.0
4.814359 0.674776 7.046863 -1.61 -161.979996 -9.59 4.0
4.814359 0.674776 7.046863 -1.61 -161.979996 -9.59 4.0
4.814359 0.674776 7.046863 -1.61 -161.979996 -9.59 4.0
4.814359 0.674776 7.046863 -1.61 -161.979996 -9.59 4.0
4.814359 0.674776 7.046863 -1.61 -161.979996 -9.59 4.0
6.242875 0.880559 4.658825 -10.5 -152.25 0.49 4.0
6.242875 0.880559 4.658825 -10.5 -152.25 0.49 4.0
6.515656 0.478565 3.282953 3.99 -158.899994 -2.38 4.0
6.515656 0.478565 3.282953 3.99 -158.899994 -2.38 4.0
6.515656 0.478565 3.282953 3.99 -158.899994 -2.38 4.0
6.515656 0.478565 3.282953 3.99 -158.899994 -2.38 4.0
6.515656 0.478565 3.282953 3.99 -158.899994 -2.38 4.0
6.515656 0.478565 3.282953 3.99 -158.899994 -2.38 4.0
8.070991 0.368495 1.028914 12.67 -143.990005 -2.31 4.0
9.054441 1.74676 -4.656433 -6.23 -32.130001 -10.92 4.0
-0.815953 1.615155 9.616754 -5.32 2.52 4.13 4.0
-0.756132 1.454836 9.619147 -8.82 0.28 2.52 4.0
-0.748954 1.143769 9.662218 -8.12 -2.66 0.14 4.0
-0.748954 1.143769 9.662218 -8.12 -2.66 0.14 4.0
-0.777667 1.902294 10.463813 -20.719999 -21.139999 -2.31 4.0
-0.490529 2.09372 11.406586 -22.190001 -38.709999 -0.14 4.0
-0.490529 2.09372 11.406586 -22.190001 -38.709999 -0.14 4.0
-0.490529 2.09372 11.406586 -22.190001 -38.709999 -0.14 4.0
-0.672383 0.471386 12.863814 -37.380001 -92.68 0.7 4.0
-0.217747 0.571885 12.725031 -31.85 -109.270004 -5.18 4.0
0.358923 0.234497 11.935399 -31.99 -145.949997 -9.87 4.0
1.552942 -0.512064 10.884951 -12.95 -168.699997 -18.059999 4.0
1.552942 -0.512064 10.884951 -12.95 -168.699997 -18.059999 4.0
4.859823 0.947558 6.396015 -2.52 -178.639999 -23.73 4.0
4.859823 0.947558 6.396015 -2.52 -178.639999 -23.73 4.0
6.013163 0.969093 4.754539 10.29 -159.25 -16.379999 4.0
6.013163 0.969093 4.754539 10.29 -159.25 -16.379999 4.0
6.374479 1.227518 4.548756 4.62 -153.229996 -13.16 4.0
6.374479 1.227518 4.548756 4.62 -153.229996 -13.16 4.0
5.972485 0.258425 4.290331 3.43 -142.729996 -8.75 4.0
5.972485 0.258425 4.290331 3.43 -142.729996 -8.75 4.0
5.972485 0.258425 4.290331 3.43 -142.729996 -8.75 4.0
5.972485 0.258425 4.290331 3.43 -142.729996 -8.75 4.0
5.972485 0.258425 4.290331 3.43 -142.729996 -8.75 4.0
5.972485 0.258425 4.290331 3.43 -142.729996 -8.75 4.0
5.972485 0.258425 4.290331 3.43 -142.729996 -8.75 4.0
5.972485 0.258425 4.290331 3.43 -142.729996 -8.75 4.0
5.972485 0.258425 4.290331 3.43 -142.729996 -8.75 4.0
5.972485 0.258425 4.290331 3.43 -142.729996 -8.75 4.0
8.987441 1.036092 -6.520442 2.59 -34.509998 -14.91 4.0
-0.72024 1.234696 9.430114 -2.31 5.11 3.92 4.0
-0.631705 1.438086 9.676575 -7.7 3.43 3.29 4.0
-0.650848 1.217947 9.470792 -10.43 2.59 3.78 4.0
-0.595813 1.416551 9.698111 -10.22 -2.8 0.7 4.0
-0.595813 1.416551 9.698111 -10.22 -2.8 0.7 4.0
-0.586242 1.272982 9.71486 -15.26 -4.2 0.07 4.0
-0.973879 0.875773 9.549755 -15.05 -13.02 -2.31 4.0
-0.753739 0.859023 9.320045 -13.86 -14.77 -9.17 4.0
-0.753739 0.859023 9.320045 -13.86 -14.77 -9.17 4.0
-0.385244 0.823131 9.334401 -8.54 -19.32 -12.18 4.0
-0.301496 1.777867 10.906486 1.19 -30.17 -6.3 4.0
0.289532 2.005185 12.844672 -11.41 -54.950001 -5.67 4.0
0.045464 1.648655 12.99542 -27.09 -83.860001 -5.04 4.0
0.045464 1.648655 12.99542 -27.09 -83.860001 -5.04 4.0
-0.440279 1.689333 13.521841 -30.59 -102.199997 -5.11 4.0
0.22014 0.26321 12.713067 -21.0 -159.389999 -8.89 4.0
0.22014 0.26321 12.713067 -21.0 -159.389999 -8.89 4.0
0.22014 0.26321 12.713067 -21.0 -159.389999 -8.89 4.0
1.512264 -0.066999 9.19801 -14.98 -219.240005 -7.14 4.0
2.715853 0.021535 8.671589 -8.54 -232.610001 -11.48 4.0
3.634698 0.425922 6.534799 -11.13 -233.449997 -9.45 4.0
4.914857 0.492921 4.613362 -11.9 -232.75 -6.79 4.0
6.118448 1.012164 3.299703 -14.42 -206.5 1.05 4.0
6.118448 1.012164 3.299703 -14.42 -206.5 1.05 4.0
6.118448 1.012164 3.299703 -14.42 -206.5 1.05 4.0
6.118448 1.012164 3.299703 -14.42 -206.5 1.05 4.0
6.685547 0.294317 1.227518 -1.89 -166.880005 11.83 4.0
6.685547 0.294317 1.227518 -1.89 -166.880005 11.83 4.0
6.685547 0.294317 1.227518 -1.89 -166.880005 11.83 4.0
6.685547 0.294317 1.227518 -1.89 -166.880005 11.83 4.0
0.064606 1.392623 9.927821 -2.59 0.63 4.27 4.0
0.021535 1.129412 9.762716 -4.9 -9.45 1.54 4.0
0.021535 1.129412 9.762716 -4.9 -9.45 1.54 4.0
0.021535 1.129412 9.762716 -4.9 -9.45 1.54 4.0
0.088534 1.423729 9.925428 1.54 -14.42 1.47 4.0
0.172283 1.631905 10.262815 -12.04 -21.42 -2.87 4.0
0.172283 1.631905 10.262815 -12.04 -21.42 -2.87 4.0
0.248854 2.189433 11.624333 -6.86 -40.389999 -2.1 4.0
0.248854 2.189433 11.624333 -6.86 -40.389999 -2.1 4.0
0.160319 2.340181 11.820543 -49.91 -59.220001 -3.43 4.0
0.160319 2.340181 11.820543 -49.91 -59.220001 -3.43 4.0
0.160319 2.340181 11.820543 -49.91 -59.220001 -3.43 4.0
0.160319 2.340181 11.820543 -49.91 -59.220001 -3.43 4.0
2.062613 -0.308674 10.406385 -25.34 -177.660004 -15.82 4.0
4.943572 0.117248 6.759724 6.37 -202.860001 -20.09 4.0
5.76431 0.638884 6.300302 -2.03 -193.479996 -17.710001 4.0
5.546563 0.327817 4.31426 6.16 -187.809998 -14.77 4.0
5.546563 0.327817 4.31426 6.16 -187.809998 -14.77 4.0
7.025328 1.361516 2.388037 5.53 -178.779999 -8.75 4.0
7.274181 1.61037 2.634498 -6.09 -169.610001 -5.46 4.0
7.274181 1.61037 2.634498 -6.09 -169.610001 -5.46 4.0
7.274181 1.61037 2.634498 -6.09 -169.610001 -5.46 4.0
7.274181 1.61037 2.634498 -6.09 -169.610001 -5.46 4.0
7.274181 1.61037 2.634498 -6.09 -169.610001 -5.46 4.0
7.274181 1.61037 2.634498 -6.09 -169.610001 -5.46 4.0
7.274181 1.61037 2.634498 -6.09 -169.610001 -5.46 4.0
6.496514 0.342174 1.830509 -22.26 -148.399994 0.98 4.0
8.779266 1.395016 -6.101698 -6.51 -26.950001 -18.48 4.0
9.006584 1.572084 -5.089533 -2.52 -5.04 -11.62 4.0
9.181261 1.452443 -4.833502 -8.05 3.85 -6.72 4.0
-0.138784 1.083949 9.643075 -4.55 0.98 0.98 4.0
-0.083749 0.89013 10.011569 0.7 -8.75 -3.15 4.0
-0.157926 1.584049 10.339387 0.77 -18.27 -6.02 4.0
0.098106 1.667797 10.628918 -8.54 -23.940001 -6.02 4.0
0.078963 1.509871 11.157731 -16.52 -30.17 -3.08 4.0
0.078963 1.509871 11.157731 -16.52 -30.17 -3.08 4.0
0.047856 1.45005 11.54537 -11.97 -51.310001 -4.41 4.0
0.047856 1.45005 11.54537 -11.97 -51.310001 -4.41 4.0
0.602991 0.799203 12.169895 -24.710001 -87.639999 -10.43 4.0
0.602991 0.799203 12.169895 -24.710001 -87.639999 -10.43 4.0
0.602991 0.799203 12.169895 -24.710001 -87.639999 -10.43 4.0
1.706082 1.215554 11.614761 -12.32 -114.309998 -6.65 4.0
2.364109 0.552742 10.803595 -11.06 -135.589996 -8.12 4.0
3.323631 0.193819 8.985049 -0.84 -159.039993 -12.6 4.0
3.661019 0.564706 8.898908 2.45 -162.820007 -10.22 4.0
4.721039 1.004985 7.15454 1.19 -180.880005 -12.81 4.0
5.465207 0.978664 7.106683 -10.57 -176.680008 -12.39 4.0
6.080163 1.107877 5.168497 4.41 -182.139999 -8.96 4.0
6.080163 1.107877 5.168497 4.41 -182.139999 -8.96 4.0
7.106683 1.131805 3.89073 0.42 -176.680008 -6.16 4.0
6.716653 0.069392 1.715654 5.18 -164.850006 -2.8 4.0
6.716653 0.069392 1.715654 5.18 -164.850006 -2.8 4.0
6.716653 0.069392 1.715654 5.18 -164.850006 -2.8 4.0
6.716653 0.069392 1.715654 5.18 -164.850006 -2.8 4.0
6.716653 0.069392 1.715654 5.18 -164.850006 -2.8 4.0
6.716653 0.069392 1.715654 5.18 -164.850006 -2.8 4.0
6.716653 0.069392 1.715654 5.18 -164.850006 -2.8 4.0
6.716653 0.069392 1.715654 5.18 -164.850006 -2.8 4.0
6.716653 0.069392 1.715654 5.18 -164.850006 -2.8 4.0
6.716653 0.069392 1.715654 5.18 -164.850006 -2.8 4.0
-1.416551 2.17029 9.267403 -8.19 7.35 3.71 4.0
-1.416551 2.17029 9.267403 -8.19 7.35 3.71 4.0
-1.411765 2.301895 9.499505 -13.16 4.76 3.15 4.0
-1.253839 2.014757 9.499505 -26.530001 0.07 3.92 4.0
-1.253839 2.014757 9.499505 -26.530001 0.07 3.92 4.0
-1.634298 1.68694 9.887143 -16.66 -2.24 2.59 4.0
-1.615155 1.533799 9.796216 -8.75 -9.45 2.94 4.0
-1.081556 2.414358 10.456635 -31.08 -20.02 -2.52 4.0
-1.634298 1.31366 11.444871 -17.99 -32.27 -3.43 4.0
-1.634298 1.31366 11.444871 -17.99 -32.27 -3.43 4.0
-1.634298 1.31366 11.444871 -17.99 -32.27 -3.43 4.0
-0.78006 1.806581 12.538391 -38.779999 -153.580002 3.43 4.0
0.42353 0.638884 10.487741 -33.740002 -178.5 1.75 4.0
2.136791 1.249053 9.607183 -29.75 -184.100006 7.84 4.0
2.134398 0.940379 9.171689 -41.580002 -179.479996 9.17 4.0
2.134398 0.940379 9.171689 -41.580002 -179.479996 9.17 4.0
2.134398 0.940379 9.171689 -41.580002 -179.479996 9.17 4.0
4.366901 0.598206 6.07777 -8.96 -175.699997 0.49 4.0
4.366901 0.598206 6.07777 -8.96 -175.699997 0.49 4.0
5.266603 0.540778 5.809773 -21.35 -167.440002 4.55 4.0
5.680561 0.727418 4.852644 -13.09 -173.880005 9.24 4.0
5.781059 0.57667 4.424329 -22.469999 -170.029999 11.9 4.0
6.695118 0.117248 3.012564 -9.52 -174.440002 11.55 4.0
6.695118 0.117248 3.012564 -9.52 -174.440002 11.55 4.0
6.695118 0.117248 3.012564 -9.52 -174.440002 11.55 4.0
6.817152 0.105284 2.981457 -11.62 -167.229996 11.62 4.0
6.817152 0.105284 2.981457 -11.62 -167.229996 11.62 4.0
8.090133 -0.634098 -1.751546 4.76 -145.809998 -2.52 4.0
8.090133 -0.634098 -1.751546 4.76 -145.809998 -2.52 4.0
8.090133 -0.634098 -1.751546 4.76 -145.809998 -2.52 4.0
