1.732404 2.426322 9.028119 -15.47 -3.36 1.33 2.0
1.732404 2.426322 9.028119 -15.47 -3.36 1.33 2.0
1.818545 2.9336 9.408579 -58.170002 4.2 5.53 2.0
1.818545 2.9336 9.408579 -58.170002 4.2 5.53 2.0
1.354338 2.62732 10.112068 -177.660004 -0.42 12.18 2.0
2.072184 -0.409173 9.846465 -244.369995 -12.25 16.309999 2.0
2.072184 -0.409173 9.846465 -244.369995 -12.25 16.309999 2.0
1.533799 -2.9671 7.676175 -373.799988 -26.389999 13.51 2.0
1.842474 -6.453443 4.443472 -417.690002 -30.309999 -2.45 2.0
1.842474 -6.453443 4.443472 -417.690002 -30.309999 -2.45 2.0
1.842474 -6.453443 4.443472 -417.690002 -30.309999 -2.45 2.0
1.842474 -6.453443 4.443472 -417.690002 -30.309999 -2.45 2.0
2.416751 -9.286544 -2.127219 -348.73999 -36.959999 -9.24 2.0
2.416751 -9.286544 -2.127219 -348.73999 -36.959999 -9.24 2.0
2.416751 -9.286544 -2.127219 -348.73999 -36.959999 -9.24 2.0
2.526821 -8.901299 -4.23051 -232.889999 -37.310001 -17.15 2.0
2.526821 -8.901299 -4.23051 -232.889999 -37.310001 -17.15 2.0
2.526821 -8.901299 -4.23051 -232.889999 -37.310001 -17.15 2.0
2.526821 -8.901299 -4.23051 -232.889999 -37.310001 -17.15 2.0
2.651247 -5.905487 -8.190632 -61.110001 -16.1 -13.09 2.0
2.569891 -5.783452 -8.188239 -50.959999 -10.01 -8.4 2.0
2.569891 -5.783452 -8.188239 -50.959999 -10.01 -8.4 2.0
2.533999 -5.47717 -8.262416 -32.41 -3.99 -4.9 2.0
2.533999 -5.47717 -8.262416 -32.41 -3.99 -4.9 2.0
2.493321 -5.168497 -8.25763 -20.370001 -4.06 -3.15 2.0
2.493321 -5.168497 -8.25763 -20.370001 -4.06 -3.15 2.0
2.366502 -4.955536 -8.248059 -15.26 -3.57 -2.66 2.0
2.395216 -4.960321 -8.334201 -11.76 -2.8 -2.17 2.0
2.37368 -5.017749 -8.360522 -5.95 -2.8 -1.61 2.0
2.35693 -4.941179 -8.238488 7.56 -0.84 0.28 2.0
1.658226 1.383051 9.281759 -0.35 0.21 -1.05 2.0
1.641476 1.225125 9.138189 -6.58 1.68 0.98 2.0
1.641476 1.225125 9.138189 -6.58 1.68 0.98 2.0
1.646262 1.141376 9.607183 -0.42 2.38 2.03 2.0
1.607977 1.325624 9.485149 -2.73 2.17 3.22 2.0
1.607977 1.325624 9.485149 -2.73 2.17 3.22 2.0
1.387837 0.801596 9.564112 -179.619995 -10.85 13.16 2.0
1.773082 -0.478565 9.611969 -203.559998 -4.9 17.780001 2.0
1.773082 -0.478565 9.611969 -203.559998 -4.9 17.780001 2.0
1.095913 -1.416551 8.547162 -308.070007 -20.16 21.49 2.0
1.378266 -3.948158 7.384251 -368.200012 -21.280001 17.15 2.0
1.378266 -3.948158 7.384251 -368.200012 -21.280001 17.15 2.0
1.572084 -6.436693 3.591627 -442.119995 -33.040001 2.03 2.0
1.572084 -6.436693 3.591627 -442.119995 -33.040001 2.03 2.0
2.24686 -8.779266 0.028714 -351.540009 -28.35 -11.76 2.0
2.24686 -8.779266 0.028714 -351.540009 -28.35 -11.76 2.0
2.24686 -8.779266 0.028714 -351.540009 -28.35 -11.76 2.0
2.24686 -8.779266 0.028714 -351.540009 -28.35 -11.76 2.0
2.24686 -8.779266 0.028714 -351.540009 -28.35 -11.76 2.0
2.24686 -8.779266 0.028714 -351.540009 -28.35 -11.76 2.0
2.24686 -8.779266 0.028714 -351.540009 -28.35 -11.76 2.0
2.24686 -8.779266 0.028714 -351.540009 -28.35 -11.76 2.0
2.24686 -8.779266 0.028714 -351.540009 -28.35 -11.76 2.0
2.555535 -7.042077 -7.422535 -105.489998 -11.34 -7.7 2.0
2.644069 -6.30748 -8.128418 -84.840004 -14.84 -10.85 2.0
2.644069 -6.30748 -8.128418 -84.840004 -14.84 -10.85 2.0
2.299503 -5.666204 -8.238488 -82.25 -14.14 -12.6 2.0
2.28036 -5.453243 -8.420342 -79.309998 -14.28 -11.06 2.0
2.354537 -5.178068 -8.499306 -58.52 -13.37 -11.41 2.0
2.266003 -4.508078 -8.673983 -57.610001 -10.22 -9.1 2.0
