-0.267996 1.655833 9.131011 -9.1 3.36 3.01 0.0
-0.267996 1.655833 9.131011 -9.1 3.36 3.01 0.0
-0.392423 3.192025 8.784052 -26.110001 5.74 12.25 0.0
-0.375673 3.701697 9.040084 -14.63 8.33 13.93 0.0
-0.954736 5.283352 8.566305 15.68 12.11 21.559999 0.0
-1.162912 6.039484 8.245667 14.91 13.440001 29.68 0.0
-1.229911 6.508478 8.099705 -3.01 15.26 45.360001 0.0
-1.229911 6.508478 8.099705 -3.01 15.26 45.360001 0.0
-1.237089 5.79063 7.99442 -19.389999 20.719999 69.230003 0.0
-1.519442 5.570491 8.236095 -0.14 32.130001 87.290001 0.0
-2.526821 4.95075 9.310472 4.2 33.529999 109.900002 0.0
-3.156133 4.878965 9.549755 1.47 31.5 122.919998 0.0
-3.156133 4.878965 9.549755 1.47 31.5 122.919998 0.0
-3.189633 4.362115 9.585647 1.96 29.889999 126.699997 0.0
-3.290131 4.302295 9.559326 1.75 31.92 141.050003 0.0
-3.735196 3.014957 9.377472 0.28 38.43 161.419998 0.0
-4.163511 2.68714 8.496914 -25.200001 40.950001 167.580002 0.0
-3.402594 1.18684 8.992228 -26.040001 39.619999 175.979996 0.0
-3.668197 0.947558 9.415757 4.62 47.32 174.720001 0.0
-3.591627 0.600598 10.518847 25.83 45.43 169.330002 0.0
-2.9671 1.148555 10.250853 -46.970001 37.170002 155.190002 0.0
-2.9671 1.148555 10.250853 -46.970001 37.170002 155.190002 0.0
-2.455036 -3.072384 9.308081 -62.580002 7.28 135.869995 0.0
-2.455036 -3.072384 9.308081 -62.580002 7.28 135.869995 0.0
-1.730011 -1.409373 8.664411 -39.060001 20.58 106.82 0.0
-1.414158 -3.852444 8.327023 -62.720001 14.42 88.269997 0.0
-1.414158 -3.852444 8.327023 -62.720001 14.42 88.269997 0.0
0.157926 -4.103691 9.403792 1.4 5.39 58.450001 0.0
0.157926 -4.103691 9.403792 1.4 5.39 58.450001 0.0
0.157926 -4.103691 9.403792 1.4 5.39 58.450001 0.0
-0.246461 1.071985 9.449257 -3.29 3.22 2.59 0.0
-0.272782 1.112662 9.516255 -4.9 3.01 3.36 0.0
-0.16989 1.196411 9.257831 -6.44 4.13 3.5 0.0
-0.248854 0.952343 9.41815 -5.53 4.27 4.69 0.0
-0.179462 1.052842 9.226725 -3.22 5.32 5.53 0.0
-0.433101 1.31366 9.097511 -10.85 4.62 3.43 0.0
-0.401994 1.959722 8.9683 -6.72 7.98 7.07 0.0
-0.399601 2.95035 9.183653 -5.88 7.56 9.17 0.0
-0.973879 4.275974 8.815158 17.57 9.59 14.84 0.0
-1.301696 6.128019 8.169096 45.150002 11.27 26.950001 0.0
-1.301696 6.128019 8.169096 45.150002 11.27 26.950001 0.0
-1.301696 6.128019 8.169096 45.150002 11.27 26.950001 0.0
-2.986243 7.343572 8.705089 5.18 42.0 122.639999 0.0
-3.108276 6.508478 8.781659 -16.24 41.580002 137.479996 0.0
-3.455236 5.687739 9.044869 -31.710001 41.93 147.559998 0.0
-4.204189 2.285146 8.386844 -23.17 42.490002 160.089996 0.0
-4.376472 1.0002 8.575876 8.54 45.009998 164.5 0.0
-4.376472 1.0002 8.575876 8.54 45.009998 164.5 0.0
-3.869194 1.148555 9.152546 46.900002 54.110001 160.789993 0.0
-3.239882 0.940379 9.801002 12.88 47.670002 148.539993 0.0
-2.864209 1.349552 9.688539 -17.99 38.990002 131.809998 0.0
-2.59382 1.581656 9.389436 -49.139999 30.17 109.690002 0.0
-2.711068 1.65344 9.298509 -36.610001 27.93 113.82 0.0
-2.617748 2.11047 9.296116 -23.1 29.610001 119.699997 0.0
-2.474179 0.51685 9.032906 7.42 38.360001 129.080002 0.0
-2.29711 1.502693 9.576077 5.6 42.07 127.470001 0.0
-2.065006 -0.026321 9.686146 -17.57 35.0 115.220001 0.0
-1.663012 0.349352 9.032906 -45.080002 25.41 96.529999 0.0
-1.514657 -0.717847 9.238688 -47.529999 23.030001 89.459999 0.0
-1.112662 -0.684347 9.509077 -9.17 27.65 83.720001 0.0
0.239282 2.648855 9.193225 6.65 1.68 10.71 0.0
0.210568 3.474378 9.107083 8.54 3.36 15.33 0.0
0.208176 3.775874 9.166903 5.53 3.36 25.48 0.0
0.208176 3.775874 9.166903 5.53 3.36 25.48 0.0
-0.066999 4.481757 9.097511 20.440001 7.77 37.73 0.0
-0.184247 5.429315 9.253045 20.58 8.75 55.02 0.0
-0.413958 5.242674 9.336794 21.700001 11.13 67.550003 0.0
-0.413958 5.242674 9.336794 21.700001 11.13 67.550003 0.0
-1.153341 3.912265 9.162118 -14.7 9.17 120.050003 0.0
-1.289732 3.278167 9.099905 -17.780001 5.67 127.470001 0.0
-1.081556 2.06022 9.111869 9.38 13.23 134.399994 0.0
-1.375873 1.706082 8.997013 19.530001 13.93 136.919998 0.0
-1.275374 1.440479 9.308081 31.01 17.15 135.589996 0.0
-1.275374 1.440479 9.308081 31.01 17.15 135.589996 0.0
-1.275374 1.440479 9.308081 31.01 17.15 135.589996 0.0
-1.055235 1.349552 10.028319 16.66 15.96 142.169998 0.0
-0.61017 1.107877 10.712667 33.950001 12.81 138.25 0.0
-0.61017 1.107877 10.712667 33.950001 12.81 138.25 0.0
-0.61017 1.107877 10.712667 33.950001 12.81 138.25 0.0
-0.880559 0.942772 10.356135 44.240002 14.98 137.899994 0.0
-0.059821 -0.827917 8.422735 -19.460001 9.17 120.889999 0.0
-0.059821 -0.827917 8.422735 -19.460001 9.17 120.889999 0.0
0.440279 -1.507478 8.427521 -5.39 12.11 103.18 0.0
0.583849 -0.89013 8.80798 5.53 20.440001 97.720001 0.0
0.679562 -0.734596 9.377472 -9.1 11.34 86.660004 0.0
1.17009 -2.15354 9.901501 -15.12 7.0 74.970001 0.0
1.07677 -3.144169 9.645468 -7.21 10.78 72.730003 0.0
1.07677 -3.144169 9.645468 -7.21 10.78 72.730003 0.0
1.375873 -2.555535 9.592826 -0.7 9.52 43.75 0.0
1.540978 -3.062813 9.458827 -9.8 5.32 32.130001 0.0
0.361316 1.835295 9.296116 2.73 0.14 1.19 0.0
0.323031 1.837688 9.272188 -0.91 -1.4 2.45 0.0
0.437887 1.832902 9.286544 1.05 -0.49 2.73 0.0
0.277567 2.667997 9.131011 1.19 0.28 7.98 0.0
0.277567 2.667997 9.131011 1.19 0.28 7.98 0.0
0.236889 2.976671 9.085547 4.97 1.89 11.34 0.0
-0.198604 3.766303 8.953942 10.5 3.64 20.370001 0.0
-0.189033 4.426722 8.738588 15.75 6.16 26.25 0.0
-0.29671 5.005785 8.788837 15.89 8.89 35.0 0.0
-0.327817 5.20439 8.788837 20.440001 13.16 53.41 0.0
-0.327817 5.20439 8.788837 20.440001 13.16 53.41 0.0
-0.859023 4.948357 9.377472 16.66 17.15 80.989998 0.0
-1.115055 4.017549 9.245867 -16.379999 10.08 103.949997 0.0
-1.115055 4.017549 9.245867 -16.379999 10.08 103.949997 0.0
-1.258625 3.421736 9.128618 -15.33 8.75 119.699997 0.0
-1.258625 3.421736 9.128618 -15.33 8.75 119.699997 0.0
-1.237089 2.9671 9.109475 13.3 17.15 137.130005 0.0
-1.392623 2.244468 9.21476 -14.14 10.57 140.350006 0.0
-1.277767 1.39023 9.023334 17.219999 20.370001 146.930008 0.0
-1.275374 2.005185 9.054441 9.1 20.65 143.779999 0.0
-1.241875 0.351745 9.346365 5.46 17.57 143.779999 0.0
-1.225125 1.074377 9.097511 -15.4 16.52 140.770004 0.0
-1.225125 1.074377 9.097511 -15.4 16.52 140.770004 0.0
-1.062413 -0.744168 9.487542 -25.059999 3.92 136.430008 0.0
-0.598206 -0.514457 9.257831 -9.38 9.73 112.980003 0.0
-0.598206 -0.514457 9.257831 -9.38 9.73 112.980003 0.0
-0.380459 -1.72044 9.578469 -6.51 5.6 106.540001 0.0
-0.11007 0.047856 9.647861 6.09 17.57 93.800003 0.0
0.332602 -1.447658 8.748159 -8.26 9.31 89.25 0.0
0.332602 -1.447658 8.748159 -8.26 9.31 89.25 0.0
