-0.339781 -0.071785 10.126426 -8.12 5.11 8.12 1.0
-0.583849 -0.614955 9.827322 -32.830002 0.77 -4.97 1.0
-0.583849 -0.614955 9.827322 -32.830002 0.77 -4.97 1.0
-0.547956 -0.612563 9.848858 9.17 -3.29 -25.27 1.0
-0.547956 -0.612563 9.848858 9.17 -3.29 -25.27 1.0
-0.756132 -0.643669 9.84168 0.28 -2.94 -29.889999 1.0
-0.768096 -1.505085 9.856036 -1.61 -7.21 -35.98 1.0
-1.397408 -2.160719 9.10469 -8.4 -5.81 -42.630001 1.0
-1.397408 -2.160719 9.10469 -8.4 -5.81 -42.630001 1.0
-0.969093 -2.292324 9.482756 20.860001 -1.96 -92.330002 1.0
-1.897508 -1.701297 9.930215 13.16 -12.11 -105.349998 1.0
-1.440479 -1.227518 10.159925 9.8 -15.96 -111.510002 1.0
-1.698904 -1.098306 9.975677 15.05 -17.92 -128.800003 1.0
-1.698904 -1.098306 9.975677 15.05 -17.92 -128.800003 1.0
-1.993221 -0.366102 9.789038 20.719999 -18.549999 -123.129997 1.0
-1.770689 -0.18664 9.49472 6.72 -19.530001 -119.209999 1.0
-2.876173 0.184247 9.044869 26.040001 -21.700001 -144.059998 1.0
-2.876173 0.184247 9.044869 26.040001 -21.700001 -144.059998 1.0
-3.754339 1.710868 9.114261 -2.52 -30.73 -157.850006 1.0
-3.792624 2.210968 8.817552 16.870001 -30.17 -157.570007 1.0
-3.931407 2.600998 8.530413 18.059999 -29.75 -155.960007 1.0
-3.17049 3.397808 8.69791 9.38 -32.34 -143.710007 1.0
-3.17049 3.397808 8.69791 9.38 -32.34 -143.710007 1.0
-2.041078 4.804788 8.106883 7.0 -20.440001 -116.900002 1.0
-2.06022 3.761517 8.956335 7.49 -12.04 -97.860001 1.0
-2.242075 4.185047 9.073583 6.16 -8.89 -84.07 1.0
-1.823331 4.835894 8.863015 -0.42 -10.71 -75.18 1.0
-0.447458 3.76391 8.578269 7.14 -10.01 -56.349998 1.0
-1.562513 3.974478 9.221939 12.6 -0.84 -41.09 1.0
-0.935594 3.632305 8.915657 -31.85 -2.31 -23.52 1.0
0.768096 0.22014 9.427721 1.4 -0.56 -5.74 1.0
0.768096 0.22014 9.427721 1.4 -0.56 -5.74 1.0
0.827917 0.184247 9.497113 3.08 -0.21 -5.6 1.0
0.875773 0.435494 9.611969 0.63 -0.42 -6.23 1.0
0.837488 0.260818 9.408579 1.33 -0.7 -3.85 1.0
0.784846 0.320638 9.54497 0.21 -0.63 -7.63 1.0
0.650848 0.028714 9.480364 -3.57 -2.8 -11.2 1.0
-0.021535 -2.09372 9.930215 10.43 -13.02 -64.330002 1.0
-0.162712 -2.184647 9.920642 16.450001 -16.450001 -92.68 1.0
-0.480957 -2.498107 9.954143 15.47 -20.860001 -136.009995 1.0
-0.480957 -2.498107 9.954143 15.47 -20.860001 -136.009995 1.0
-0.480957 -2.498107 9.954143 15.47 -20.860001 -136.009995 1.0
-0.985843 -1.823331 8.99462 26.18 -21.280001 -186.899994 1.0
-1.402194 0.847059 9.047262 75.949997 -21.700001 -209.440002 1.0
-1.337588 1.411765 9.193225 77.0 -25.620001 -211.539993 1.0
-1.07677 3.806981 8.712267 58.310001 -28.77 -201.880005 1.0
-1.59362 3.117848 8.489735 49.209999 -40.529999 -196.770004 1.0
-1.59362 3.117848 8.489735 49.209999 -40.529999 -196.770004 1.0
-1.600798 3.943372 8.740981 63.560001 -39.830002 -190.889999 1.0
-1.39023 5.749953 7.800602 26.389999 -42.279999 -171.779999 1.0
-1.39023 5.749953 7.800602 26.389999 -42.279999 -171.779999 1.0
-1.036092 7.580462 7.444071 17.08 -22.190001 -98.629997 1.0
-1.036092 7.580462 7.444071 17.08 -22.190001 -98.629997 1.0
-1.036092 7.580462 7.444071 17.08 -22.190001 -98.629997 1.0
-1.107877 7.025328 7.704889 -11.83 -12.25 -46.200001 1.0
-1.107877 7.025328 7.704889 -11.83 -12.25 -46.200001 1.0
-0.961915 5.682954 8.219346 -5.81 -0.28 -15.68 1.0
-1.244268 3.74716 8.566305 -4.9 6.16 2.94 1.0
-1.244268 3.74716 8.566305 -4.9 6.16 2.94 1.0
-1.009771 3.208775 8.80798 -0.35 3.85 2.1 1.0
-1.06002 0.681954 9.530612 -11.9 2.94 -0.21 1.0
-0.981057 0.588634 9.461221 -3.71 1.61 -2.87 1.0
-1.12702 0.346959 9.820145 -20.719999 0.21 -7.7 1.0
-0.880559 -0.210568 9.600004 -22.049999 -5.74 -13.65 1.0
-0.880559 -0.210568 9.600004 -22.049999 -5.74 -13.65 1.0
-1.002593 -0.430708 9.79143 -14.07 -5.32 -17.92 1.0
-0.892523 -0.760918 10.035499 -14.14 -3.99 -20.93 1.0
-0.878166 -1.404587 10.128819 1.68 -7.0 -25.27 1.0
-0.878166 -1.404587 10.128819 1.68 -7.0 -25.27 1.0
-0.964308 -1.753939 9.743573 -16.030001 -11.2 -32.970001 1.0
-0.964308 -1.753939 9.743573 -16.030001 -11.2 -32.970001 1.0
-1.371087 -1.651048 8.970692 -1.82 -14.21 -84.980003 1.0
-1.18684 -1.105484 9.140583 -1.47 -11.97 -96.599998 1.0
-1.107877 -0.995414 9.12144 0.07 -11.41 -100.590004 1.0
-1.316052 -0.476172 9.779467 31.08 -5.04 -103.32 1.0
-1.868794 -0.244068 9.810574 16.940001 -5.46 -104.019997 1.0
-1.868794 -0.244068 9.810574 16.940001 -5.46 -104.019997 1.0
-2.136791 -0.270389 9.918249 7.84 -7.63 -103.25 1.0
-3.050849 0.208176 9.468399 2.8 -16.379999 -127.330002 1.0
-3.160919 0.198604 9.336794 3.01 -17.5 -133.139999 1.0
-3.282953 0.930808 8.956335 -7.7 -20.299999 -137.759995 1.0
-3.201597 1.562513 8.721838 6.51 -21.629999 -147.699997 1.0
-3.349952 1.969293 9.109475 26.809999 -19.950001 -155.050003 1.0
-3.613162 3.488736 8.659625 18.34 -24.01 -150.5 1.0
-1.708475 4.345366 8.618947 30.1 -30.030001 -136.779999 1.0
-2.35693 4.366901 9.064013 -41.02 -12.18 -89.040001 1.0
-0.835095 3.326023 8.374879 1.89 -6.09 -66.290001 1.0
-0.768096 3.079563 8.499306 14.77 1.68 -55.860001 1.0
-0.768096 3.079563 8.499306 14.77 1.68 -55.860001 1.0
-2.045863 2.825923 9.38465 -5.6 3.57 -44.380001 1.0
0.646062 0.162712 9.564112 -6.37 -1.47 -5.46 1.0
0.540778 -0.062213 9.549755 -4.48 -3.85 -12.88 1.0
0.564706 -0.138784 9.437292 2.24 -2.45 -21.280001 1.0
0.564706 -0.138784 9.437292 2.24 -2.45 -21.280001 1.0
0.552742 -0.07657 9.492328 4.27 -3.64 -24.15 1.0
-0.009571 -1.153341 9.781858 11.97 -15.4 -84.209999 1.0
-0.009571 -1.153341 9.781858 11.97 -15.4 -84.209999 1.0
-0.31346 -1.320838 9.781858 26.530001 -17.92 -111.510002 1.0
-0.382852 -1.332802 9.980463 28.98 -18.200001 -126.770004 1.0
-0.945165 -1.356731 9.836893 34.23 -22.610001 -159.809998 1.0
-0.945165 -1.356731 9.836893 34.23 -22.610001 -159.809998 1.0
-1.177269 -0.358923 9.700503 48.439999 -25.969999 -192.360001 1.0
-1.208375 1.086342 8.889337 58.099998 -27.299999 -203.139999 1.0
-1.543371 1.952543 8.896514 74.900002 -29.4 -206.850006 1.0
-1.330409 3.833302 8.063812 54.880001 -25.129999 -203.139999 1.0
-1.330409 3.833302 8.063812 54.880001 -25.129999 -203.139999 1.0
-2.258825 2.986243 7.613962 39.200001 -30.59 -200.270004 1.0
-2.258825 2.986243 7.613962 39.200001 -30.59 -200.270004 1.0
-2.258825 2.986243 7.613962 39.200001 -30.59 -200.270004 1.0
-2.258825 2.986243 7.613962 39.200001 -30.59 -200.270004 1.0
-1.928615 7.635497 7.551748 18.969999 -17.780001 -100.519997 1.0
-2.065006 7.65464 7.628319 -1.68 -12.32 -58.310001 1.0
-1.902294 7.15454 7.599605 -3.57 -10.85 -33.25 1.0
-2.215754 5.649454 8.4012 -2.03 -1.89 -3.85 1.0
-2.18704 4.63729 8.427521 -2.31 -0.21 2.66 1.0
-2.18704 4.63729 8.427521 -2.31 -0.21 2.66 1.0
-1.74676 3.098706 9.028119 2.52 3.64 8.82 1.0
-1.438086 2.912065 8.9683 1.54 1.12 4.83 1.0
-1.39023 3.287738 8.606983 1.19 -0.77 1.4 1.0
-1.39023 3.287738 8.606983 1.19 -0.77 1.4 1.0
