2.493321 -9.348758 2.397608 -0.840000 -0.980000 -0.630000
2.361716 -9.339187 2.069792 -0.980000 1.330000 -1.540000
2.361716 -9.339187 2.069792 -0.980000 1.330000 -1.540000
2.423929 -9.224331 2.285146 1.120000 1.610000 -3.570000
2.615355 -9.360723 2.115255 7.140000 -2.380000 -7.000000
2.531606 -8.487342 3.254239 3.990000 -5.180000 -4.060000
2.531606 -8.487342 3.254239 3.990000 -5.180000 -4.060000
2.354537 -9.190832 3.065206 -10.850000 -9.310000 -0.770000
2.313859 -9.353544 2.919244 -9.940000 -10.850000 -2.380000
2.390430 -9.142976 2.481357 -6.510000 -9.520000 0.700000
2.390430 -9.142976 2.481357 -6.510000 -9.520000 0.700000
2.287539 -10.040283 2.139183 -0.280000 -10.220000 -0.770000
3.053242 -7.429714 2.926422 39.900002 -9.100000 -6.580000
2.878566 -10.296316 2.158326 0.770000 -16.660000 -7.700000
2.581856 -7.393822 4.187439 -0.210000 -24.080000 -13.300000
2.794817 -9.829715 2.505285 -13.650000 -23.100000 -9.520000
2.797210 -9.262616 2.390430 -11.760000 -23.590000 -8.680000
2.797210 -9.262616 2.390430 -11.760000 -23.590000 -8.680000
2.943172 -9.367901 2.321038 -21.980000 -25.410000 -4.410000
3.084348 -9.229117 1.797010 -8.190000 -20.160000 -1.190000
3.182454 -9.121440 1.610370 -8.330000 -12.390000 -1.890000
3.244668 -9.212367 1.560120 -2.450000 -12.320000 -2.100000
3.244668 -9.212367 1.560120 -2.450000 -12.320000 -2.100000
3.263810 -9.444471 1.306481 -3.010000 -10.570000 -1.890000
3.180061 -9.320045 1.526621 -11.900000 -9.730000 -1.330000
3.125026 -9.365508 1.569692 -11.830000 -8.470000 -1.330000
3.144169 -9.135797 1.361516 -3.290000 -0.420000 2.030000
3.213561 -9.114261 1.459622 1.610000 0.420000 3.850000
3.213561 -9.114261 1.459622 1.610000 0.420000 3.850000
3.218346 -9.511470 1.397408 -2.310000 -1.190000 2.870000
3.177669 -9.463614 1.433301 -2.730000 -1.400000 2.380000
3.263810 -9.585647 1.347159 2.870000 -0.140000 1.260000
3.263810 -9.585647 1.347159 2.870000 -0.140000 1.260000
3.050849 -9.365508 1.548156 3.010000 -0.630000 0.280000
3.050849 -9.365508 1.548156 3.010000 -0.630000 0.280000
3.043670 -9.288938 1.416551 4.410000 1.190000 -0.210000
