2.143969 -9.403792 2.258825 8.120000 -1.120000 -1.960000
2.115255 -9.705289 1.964507 -1.470000 -0.560000 -1.540000
2.115255 -9.705289 1.964507 -1.470000 -0.560000 -1.540000
2.151148 -8.927622 2.514857 5.670000 -0.980000 -1.750000
2.086541 -9.300901 2.395216 -0.420000 -1.820000 -0.630000
2.323431 -8.315059 3.677768 24.990000 -4.830000 -2.100000
2.323431 -8.315059 3.677768 24.990000 -4.830000 -2.100000
2.096112 -9.875179 2.622534 -15.400000 -9.240000 1.190000
2.096112 -9.875179 2.622534 -15.400000 -9.240000 1.190000
2.096112 -9.875179 2.622534 -15.400000 -9.240000 1.190000
2.201397 -8.523234 3.737589 2.310000 -16.520000 -0.140000
2.361716 -9.822537 2.167897 7.210000 -18.410000 -3.150000
2.361716 -9.822537 2.167897 7.210000 -18.410000 -3.150000
2.361716 -9.822537 2.167897 7.210000 -18.410000 -3.150000
2.404787 -10.064213 2.407180 -21.280001 -25.270000 -2.030000
2.309074 -9.291330 2.624927 -12.670000 -23.660000 -0.070000
2.352145 -9.052048 2.110470 -28.070000 -23.940001 2.030000
2.352145 -9.879964 1.737189 -20.230000 -25.270000 0.210000
2.352145 -9.879964 1.737189 -20.230000 -25.270000 0.210000
2.488536 -9.504292 1.481157 -10.220000 -27.440001 0.420000
2.416751 -9.403792 1.629512 -1.540000 -26.740000 -0.070000
2.529213 -9.724431 1.529014 0.420000 -24.219999 -0.560000
2.591427 -9.516255 1.251446 1.960000 -18.340000 -0.070000
2.591427 -9.516255 1.251446 1.960000 -18.340000 -0.070000
2.522035 -9.439686 1.225125 4.270000 -15.680000 -0.070000
2.517249 -9.439686 1.282553 -6.440000 -7.070000 1.540000
2.517249 -9.439686 1.282553 -6.440000 -7.070000 1.540000
2.603391 -9.296116 1.234696 -2.520000 -5.670000 1.260000
2.620141 -9.552148 1.258625 -0.770000 -5.040000 0.700000
2.581856 -9.188439 1.464408 2.870000 -4.690000 1.750000
2.536392 -9.410972 1.198804 -6.790000 -4.270000 1.960000
2.593820 -9.513863 1.177269 1.470000 -1.540000 1.330000
2.519642 -9.430114 1.397408 -0.350000 -0.560000 1.470000
2.519642 -9.430114 1.397408 -0.350000 -0.560000 1.470000
2.579463 -9.609575 1.275374 0.070000 -0.140000 0.420000
2.579463 -9.609575 1.275374 0.070000 -0.140000 0.420000
2.536392 -9.516255 1.299303 0.910000 0.420000 0.700000
2.565106 -9.494720 1.406980 0.350000 -0.840000 0.070000
