2.208575 -9.267403 2.766103 1.400000 -0.210000 0.770000
2.208575 -9.267403 2.766103 1.400000 -0.210000 0.770000
2.091327 -9.540184 2.304288 -3.640000 -0.350000 1.960000
2.091327 -9.540184 2.304288 -3.640000 -0.350000 1.960000
2.237289 -9.138189 2.756532 5.040000 -1.120000 -0.070000
2.237289 -9.138189 2.756532 5.040000 -1.120000 -0.070000
2.129612 -9.616754 2.679961 -4.550000 -2.870000 1.190000
2.129612 -9.616754 2.679961 -4.550000 -2.870000 1.190000
2.354537 -8.298308 3.436093 19.879999 -3.500000 2.170000
2.048256 -10.272388 2.249253 8.400000 -6.370000 0.210000
2.048256 -10.272388 2.249253 8.400000 -6.370000 0.210000
2.275574 -8.523234 3.936193 23.379999 -9.100000 -1.540000
2.225325 -9.985250 2.421536 16.170000 -12.600000 0.770000
2.196611 -7.946564 3.869194 23.660000 -9.870000 1.680000
2.196611 -7.946564 3.869194 23.660000 -9.870000 1.680000
2.041078 -10.049855 2.873780 -33.529999 -17.150000 5.040000
2.270789 -9.229117 2.591427 17.500000 -12.950000 0.700000
2.139183 -9.946963 2.467000 -16.379999 -15.540000 1.890000
2.299503 -9.133404 2.596212 8.890000 -13.370000 0.770000
2.234896 -9.111869 2.656033 1.960000 -12.600000 0.350000
2.234896 -9.111869 2.656033 1.960000 -12.600000 0.350000
2.316252 -9.446864 2.498107 -7.560000 -12.320000 1.680000
2.158326 -9.162118 2.560320 -8.540000 -11.690000 2.940000
2.158326 -9.162118 2.560320 -8.540000 -11.690000 2.940000
2.158326 -9.162118 2.560320 -8.540000 -11.690000 2.940000
2.158326 -9.162118 2.560320 -8.540000 -11.690000 2.940000
2.222932 -9.059227 2.459821 2.240000 -13.580000 0.630000
2.301895 -9.336794 2.421536 -8.820000 -14.700000 2.660000
2.301895 -9.336794 2.421536 -8.820000 -14.700000 2.660000
2.246860 -9.473185 1.966900 -0.910000 -16.590000 3.990000
2.246860 -9.473185 1.966900 -0.910000 -16.590000 3.990000
2.218147 -9.401401 2.036292 -6.930000 -13.510000 3.360000
2.189433 -9.537791 1.751546 -10.850000 -6.930000 2.240000
2.361716 -9.432507 1.682154 -0.350000 -1.680000 0.910000
2.361716 -9.432507 1.682154 -0.350000 -1.680000 0.910000
2.419144 -9.604790 1.763510 -1.190000 1.960000 1.190000
2.256432 -9.540184 1.854438 0.140000 1.820000 -1.190000
2.301895 -9.588040 1.892723 -4.970000 3.360000 -1.680000
2.301895 -9.528220 1.892723 3.500000 4.410000 -1.890000
2.222932 -9.437292 2.328217 4.410000 4.970000 -1.050000
2.196611 -9.403792 2.246860 -1.890000 2.800000 -1.050000
2.258825 -9.420543 2.072184 0.140000 2.520000 -0.840000
2.249253 -9.281759 1.880759 -1.050000 2.940000 -0.140000
