2.093720 -9.353544 2.720639 -0.490000 0.560000 0.070000
1.988436 -9.355937 2.519642 -0.280000 -0.700000 -0.490000
1.904687 -9.346365 2.696711 0.350000 -0.070000 -0.350000
1.964507 -9.341579 2.581856 -0.630000 0.070000 -0.420000
2.038685 -9.212367 2.567499 4.970000 -0.210000 -1.050000
2.038685 -9.212367 2.567499 4.970000 -0.210000 -1.050000
1.971686 -9.150154 2.665605 9.100000 -1.610000 -1.330000
1.971686 -9.150154 2.665605 9.100000 -1.610000 -1.330000
2.110470 -9.516255 2.490928 9.870000 -2.310000 -0.700000
2.005185 -8.690732 3.333202 1.050000 -4.830000 -0.700000
2.005185 -8.690732 3.333202 1.050000 -4.830000 -0.700000
1.959722 -9.743573 2.699104 -11.620000 -6.510000 -2.100000
2.026721 -8.405986 4.070191 -11.970000 -8.680000 1.330000
2.029114 -9.772287 2.971886 -28.280001 -10.920000 0.700000
2.282753 -9.461221 1.746760 21.910000 -9.100000 -3.290000
2.282753 -9.461221 1.746760 21.910000 -9.100000 -3.290000
2.067399 -8.705089 3.763910 -15.890000 -11.060000 -1.050000
2.392823 -8.300702 3.507878 7.350000 -18.549999 -5.180000
2.069792 -7.745567 4.108476 -38.150002 -20.160000 -0.070000
2.309074 -9.985250 2.177469 -20.299999 -23.870001 -1.050000
2.246860 -8.807980 2.416751 2.310000 -21.070000 4.410000
2.246860 -8.807980 2.416751 2.310000 -21.070000 4.410000
2.012364 -8.760124 2.847459 -8.890000 -21.629999 4.060000
2.292324 -9.245867 2.072184 -12.810000 -25.830000 0.770000
2.292324 -9.245867 2.072184 -12.810000 -25.830000 0.770000
2.342573 -9.710074 1.957329 0.980000 -27.440001 0.980000
2.366502 -9.719646 1.971686 1.540000 -27.440001 0.070000
2.333002 -9.444471 1.682154 -3.780000 -26.600000 0.210000
2.464607 -9.475577 1.560120 -1.750000 -25.059999 1.120000
2.287539 -9.643075 1.471586 7.280000 -17.990000 3.010000
2.287539 -9.643075 1.471586 7.280000 -17.990000 3.010000
2.476572 -9.336794 1.258625 -2.170000 -9.660000 1.960000
2.478964 -9.616754 1.265803 3.710000 -3.080000 1.960000
2.493321 -9.219545 1.337588 -0.280000 -0.490000 1.680000
2.524428 -9.365508 1.473979 -1.330000 -0.210000 1.890000
2.486143 -9.595219 1.538585 -0.280000 -0.280000 0.700000
2.486143 -9.595219 1.538585 -0.280000 -0.280000 0.700000
2.474179 -9.645468 1.562513 -3.500000 1.260000 -0.350000
2.483750 -9.446864 1.622334 -5.110000 2.030000 -0.070000
2.457429 -9.540184 2.041078 3.570000 1.610000 -1.890000
2.457429 -9.540184 2.041078 3.570000 1.610000 -1.890000
2.457429 -9.540184 2.041078 3.570000 1.610000 -1.890000
2.486143 -9.506684 1.581656 -7.070000 1.890000 0.910000
2.486143 -9.506684 1.581656 -7.070000 1.890000 0.910000
2.423929 -9.530612 1.677369 -0.910000 -2.030000 -0.210000
2.354537 -9.533006 1.780260 6.230000 -0.980000 -0.560000
