2.340181 -9.437292 1.799403 -0.490000 1.260000 -2.030000
2.340181 -9.437292 1.799403 -0.490000 1.260000 -2.030000
2.191825 -9.702895 1.619941 -2.310000 1.610000 -2.170000
2.524428 -9.655040 1.194018 3.360000 -0.630000 -5.180000
2.409572 -9.573684 1.703690 4.270000 -0.490000 -7.630000
2.505285 -9.564112 1.945365 -5.040000 -1.470000 -6.650000
2.371287 -9.183653 2.979064 -9.870000 -9.590000 -7.140000
2.533999 -9.846465 1.617548 -11.970000 -16.240000 -6.720000
2.533999 -9.846465 1.617548 -11.970000 -16.240000 -6.720000
2.701497 -8.851050 2.617748 5.740000 -18.900000 -8.750000
2.474179 -9.690931 1.502693 -32.619999 -22.400000 -1.610000
2.474179 -9.690931 1.502693 -32.619999 -22.400000 -1.610000
2.792424 -8.374879 2.041078 -0.490000 -14.910000 -5.390000
2.799603 -10.054641 1.205983 -18.620001 -19.320000 -2.450000
2.971886 -9.858429 0.289532 -4.970000 -16.730000 -3.710000
2.971886 -9.858429 0.289532 -4.970000 -16.730000 -3.710000
2.859423 -8.867801 1.385444 -21.210001 -15.470000 -3.780000
2.940779 -9.920642 0.784846 -10.570000 -20.860001 -5.250000
2.730211 -9.437292 1.071985 -1.190000 -29.260000 -6.510000
2.991028 -9.659825 0.703490 7.420000 -26.950001 -5.460000
2.931208 -9.509077 0.516850 1.540000 -25.340000 -2.940000
2.931208 -9.509077 0.516850 1.540000 -25.340000 -2.940000
2.938386 -9.413363 0.263210 -7.840000 -20.650000 -1.470000
2.979064 -9.489935 0.105284 -8.470000 -18.059999 -0.210000
2.914458 -9.260223 -0.126820 1.960000 -6.440000 -0.280000
3.022135 -9.422935 -0.004786 2.100000 -2.450000 -0.630000
3.093920 -9.432507 0.026321 2.240000 -0.350000 -0.490000
3.024528 -9.377472 0.031107 -1.820000 0.840000 -0.140000
3.024528 -9.377472 0.031107 -1.820000 0.840000 -0.140000
2.983850 -9.391829 -0.009571 -0.840000 1.400000 -0.350000
3.089134 -9.379865 0.301496 1.470000 2.590000 0.490000
3.067599 -9.549755 0.363709 2.380000 3.220000 -0.280000
3.105884 -9.427721 0.313460 4.690000 3.570000 0.140000
3.024528 -9.346365 0.514457 -0.490000 3.780000 0.560000
3.038885 -9.370294 0.495314 3.850000 2.730000 -0.070000
2.995814 -9.293723 0.399601 5.530000 3.010000 0.840000
3.019742 -9.413363 0.344566 0.700000 3.640000 0.980000
