2.007578 -9.367901 2.555535 -2.730000 -1.120000 -0.210000
1.993221 -9.293723 2.608176 -1.120000 -2.240000 1.610000
1.993221 -9.293723 2.608176 -1.120000 -2.240000 1.610000
2.002793 -9.451650 2.500499 -0.560000 -2.730000 0.630000
2.033899 -9.544970 2.191825 3.360000 -3.010000 -0.700000
2.093720 -9.444471 2.581856 4.200000 -5.880000 0.070000
2.067399 -9.762716 1.799403 3.080000 -5.250000 -0.490000
2.067399 -9.762716 1.799403 3.080000 -5.250000 -0.490000
2.093720 -9.868000 2.210968 -12.390000 -9.380000 0.770000
2.093720 -9.868000 2.210968 -12.390000 -9.380000 0.770000
2.139183 -10.174281 1.636691 1.890000 -8.540000 -2.030000
2.227718 -8.147561 3.620341 11.550000 -11.830000 -2.450000
2.194218 -9.932607 2.981457 -21.280001 -15.890000 -2.030000
2.194218 -9.932607 2.981457 -21.280001 -15.890000 -2.030000
2.031506 -8.621340 3.457629 -11.200000 -14.490000 -0.210000
2.342573 -9.923036 1.655833 -14.840000 -14.770000 0.210000
2.285146 -9.705289 1.799403 0.280000 -13.020000 -0.420000
2.155933 -8.903693 2.481357 -18.690001 -13.510000 1.470000
2.364109 -9.824929 1.646262 -16.940001 -14.910000 -0.560000
2.364109 -9.824929 1.646262 -16.940001 -14.910000 -0.560000
2.043471 -9.147761 2.392823 -21.420000 -24.639999 -3.220000
2.122434 -9.236296 2.045863 5.600000 -31.710001 -6.930000
2.182254 -9.690931 1.909473 11.060000 -34.790001 -7.070000
2.632105 -9.724431 1.761117 8.050000 -28.630001 -3.500000
2.533999 -9.683753 1.655833 -3.850000 -22.750000 1.260000
2.569891 -9.726824 1.500300 -7.000000 -20.090000 2.030000
2.526821 -9.427721 1.277767 -1.260000 -12.740000 2.310000
2.498107 -9.353544 1.287339 -5.460000 -5.180000 2.800000
2.529213 -9.439686 1.299303 -5.250000 -2.310000 2.100000
2.505285 -9.346365 1.301696 2.380000 0.350000 1.680000
2.505285 -9.346365 1.301696 2.380000 0.350000 1.680000
2.538785 -9.592826 1.203590 -3.220000 5.040000 1.330000
2.538785 -9.592826 1.203590 -3.220000 5.040000 1.330000
2.550749 -9.461221 1.234696 -1.890000 5.530000 1.540000
2.495714 -9.449257 1.433301 -0.980000 4.620000 0.840000
2.536392 -9.466006 1.524228 1.750000 3.710000 0.210000
