-1.158126 1.335195 9.355937 -9.520000 2.100000 8.260000
-1.179662 1.026521 9.391829 -13.230000 1.190000 6.510000
-1.182054 1.189233 9.090333 -7.910000 5.740000 9.520000
-1.320838 1.241875 9.114261 -3.780000 6.090000 9.870000
-1.320838 1.241875 9.114261 -3.780000 6.090000 9.870000
-1.325624 1.837688 8.999406 -10.080000 5.320000 10.220000
-1.502693 1.808974 9.102298 -4.340000 5.880000 12.390000
-1.856830 3.531806 9.418150 10.850000 5.740000 17.500000
-1.856830 3.531806 9.418150 10.850000 5.740000 17.500000
-2.215754 4.065405 9.533006 22.330000 2.100000 22.469999
-2.184647 4.761717 9.583255 38.920002 4.900000 27.370001
-2.033899 6.044270 9.597611 17.990000 8.470000 51.380001
-2.124826 5.465207 9.183653 -10.710000 11.200000 91.419998
-2.364109 4.505685 8.913264 -17.430000 11.410000 109.340004
-2.572284 3.718446 8.980263 -3.220000 16.379999 122.080002
-2.849852 3.572484 9.092726 1.260000 18.690001 128.309998
-2.950350 3.105884 8.956335 4.760000 20.090000 135.380005
-2.950350 3.105884 8.956335 4.760000 20.090000 135.380005
-3.206382 2.251646 8.750552 -11.830000 20.370001 134.119995
-2.696711 2.727818 9.312866 9.730000 18.270000 126.980003
-2.502892 2.761317 8.848659 -42.910000 8.960000 123.480003
-2.502892 2.761317 8.848659 -42.910000 8.960000 123.480003
-2.033899 3.239882 8.863015 20.580000 21.210001 126.279999
-2.033899 3.239882 8.863015 20.580000 21.210001 126.279999
-1.773082 1.440479 9.320045 -1.470000 23.870001 138.389999
-1.639083 0.969093 8.039884 -14.770000 31.219999 144.690002
-1.959722 0.145962 8.662018 13.790000 50.189999 149.309998
-1.488336 -0.174676 8.547162 14.420000 47.950001 143.850006
-1.488336 -0.174676 8.547162 14.420000 47.950001 143.850006
-1.239482 -0.428315 9.406186 10.010000 55.299999 139.580002
-0.792024 -1.182054 9.102298 -56.630001 38.709999 105.559998
-0.792024 -1.182054 9.102298 -56.630001 38.709999 105.559998
-0.224925 -1.674976 9.616754 -23.240000 24.850000 54.810001
-0.016750 -0.981057 9.729217 -9.940000 17.430000 26.460001
0.217747 -0.153141 9.595219 -7.630000 12.530000 18.410000
0.217747 -0.153141 9.595219 -7.630000 12.530000 18.410000
0.133998 -0.090927 9.432507 -13.020000 12.320000 9.800000
0.083749 0.756132 9.604790 -8.960000 9.030000 -4.060000
0.083749 0.756132 9.604790 -8.960000 9.030000 -4.060000
0.318245 1.079163 9.724431 -13.510000 4.760000 -6.020000
0.155533 1.318445 9.920642 -2.590000 8.120000 -4.550000
0.193819 1.837688 9.911072 -5.600000 2.450000 -4.690000
