2.335395 -9.832108 1.629512 -3.010000 -1.890000 -0.840000
2.471786 -9.052048 2.012364 4.130000 -2.940000 -1.750000
2.323431 -9.671788 2.062613 -5.880000 -6.370000 -0.980000
2.323431 -9.671788 2.062613 -5.880000 -6.370000 -0.980000
2.426322 -8.829515 2.620141 4.270000 -8.470000 -0.490000
2.426322 -8.829515 2.620141 4.270000 -8.470000 -0.490000
2.402394 -9.963714 1.746760 -2.170000 -11.340000 -4.410000
2.512464 -8.980263 2.282753 -1.120000 -11.480000 -2.870000
2.579463 -9.535398 1.337588 -7.840000 -11.550000 -3.010000
2.579463 -9.535398 1.337588 -7.840000 -11.550000 -3.010000
2.502892 -8.934800 1.940579 -2.940000 -10.570000 -3.780000
2.502892 -8.934800 1.940579 -2.940000 -10.570000 -3.780000
2.888137 -9.418150 1.691726 -6.160000 -15.400000 -7.560000
2.687140 -9.477970 1.651048 -18.760000 -18.129999 -6.160000
2.830709 -9.525827 1.134198 -22.190001 -18.620001 -5.040000
2.830709 -9.525827 1.134198 -22.190001 -18.620001 -5.040000
2.801995 -9.384650 0.890130 -15.820000 -20.160000 -4.060000
2.883351 -9.509077 0.636491 -9.030000 -18.620001 -5.600000
2.711068 -9.363115 1.076770 -3.710000 -19.460001 -7.280000
3.007778 -9.422935 0.696311 8.890000 -17.850000 -7.280000
2.945565 -9.645468 0.832702 1.400000 -18.059999 -6.510000
2.945565 -9.645468 0.832702 1.400000 -18.059999 -6.510000
2.988636 -9.573684 0.763310 3.850000 -17.150000 -5.670000
3.101098 -9.343972 0.672383 0.630000 -13.370000 -1.120000
3.029313 -9.001799 0.574277 0.980000 -10.640000 0.700000
2.926422 -9.384650 0.325424 -4.130000 -6.860000 0.910000
3.089134 -9.334401 0.349352 5.670000 -1.820000 0.210000
3.089134 -9.334401 0.349352 5.670000 -1.820000 0.210000
3.062813 -9.410972 0.538385 -0.630000 -0.140000 -0.070000
3.072384 -9.401401 0.677169 1.960000 -0.910000 0.910000
3.060420 -9.370294 0.586242 1.960000 -0.770000 1.050000
3.089134 -9.432507 0.662812 -4.830000 0.560000 0.770000
3.060420 -9.315259 0.643669 0.630000 2.590000 1.050000
3.089134 -9.542577 0.535992 1.470000 2.870000 1.050000
3.002992 -9.454042 0.677169 0.420000 3.080000 0.420000
3.074777 -9.382257 0.622134 1.680000 3.430000 0.140000
