2.096112 -9.690931 2.160719 12.110000 5.950000 0.910000
2.100898 -9.367901 2.689533 4.620000 1.190000 -0.140000
2.012364 -9.590433 2.414358 1.120000 1.260000 0.840000
2.012364 -9.590433 2.414358 1.120000 1.260000 0.840000
2.084148 -9.078369 2.935993 4.830000 -1.190000 0.210000
2.084148 -9.078369 2.935993 4.830000 -1.190000 0.210000
2.024328 -9.805787 2.268396 -1.120000 -0.630000 1.820000
1.928615 -9.583255 1.832902 9.030000 -1.050000 0.490000
2.079363 -9.056834 3.029313 2.800000 -0.910000 0.420000
2.096112 -9.310472 3.072384 -4.760000 -7.700000 -0.210000
2.091327 -9.504292 2.790031 0.350000 -8.400000 -0.770000
2.103291 -9.018548 2.897708 6.160000 -11.200000 1.820000
2.050649 -10.040283 2.366502 1.610000 -11.060000 1.050000
2.050649 -10.040283 2.366502 1.610000 -11.060000 1.050000
2.220540 -9.891929 2.199004 -5.740000 -11.620000 -1.330000
2.220540 -9.891929 2.199004 -5.740000 -11.620000 -1.330000
2.084148 -8.255238 3.651447 -16.030001 -14.910000 -0.210000
2.007578 -9.669396 2.469393 -16.730000 -18.129999 3.430000
2.189433 -9.537791 2.148755 -6.930000 -15.050000 4.620000
2.129612 -9.631111 2.194218 -16.030001 -15.400000 -0.490000
2.347359 -9.399008 1.935793 -13.090000 -16.030001 -1.120000
2.347359 -9.329616 2.014757 2.730000 -15.050000 -0.700000
2.347359 -9.329616 2.014757 2.730000 -15.050000 -0.700000
2.438286 -9.150154 2.323431 8.610000 -17.570000 0.350000
2.519642 -9.257831 2.187040 3.570000 -18.690001 2.450000
2.158326 -9.133404 2.330609 4.970000 -25.270000 3.360000
2.151148 -9.265009 2.155933 1.190000 -24.990000 2.870000
2.184647 -9.657433 1.844866 -2.310000 -19.879999 3.150000
2.304288 -9.509077 1.808974 -10.080000 -13.860000 2.380000
2.325824 -9.552148 1.655833 -4.410000 -10.570000 3.010000
2.268396 -9.786645 1.828116 -0.770000 -3.360000 2.310000
2.414358 -9.638289 1.823331 -2.590000 -3.570000 0.420000
2.388037 -9.513863 1.581656 -0.350000 -1.610000 0.140000
2.388037 -9.513863 1.581656 -0.350000 -1.610000 0.140000
2.244468 -9.458827 1.744368 0.770000 -2.170000 -0.700000
2.280360 -9.595219 1.588834 -2.310000 0.630000 -0.420000
2.294717 -9.559326 1.552942 -7.140000 3.990000 -0.350000
2.294717 -9.559326 1.552942 -7.140000 3.990000 -0.350000
2.385644 -9.611969 1.749153 -4.060000 3.010000 -1.610000
2.323431 -9.446864 2.086541 2.380000 2.380000 -2.170000
2.270789 -9.382257 1.923829 3.570000 2.590000 -0.070000
