2.328217 -9.757930 1.983650 6.790000 -0.140000 -0.420000
2.337788 -9.525827 1.954936 11.200000 0.490000 -1.260000
2.337788 -9.525827 1.954936 11.200000 0.490000 -1.260000
2.342573 -9.245867 2.206182 5.460000 0.560000 -2.030000
2.385644 -9.863215 1.308874 11.060000 0.630000 -4.270000
2.385644 -9.863215 1.308874 11.060000 0.630000 -4.270000
2.483750 -9.647861 1.756332 16.660000 -1.260000 -6.230000
2.519642 -8.169096 3.890730 13.160000 -8.820000 -6.930000
2.390430 -9.432507 3.022135 -17.290001 -18.129999 -1.470000
2.467000 -9.322437 2.218147 6.440000 -14.700000 -1.540000
2.423929 -8.640482 2.833102 2.030000 -11.760000 -0.350000
2.423929 -8.640482 2.833102 2.030000 -11.760000 -0.350000
2.574677 -9.786645 1.806581 -10.360000 -11.690000 -2.240000
2.715853 -9.229117 2.299503 6.650000 -9.800000 -2.730000
2.737389 -9.805787 2.234896 -30.380001 -13.790000 -1.330000
2.734996 -9.171689 1.887937 -21.490000 -14.350000 0.700000
2.658426 -9.178867 1.842474 -19.530001 -13.650000 1.190000
2.596212 -9.461221 1.435694 6.860000 -10.710000 3.640000
2.596212 -9.461221 1.435694 6.860000 -10.710000 3.640000
2.679961 -9.528220 1.299303 -0.700000 -4.480000 -1.120000
2.773281 -9.272188 1.306481 5.950000 -4.480000 -1.820000
2.756532 -9.408579 1.555335 2.450000 -3.850000 -1.400000
2.756532 -9.408579 1.555335 2.450000 -3.850000 -1.400000
2.842674 -9.243474 1.457229 -3.920000 -3.360000 -0.980000
2.837888 -9.521042 1.399801 -8.400000 -3.920000 -1.680000
2.682354 -9.312866 1.835295 -3.290000 -6.580000 -2.730000
2.799603 -9.528220 1.713261 4.690000 -11.060000 -2.590000
2.775674 -9.521042 1.519442 2.170000 -11.620000 -2.030000
2.775674 -9.521042 1.519442 2.170000 -11.620000 -2.030000
2.761317 -9.355937 1.605584 1.750000 -11.480000 -1.470000
2.763710 -9.439686 1.301696 1.330000 -7.000000 -0.490000
2.847459 -9.439686 1.445265 0.420000 -6.300000 -1.680000
2.859423 -9.384650 1.512264 -0.490000 -5.670000 -1.400000
2.876173 -9.205189 1.457229 -1.120000 -5.390000 -1.540000
2.871387 -9.430114 1.351945 -5.600000 -4.690000 -1.330000
2.864209 -9.279366 1.433301 -2.170000 -2.870000 -1.190000
2.857030 -9.317651 1.328017 2.940000 -0.630000 0.350000
2.962314 -9.384650 1.241875 -0.420000 0.070000 0.280000
2.857030 -9.403792 1.361516 1.750000 2.310000 1.190000
2.857030 -9.403792 1.361516 1.750000 2.310000 1.190000
3.005385 -9.351151 1.280160 0.910000 3.360000 1.610000
2.878566 -9.375079 1.306481 -2.870000 4.550000 2.660000
