2.306681 -9.276974 1.825724 5.390000 0.490000 -0.770000
2.450250 -9.126225 2.103291 4.690000 0.280000 -0.770000
2.328217 -9.879964 1.270589 23.309999 2.940000 -0.910000
2.524428 -8.793623 2.555535 38.920002 -0.910000 -0.210000
2.306681 -9.064013 2.988636 -6.230000 -4.690000 2.240000
2.306681 -9.064013 2.988636 -6.230000 -4.690000 2.240000
2.306681 -9.064013 2.988636 -6.230000 -4.690000 2.240000
2.306681 -9.064013 2.988636 -6.230000 -4.690000 2.240000
2.593820 -9.054441 1.801795 30.380001 -6.930000 1.120000
2.593820 -9.054441 1.801795 30.380001 -6.930000 1.120000
2.593820 -9.054441 1.801795 30.380001 -6.930000 1.120000
2.593820 -9.054441 1.801795 30.380001 -6.930000 1.120000
2.254039 -10.882557 2.299503 -29.820000 -14.350000 3.850000
2.285146 -7.073184 3.917051 4.200000 -10.360000 3.150000
2.285146 -7.073184 3.917051 4.200000 -10.360000 3.150000
2.694318 -11.119448 1.564906 -17.500000 -15.050000 0.700000
2.325824 -8.114061 3.572484 -0.560000 -16.170000 -0.070000
2.390430 -9.284152 2.459821 -25.270000 -19.460001 1.330000
2.557927 -9.315259 2.230111 -13.370000 -18.620001 -1.890000
2.543570 -9.580862 1.978864 -5.670000 -18.690001 -1.890000
2.388037 -8.860621 2.115255 0.840000 -17.920000 -1.680000
2.536392 -9.092726 1.866402 0.140000 -16.379999 1.960000
2.591427 -9.348758 1.797010 0.420000 -14.280000 3.640000
2.591427 -9.348758 1.797010 0.420000 -14.280000 3.640000
2.533999 -9.580862 1.890330 -1.960000 -12.670000 2.940000
2.679961 -9.353544 2.036292 -4.760000 -14.630000 -0.980000
2.773281 -9.521042 1.806581 -8.610000 -17.290001 -4.060000
2.837888 -9.363115 1.605584 2.870000 -15.750000 -4.480000
2.816352 -9.662218 1.521835 2.590000 -13.160000 -2.870000
2.816352 -9.662218 1.521835 2.590000 -13.160000 -2.870000
2.718246 -9.365508 1.313660 2.100000 -1.190000 -1.260000
2.725425 -9.315259 1.339981 8.260000 -1.050000 -1.610000
2.725425 -9.315259 1.339981 8.260000 -1.050000 -1.610000
2.833102 -9.293723 1.706082 6.860000 1.820000 -0.910000
2.773281 -9.207582 1.892723 2.240000 0.140000 -1.470000
2.723032 -9.102298 1.959722 0.630000 0.280000 -0.210000
2.634498 -9.205189 1.919044 -0.700000 1.190000 0.490000
2.758924 -9.583255 1.619941 -4.690000 2.450000 0.420000
2.758924 -9.583255 1.619941 -4.690000 2.450000 0.420000
2.818745 -9.245867 1.773082 -0.630000 2.450000 -0.140000
2.517249 -8.889337 2.079363 4.270000 0.980000 1.050000
2.768496 -9.162118 1.768296 2.660000 0.700000 2.240000
