2.062613 -9.425328 2.498107 3.570000 1.820000 0.210000
2.062613 -9.425328 2.498107 3.570000 1.820000 0.210000
2.062613 -9.425328 2.498107 3.570000 1.820000 0.210000
2.062613 -9.425328 2.498107 3.570000 1.820000 0.210000
2.139183 -9.209974 2.742175 11.200000 -1.750000 0.490000
2.053042 -9.169296 3.007778 11.900000 -2.660000 0.070000
2.053042 -9.169296 3.007778 11.900000 -2.660000 0.070000
2.009971 -9.420543 2.557927 -2.660000 -3.780000 2.380000
2.024328 -9.640682 2.385644 3.290000 -2.100000 2.870000
1.988436 -9.008978 2.682354 7.560000 -4.830000 1.050000
2.201397 -8.042276 3.299703 8.330000 -9.170000 3.290000
2.055435 -9.011370 3.002992 -0.770000 -9.310000 4.690000
2.055435 -9.011370 3.002992 -0.770000 -9.310000 4.690000
2.002793 -10.152746 2.517249 5.880000 -11.060000 0.280000
2.021935 -9.659825 2.749353 -20.510000 -14.210000 5.460000
2.021935 -9.659825 2.749353 -20.510000 -14.210000 5.460000
1.825724 -8.307880 3.397808 -22.260000 -16.730000 5.390000
2.203789 -10.057034 1.952543 -26.389999 -16.730000 2.800000
1.866402 -8.824730 3.194418 -6.790000 -16.660000 -0.420000
2.105684 -9.812965 2.462214 -15.890000 -18.969999 -0.840000
2.187040 -9.463614 2.153540 -7.280000 -18.410000 0.630000
2.187040 -9.463614 2.153540 -7.280000 -18.410000 0.630000
2.143969 -9.487542 2.316252 -9.590000 -17.080000 2.170000
2.206182 -9.590433 2.110470 -19.600000 -17.290001 2.170000
2.266003 -9.535398 1.730011 1.400000 -20.860001 -0.980000
2.266003 -9.535398 1.730011 1.400000 -20.860001 -0.980000
2.273181 -9.561719 1.801795 7.980000 -21.280001 -0.420000
2.275574 -9.300901 1.799403 -4.970000 -18.059999 -0.490000
2.254039 -9.413363 1.481157 -9.660000 -12.740000 2.450000
2.222932 -9.559326 1.251446 -6.930000 -10.150000 2.940000
2.337788 -9.466006 1.416551 1.120000 -6.580000 0.700000
2.313859 -9.530612 1.481157 -5.040000 -2.310000 -0.210000
2.380858 -9.597611 1.450050 1.540000 -1.680000 0.350000
2.246860 -9.635897 1.555335 -0.490000 0.350000 0.350000
2.309074 -9.638289 1.715654 -3.010000 0.350000 -0.210000
2.256432 -9.410972 1.428515 -1.470000 -0.280000 -0.840000
2.273181 -9.425328 1.562513 -0.420000 2.800000 1.050000
2.273181 -9.425328 1.562513 -0.420000 2.800000 1.050000
2.191825 -9.468399 1.641476 0.840000 3.220000 -1.120000
