2.081756 -9.394222 2.395216 0.140000 0.350000 0.420000
2.091327 -9.475577 2.344966 0.770000 1.050000 0.910000
2.091327 -9.475577 2.344966 0.770000 1.050000 0.910000
2.170290 -9.446864 2.277967 6.020000 -0.490000 0.840000
1.974079 -9.535398 2.682354 -1.960000 -0.700000 0.770000
2.182254 -9.384650 2.371287 3.780000 -3.080000 0.140000
2.182254 -9.384650 2.371287 3.780000 -3.080000 0.140000
2.136791 -9.485149 2.445465 15.680000 -3.500000 -1.400000
2.242075 -9.209974 2.256432 6.860000 -5.180000 0.980000
2.155933 -8.719445 3.359523 7.000000 -9.520000 0.840000
2.155933 -8.719445 3.359523 7.000000 -9.520000 0.840000
2.110470 -9.174082 3.084348 -5.180000 -14.000000 -1.540000
2.237289 -8.532805 3.467200 -19.110001 -19.040001 -0.490000
2.139183 -9.774680 2.880959 -35.980000 -20.580000 -0.630000
2.139183 -9.774680 2.880959 -35.980000 -20.580000 -0.630000
2.266003 -9.592826 1.782653 -17.850000 -19.809999 -5.040000
2.194218 -9.533006 2.124826 -11.550000 -16.730000 -3.500000
2.237289 -9.205189 2.201397 -14.350000 -15.680000 -2.380000
2.309074 -9.339187 1.911865 -14.770000 -15.610000 -0.840000
2.419144 -9.183653 1.818545 -15.610000 -17.430000 -0.840000
2.419144 -9.183653 1.818545 -15.610000 -17.430000 -0.840000
2.402394 -9.399008 1.643869 -5.320000 -24.430000 -2.940000
2.402394 -9.399008 1.643869 -5.320000 -24.430000 -2.940000
2.433501 -9.298509 1.579263 -7.840000 -24.990000 -2.450000
2.557927 -9.485149 1.256232 -2.310000 -21.490000 -0.350000
2.651247 -9.463614 1.217947 1.190000 -19.180000 0.980000
2.651247 -9.463614 1.217947 1.190000 -19.180000 0.980000
2.533999 -9.391829 0.887737 -8.050000 -13.090000 1.890000
2.600998 -9.343972 0.739382 -7.840000 -10.640000 1.750000
2.620141 -9.353544 0.794417 3.990000 -1.540000 1.960000
2.672783 -9.607183 0.681954 -0.280000 0.770000 1.680000
2.663212 -9.671788 0.775275 -1.540000 2.100000 1.400000
2.663212 -9.671788 0.775275 -1.540000 2.100000 1.400000
2.672783 -9.678967 0.880559 1.610000 2.170000 0.560000
2.596212 -9.559326 1.167697 -2.170000 2.590000 0.840000
2.600998 -9.657433 1.241875 -2.100000 3.220000 0.280000
2.524428 -9.444471 1.227518 2.030000 2.310000 -1.680000
