1.919044 -9.645468 1.615155 -0.560000 0.140000 -0.630000
2.043471 -9.777073 1.428515 -0.560000 -0.070000 -0.770000
1.952543 -9.832108 1.143769 1.540000 0.980000 -2.170000
2.134398 -9.741181 1.129412 0.350000 0.630000 -6.650000
2.201397 -9.623933 0.849452 -0.700000 0.910000 -6.650000
2.201397 -9.623933 0.849452 -0.700000 0.910000 -6.650000
2.227718 -9.317651 2.033899 -11.480000 -4.970000 -6.090000
2.227718 -9.317651 2.033899 -11.480000 -4.970000 -6.090000
2.234896 -9.686146 1.682154 -21.000000 -9.660000 -6.720000
2.170290 -9.221939 1.868794 -24.500000 -23.030001 -3.360000
2.340181 -9.755538 0.930808 -27.370001 -23.379999 -3.150000
2.340181 -9.755538 0.930808 -27.370001 -23.379999 -3.150000
2.280360 -9.523434 0.870987 -15.400000 -22.190001 -6.790000
2.189433 -9.643075 1.170090 -2.730000 -25.480000 -3.920000
2.342573 -9.104690 1.002593 -3.500000 -24.010000 -3.360000
2.598605 -9.887143 0.287139 -4.410000 -25.059999 -4.690000
2.342573 -9.549755 0.815953 -8.540000 -26.460001 -3.570000
2.373680 -9.839286 0.468993 -5.390000 -26.950001 -3.780000
2.550749 -9.762716 0.064606 -9.730000 -20.020000 -2.940000
2.550749 -9.762716 0.064606 -9.730000 -20.020000 -2.940000
2.562713 -9.671788 -0.167498 -4.130000 -10.640000 -2.940000
2.545963 -9.705289 -0.241675 0.420000 -7.420000 -3.010000
2.663212 -9.564112 -0.232104 0.350000 -5.740000 -2.520000
2.629712 -9.391829 -0.186640 -6.160000 -4.340000 -1.820000
2.632105 -9.473185 -0.287139 -7.840000 -1.610000 0.140000
2.646462 -9.408579 -0.186640 -6.090000 -1.260000 0.070000
2.636890 -9.420543 -0.074178 1.890000 1.120000 0.280000
2.644069 -9.521042 -0.095713 -0.280000 0.980000 0.840000
2.644069 -9.521042 -0.095713 -0.280000 0.980000 0.840000
2.691926 -9.552148 0.110070 1.330000 0.910000 1.470000
2.656033 -9.707682 -0.100499 -1.400000 0.420000 1.400000
2.644069 -9.616754 -0.038285 -0.210000 0.070000 0.910000
