2.132005 -9.769895 1.529014 1.470000 2.310000 0.980000
2.132005 -9.769895 1.529014 1.470000 2.310000 0.980000
2.117648 -9.643075 1.655833 2.170000 0.840000 0.280000
2.091327 -9.607183 1.749153 0.630000 0.700000 0.070000
2.385644 -9.236296 1.560120 8.470000 1.260000 -7.770000
2.127219 -9.456435 2.029114 -8.960000 1.260000 -5.530000
2.208575 -9.207582 2.608176 -22.049999 -6.090000 -0.210000
2.385644 -10.279566 0.727418 -3.430000 -11.060000 -7.630000
2.385644 -10.279566 0.727418 -3.430000 -11.060000 -7.630000
2.184647 -8.910872 2.400001 -18.830000 -13.370000 -3.150000
2.373680 -10.442278 0.440279 -22.680000 -13.860000 -5.390000
2.285146 -9.006584 1.670190 -5.250000 -12.950000 -6.300000
2.464607 -9.296116 0.911665 -5.600000 -15.330000 -6.650000
2.455036 -9.422935 1.177269 -16.240000 -16.170000 -5.880000
2.610569 -10.011569 0.246461 -22.120001 -17.780001 -6.090000
2.596212 -9.437292 0.581456 -9.170000 -18.200001 -3.990000
2.596212 -9.437292 0.581456 -9.170000 -18.200001 -3.990000
2.577070 -9.363115 0.937986 -13.090000 -19.879999 -5.040000
2.548356 -9.643075 0.177069 -3.360000 -25.340000 -4.130000
2.557927 -9.564112 0.263210 -8.540000 -32.200001 -4.900000
2.557927 -9.564112 0.263210 -8.540000 -32.200001 -4.900000
2.622534 -9.774680 0.270389 -2.660000 -31.850000 -3.710000
2.565106 -9.442079 -0.043071 0.140000 -29.120001 -3.360000
2.455036 -9.394222 -0.217747 5.460000 -26.110001 -1.610000
2.529213 -9.700503 -0.382852 5.040000 -16.870001 2.030000
2.589034 -9.449257 -0.428315 -4.270000 -8.470000 2.940000
2.581856 -9.602397 -0.490529 -4.200000 -5.390000 2.520000
2.684747 -9.647861 -0.650848 0.770000 -1.540000 1.400000
2.737389 -9.573684 -0.404387 1.470000 -0.420000 0.560000
2.658426 -9.609575 -0.550349 -3.640000 -0.140000 -0.210000
2.603391 -9.592826 -0.428315 -4.130000 2.310000 -0.210000
2.696711 -9.667004 -0.351745 0.280000 5.880000 0.350000
2.696711 -9.667004 -0.351745 0.280000 5.880000 0.350000
2.605784 -9.611969 -0.222532 -2.940000 7.000000 -0.210000
2.667997 -9.535398 -0.064606 -0.140000 7.630000 -1.540000
2.627320 -9.590433 0.014357 7.700000 7.000000 -1.540000
