2.364109 -9.623933 1.679761 -2.520000 -0.840000 -1.960000
2.371287 -9.288938 1.701297 3.010000 -0.980000 0.350000
2.373680 -9.315259 1.885544 -1.610000 -0.210000 1.610000
2.373680 -9.315259 1.885544 -1.610000 -0.210000 1.610000
2.285146 -9.891929 1.648655 -2.380000 0.630000 1.540000
2.364109 -9.406186 1.837688 6.510000 -0.560000 1.330000
2.254039 -9.492328 1.524228 11.970000 1.470000 1.050000
2.254039 -9.492328 1.524228 11.970000 1.470000 1.050000
2.347359 -9.616754 1.572084 11.620000 -0.210000 -0.630000
2.553142 -9.477970 1.737189 14.700000 -0.490000 -5.810000
2.431108 -8.707481 3.455236 -18.900000 -9.730000 -2.870000
2.431108 -8.707481 3.455236 -18.900000 -9.730000 -2.870000
2.507678 -8.736196 2.560320 11.900000 -18.270000 -5.880000
2.091327 -9.329616 2.679961 -33.459999 -19.530001 1.960000
2.354537 -9.937392 1.988436 -29.330000 -18.270000 1.050000
2.529213 -9.147761 1.363909 -7.910000 -18.200001 -3.080000
2.237289 -9.609575 1.794617 0.700000 -18.480000 -4.760000
2.356930 -9.676575 1.651048 -2.870000 -18.549999 -7.210000
2.687140 -9.370294 1.253839 -9.030000 -17.010000 -8.540000
2.687140 -9.370294 1.253839 -9.030000 -17.010000 -8.540000
2.842674 -9.257831 0.765703 -1.610000 -15.260000 -11.060000
2.742175 -9.391829 1.184447 -5.530000 -12.390000 -7.770000
3.036492 -9.367901 1.182054 -4.060000 -9.870000 -7.070000
3.017349 -9.200402 1.284946 -0.420000 -9.240000 -6.230000
3.017349 -9.200402 1.284946 -0.420000 -9.240000 -6.230000
3.136991 -9.370294 1.115055 -7.700000 -6.860000 -4.130000
3.294917 -9.382257 1.227518 0.210000 -4.200000 -0.490000
3.072384 -9.628718 1.210768 3.360000 -3.850000 -0.070000
3.046063 -9.741181 1.122234 -2.170000 -2.590000 -0.980000
3.084348 -9.255438 0.911665 1.820000 -0.560000 -1.610000
3.012564 -9.212367 1.021735 1.400000 1.750000 0.560000
3.046063 -9.209974 1.167697 -0.280000 1.890000 0.700000
3.046063 -9.209974 1.167697 -0.280000 1.890000 0.700000
2.976671 -9.293723 1.179662 -0.770000 1.470000 1.190000
2.976671 -9.293723 1.179662 -0.770000 1.470000 1.190000
3.074777 -9.363115 1.320838 -0.280000 0.280000 1.960000
3.024528 -9.482756 1.194018 0.700000 0.630000 2.240000
3.031706 -9.403792 1.395016 3.640000 1.750000 3.710000
3.031706 -9.403792 1.395016 3.640000 1.750000 3.710000
2.940779 -9.497113 1.301696 1.470000 1.190000 3.570000
