2.143969 -9.571291 2.443072 2.380000 1.470000 2.310000
2.103291 -9.413363 2.426322 5.180000 1.050000 1.820000
2.158326 -9.489935 2.395216 8.680000 -0.560000 0.840000
2.158326 -9.489935 2.395216 8.680000 -0.560000 0.840000
2.148755 -9.265009 2.885744 8.750000 -1.400000 2.030000
2.148755 -9.265009 2.885744 8.750000 -1.400000 2.030000
2.091327 -9.628718 2.239682 7.280000 -0.140000 2.590000
2.103291 -9.640682 2.414358 27.370001 0.630000 -1.120000
2.361716 -8.860621 3.077170 11.900000 -4.060000 -4.550000
2.361716 -8.860621 3.077170 11.900000 -4.060000 -4.550000
2.153540 -9.645468 3.208775 -8.820000 -13.160000 0.560000
2.153540 -9.645468 3.208775 -8.820000 -13.160000 0.560000
1.990828 -8.537591 3.737589 -29.960001 -20.299999 9.450000
2.017149 -8.822337 2.586641 -39.970001 -16.799999 10.710000
2.182254 -10.392029 0.861416 1.260000 -10.360000 0.840000
2.342573 -9.274581 2.488536 17.010000 -10.920000 -2.940000
2.342573 -9.274581 2.488536 17.010000 -10.920000 -2.940000
2.380858 -9.621540 1.753939 -22.260000 -7.770000 -3.640000
2.380858 -9.621540 1.753939 -22.260000 -7.770000 -3.640000
2.371287 -9.513863 2.514857 -15.470000 -15.190001 -4.410000
2.294717 -9.209974 2.268396 -14.560000 -17.360001 -1.750000
2.194218 -9.678967 2.122434 -17.150000 -19.600000 -0.840000
2.340181 -9.442079 1.801795 -6.370000 -18.830000 -0.350000
2.373680 -9.312866 1.643869 -1.400000 -18.200001 0.700000
2.392823 -9.552148 1.933401 -1.820000 -21.280001 -0.560000
2.452643 -9.511470 1.718047 -0.840000 -21.139999 -2.100000
2.498107 -9.537791 1.808974 4.550000 -22.120001 -2.450000
2.512464 -9.267403 1.665405 6.440000 -21.980000 -2.450000
2.450250 -9.477970 1.734797 3.570000 -21.070000 -1.540000
2.579463 -9.513863 1.280160 1.610000 -13.860000 1.050000
2.435893 -9.468399 1.177269 -3.080000 -8.540000 1.680000
2.715853 -9.387043 1.418944 2.030000 -4.060000 0.070000
2.677568 -9.588040 1.464408 -3.640000 -3.360000 0.350000
2.641676 -9.466006 1.313660 -14.490000 -1.400000 2.380000
2.641676 -9.466006 1.313660 -14.490000 -1.400000 2.380000
2.478964 -9.446864 1.210768 -2.590000 -0.140000 1.260000
2.426322 -9.343972 1.282553 3.430000 1.890000 0.490000
2.505285 -9.477970 1.404587 -1.050000 4.410000 1.330000
2.541178 -9.501899 1.481157 -0.700000 3.990000 0.560000
2.541178 -9.521042 1.454836 4.130000 3.360000 0.560000
2.598605 -9.458827 1.318445 2.170000 3.850000 0.980000
2.598605 -9.458827 1.318445 2.170000 3.850000 0.980000
2.598605 -9.458827 1.318445 2.170000 3.850000 0.980000
