2.548356 -9.676575 1.294517 1.120000 -0.980000 -0.910000
2.321038 -9.753145 1.631905 -5.040000 1.050000 -1.120000
2.411965 -9.951750 1.249053 -1.610000 0.490000 -2.660000
2.411965 -9.951750 1.249053 -1.610000 0.490000 -2.660000
2.670390 -8.867801 1.095913 9.800000 2.030000 -2.240000
2.409572 -9.322437 1.933401 16.940001 4.480000 -1.750000
2.409572 -9.322437 1.933401 16.940001 4.480000 -1.750000
2.768496 -7.963314 1.942972 60.619999 4.550000 -4.690000
2.347359 -9.020942 3.259024 -0.070000 3.360000 -3.920000
2.443072 -10.150353 2.895315 -6.790000 -3.920000 -5.180000
2.823531 -8.623734 2.433501 14.560000 -5.110000 -8.750000
2.644069 -9.946963 2.392823 -21.629999 -6.230000 -1.120000
2.644069 -9.946963 2.392823 -21.629999 -6.230000 -1.120000
3.189633 -8.331808 3.974478 16.940001 -14.910000 -11.830000
3.189633 -8.331808 3.974478 16.940001 -14.910000 -11.830000
2.158326 -9.645468 2.971886 -17.780001 -28.490000 -7.000000
2.782853 -8.709875 2.172683 -11.760000 -22.400000 -4.060000
2.993421 -9.068797 1.617548 -19.879999 -16.450001 -0.910000
3.069991 -9.092726 1.308874 -11.900000 -13.370000 -0.910000
3.041277 -9.432507 1.770689 -2.730000 -17.360001 -3.710000
3.041277 -9.432507 1.770689 -2.730000 -17.360001 -3.710000
3.199204 -9.358330 1.741975 1.820000 -15.960000 -9.800000
3.199204 -9.358330 1.741975 1.820000 -15.960000 -9.800000
3.342773 -9.422935 1.895115 7.140000 -16.100000 -9.240000
3.306881 -9.375079 1.718047 6.580000 -13.860000 -6.860000
3.223132 -9.202796 1.505085 -2.240000 -10.990000 -5.600000
3.393023 -8.848659 1.765903 7.350000 -7.560000 -3.290000
3.421736 -8.762517 1.586441 10.570000 -6.230000 -2.240000
3.421736 -8.762517 1.586441 10.570000 -6.230000 -2.240000
3.421736 -8.762517 1.586441 10.570000 -6.230000 -2.240000
3.414558 -8.810372 1.524228 -10.570000 -3.290000 2.660000
3.414558 -8.810372 1.524228 -10.570000 -3.290000 2.660000
3.311667 -9.238688 1.569692 -4.270000 1.260000 3.430000
3.218346 -9.224331 1.526621 -3.640000 0.630000 2.310000
3.017349 -8.989835 1.686940 1.120000 0.840000 1.330000
