2.072184 -9.442079 2.354537 -2.940000 -0.980000 0.420000
2.079363 -9.477970 2.182254 -0.980000 -0.490000 0.280000
2.134398 -9.461221 2.009971 4.620000 -0.280000 -0.140000
2.122434 -9.327222 2.639283 6.860000 -0.980000 -0.560000
2.045863 -9.466006 2.514857 0.980000 -1.330000 0.070000
2.210968 -9.540184 1.993221 13.230000 -1.190000 -1.050000
2.132005 -9.152546 2.981457 11.550000 -2.940000 -1.050000
2.112862 -9.497113 2.273181 -2.590000 -3.710000 -0.210000
2.359323 -9.506684 1.897508 7.980000 -2.800000 -1.050000
2.110470 -8.865408 3.182454 1.890000 -7.700000 -1.820000
2.191825 -9.418150 2.254039 8.610000 -14.000000 -3.920000
1.959722 -9.573684 2.828316 -22.400000 -14.910000 -0.770000
1.959722 -9.573684 2.828316 -22.400000 -14.910000 -0.770000
2.285146 -10.080962 1.445265 -21.980000 -14.630000 -1.540000
2.285146 -10.080962 1.445265 -21.980000 -14.630000 -1.540000
2.285146 -10.080962 1.445265 -21.980000 -14.630000 -1.540000
2.356930 -8.109276 3.402594 -19.250000 -18.760000 -2.170000
2.565106 -10.169496 1.610370 -30.100000 -21.210001 -2.100000
2.498107 -9.911072 0.933201 -13.090000 -19.809999 -0.420000
2.498107 -9.911072 0.933201 -13.090000 -19.809999 -0.420000
2.179861 -9.530612 1.986043 -0.910000 -19.879999 2.030000
2.433501 -9.858429 1.387837 -3.920000 -19.879999 0.910000
2.311467 -9.602397 1.938186 -3.850000 -28.840000 -2.520000
2.481357 -9.449257 1.730011 10.360000 -34.930000 -3.360000
2.481357 -9.449257 1.730011 10.360000 -34.930000 -3.360000
2.464607 -9.544970 1.440479 12.110000 -33.950001 -2.100000
2.459821 -9.719646 1.395016 1.960000 -28.840000 -0.350000
2.510071 -9.427721 0.961915 6.160000 -20.020000 0.350000
2.555535 -9.372685 1.014557 5.390000 -15.470000 1.680000
2.555535 -9.372685 1.014557 5.390000 -15.470000 1.680000
2.591427 -9.430114 1.012164 -7.840000 -7.770000 0.980000
2.615355 -9.303294 0.899701 3.850000 -4.410000 1.540000
2.615355 -9.303294 0.899701 3.850000 -4.410000 1.540000
2.629712 -9.554541 0.988236 0.700000 -1.470000 1.610000
2.600998 -9.638289 0.966700 -0.420000 1.120000 0.420000
2.600998 -9.638289 0.966700 -0.420000 1.120000 0.420000
2.696711 -9.604790 1.036092 2.030000 2.170000 -0.140000
2.579463 -9.353544 1.328017 3.080000 3.080000 -0.210000
2.612962 -9.504292 1.395016 -1.330000 3.010000 -0.420000
