2.057827 -9.451650 2.388037 13.300000 0.280000 -1.120000
2.084148 -9.480364 2.356930 3.080000 -1.680000 0.910000
2.084148 -9.480364 2.356930 3.080000 -1.680000 0.910000
2.115255 -9.233903 2.297110 6.790000 -2.240000 0.910000
2.088934 -9.370294 2.431108 18.760000 -2.800000 0.490000
2.019542 -9.664611 2.749353 -10.430000 -3.500000 2.310000
2.309074 -9.375079 2.857030 10.080000 -10.920000 -1.960000
2.309074 -9.375079 2.857030 10.080000 -10.920000 -1.960000
1.964507 -9.030513 3.735196 -13.090000 -15.750000 -0.770000
1.986043 -9.549755 3.266203 -29.190001 -17.570000 0.700000
2.012364 -9.351151 3.024528 -24.010000 -17.990000 0.280000
2.292324 -9.970891 2.014757 -26.040001 -19.530001 -0.630000
2.309074 -9.178867 2.371287 1.820000 -18.549999 -0.490000
1.911865 -9.621540 2.560320 -36.959999 -19.670000 4.620000
2.299503 -10.167104 1.655833 -22.610001 -19.250000 0.770000
2.251646 -9.389436 1.550549 -8.890000 -17.639999 0.630000
2.251646 -9.389436 1.550549 -8.890000 -17.639999 0.630000
2.378466 -9.755538 1.679761 -19.040001 -20.930000 0.560000
2.213361 -9.394222 1.864009 -8.750000 -27.440001 0.490000
2.251646 -9.571291 1.550549 4.130000 -29.750000 1.050000
2.380858 -9.702895 1.351945 5.040000 -24.850000 1.190000
2.380858 -9.702895 1.351945 5.040000 -24.850000 1.190000
2.373680 -9.619147 1.067199 -0.140000 -18.129999 0.980000
2.447858 -9.492328 1.064806 2.380000 -9.660000 -0.350000
2.474179 -9.501899 1.115055 -0.070000 -5.460000 -1.260000
2.495714 -9.487542 1.146162 2.660000 -3.850000 -1.890000
2.450250 -9.451650 1.251446 1.400000 -0.840000 -1.540000
2.447858 -9.310472 1.318445 -0.840000 0.350000 -1.050000
2.507678 -9.308081 1.215554 0.490000 1.960000 0.140000
2.443072 -9.623933 1.294517 -1.680000 2.310000 0.350000
2.440679 -9.466006 1.581656 1.260000 3.150000 1.820000
2.440679 -9.466006 1.581656 1.260000 3.150000 1.820000
2.395216 -9.576077 1.758725 2.380000 3.150000 1.470000
2.476572 -9.686146 1.545763 -0.840000 1.960000 1.120000
2.476572 -9.686146 1.545763 -0.840000 1.960000 1.120000
2.356930 -9.678967 1.698904 -2.800000 0.700000 0.490000
2.407180 -9.655040 1.591227 -0.560000 -0.140000 -0.280000
