1.995614 -9.028119 2.835495 8.470000 0.910000 -1.750000
1.954936 -9.324830 2.799603 -5.390000 -0.490000 0.140000
1.942972 -9.686146 2.165504 -0.490000 -0.910000 0.070000
1.942972 -9.686146 2.165504 -0.490000 -0.910000 0.070000
1.942972 -9.686146 2.165504 -0.490000 -0.910000 0.070000
1.971686 -9.477970 2.553142 7.840000 -0.770000 -1.050000
1.971686 -9.477970 2.553142 7.840000 -0.770000 -1.050000
1.962115 -9.336794 2.277967 1.680000 -0.630000 1.050000
1.962115 -9.336794 2.277967 1.680000 -0.630000 1.050000
2.258825 -9.329616 1.469193 9.520000 -2.450000 -4.200000
2.414358 -9.025726 2.493321 8.190000 -2.870000 -5.250000
1.988436 -9.202796 3.326023 -3.780000 -15.120000 -4.340000
1.988436 -9.202796 3.326023 -3.780000 -15.120000 -4.340000
1.919044 -9.312866 2.725425 -15.470000 -18.900000 -3.430000
2.065006 -9.102298 3.105884 -15.960000 -19.460001 -2.450000
1.933401 -9.975677 2.593820 -18.830000 -21.420000 0.630000
1.679761 -9.255438 2.184647 -29.820000 -15.960000 3.710000
2.270789 -10.047462 0.940379 -18.969999 -16.309999 -1.050000
2.318645 -8.760124 2.196611 -20.090000 -17.219999 -0.280000
2.318645 -8.760124 2.196611 -20.090000 -17.219999 -0.280000
2.380858 -9.391829 1.761117 -28.700001 -20.860001 -2.730000
2.304288 -9.511470 1.536192 2.870000 -24.500000 -3.640000
2.304288 -9.511470 1.536192 2.870000 -24.500000 -3.640000
2.333002 -9.707682 1.375873 16.940001 -27.860001 -5.250000
2.373680 -9.741181 1.294517 9.380000 -25.830000 -3.290000
2.443072 -9.585647 1.237089 6.790000 -24.430000 -2.660000
2.514857 -9.566505 1.186840 6.720000 -19.809999 -2.170000
2.495714 -9.276974 1.057628 11.060000 -18.410000 -0.840000
2.553142 -9.262616 1.174876 7.560000 -17.150000 -0.700000
2.428715 -9.377472 0.870987 -0.140000 -13.790000 0.210000
2.493321 -9.458827 0.839881 -3.010000 -4.200000 2.660000
2.493321 -9.449257 1.067199 -1.260000 -1.610000 1.400000
2.517249 -9.631111 1.136591 0.700000 1.610000 1.400000
2.572284 -9.633504 1.210768 1.400000 1.540000 0.700000
2.593820 -9.726824 1.263410 -1.890000 1.610000 0.210000
2.593820 -9.726824 1.263410 -1.890000 1.610000 0.210000
2.522035 -9.676575 1.440479 1.890000 1.330000 -0.280000
2.538785 -9.688539 1.258625 1.050000 0.770000 -0.840000
2.467000 -9.420543 1.325624 -0.980000 2.240000 -0.350000
2.373680 -9.427721 1.308874 3.640000 3.080000 -1.330000
