2.086541 -9.494720 2.177469 0.350000 1.120000 0.210000
2.122434 -9.633504 2.009971 0.840000 -0.280000 -0.910000
2.117648 -9.454042 2.155933 1.400000 -1.960000 -0.490000
2.117648 -9.454042 2.155933 1.400000 -1.960000 -0.490000
2.189433 -9.590433 1.720440 1.610000 -2.170000 -1.540000
2.165504 -9.690931 1.959722 16.309999 -2.310000 -2.660000
2.129612 -9.159724 2.263610 9.940000 -4.060000 -0.560000
2.076970 -9.588040 2.230111 -0.980000 -5.530000 1.610000
2.230111 -8.951550 2.411965 5.670000 -6.440000 2.170000
2.091327 -9.286544 2.105684 2.660000 -6.510000 1.330000
2.160719 -9.796216 1.950150 1.890000 -6.440000 -0.980000
2.160719 -9.796216 1.950150 1.890000 -6.440000 -0.980000
2.273181 -8.851050 2.548356 -6.230000 -7.840000 -3.290000
2.404787 -9.475577 2.622534 -12.810000 -14.070000 -7.070000
2.404787 -9.475577 2.622534 -12.810000 -14.070000 -7.070000
2.251646 -9.719646 1.730011 -43.049999 -16.590000 -0.490000
2.165504 -9.279366 1.818545 -24.570000 -14.280000 -1.680000
2.316252 -9.602397 1.129412 -18.900000 -13.090000 -1.260000
2.275574 -9.509077 1.019342 -7.910000 -11.620000 -2.170000
2.275574 -9.509077 1.019342 -7.910000 -11.620000 -2.170000
2.440679 -9.430114 1.294517 2.310000 -13.580000 -2.730000
2.440679 -9.430114 1.294517 2.310000 -13.580000 -2.730000
2.342573 -9.738789 1.179662 -12.950000 -19.600000 -4.550000
2.565106 -9.736395 1.067199 1.960000 -22.610001 -4.410000
2.565106 -9.736395 1.067199 1.960000 -22.610001 -4.410000
2.538785 -9.674182 0.890130 5.110000 -18.480000 -3.990000
2.600998 -9.470792 0.808774 -0.770000 -12.460000 -2.940000
2.711068 -9.614362 0.760918 0.840000 -7.070000 -2.730000
2.751746 -9.446864 0.758525 -8.260000 -4.690000 -1.330000
2.766103 -9.432507 0.679562 -5.950000 -3.080000 0.210000
2.639283 -9.403792 0.799203 0.560000 -3.220000 0.560000
2.598605 -9.375079 0.641276 -3.080000 0.560000 0.210000
2.574677 -9.370294 0.703490 -3.500000 2.100000 0.210000
2.574677 -9.370294 0.703490 -3.500000 2.100000 0.210000
2.696711 -9.576077 0.658026 -0.350000 4.830000 1.050000
2.696711 -9.576077 0.658026 -0.350000 4.830000 1.050000
2.696711 -9.576077 0.658026 -0.350000 4.830000 1.050000
