2.268396 -9.367901 2.610569 -1.190000 -0.630000 -0.210000
2.285146 -8.987441 2.397608 9.940000 -0.700000 -1.050000
2.285146 -8.987441 2.397608 9.940000 -0.700000 -1.050000
2.388037 -9.990034 1.883151 10.920000 2.030000 -0.140000
2.459821 -9.178867 2.189433 39.900002 -0.350000 -3.150000
2.632105 -6.898508 4.656433 27.930000 -3.150000 1.540000
2.021935 -10.956735 2.132005 -20.299999 -9.170000 1.400000
2.323431 -11.069198 1.521835 26.809999 -10.010000 -4.830000
1.818545 -7.453642 4.768896 -10.150000 -11.200000 5.040000
2.493321 -11.105090 2.277967 4.550000 -18.620001 -0.070000
2.230111 -9.887143 2.914458 -29.820000 -22.190001 5.530000
2.230111 -9.887143 2.914458 -29.820000 -22.190001 5.530000
2.206182 -9.523434 2.467000 6.650000 -18.129999 2.030000
2.373680 -8.561519 2.845066 1.820000 -18.410000 0.420000
2.340181 -9.099905 2.488536 -7.420000 -18.830000 0.840000
2.304288 -9.288938 2.636890 -3.570000 -19.740000 0.980000
2.440679 -9.315259 2.452643 -10.500000 -19.740000 2.870000
2.522035 -9.226725 2.352145 -13.020000 -20.020000 4.130000
2.330609 -9.422935 2.452643 -9.730000 -22.889999 1.470000
2.388037 -9.473185 2.636890 6.650000 -29.610001 -0.350000
2.244468 -9.329616 2.368894 -8.400000 -27.860001 1.050000
2.402394 -9.315259 2.017149 -7.980000 -25.129999 1.540000
2.340181 -9.377472 1.746760 -8.750000 -19.740000 3.220000
2.340181 -9.377472 1.746760 -8.750000 -19.740000 3.220000
2.411965 -9.410972 1.840081 -6.860000 -19.040001 2.170000
2.543570 -9.341579 1.483550 -4.480000 -14.420000 3.010000
2.541178 -9.690931 1.251446 -15.120000 -7.700000 2.240000
2.541178 -9.690931 1.251446 -15.120000 -7.700000 2.240000
2.565106 -9.477970 1.146162 -2.170000 -5.460000 0.420000
2.500499 -9.686146 1.450050 2.940000 -0.070000 0.490000
2.560320 -9.650253 1.308874 -0.840000 1.120000 0.140000
2.581856 -9.595219 1.500300 -0.490000 2.870000 -1.470000
2.565106 -9.497113 1.529014 -3.710000 3.150000 -1.750000
2.565106 -9.497113 1.529014 -3.710000 3.150000 -1.750000
2.672783 -9.475577 1.619941 2.450000 1.540000 -2.030000
2.522035 -9.391829 1.710868 -0.140000 0.770000 -0.840000
2.550749 -9.296116 1.718047 -2.170000 0.490000 -0.070000
