2.196611 -9.037691 3.093920 -1.960000 -2.100000 1.680000
2.081756 -9.765109 2.021935 6.090000 -0.490000 2.660000
2.081756 -9.765109 2.021935 6.090000 -0.490000 2.660000
2.431108 -8.001599 2.507678 41.650002 1.610000 0.700000
2.237289 -8.583055 3.689733 14.280000 1.190000 1.400000
2.323431 -7.271788 4.503292 10.710000 -6.930000 1.050000
1.739582 -9.054441 3.926622 -34.299999 -12.110000 3.430000
2.287539 -10.217353 3.292524 13.720000 -15.120000 -3.710000
2.287539 -10.217353 3.292524 13.720000 -15.120000 -3.710000
1.416551 -8.047063 4.395615 -33.529999 -16.030001 5.180000
1.416551 -8.047063 4.395615 -33.529999 -16.030001 5.180000
2.048256 -8.805587 2.873780 17.219999 -15.050000 0.210000
2.057827 -9.549755 3.017349 -7.630000 -17.010000 2.170000
2.225325 -9.987641 2.287539 -3.920000 -14.350000 0.280000
2.285146 -9.212367 2.567499 -2.520000 -14.140000 -0.420000
2.239682 -9.695717 2.794817 -7.070000 -14.630000 -0.980000
2.311467 -9.284152 2.567499 -3.080000 -13.790000 -0.210000
2.416751 -8.925228 2.481357 -11.690000 -15.680000 0.280000
2.136791 -9.221939 2.933600 5.530000 -20.299999 0.280000
2.292324 -8.910872 2.184647 -9.170000 -17.430000 6.020000
2.292324 -8.910872 2.184647 -9.170000 -17.430000 6.020000
2.172683 -9.358330 2.376073 -11.060000 -11.970000 4.200000
2.364109 -9.463614 2.110470 -7.490000 -11.480000 3.150000
2.328217 -9.504292 2.112862 2.380000 -11.410000 1.610000
2.388037 -9.609575 1.818545 -0.630000 -6.300000 1.750000
2.270789 -9.248260 2.160719 -6.580000 -4.690000 1.400000
2.433501 -9.308081 1.993221 -6.860000 -2.800000 0.840000
2.433501 -9.308081 1.993221 -6.860000 -2.800000 0.840000
2.263610 -9.614362 2.093720 -0.630000 -2.730000 -1.050000
2.354537 -9.509077 1.928615 -0.910000 -1.190000 -1.330000
2.409572 -9.343972 2.045863 -1.400000 0.700000 -0.630000
2.335395 -9.339187 2.199004 -1.960000 0.210000 -0.910000
2.335395 -9.339187 2.199004 -1.960000 0.210000 -0.910000
2.335395 -9.339187 2.199004 -1.960000 0.210000 -0.910000
2.292324 -9.339187 2.053042 -1.050000 -0.210000 0.630000
2.292324 -9.339187 2.053042 -1.050000 -0.210000 0.630000
2.292324 -9.339187 2.053042 -1.050000 -0.210000 0.630000
2.337788 -9.363115 2.134398 0.490000 0.630000 1.260000
2.299503 -9.549755 2.127219 -7.980000 0.350000 0.980000
