2.364109 -9.535398 2.005185 -0.980000 -0.490000 0.910000
2.411965 -9.571291 1.890330 2.660000 0.350000 -0.700000
2.368894 -9.408579 2.048256 4.200000 -0.070000 -1.820000
2.368894 -9.408579 2.048256 4.200000 -0.070000 -1.820000
2.435893 -9.370294 2.112862 8.890000 0.420000 -3.920000
2.435893 -9.370294 2.112862 8.890000 0.420000 -3.920000
2.572284 -9.561719 1.356731 19.460001 2.660000 -9.030000
2.428715 -8.757731 3.361916 -8.190000 -1.610000 -3.150000
2.502892 -9.509077 2.991028 -15.540000 -8.610000 -1.190000
2.502892 -9.509077 2.991028 -15.540000 -8.610000 -1.190000
2.450250 -9.253045 2.603391 -2.240000 -12.530000 -2.100000
2.450250 -9.253045 2.603391 -2.240000 -12.530000 -2.100000
2.742175 -9.676575 1.048056 2.380000 -8.330000 -3.990000
2.770889 -9.195618 2.617748 -0.140000 -8.540000 -5.880000
2.758924 -8.827123 2.861816 -17.990000 -13.370000 -5.810000
2.852244 -9.899107 2.110470 -20.160000 -21.210001 -1.960000
2.560320 -8.463413 2.512464 -37.029999 -20.440001 2.800000
2.560320 -8.463413 2.512464 -37.029999 -20.440001 2.800000
2.715853 -9.310472 1.347159 -24.780001 -25.200001 0.910000
2.603391 -9.564112 1.028914 -17.360001 -21.280001 -0.560000
2.833102 -9.549755 0.928415 -11.410000 -20.440001 -1.610000
2.849852 -9.372685 0.933201 1.260000 -18.830000 -1.610000
2.931208 -9.099905 1.189233 2.800000 -20.790001 -3.080000
2.931208 -9.099905 1.189233 2.800000 -20.790001 -3.080000
2.904887 -9.382257 1.227518 0.840000 -23.170000 -2.520000
3.048456 -9.523434 0.832702 -0.840000 -23.730000 -1.750000
2.890530 -9.329616 0.516850 -0.980000 -18.480000 0.280000
2.935993 -9.317651 0.490529 2.870000 -9.170000 1.260000
2.935993 -9.317651 0.490529 2.870000 -9.170000 1.260000
2.971886 -9.432507 0.421137 2.590000 -5.670000 1.610000
2.931208 -9.552148 0.464208 -3.220000 -2.170000 1.610000
2.928815 -9.420543 0.425922 -2.800000 -1.680000 0.490000
3.002992 -9.415757 0.514457 2.590000 -0.980000 0.910000
2.866602 -9.506684 0.564706 -0.210000 2.170000 0.210000
2.866602 -9.506684 0.564706 -0.210000 2.170000 0.210000
2.952743 -9.525827 0.574277 1.540000 2.800000 0.280000
2.952743 -9.525827 0.574277 1.540000 2.800000 0.280000
2.952743 -9.525827 0.574277 1.540000 2.800000 0.280000
2.952743 -9.525827 0.574277 1.540000 2.800000 0.280000
