2.579463 -9.513863 1.524228 -3.850000 -0.350000 0.420000
2.723032 -9.396614 1.512264 3.150000 0.210000 2.030000
2.723032 -9.396614 1.512264 3.150000 0.210000 2.030000
2.825923 -9.588040 1.670190 7.490000 0.210000 1.680000
2.574677 -10.114462 1.019342 3.710000 1.610000 -0.700000
2.682354 -10.078569 1.076770 19.389999 0.700000 -2.590000
2.828316 -8.623734 2.538785 31.500000 -0.560000 -2.520000
2.828316 -8.623734 2.538785 31.500000 -0.560000 -2.520000
2.912065 -9.300901 1.464408 25.059999 2.520000 -7.770000
2.912065 -9.300901 1.464408 25.059999 2.520000 -7.770000
3.148954 -11.210374 0.784846 12.600000 -0.700000 -14.350000
3.048456 -8.511270 3.268596 40.670002 -3.360000 -9.660000
2.617748 -10.573883 2.306681 -51.660000 -12.810000 1.470000
2.411965 -7.290931 3.273381 8.890000 -8.610000 -3.080000
2.411965 -7.290931 3.273381 8.890000 -8.610000 -3.080000
3.046063 -9.047262 1.713261 6.650000 -7.210000 -1.750000
3.050849 -8.453842 2.151148 -2.380000 -7.350000 -2.240000
3.000600 -9.710074 1.909473 0.490000 -7.560000 -4.620000
3.136991 -9.052048 1.873580 6.020000 -8.120000 -4.410000
3.050849 -8.987441 2.110470 3.990000 -10.850000 -6.020000
3.050849 -8.987441 2.110470 3.990000 -10.850000 -6.020000
3.048456 -9.202796 2.127219 1.610000 -15.120000 -5.670000
3.048456 -9.202796 2.127219 1.610000 -15.120000 -5.670000
3.108276 -9.164511 2.215754 -3.220000 -17.360001 -7.560000
3.294917 -8.752945 1.720440 -1.680000 -13.370000 -2.520000
3.407379 -9.075976 1.404587 1.750000 -8.680000 0.140000
3.306881 -9.379865 1.753939 3.570000 -6.860000 -1.540000
3.548556 -9.078369 1.600798 -1.050000 -5.320000 -2.520000
3.347559 -9.085547 1.548156 -0.630000 -3.570000 -2.310000
3.560520 -9.174082 1.481157 0.770000 0.350000 -0.490000
3.340380 -9.083155 1.715654 -4.060000 -0.140000 -0.210000
3.390630 -9.193225 1.710868 -3.500000 -0.420000 -1.330000
3.407379 -9.073583 1.820938 -3.360000 0.840000 -0.910000
3.529413 -9.169296 1.517050 -0.280000 1.190000 -0.490000
3.385844 -9.255438 1.911865 3.290000 0.490000 -0.210000
3.297310 -9.047262 1.777867 -2.730000 -0.280000 0.700000
3.340380 -9.159724 1.694118 -4.410000 -1.050000 1.050000
3.436093 -9.238688 1.720440 0.770000 -0.770000 1.400000
3.393023 -9.085547 1.660619 -0.070000 -0.840000 1.750000
3.309274 -9.193225 1.653440 1.330000 1.820000 1.960000
3.309274 -9.193225 1.653440 1.330000 1.820000 1.960000
3.304488 -9.131011 1.763510 0.630000 2.450000 2.520000
3.304488 -9.131011 1.763510 0.630000 2.450000 2.520000
