2.600998 -9.099905 2.261217 -4.970000 -1.260000 -0.770000
2.639283 -9.339187 2.266003 -9.870000 -1.610000 -0.070000
2.622534 -9.743573 1.964507 -2.450000 -2.520000 -0.420000
2.581856 -9.743573 2.323431 -14.840000 -8.680000 -0.490000
2.581856 -9.743573 2.323431 -14.840000 -8.680000 -0.490000
2.746960 -9.449257 1.983650 -3.360000 -12.180000 -1.190000
2.550749 -9.556933 2.445465 -25.129999 -16.170000 -0.560000
2.603391 -9.968499 1.591227 -25.830000 -18.549999 -1.190000
2.620141 -9.231510 2.277967 -11.270000 -19.389999 -1.960000
2.732604 -9.982857 0.909273 -15.120000 -21.420000 -1.540000
2.723032 -8.755339 2.179861 -14.070000 -21.350000 -2.030000
2.723032 -8.755339 2.179861 -14.070000 -21.350000 -2.030000
2.859423 -10.021141 0.921237 -26.809999 -23.870001 -2.030000
2.778067 -9.614362 0.406780 -17.850000 -21.770000 -3.150000
2.780460 -9.688539 1.265803 -7.350000 -28.980000 -6.930000
2.876173 -9.611969 0.976272 4.550000 -31.850000 -5.950000
2.979064 -9.296116 0.806381 3.430000 -32.970001 -4.690000
2.979064 -9.296116 0.806381 3.430000 -32.970001 -4.690000
2.811567 -9.738789 0.981057 8.120000 -32.759998 -3.850000
2.962314 -9.317651 0.562313 9.030000 -30.520000 -1.890000
2.995814 -9.525827 0.217747 0.280000 -17.219999 -0.980000
3.067599 -9.552148 0.337388 -5.250000 -14.700000 -0.910000
3.014957 -9.406186 0.258425 -1.190000 -9.730000 -2.310000
2.983850 -9.298509 -0.016750 0.140000 -4.760000 -1.750000
2.983850 -9.298509 -0.016750 0.140000 -4.760000 -1.750000
2.988636 -9.138189 0.224925 -1.120000 -2.800000 -0.770000
3.043670 -9.181261 0.406780 0.840000 -1.820000 0.770000
3.050849 -9.329616 0.366102 3.780000 0.630000 0.630000
3.058028 -9.332008 0.267996 -0.350000 1.820000 0.980000
3.146562 -9.609575 0.232104 -0.420000 1.540000 1.470000
3.146562 -9.609575 0.232104 -0.420000 1.540000 1.470000
3.036492 -9.274581 0.646062 2.870000 0.980000 1.190000
3.038885 -9.458827 0.622134 2.380000 2.170000 1.750000
