2.378466 -9.528220 1.373480 1.260000 1.750000 -1.050000
2.476572 -9.521042 1.543371 -2.450000 0.490000 -0.560000
2.502892 -9.657433 1.021735 0.630000 1.540000 -4.270000
2.502892 -9.657433 1.021735 0.630000 1.540000 -4.270000
2.670390 -9.332008 1.483550 2.450000 0.560000 -7.000000
2.596212 -9.611969 1.751546 -7.630000 -4.200000 -3.360000
2.658426 -9.798609 1.363909 0.560000 -6.300000 -4.200000
2.658426 -9.798609 1.363909 0.560000 -6.300000 -4.200000
2.397608 -9.174082 2.665605 -7.140000 -10.570000 -2.520000
2.512464 -9.784252 1.804188 -18.760000 -15.820000 -2.030000
2.734996 -9.597611 1.213161 3.640000 -14.490000 -5.040000
2.608176 -9.686146 1.172483 -19.879999 -16.170000 -0.770000
2.804388 -9.336794 0.894916 6.580000 -12.460000 -4.060000
2.804388 -9.336794 0.894916 6.580000 -12.460000 -4.060000
2.629712 -9.561719 1.397408 -7.350000 -13.230000 -3.570000
2.876173 -8.860621 1.050449 3.150000 -12.180000 -2.170000
3.014957 -9.262616 1.194018 -7.070000 -17.430000 -2.730000
2.758924 -9.437292 0.949951 -6.650000 -18.410000 -0.070000
2.892922 -9.324830 0.902094 -1.610000 -17.920000 0.630000
2.892922 -9.324830 0.902094 -1.610000 -17.920000 0.630000
2.892922 -9.324830 0.902094 -1.610000 -17.920000 0.630000
2.732604 -9.650253 1.105484 -10.500000 -19.250000 -1.260000
2.861816 -9.856036 0.643669 -1.470000 -18.480000 -0.840000
2.969493 -9.714860 0.916451 9.730000 -18.969999 -4.060000
2.971886 -9.530612 0.983450 7.980000 -19.809999 -4.130000
2.931208 -9.454042 0.725025 1.680000 -18.270000 -2.590000
2.974278 -9.300901 0.562313 -6.650000 -16.309999 -1.820000
2.924029 -9.303294 0.418744 -4.550000 -13.300000 -0.700000
3.000600 -9.269794 0.509671 0.280000 -3.080000 0.420000
3.005385 -9.446864 0.392423 -1.750000 -1.820000 0.140000
3.005385 -9.446864 0.392423 -1.750000 -1.820000 0.140000
2.993421 -9.382257 0.593420 -1.120000 -1.750000 -0.140000
3.086741 -9.463614 0.449851 1.540000 -0.210000 0.630000
3.043670 -9.566505 0.346959 -2.240000 1.750000 1.190000
3.000600 -9.556933 0.495314 0.280000 2.380000 0.420000
3.000600 -9.556933 0.495314 0.280000 2.380000 0.420000
3.041277 -9.394222 0.722632 0.630000 3.640000 0.350000
3.041277 -9.394222 0.722632 0.630000 3.640000 0.350000
3.000600 -9.329616 0.765703 2.030000 2.240000 0.070000
