2.103291 -9.329616 1.847259 9.730000 0.840000 0.140000
1.878366 -10.035499 2.091327 -4.690000 -0.070000 -0.280000
1.878366 -10.035499 2.091327 -4.690000 -0.070000 -0.280000
2.100898 -10.013963 1.186840 6.020000 -0.770000 -4.130000
2.287539 -8.367701 2.495714 17.990000 -1.680000 -5.180000
2.318645 -9.975677 1.564906 -10.640000 -1.260000 -3.780000
2.478964 -7.836494 2.854637 14.910000 -3.080000 -1.540000
2.170290 -10.762917 2.400001 -14.630000 -6.580000 -1.820000
2.170290 -10.762917 2.400001 -14.630000 -6.580000 -1.820000
2.215754 -10.241282 1.945365 4.200000 -10.360000 -6.440000
2.215754 -10.241282 1.945365 4.200000 -10.360000 -6.440000
2.215754 -10.241282 1.945365 4.200000 -10.360000 -6.440000
2.215754 -10.241282 1.945365 4.200000 -10.360000 -6.440000
2.467000 -10.013963 1.512264 -5.600000 -15.120000 -8.540000
2.639283 -9.214760 1.567299 -9.730000 -18.690001 -7.210000
2.639283 -9.214760 1.567299 -9.730000 -18.690001 -7.210000
2.646462 -9.370294 1.459622 -0.910000 -17.360001 -6.230000
2.691926 -9.138189 1.471586 0.910000 -17.850000 -5.880000
2.919244 -9.360723 1.306481 2.310000 -18.830000 -4.970000
2.773281 -9.597611 1.698904 16.030001 -21.210001 -7.770000
2.890530 -9.556933 1.519442 11.830000 -20.860001 -8.120000
2.895315 -9.377472 1.385444 -0.280000 -18.410000 -4.410000
2.895315 -9.377472 1.385444 -0.280000 -18.410000 -4.410000
2.943172 -9.262616 1.256232 -4.550000 -15.610000 -2.450000
3.065206 -9.107083 1.174876 0.910000 -12.320000 -0.210000
3.091527 -9.430114 1.217947 2.030000 -11.200000 0.140000
3.058028 -9.095119 1.117448 6.300000 -7.280000 2.170000
3.058028 -9.095119 1.117448 6.300000 -7.280000 2.170000
3.096312 -9.262616 1.021735 8.050000 -5.740000 2.590000
3.029313 -9.530612 1.127020 -2.800000 -3.990000 1.890000
3.136991 -9.410972 0.945165 -6.650000 -1.050000 1.400000
3.036492 -9.387043 1.387837 6.230000 0.350000 -0.420000
3.007778 -9.279366 1.378266 -4.480000 1.540000 -1.190000
3.079563 -9.466006 1.060020 -3.150000 1.680000 -1.190000
3.184847 -9.229117 1.155733 3.080000 1.680000 -0.070000
2.971886 -9.250652 1.289732 1.680000 2.240000 1.260000
2.967100 -9.284152 1.390230 -2.380000 3.220000 2.030000
2.840281 -9.320045 1.423729 -0.980000 2.170000 1.470000
