2.416751 -9.533006 2.029114 8.330000 0.770000 0.770000
2.330609 -9.226725 2.428715 13.650000 0.910000 -0.210000
2.330609 -9.226725 2.428715 13.650000 0.910000 -0.210000
2.366502 -9.590433 2.194218 -3.220000 0.140000 1.400000
2.383251 -9.815358 1.923829 2.240000 1.680000 0.980000
2.447858 -9.317651 2.507678 16.799999 4.130000 -0.980000
2.349752 -9.320045 2.526821 7.630000 -1.680000 -2.940000
2.349752 -9.320045 2.526821 7.630000 -1.680000 -2.940000
2.395216 -9.470792 1.976472 5.110000 -1.260000 -3.710000
2.395216 -9.470792 1.976472 5.110000 -1.260000 -3.710000
2.490928 -9.489935 2.366502 -9.450000 -9.520000 -4.270000
2.392823 -9.042477 2.981457 -10.710000 -10.360000 -2.660000
2.323431 -9.135797 2.950350 -25.830000 -14.350000 -0.280000
2.323431 -9.135797 2.950350 -25.830000 -14.350000 -0.280000
2.565106 -9.973285 1.155733 -15.400000 -15.400000 -1.120000
2.660819 -9.205189 1.773082 4.830000 -14.280000 -2.100000
2.507678 -9.638289 1.928615 -26.250000 -18.410000 -3.430000
2.553142 -7.970492 3.151347 -21.000000 -22.680000 -3.360000
2.636890 -9.559326 1.201197 -28.350000 -22.049999 -3.080000
2.467000 -9.279366 1.399801 -14.980000 -18.340000 -1.400000
2.634498 -9.226725 1.055235 -10.150000 -16.240000 -0.630000
2.634498 -9.226725 1.055235 -10.150000 -16.240000 -0.630000
2.677568 -9.303294 0.866202 -4.760000 -12.740000 -1.750000
2.799603 -9.516255 0.746561 0.910000 -9.590000 -3.150000
2.873780 -9.353544 1.004985 -2.100000 -9.520000 -3.430000
2.885744 -9.535398 1.158126 -5.390000 -14.560000 -7.980000
2.885744 -9.535398 1.158126 -5.390000 -14.560000 -7.980000
2.938386 -9.652647 1.507478 11.060000 -20.650000 -5.600000
2.878566 -9.422935 1.387837 9.730000 -20.719999 -4.690000
2.955136 -9.355937 0.815953 0.420000 -13.370000 -1.190000
2.888137 -9.298509 0.725025 3.080000 -9.590000 -0.980000
2.888137 -9.298509 0.725025 3.080000 -9.590000 -0.980000
2.928815 -9.396614 0.641276 1.750000 -2.870000 0.770000
2.995814 -9.588040 0.710668 -0.140000 -0.910000 1.120000
2.974278 -9.430114 0.866202 -0.140000 0.280000 0.840000
2.974278 -9.430114 0.866202 -0.140000 0.280000 0.840000
2.935993 -9.437292 0.887737 0.350000 0.350000 0.490000
2.914458 -9.492328 0.897308 0.210000 -0.630000 -0.210000
3.012564 -9.353544 0.815953 0.980000 0.070000 -0.140000
