2.148755 -9.384650 2.476572 0.560000 3.080000 0.700000
2.148755 -9.384650 2.476572 0.560000 3.080000 0.700000
2.139183 -9.394222 2.823531 4.970000 1.190000 -0.210000
2.127219 -9.353544 2.751746 1.260000 0.280000 0.490000
2.191825 -9.456435 2.421536 8.680000 -1.750000 -1.820000
2.191825 -9.456435 2.421536 8.680000 -1.750000 -1.820000
2.167897 -9.633504 2.122434 -4.620000 -2.940000 -2.030000
2.167897 -9.633504 2.122434 -4.620000 -2.940000 -2.030000
2.179861 -9.470792 2.273181 -2.450000 -7.000000 -1.680000
2.361716 -9.516255 1.978864 7.420000 -7.630000 -4.200000
2.112862 -8.197811 4.201797 2.240000 -12.600000 -2.100000
2.112862 -8.197811 4.201797 2.240000 -12.600000 -2.100000
2.179861 -10.073784 1.308874 -14.420000 -15.680000 1.120000
2.179861 -10.073784 1.308874 -14.420000 -15.680000 1.120000
2.397608 -10.049855 1.201197 -19.740000 -13.580000 1.470000
2.328217 -9.449257 1.270589 -6.370000 -11.620000 -0.840000
2.720639 -8.647661 2.517249 -19.600000 -12.040000 -3.290000
2.440679 -10.169496 1.730011 -28.770000 -18.830000 -2.380000
2.359323 -9.468399 2.026721 -18.480000 -18.620001 -0.910000
2.359323 -9.468399 2.026721 -18.480000 -18.620001 -0.910000
2.242075 -9.645468 1.540978 -2.030000 -19.809999 -0.490000
2.242075 -9.645468 1.540978 -2.030000 -19.809999 -0.490000
2.378466 -9.856036 1.170090 6.090000 -17.219999 -2.380000
2.457429 -9.793823 1.107877 -1.610000 -12.600000 -1.190000
2.502892 -9.722038 1.127020 -6.300000 -11.900000 -1.610000
2.591427 -9.600004 0.985843 -2.310000 -10.010000 -2.240000
2.598605 -9.611969 0.914058 3.080000 -7.000000 -2.170000
2.543570 -9.430114 0.937986 0.490000 -6.160000 -1.890000
2.526821 -9.312866 1.004985 -1.330000 -3.290000 -0.560000
2.502892 -9.454042 0.978664 -3.570000 -1.050000 0.070000
2.553142 -9.422935 0.885344 2.590000 1.190000 -0.350000
2.572284 -9.470792 1.196411 -1.330000 1.680000 0.490000
2.548356 -9.537791 1.100698 -3.850000 2.030000 0.840000
2.548356 -9.611969 1.076770 -0.490000 1.680000 1.120000
2.565106 -9.580862 1.091127 1.960000 1.400000 0.070000
2.545963 -9.566505 1.141376 3.500000 1.680000 0.420000
2.435893 -9.363115 1.234696 3.080000 2.310000 1.540000
