2.076970 -8.965906 2.711068 4.340000 0.560000 1.120000
2.076970 -8.965906 2.711068 4.340000 0.560000 1.120000
2.091327 -9.466006 2.730211 -3.430000 -0.140000 0.840000
2.210968 -9.372685 2.380858 5.040000 0.630000 1.540000
2.232504 -9.109475 2.541178 10.150000 0.420000 1.960000
2.143969 -9.427721 3.024528 -3.220000 -1.190000 2.380000
2.187040 -10.001998 1.440479 15.190001 -2.100000 2.310000
2.321038 -8.908479 2.091327 42.770000 -1.680000 1.890000
2.062613 -8.736196 3.952943 0.770000 -2.590000 1.820000
2.378466 -9.872787 2.072184 6.790000 -3.850000 -1.960000
2.378466 -9.872787 2.072184 6.790000 -3.850000 -1.960000
1.880759 -9.523434 3.462414 -26.040001 -11.550000 1.750000
2.134398 -10.222138 2.029114 6.510000 -8.190000 -0.770000
2.335395 -7.968100 3.706482 19.740000 -8.050000 0.700000
1.871187 -10.016356 3.203990 -22.889999 -12.880000 4.760000
1.871187 -10.016356 3.203990 -22.889999 -12.880000 4.760000
2.438286 -9.166903 2.742175 21.980000 -8.820000 1.260000
2.433501 -10.023535 2.457429 -19.809999 -15.260000 6.020000
2.021935 -9.348758 2.806781 -15.820000 -18.340000 6.230000
2.021935 -9.348758 2.806781 -15.820000 -18.340000 6.230000
1.971686 -9.375079 2.847459 -5.390000 -20.790001 2.310000
2.029114 -9.272188 2.756532 -3.430000 -21.280001 2.520000
1.942972 -9.492328 2.830709 -3.500000 -22.469999 3.080000
2.060220 -9.442079 2.431108 -2.870000 -22.400000 2.380000
2.086541 -9.403792 2.270789 -1.960000 -20.650000 1.260000
2.053042 -9.585647 2.333002 -2.590000 -20.650000 -0.840000
2.342573 -9.439686 1.923829 -4.270000 -13.160000 0.350000
2.249253 -9.535398 1.962115 0.280000 -12.040000 0.630000
2.344966 -9.308081 1.864009 -4.410000 -6.720000 1.890000
2.344966 -9.308081 1.864009 -4.410000 -6.720000 1.890000
2.251646 -9.315259 1.768296 -12.810000 -4.620000 0.560000
2.323431 -9.566505 1.655833 -5.460000 -2.310000 -0.070000
2.275574 -9.494720 2.014757 -2.310000 1.750000 0.560000
2.275574 -9.494720 2.014757 -2.310000 1.750000 0.560000
2.309074 -9.588040 2.155933 -2.170000 1.190000 -0.420000
2.230111 -9.480364 2.170290 3.010000 1.820000 -0.140000
2.356930 -9.480364 2.234896 -0.490000 1.050000 -0.490000
2.275574 -9.556933 2.141576 -3.570000 0.420000 -0.350000
2.239682 -9.451650 1.981257 -1.680000 0.560000 -0.770000
2.275574 -9.439686 2.074577 3.500000 1.470000 -1.120000
