2.490928 -8.930015 2.409572 19.250000 0.980000 -0.140000
2.490928 -9.942179 1.459622 -2.940000 3.080000 -0.210000
2.701497 -9.200402 1.696511 22.610001 3.990000 0.350000
2.701497 -9.200402 1.696511 22.610001 3.990000 0.350000
2.589034 -8.441878 2.577070 27.650000 4.900000 0.980000
2.512464 -10.023535 1.349552 -3.290000 3.010000 -3.150000
2.706282 -7.709675 3.637090 38.500000 2.730000 -2.870000
2.474179 -8.001599 4.206582 18.129999 -1.680000 -3.290000
2.474179 -8.001599 4.206582 18.129999 -1.680000 -3.290000
2.641676 -11.006985 2.098505 -7.070000 -8.680000 -7.910000
2.641676 -11.006985 2.098505 -7.070000 -8.680000 -7.910000
2.132005 -7.649854 3.680161 -25.200001 -10.920000 1.120000
2.907279 -10.420743 1.957329 -4.760000 -11.550000 -5.460000
2.658426 -8.169096 3.084348 -6.720000 -12.740000 -0.980000
2.658426 -8.169096 3.084348 -6.720000 -12.740000 -0.980000
2.385644 -8.573483 2.756532 -26.880001 -12.950000 1.050000
2.782853 -9.497113 2.098505 -8.190000 -12.600000 -5.110000
2.600998 -9.650253 2.421536 0.210000 -16.030001 -4.760000
2.833102 -9.312866 2.112862 7.070000 -14.350000 -3.920000
2.983850 -9.365508 1.993221 3.430000 -13.860000 -3.570000
2.983850 -9.365508 1.993221 3.430000 -13.860000 -3.570000
2.904887 -9.348758 2.112862 6.930000 -12.880000 -3.640000
3.153740 -8.922836 1.974079 -0.070000 -9.520000 -3.780000
3.156133 -9.176475 2.007578 -0.280000 -7.700000 -1.680000
3.156133 -9.176475 2.007578 -0.280000 -7.700000 -1.680000
3.050849 -9.346365 1.797010 -1.260000 -4.060000 -0.630000
3.239882 -9.174082 1.730011 -1.330000 -0.840000 1.330000
3.199204 -9.209974 1.864009 1.120000 -0.980000 -0.910000
3.194418 -9.064013 1.971686 -1.120000 -0.980000 -0.700000
3.194418 -9.064013 1.971686 -1.120000 -0.980000 -0.700000
3.086741 -9.200402 1.954936 -2.380000 1.260000 -0.210000
3.115455 -9.334401 1.899901 -3.430000 1.680000 0.280000
3.115455 -9.334401 1.899901 -3.430000 1.680000 0.280000
3.060420 -9.238688 1.701297 -4.060000 1.330000 -0.280000
3.175276 -8.994620 1.856830 -7.910000 3.360000 2.030000
3.091527 -9.195618 1.832902 -7.210000 3.150000 2.240000
3.038885 -9.291330 1.722832 -1.610000 2.520000 1.400000
2.993421 -9.265009 1.816152 0.560000 1.820000 1.540000
3.024528 -9.159724 2.112862 2.030000 1.400000 1.540000
3.139383 -9.229117 1.995614 1.890000 0.490000 2.380000
3.089134 -9.387043 1.780260 -4.200000 1.120000 1.890000
