2.562713 -9.288938 1.775474 2.940000 1.260000 -1.190000
2.562713 -9.288938 1.775474 2.940000 1.260000 -1.190000
2.562713 -9.288938 1.775474 2.940000 1.260000 -1.190000
2.533999 -9.456435 2.167897 -4.060000 0.490000 -0.210000
2.533999 -9.456435 2.167897 -4.060000 0.490000 -0.210000
2.545963 -9.329616 2.163112 20.020000 0.070000 0.210000
2.435893 -8.932407 2.512464 19.250000 -1.750000 -1.960000
2.450250 -9.760324 1.462015 -6.440000 -1.260000 -1.680000
2.622534 -8.537591 2.627320 34.509998 -2.030000 -0.700000
2.404787 -8.346166 3.019742 24.430000 -3.360000 -1.960000
2.404787 -8.346166 3.019742 24.430000 -3.360000 -1.960000
2.591427 -10.236496 1.672583 -7.070000 -4.060000 -2.730000
2.651247 -8.595018 2.715853 -12.600000 -3.360000 1.400000
2.816352 -10.554741 1.414158 7.840000 -6.020000 -8.820000
3.275774 -7.379465 3.347559 31.990000 -7.140000 -5.670000
2.857030 -7.200003 3.404987 -16.100000 -6.860000 -3.640000
2.857030 -7.200003 3.404987 -16.100000 -6.860000 -3.640000
3.060420 -10.188639 2.703890 7.140000 -19.250000 -15.120000
2.620141 -8.975478 2.969493 -10.780000 -19.950001 -4.060000
2.792424 -9.133404 2.213361 -2.170000 -19.320000 -1.610000
2.792424 -9.133404 2.213361 -2.170000 -19.320000 -1.610000
2.871387 -9.477970 2.007578 4.830000 -17.010000 -5.110000
3.225525 -9.308081 2.088934 5.390000 -14.700000 -4.340000
3.113062 -9.499505 2.002793 1.400000 -14.210000 -5.390000
3.294917 -9.193225 1.974079 -2.590000 -10.710000 -6.510000
3.244668 -9.090333 1.689333 1.890000 -10.290000 -6.860000
3.290131 -9.245867 1.557728 -4.410000 -8.330000 -6.440000
3.366701 -8.642875 1.598405 -4.130000 -2.730000 -3.920000
3.361916 -8.894121 1.682154 4.690000 -1.050000 -2.520000
3.282953 -9.020942 2.053042 4.480000 1.540000 -0.070000
3.282953 -9.020942 2.053042 4.480000 1.540000 -0.070000
3.361916 -9.116654 2.009971 -0.140000 0.630000 2.380000
3.361916 -9.159724 1.897508 -4.550000 0.910000 2.730000
3.299703 -9.276974 2.100898 -7.140000 0.350000 2.870000
3.333202 -9.154939 2.038685 -2.520000 -0.070000 2.380000
3.239882 -9.195618 1.964507 2.310000 0.070000 2.240000
3.280560 -9.303294 1.763510 -1.190000 1.120000 1.890000
3.280560 -9.303294 1.763510 -1.190000 1.120000 1.890000
3.158526 -9.056834 1.914258 -2.450000 1.330000 2.030000
