2.426322 -9.401401 1.866402 -2.030000 1.190000 1.540000
2.395216 -9.772287 1.713261 2.590000 0.350000 0.560000
2.395216 -9.772287 1.713261 2.590000 0.350000 0.560000
2.538785 -9.604790 1.373480 22.540001 0.910000 -0.140000
2.361716 -10.401600 0.928415 19.879999 0.700000 -2.170000
2.687140 -7.769495 2.792424 45.009998 0.910000 -0.070000
2.620141 -8.602197 2.950350 22.190001 2.240000 -1.400000
2.658426 -9.690931 1.445265 19.110001 -2.240000 -7.770000
2.658426 -9.690931 1.445265 19.110001 -2.240000 -7.770000
2.452643 -6.991827 4.692325 -1.610000 -8.890000 -0.630000
2.404787 -10.214959 2.155933 3.290000 -14.490000 -8.470000
2.536392 -8.384450 2.873780 -6.300000 -10.850000 2.030000
2.536392 -8.384450 2.873780 -6.300000 -10.850000 2.030000
2.498107 -9.501899 2.268396 -19.110001 -9.800000 2.520000
2.792424 -9.798609 1.703690 2.030000 -9.940000 -4.690000
2.419144 -9.406186 2.849852 -15.400000 -19.180000 -2.310000
2.809174 -9.071191 2.127219 -0.420000 -18.549999 -3.150000
2.773281 -9.121440 2.009971 3.010000 -19.460001 -1.820000
2.847459 -9.159724 1.732404 -13.510000 -20.719999 -1.610000
2.847459 -9.159724 1.732404 -13.510000 -20.719999 -1.610000
3.175276 -9.059227 1.646262 0.070000 -25.059999 -7.490000
3.093920 -9.272188 1.280160 -0.700000 -21.000000 -5.180000
3.093920 -9.272188 1.280160 -0.700000 -21.000000 -5.180000
3.132205 -9.059227 1.313660 5.600000 -14.770000 -1.540000
3.041277 -9.312866 1.584049 10.290000 -11.060000 -0.560000
3.165704 -9.303294 1.481157 2.450000 -11.900000 -1.470000
3.105884 -9.140583 1.488336 -2.660000 -5.740000 0.210000
3.211168 -9.351151 1.351945 -1.680000 -5.950000 -0.490000
3.134598 -9.353544 1.325624 -0.630000 -2.030000 -0.420000
3.134598 -9.353544 1.325624 -0.630000 -2.030000 -0.420000
3.134598 -9.353544 1.325624 -0.630000 -2.030000 -0.420000
3.034099 -9.154939 1.646262 -4.270000 2.030000 0.350000
3.034099 -9.154939 1.646262 -4.270000 2.030000 0.350000
3.108276 -9.308081 1.631905 2.450000 1.680000 1.120000
3.108276 -9.308081 1.631905 2.450000 1.680000 1.120000
3.067599 -9.327222 1.399801 0.700000 2.940000 2.240000
3.046063 -9.090333 1.619941 1.610000 3.850000 3.010000
