2.402394 -9.365508 1.871187 -0.280000 -3.850000 1.260000
2.397608 -9.451650 2.189433 -3.290000 -2.870000 -0.210000
2.467000 -9.363115 1.880759 0.420000 -2.380000 0.700000
2.467000 -9.363115 1.880759 0.420000 -2.380000 0.700000
2.352145 -9.377472 1.926222 2.940000 -1.750000 0.840000
2.344966 -9.389436 1.938186 3.570000 -1.680000 -0.280000
2.397608 -9.571291 1.411765 3.500000 -1.820000 -2.940000
2.397608 -9.571291 1.411765 3.500000 -1.820000 -2.940000
2.589034 -9.934999 1.433301 8.190000 -1.050000 -5.040000
2.589034 -9.934999 1.433301 8.190000 -1.050000 -5.040000
2.589034 -9.934999 1.433301 8.190000 -1.050000 -5.040000
2.589034 -9.934999 1.433301 8.190000 -1.050000 -5.040000
2.589034 -9.934999 1.433301 8.190000 -1.050000 -5.040000
2.636890 -9.341579 1.507478 -11.130000 -19.530001 -3.150000
2.636890 -9.341579 1.507478 -11.130000 -19.530001 -3.150000
2.804388 -9.485149 1.543371 -9.800000 -18.549999 -4.340000
2.804388 -9.485149 1.543371 -9.800000 -18.549999 -4.340000
2.866602 -9.317651 0.892523 -15.400000 -16.450001 -2.940000
2.866602 -9.317651 0.892523 -15.400000 -16.450001 -2.940000
2.950350 -9.592826 0.638884 -5.040000 -18.900000 -2.450000
2.828316 -9.281759 1.045663 -0.910000 -18.129999 -2.730000
2.885744 -9.743573 0.981057 1.190000 -18.270000 -3.360000
2.885744 -9.743573 0.981057 1.190000 -18.270000 -3.360000
3.034099 -9.415757 0.811167 2.800000 -18.480000 -2.800000
2.840281 -9.470792 1.272982 4.410000 -21.559999 -6.160000
3.034099 -9.303294 0.906880 9.450000 -17.990000 -0.210000
3.017349 -9.621540 0.878166 -6.580000 -19.320000 -0.980000
3.017349 -9.621540 0.878166 -6.580000 -19.320000 -0.980000
3.014957 -9.327222 0.507278 -1.750000 -12.670000 1.050000
3.010171 -9.305687 0.406780 -4.060000 -8.330000 1.470000
3.019742 -9.360723 0.471386 -1.960000 -7.490000 0.980000
3.005385 -9.322437 0.504886 1.260000 -5.180000 1.190000
3.038885 -9.379865 0.538385 -2.520000 -2.870000 0.910000
3.014957 -9.477970 0.380459 -3.220000 -1.260000 1.260000
3.036492 -9.427721 0.478565 -1.750000 -0.700000 0.980000
3.108276 -9.542577 0.411566 -2.240000 -0.140000 0.980000
3.077170 -9.437292 0.581456 0.840000 0.070000 1.260000
2.998207 -9.401401 0.574277 0.840000 0.700000 0.140000
