2.117648 -9.016156 2.483750 1.050000 1.750000 0.980000
2.112862 -9.403792 2.545963 8.120000 2.380000 1.120000
2.112862 -9.403792 2.545963 8.120000 2.380000 1.120000
2.086541 -9.765109 2.414358 4.760000 1.750000 -0.140000
2.086541 -9.765109 2.414358 4.760000 1.750000 -0.140000
2.325824 -8.626125 3.129812 10.850000 -2.730000 0.420000
2.325824 -8.626125 3.129812 10.850000 -2.730000 0.420000
2.100898 -10.181459 2.321038 1.820000 -3.010000 -2.030000
2.086541 -8.695518 3.555735 15.890000 -7.630000 -0.420000
2.251646 -9.571291 2.311467 21.700001 -9.520000 -3.780000
2.220540 -7.633104 4.237689 14.350000 -10.290000 -0.770000
2.340181 -10.951948 1.732404 -13.860000 -13.650000 0.070000
2.048256 -7.793423 3.524628 15.050000 -7.490000 -1.540000
2.112862 -8.664411 3.034099 -24.710001 -13.020000 -0.980000
2.112862 -8.664411 3.034099 -24.710001 -13.020000 -0.980000
2.213361 -10.028319 2.493321 -13.090000 -17.010000 -5.530000
1.887937 -9.535398 3.036492 -4.200000 -22.400000 3.500000
2.277967 -9.293723 2.457429 -0.140000 -22.260000 5.180000
2.132005 -9.327222 2.203789 -19.600000 -21.980000 6.580000
2.230111 -9.432507 1.734797 -21.910000 -19.809999 5.600000
2.206182 -9.073583 1.935793 -8.260000 -19.740000 2.590000
2.476572 -9.434900 1.969293 1.750000 -19.460001 1.190000
2.476572 -9.434900 1.969293 1.750000 -19.460001 1.190000
2.244468 -9.434900 2.225325 -4.620000 -24.639999 -0.280000
2.294717 -9.370294 1.880759 -9.590000 -22.540001 1.400000
2.210968 -9.511470 1.473979 -3.780000 -15.820000 3.220000
2.476572 -9.396614 1.172483 -3.080000 -8.190000 -1.750000
2.476572 -9.396614 1.172483 -3.080000 -8.190000 -1.750000
2.467000 -9.444471 1.442872 0.490000 -1.330000 1.540000
2.493321 -9.504292 1.485943 -1.260000 -0.210000 1.680000
2.407180 -9.722038 1.622334 3.780000 0.280000 0.910000
2.407180 -9.722038 1.622334 3.780000 0.280000 0.910000
2.342573 -9.568897 1.665405 -0.210000 0.070000 -0.840000
2.323431 -9.643075 1.718047 -2.450000 0.280000 -1.330000
2.301895 -9.614362 1.612763 4.270000 1.750000 -0.490000
2.301895 -9.614362 1.612763 4.270000 1.750000 -0.490000
