2.129612 -9.499505 2.141576 3.220000 0.490000 0.280000
2.045863 -9.504292 2.069792 1.540000 0.980000 0.070000
2.045863 -9.504292 2.069792 1.540000 0.980000 0.070000
2.117648 -9.324830 2.184647 2.380000 -0.560000 -0.350000
2.117648 -9.324830 2.184647 2.380000 -0.560000 -0.350000
2.153540 -9.710074 1.871187 12.810000 -3.010000 -1.890000
2.112862 -8.858230 2.634498 8.960000 -5.880000 -1.260000
2.055435 -9.205189 2.658426 -3.360000 -8.120000 -1.400000
2.294717 -9.750752 1.871187 12.810000 -8.330000 -2.730000
2.294717 -9.750752 1.871187 12.810000 -8.330000 -2.730000
2.139183 -8.530413 3.515057 4.550000 -13.300000 -3.570000
2.065006 -9.925428 2.725425 -18.340000 -14.980000 -1.680000
2.167897 -9.901501 2.268396 10.990000 -17.710001 -6.090000
2.289931 -10.219746 2.289931 -28.350000 -19.740000 -1.750000
2.289931 -10.219746 2.289931 -28.350000 -19.740000 -1.750000
2.361716 -8.908479 2.471786 -5.250000 -18.969999 -4.270000
2.230111 -9.600004 2.096112 -32.270000 -19.809999 -1.050000
2.230111 -9.600004 2.096112 -32.270000 -19.809999 -1.050000
2.529213 -9.719646 1.220340 2.450000 -12.740000 -2.520000
2.452643 -9.753145 1.349552 8.120000 -12.740000 -1.890000
2.452643 -9.753145 1.349552 8.120000 -12.740000 -1.890000
2.452643 -9.753145 1.349552 8.120000 -12.740000 -1.890000
2.505285 -9.521042 1.648655 -2.240000 -23.940001 -1.400000
2.490928 -9.619147 1.782653 -0.420000 -22.680000 -2.940000
2.648855 -9.585647 1.459622 3.850000 -18.549999 -1.610000
2.648855 -9.585647 1.459622 3.850000 -18.549999 -1.610000
2.562713 -9.334401 1.435694 3.920000 -16.450001 -0.980000
2.562713 -9.334401 1.435694 3.920000 -16.450001 -0.980000
2.572284 -9.198010 1.215554 -1.190000 -11.550000 1.050000
2.572284 -9.198010 1.215554 -1.190000 -11.550000 1.050000
2.567499 -9.315259 1.162912 -5.810000 -5.600000 1.470000
2.648855 -9.248260 1.110270 -0.980000 -2.310000 1.890000
2.644069 -9.413363 0.952343 0.350000 -0.700000 1.820000
2.598605 -9.528220 1.067199 -0.350000 1.750000 1.190000
2.711068 -9.595219 1.033699 -3.430000 3.710000 1.400000
2.600998 -9.312866 1.478764 -1.050000 3.360000 1.890000
