2.246860 -9.621540 1.174876 2.100000 0.630000 -3.010000
2.251646 -9.767502 1.234696 4.480000 -0.280000 -4.900000
2.251646 -9.767502 1.234696 4.480000 -0.280000 -4.900000
2.421536 -9.762716 1.167697 1.680000 -4.410000 -5.460000
2.435893 -9.303294 1.555335 6.370000 -4.410000 -4.830000
2.376073 -9.793823 1.323231 -4.480000 -7.350000 -3.780000
2.376073 -9.793823 1.323231 -4.480000 -7.350000 -3.780000
2.364109 -9.229117 2.275574 -7.560000 -11.480000 -3.080000
2.502892 -10.030712 0.894916 -2.590000 -15.890000 -4.550000
2.476572 -9.040084 1.727618 11.620000 -10.920000 -5.670000
2.476572 -9.040084 1.727618 11.620000 -10.920000 -5.670000
2.699104 -9.667004 0.796810 2.730000 -17.150000 -5.460000
2.414358 -9.293723 2.019542 -8.190000 -15.750000 -4.690000
2.493321 -9.757930 1.495514 -20.020000 -18.270000 -2.590000
2.493321 -9.757930 1.495514 -20.020000 -18.270000 -2.590000
2.550749 -9.549755 0.961915 -13.020000 -17.290001 -3.570000
2.550749 -9.549755 0.961915 -13.020000 -17.290001 -3.570000
2.998207 -9.643075 0.289532 2.590000 -13.370000 -1.890000
2.794817 -9.748360 0.686740 -18.200001 -15.610000 -1.540000
3.031706 -9.738789 0.265603 -11.830000 -16.100000 -3.570000
2.746960 -9.140583 0.942772 -4.900000 -16.799999 -5.740000
2.746960 -9.140583 0.942772 -4.900000 -16.799999 -5.740000
2.967100 -9.501899 0.559920 6.440000 -21.980000 -7.910000
2.967100 -9.501899 0.559920 6.440000 -21.980000 -7.910000
2.967100 -9.611969 0.586242 -1.960000 -19.740000 -5.390000
2.957529 -9.253045 0.122034 -3.430000 -13.160000 -3.850000
3.110669 -9.399008 0.330210 0.560000 -10.780000 -4.690000
3.089134 -9.269794 0.043071 -0.140000 -6.580000 -2.100000
3.048456 -9.358330 0.035892 -4.480000 -5.040000 -1.680000
3.089134 -9.339187 0.193819 -2.170000 -3.780000 -0.420000
3.089134 -9.339187 0.193819 -2.170000 -3.780000 -0.420000
3.065206 -9.293723 0.088534 -3.640000 -1.400000 0.840000
3.110669 -9.475577 0.028714 -4.760000 0.140000 1.260000
3.046063 -9.355937 0.045464 -0.560000 1.050000 1.120000
3.046063 -9.355937 0.045464 -0.560000 1.050000 1.120000
3.046063 -9.355937 0.045464 -0.560000 1.050000 1.120000
3.007778 -9.343972 0.303888 0.630000 2.940000 1.260000
3.007778 -9.343972 0.303888 0.630000 2.940000 1.260000
3.007778 -9.343972 0.303888 0.630000 2.940000 1.260000
