2.074577 -9.363115 2.550749 10.710000 0.070000 -1.050000
2.129612 -9.540184 2.627320 -7.980000 -2.730000 0.980000
2.146362 -9.604790 1.988436 6.720000 -3.290000 -0.070000
2.146362 -9.604790 1.988436 6.720000 -3.290000 -0.070000
1.902294 -9.647861 2.694318 -5.670000 -5.390000 0.630000
1.902294 -9.647861 2.694318 -5.670000 -5.390000 0.630000
2.227718 -9.157332 2.306681 18.549999 -3.360000 1.680000
2.227718 -9.157332 2.306681 18.549999 -3.360000 1.680000
2.280360 -10.415956 1.457229 17.010000 -4.900000 -0.910000
2.474179 -8.403593 3.050849 37.380001 -6.510000 -2.590000
1.974079 -9.226725 3.775874 -25.760000 -14.140000 2.520000
1.974079 -9.226725 3.775874 -25.760000 -14.140000 2.520000
2.246860 -9.305687 2.380858 22.330000 -13.650000 -4.200000
2.325824 -7.223931 3.471986 10.920000 -11.480000 -1.260000
2.134398 -8.678767 2.778067 12.810000 -14.630000 -0.070000
1.962115 -8.197811 3.256632 -6.510000 -16.240000 3.010000
2.335395 -9.750752 2.751746 -2.660000 -21.840000 3.290000
2.335395 -9.750752 2.751746 -2.660000 -21.840000 3.290000
2.282753 -9.202796 2.840281 -6.720000 -26.180000 7.840000
2.282753 -9.202796 2.840281 -6.720000 -26.180000 7.840000
1.969293 -9.363115 2.151148 -7.000000 -27.160000 4.550000
2.141576 -9.544970 1.998007 -7.910000 -26.460001 3.080000
2.199004 -9.291330 1.945365 1.750000 -23.520000 2.240000
2.227718 -9.671788 1.701297 -5.740000 -20.370001 0.210000
2.227718 -9.671788 1.701297 -5.740000 -20.370001 0.210000
2.474179 -9.420543 1.775474 -1.820000 -15.610000 -0.280000
2.514857 -9.509077 1.758725 -1.330000 -14.700000 -1.750000
2.352145 -9.506684 1.655833 -4.480000 -13.160000 -0.630000
2.306681 -9.384650 1.765903 -1.750000 -10.290000 -0.350000
2.356930 -9.406186 1.555335 -1.470000 -5.810000 -0.210000
2.364109 -9.499505 1.689333 -0.490000 -5.460000 -0.560000
2.426322 -9.535398 1.655833 -10.500000 0.560000 -0.840000
2.426322 -9.535398 1.655833 -10.500000 0.560000 -0.840000
2.538785 -9.466006 1.873580 -7.070000 1.190000 -0.490000
2.347359 -9.363115 1.694118 -1.400000 1.610000 -0.910000
2.445465 -9.418150 1.684547 -1.120000 1.470000 0.840000
2.426322 -9.339187 1.871187 -0.910000 1.680000 1.050000
2.301895 -9.473185 1.792224 0.210000 0.840000 1.120000
2.423929 -9.427721 1.670190 0.700000 1.470000 0.910000
2.304288 -9.489935 1.775474 0.980000 1.540000 1.680000
2.373680 -9.451650 1.928615 1.120000 1.400000 0.420000
