2.667997 -9.296116 1.868794 5.740000 0.070000 1.190000
2.667997 -9.296116 1.868794 5.740000 0.070000 1.190000
2.608176 -9.509077 1.890330 18.340000 2.940000 0.350000
2.581856 -9.518648 1.954936 23.660000 2.590000 -1.260000
2.581856 -9.518648 1.954936 23.660000 2.590000 -1.260000
2.687140 -9.073583 2.490928 19.740000 -0.350000 -1.680000
2.723032 -9.571291 2.155933 11.480000 -0.840000 -4.550000
2.732604 -8.910872 2.232504 21.770000 -1.050000 -4.690000
2.610569 -9.815358 2.589034 8.540000 -8.470000 -2.520000
2.689533 -8.195417 3.323631 20.299999 -7.490000 1.190000
2.457429 -9.547362 2.758924 -11.410000 -10.780000 4.480000
2.538785 -9.224331 2.584249 11.200000 -12.530000 -0.210000
2.734996 -9.528220 2.445465 -11.270000 -11.690000 0.980000
2.861816 -8.812766 2.907279 -10.080000 -15.120000 -4.200000
2.861816 -8.812766 2.907279 -10.080000 -15.120000 -4.200000
2.696711 -9.265009 2.615355 -2.450000 -19.600000 -5.180000
2.696711 -9.265009 2.615355 -2.450000 -19.600000 -5.180000
2.636890 -8.968300 2.517249 -6.510000 -16.240000 -3.570000
2.983850 -9.054441 2.103291 -10.710000 -15.260000 -4.410000
2.876173 -9.525827 2.333002 -7.490000 -17.639999 -5.880000
3.000600 -9.257831 2.263610 -5.180000 -18.969999 -7.350000
3.000600 -9.257831 2.263610 -5.180000 -18.969999 -7.350000
3.048456 -8.874979 2.323431 -8.260000 -17.780001 -5.880000
3.285345 -8.908479 2.108077 0.280000 -19.600000 0.350000
3.376273 -9.195618 1.952543 7.280000 -16.520000 5.180000
3.376273 -9.195618 1.952543 7.280000 -16.520000 5.180000
3.211168 -9.025726 1.864009 -6.160000 -15.890000 6.440000
3.089134 -9.485149 1.473979 -11.200000 -14.910000 8.610000
2.902494 -9.640682 1.464408 -5.390000 -6.580000 7.420000
2.902494 -9.640682 1.464408 -5.390000 -6.580000 7.420000
3.041277 -9.504292 1.373480 -7.280000 -3.290000 2.660000
3.091527 -9.466006 1.514657 -0.490000 -1.400000 1.330000
3.084348 -9.573684 1.643869 2.310000 -1.610000 0.140000
2.928815 -9.355937 1.631905 0.630000 -2.310000 -1.540000
2.928815 -9.355937 1.631905 0.630000 -2.310000 -1.540000
2.991028 -9.257831 1.624727 1.260000 -0.980000 -0.910000
3.069991 -9.061620 1.256232 -0.350000 0.770000 0.140000
2.909672 -9.255438 1.476372 3.290000 2.800000 1.050000
3.089134 -9.233903 1.495514 1.540000 5.670000 2.380000
