2.292324 -9.245867 2.971886 1.960000 -0.560000 2.870000
2.268396 -9.274581 2.897708 -1.680000 -1.260000 2.030000
2.141576 -9.401401 2.701497 1.190000 -0.700000 1.190000
2.172683 -9.427721 2.541178 1.120000 -0.490000 -0.140000
2.160719 -9.284152 2.687140 -0.070000 -0.280000 0.420000
2.246860 -9.454042 2.476572 3.500000 0.070000 2.450000
2.344966 -8.573483 3.292524 3.500000 0.140000 3.010000
2.108077 -9.803394 2.790031 -1.050000 -6.020000 0.420000
2.108077 -9.803394 2.790031 -1.050000 -6.020000 0.420000
2.167897 -9.889536 2.344966 5.530000 -8.470000 -2.380000
2.167897 -9.889536 2.344966 5.530000 -8.470000 -2.380000
2.206182 -10.856236 1.543371 -8.820000 -12.950000 3.220000
2.199004 -9.576077 1.954936 23.590000 -11.200000 -0.840000
1.780260 -8.451449 3.369094 -17.219999 -9.310000 6.720000
2.359323 -10.435099 2.143969 2.450000 -12.670000 -0.560000
2.359323 -10.435099 2.143969 2.450000 -12.670000 -0.560000
2.239682 -9.142976 3.122634 11.620000 -13.160000 1.050000
2.088934 -9.413363 2.785245 -15.330000 -18.969999 -0.980000
2.122434 -9.542577 2.440679 -11.060000 -17.360001 0.490000
2.043471 -9.585647 2.325824 -4.830000 -18.690001 -1.750000
2.273181 -9.291330 2.280360 -2.940000 -20.299999 -3.010000
2.273181 -9.291330 2.280360 -2.940000 -20.299999 -3.010000
2.323431 -9.451650 2.297110 -6.090000 -23.799999 -3.780000
2.440679 -9.363115 1.741975 -9.870000 -21.000000 -4.760000
2.416751 -9.391829 1.931008 2.520000 -21.910000 -6.160000
2.416751 -9.391829 1.931008 2.520000 -21.910000 -6.160000
2.505285 -9.243474 1.643869 4.060000 -17.290001 -0.910000
2.591427 -9.219545 1.483550 0.630000 -13.300000 2.310000
2.474179 -9.487542 1.763510 0.910000 -9.380000 1.400000
2.455036 -9.619147 1.612763 -0.980000 -6.370000 0.700000
2.455036 -9.619147 1.612763 -0.980000 -6.370000 0.700000
2.495714 -9.552148 1.198804 -4.830000 0.490000 2.310000
2.510071 -9.494720 1.237089 -8.540000 0.420000 0.980000
2.691926 -9.425328 1.548156 2.940000 -0.840000 -2.450000
2.622534 -9.406186 1.552942 -3.080000 2.170000 -0.770000
2.622534 -9.406186 1.552942 -3.080000 2.170000 -0.770000
2.510071 -9.420543 1.531406 -0.910000 1.330000 -1.330000
2.514857 -9.322437 1.579263 0.280000 3.360000 -0.140000
