2.316252 -9.315259 2.294717 -0.490000 -0.420000 -0.770000
2.301895 -9.451650 1.962115 -0.140000 -0.630000 0.070000
2.376073 -9.506684 2.081756 4.270000 -1.050000 -0.490000
2.409572 -9.403792 2.340181 6.860000 -1.470000 -0.490000
2.409572 -9.403792 2.340181 6.860000 -1.470000 -0.490000
2.455036 -9.262616 1.988436 4.550000 -3.850000 1.050000
2.455036 -9.262616 1.988436 4.550000 -3.850000 1.050000
2.447858 -9.870394 1.452443 -3.080000 -3.640000 -7.350000
2.550749 -9.035298 2.237289 1.540000 -3.570000 -9.170000
2.574677 -8.851050 2.991028 -7.700000 -6.790000 -8.330000
2.694318 -9.760324 1.804188 -30.520000 -15.400000 -11.760000
2.641676 -8.937192 3.203990 -21.700001 -20.790001 -7.700000
2.498107 -9.008978 2.842674 -38.500000 -21.910000 -3.570000
2.682354 -9.781858 1.433301 -27.230000 -23.100000 -1.540000
2.682354 -9.781858 1.433301 -27.230000 -23.100000 -1.540000
2.550749 -8.592626 1.454836 -9.940000 -18.690001 -0.070000
2.864209 -9.638289 0.251246 -3.360000 -11.480000 -2.170000
2.809174 -9.559326 0.842274 -3.570000 -5.110000 -6.160000
2.928815 -9.525827 0.794417 7.210000 -10.500000 -7.140000
2.672783 -9.243474 1.607977 -17.150000 -21.770000 -7.000000
2.672783 -9.243474 1.607977 -17.150000 -21.770000 -7.000000
2.993421 -9.174082 1.182054 8.960000 -25.270000 -3.990000
2.868994 -9.595219 0.681954 -4.550000 -22.540001 -2.030000
2.950350 -9.422935 0.516850 -11.690000 -20.370001 -2.170000
3.031706 -9.375079 0.495314 -8.260000 -14.700000 0.420000
3.031706 -9.375079 0.495314 -8.260000 -14.700000 0.420000
2.988636 -9.377472 0.495314 -5.810000 -12.740000 0.840000
3.022135 -9.363115 0.413958 -2.660000 -11.690000 0.910000
3.096312 -9.506684 0.236889 -6.510000 -8.470000 1.120000
3.012564 -9.300901 0.241675 -9.870000 -5.670000 0.490000
2.993421 -9.418150 0.040678 -4.270000 -2.240000 0.840000
3.000600 -9.466006 0.059821 -4.410000 -0.560000 0.630000
3.026921 -9.437292 0.263210 1.750000 0.350000 0.630000
3.026921 -9.475577 0.306281 5.110000 1.960000 -0.070000
3.101098 -9.449257 0.210568 0.280000 2.590000 0.770000
3.101098 -9.449257 0.210568 0.280000 2.590000 0.770000
2.976671 -9.432507 0.442672 -1.260000 2.940000 1.190000
3.026921 -9.597611 0.445065 0.140000 2.170000 -0.140000
3.077170 -9.525827 0.447458 3.430000 1.610000 -0.490000
3.022135 -9.597611 0.351745 0.700000 1.470000 -0.910000
