2.043471 -9.269794 3.141776 -1.890000 -1.260000 -0.560000
2.053042 -9.473185 2.368894 3.010000 -2.240000 -0.700000
2.067399 -9.217153 2.380858 6.580000 -1.050000 0.070000
2.065006 -10.004392 1.763510 -5.180000 -1.260000 1.890000
2.218147 -9.877571 1.239482 12.320000 -0.700000 0.700000
2.218147 -9.877571 1.239482 12.320000 -0.700000 0.700000
2.404787 -7.506285 3.713661 35.490002 -1.820000 -0.350000
2.009971 -10.121639 3.093920 -10.150000 -8.610000 2.800000
1.799403 -8.513663 4.268795 -8.260000 -14.210000 3.010000
1.892723 -10.004392 2.708675 -12.950000 -14.140000 3.220000
2.201397 -8.255238 3.632305 23.170000 -12.110000 -0.840000
2.026721 -9.731609 3.031706 -8.050000 -13.160000 2.170000
2.026721 -9.731609 3.031706 -8.050000 -13.160000 2.170000
2.005185 -10.133603 2.914458 7.770000 -11.200000 0.910000
2.043471 -9.903893 2.763710 -8.260000 -9.800000 1.680000
2.239682 -9.193225 2.603391 -26.389999 -7.700000 1.610000
2.251646 -9.224331 2.727818 -19.950001 -9.240000 -1.330000
2.237289 -9.477970 2.835495 -16.870001 -9.800000 -0.070000
2.237289 -9.477970 2.835495 -16.870001 -9.800000 -0.070000
2.191825 -9.363115 2.823531 -9.870000 -12.810000 -1.470000
2.115255 -9.360723 2.904887 5.600000 -18.270000 -0.140000
2.225325 -9.006584 2.550749 1.610000 -20.860001 -1.260000
2.225325 -9.006584 2.550749 1.610000 -20.860001 -1.260000
2.053042 -9.676575 2.510071 8.960000 -19.530001 -6.020000
2.230111 -9.468399 2.328217 8.750000 -14.420000 -6.090000
2.423929 -9.229117 2.404787 -11.690000 -8.120000 -4.690000
2.622534 -9.023334 2.232504 -10.640000 -7.000000 -2.100000
2.663212 -9.107083 2.079363 -10.220000 -4.970000 1.050000
2.545963 -9.231510 2.127219 -4.060000 -5.390000 1.330000
2.502892 -9.169296 1.981257 -0.210000 -3.360000 1.610000
2.502892 -9.379865 2.218147 -3.570000 -1.610000 1.540000
2.507678 -9.365508 2.182254 -4.340000 -0.700000 1.330000
2.553142 -9.403792 2.177469 -1.820000 -0.560000 1.260000
2.555535 -9.377472 2.160719 -3.920000 -1.190000 0.490000
2.550749 -9.355937 2.230111 -1.260000 -3.920000 -0.070000
2.452643 -9.434900 1.947758 -1.050000 -2.100000 0.140000
2.409572 -8.934800 2.158326 -1.680000 1.890000 1.050000
