1.100698 1.249053 9.363115 2.590000 5.600000 2.590000
0.923629 1.148555 9.056834 34.930000 4.900000 -5.530000
0.887737 1.198804 8.853443 46.270000 3.850000 -8.050000
1.268196 1.765903 8.762517 79.590004 6.930000 -8.470000
1.280160 2.041078 8.360522 116.690002 7.910000 -9.870000
1.280160 2.041078 8.360522 116.690002 7.910000 -9.870000
1.485943 2.962314 8.264810 144.339996 14.420000 -8.400000
1.390230 4.194618 6.941578 185.850006 12.320000 -13.020000
1.246661 5.697310 6.599405 217.279999 23.309999 -10.430000
1.246661 5.697310 6.599405 217.279999 23.309999 -10.430000
1.246661 5.697310 6.599405 217.279999 23.309999 -10.430000
1.246661 5.697310 6.599405 217.279999 23.309999 -10.430000
-0.043071 9.497113 2.330609 159.740005 36.540001 -20.370001
-0.358923 10.348958 2.428715 139.440002 34.790001 -18.969999
-0.488136 10.028319 1.832902 106.120003 28.350000 -18.620001
-0.765703 9.032906 1.103091 100.660004 27.650000 -21.490000
-0.765703 9.032906 1.103091 100.660004 27.650000 -21.490000
-0.636491 10.284351 0.748954 77.629997 25.690001 -23.100000
-0.983450 9.774680 0.844666 61.459999 22.330000 -18.129999
-0.976272 10.112068 -0.423530 52.779999 22.960001 -12.250000
-1.210768 10.468598 -0.650848 44.660000 22.260000 -7.770000
-1.103091 9.633504 -1.186840 64.120003 22.610001 -11.270000
-1.103091 9.633504 -1.186840 64.120003 22.610001 -11.270000
-1.208375 9.647861 -1.354338 13.230000 10.430000 -8.330000
-0.844666 10.057034 -1.576870 25.200001 18.900000 -4.270000
-1.150948 9.664611 -2.203789 9.940000 10.850000 -1.960000
-1.150948 9.664611 -2.203789 9.940000 10.850000 -1.960000
-1.564906 9.293723 -2.110470 12.530000 7.210000 0.560000
-1.225125 9.667004 -1.921437 6.930000 6.160000 -1.190000
-1.213161 9.454042 -2.206182 10.010000 9.660000 0.280000
-1.313660 9.872787 -1.622334 -6.090000 5.670000 1.610000
