-0.471386 0.976272 9.480364 -9.450000 3.850000 4.340000
-0.471386 0.976272 9.480364 -9.450000 3.850000 4.340000
-0.440279 0.914058 9.332008 -6.230000 4.060000 4.760000
-0.483350 0.641276 9.729217 -19.110001 4.970000 2.660000
-0.557528 -0.236889 9.690931 -25.900000 -0.490000 -0.350000
-0.421137 -1.095913 10.011569 -22.260000 -2.520000 -13.720000
-0.421137 -1.095913 10.011569 -22.260000 -2.520000 -13.720000
-0.442672 -2.112862 9.377472 -17.710001 -8.330000 -21.770000
-0.442672 -2.112862 9.377472 -17.710001 -8.330000 -21.770000
-0.442672 -2.112862 9.377472 -17.710001 -8.330000 -21.770000
-0.507278 -2.175076 9.387043 -8.260000 -5.950000 -46.759998
-0.507278 -2.175076 9.387043 -8.260000 -5.950000 -46.759998
-0.368495 -2.584249 9.116654 -8.680000 -5.740000 -68.320000
-1.002593 -1.287339 10.097712 6.300000 -2.940000 -93.029999
-1.002593 -1.287339 10.097712 6.300000 -2.940000 -93.029999
-1.722832 -0.471386 10.411172 -1.330000 -10.850000 -104.860001
-1.722832 -0.471386 10.411172 -1.330000 -10.850000 -104.860001
-1.928615 0.342174 10.482956 21.139999 -19.389999 -113.260002
-1.801795 0.552742 9.820145 4.550000 -24.290001 -110.110001
-1.753939 0.612563 9.480364 -5.670000 -22.750000 -109.270004
-1.753939 0.612563 9.480364 -5.670000 -22.750000 -109.270004
-1.383051 0.289532 9.253045 -10.150000 -21.980000 -110.669998
-1.753939 0.736989 8.750552 -13.930000 -19.320000 -114.940002
-1.485943 0.236889 8.415558 -24.639999 -15.190001 -112.559998
-1.485943 0.236889 8.415558 -24.639999 -15.190001 -112.559998
-1.904687 0.677169 8.264810 -13.370000 -7.770000 -120.750000
-2.629712 0.579063 8.681160 15.610000 4.480000 -135.240005
-2.859423 1.720440 8.906086 29.260000 6.720000 -136.919998
-2.277967 1.923829 8.863015 39.410000 5.250000 -128.869995
-2.277967 1.923829 8.863015 39.410000 5.250000 -128.869995
-0.725025 3.771089 9.475577 14.280000 3.360000 -100.660004
-0.569492 3.050849 9.769895 1.680000 4.760000 -64.400002
-1.507478 3.823731 9.676575 -6.720000 8.330000 -41.160000
-1.507478 3.823731 9.676575 -6.720000 8.330000 -41.160000
-1.540978 3.005385 9.497113 -32.270000 2.240000 -33.040001
-1.249053 2.079363 9.332008 1.120000 3.010000 -22.820000
-0.713061 2.840281 9.712467 -15.260000 5.600000 -10.570000
-0.617348 1.129412 9.224331 -4.200000 -0.210000 1.260000
-1.167697 1.610370 9.516255 -0.140000 10.500000 7.630000
-1.167697 1.610370 9.516255 -0.140000 10.500000 7.630000
-1.383051 1.234696 9.317651 -13.790000 8.260000 8.330000
-0.447458 1.232304 9.487542 -1.260000 3.710000 11.690000
-1.069592 1.615155 9.475577 -5.320000 8.750000 14.840000
-1.069592 1.615155 9.475577 -5.320000 8.750000 14.840000
-1.016950 1.215554 9.561719 -18.270000 6.440000 16.799999
