-2.184647 -0.368495 9.281759 -10.570000 -0.350000 4.200000
-2.184647 -0.368495 9.281759 -10.570000 -0.350000 4.200000
-2.155933 -0.452243 9.176475 -8.470000 1.680000 4.830000
-2.117648 -0.459422 9.437292 -4.130000 3.150000 6.720000
-2.091327 -0.409173 9.513863 -9.380000 2.100000 5.950000
-2.230111 -0.545564 11.928220 -11.480000 -2.310000 5.180000
-1.797010 -0.373280 12.973885 -9.520000 -7.980000 7.630000
-1.797010 -0.373280 12.973885 -9.520000 -7.980000 7.630000
-2.048256 -0.110070 14.912071 -6.090000 -28.000000 8.050000
-2.548356 -0.459422 14.376079 -10.640000 -56.980000 6.860000
-2.333002 -0.294317 14.282759 -2.520000 -77.910004 5.740000
-2.333002 -0.294317 14.282759 -2.520000 -77.910004 5.740000
-1.335195 -0.354138 12.782458 -3.360000 -124.949997 11.620000
-0.988236 -0.413958 12.763316 6.020000 -130.970001 16.170000
-0.887737 -0.184247 12.131610 18.620001 -135.449997 27.370001
-0.887737 -0.184247 12.131610 18.620001 -135.449997 27.370001
-0.521635 -0.574277 11.102697 12.390000 -144.899994 28.980000
-0.131605 -0.562313 9.595219 16.799999 -152.389999 20.299999
-0.131605 -0.562313 9.595219 16.799999 -152.389999 20.299999
0.512064 -0.502493 8.439486 20.580000 -157.080002 10.920000
1.268196 0.062213 8.298308 20.090000 -159.460007 11.900000
2.914458 -0.047856 5.429315 -7.560000 -163.309998 15.190001
2.914458 -0.047856 5.429315 -7.560000 -163.309998 15.190001
3.378666 -0.004786 4.742575 -19.040001 -160.789993 16.100000
3.378666 -0.004786 4.742575 -19.040001 -160.789993 16.100000
3.378666 -0.004786 4.742575 -19.040001 -160.789993 16.100000
3.950550 -0.748954 4.122833 -32.480000 -152.880005 5.670000
3.950550 -0.748954 4.122833 -32.480000 -152.880005 5.670000
6.396015 -2.105684 2.017149 -38.849998 -136.570007 12.040000
6.396015 -2.105684 2.017149 -38.849998 -136.570007 12.040000
6.879365 -1.048056 -0.306281 8.960000 -111.160004 -34.650002
6.879365 -1.048056 -0.306281 8.960000 -111.160004 -34.650002
6.879365 -1.048056 -0.306281 8.960000 -111.160004 -34.650002
6.879365 -1.048056 -0.306281 8.960000 -111.160004 -34.650002
6.879365 -1.048056 -0.306281 8.960000 -111.160004 -34.650002
7.862815 0.339781 -1.849652 13.860000 -88.059998 -32.200001
9.499505 0.655633 -2.361716 1.050000 11.270000 7.910000
9.614362 0.265603 -1.603191 1.120000 19.809999 10.290000
9.604790 0.248854 -0.748954 -2.800000 25.129999 8.610000
9.990034 0.136391 -0.717847 -1.680000 24.639999 10.360000
