-0.138784 1.083949 9.643075 -4.550000 0.980000 0.980000
-0.083749 0.890130 10.011569 0.700000 -8.750000 -3.150000
-0.157926 1.584049 10.339387 0.770000 -18.270000 -6.020000
0.098106 1.667797 10.628918 -8.540000 -23.940001 -6.020000
0.078963 1.509871 11.157731 -16.520000 -30.170000 -3.080000
0.078963 1.509871 11.157731 -16.520000 -30.170000 -3.080000
0.047856 1.450050 11.545370 -11.970000 -51.310001 -4.410000
0.047856 1.450050 11.545370 -11.970000 -51.310001 -4.410000
0.602991 0.799203 12.169895 -24.710001 -87.639999 -10.430000
0.602991 0.799203 12.169895 -24.710001 -87.639999 -10.430000
0.602991 0.799203 12.169895 -24.710001 -87.639999 -10.430000
1.706082 1.215554 11.614761 -12.320000 -114.309998 -6.650000
2.364109 0.552742 10.803595 -11.060000 -135.589996 -8.120000
3.323631 0.193819 8.985049 -0.840000 -159.039993 -12.600000
3.661019 0.564706 8.898908 2.450000 -162.820007 -10.220000
4.721039 1.004985 7.154540 1.190000 -180.880005 -12.810000
5.465207 0.978664 7.106683 -10.570000 -176.680008 -12.390000
6.080163 1.107877 5.168497 4.410000 -182.139999 -8.960000
6.080163 1.107877 5.168497 4.410000 -182.139999 -8.960000
7.106683 1.131805 3.890730 0.420000 -176.680008 -6.160000
6.716653 0.069392 1.715654 5.180000 -164.850006 -2.800000
6.716653 0.069392 1.715654 5.180000 -164.850006 -2.800000
6.716653 0.069392 1.715654 5.180000 -164.850006 -2.800000
6.716653 0.069392 1.715654 5.180000 -164.850006 -2.800000
6.716653 0.069392 1.715654 5.180000 -164.850006 -2.800000
6.716653 0.069392 1.715654 5.180000 -164.850006 -2.800000
6.716653 0.069392 1.715654 5.180000 -164.850006 -2.800000
6.716653 0.069392 1.715654 5.180000 -164.850006 -2.800000
6.716653 0.069392 1.715654 5.180000 -164.850006 -2.800000
6.716653 0.069392 1.715654 5.180000 -164.850006 -2.800000
9.066404 0.794417 -4.457829 -11.480000 0.490000 0.980000
9.446864 1.306481 -3.945765 -8.540000 8.190000 -1.400000
9.164511 1.363909 -3.601198 -14.490000 14.140000 -1.750000
9.164511 1.363909 -3.601198 -14.490000 14.140000 -1.750000
9.303294 1.395016 -3.361916 -10.360000 15.470000 -1.120000
9.303294 1.648655 -2.878566 -11.970000 17.080000 0.070000
9.303294 1.648655 -2.878566 -11.970000 17.080000 0.070000
9.030513 1.849652 -2.285146 -13.930000 17.010000 1.750000
9.166903 1.557728 -2.543570 -5.740000 13.300000 2.520000
