-0.409173 0.047856 9.657433 -3.430000 3.080000 -1.820000
-0.478565 -0.208176 9.540184 -5.390000 3.640000 1.470000
-0.478565 -0.208176 9.540184 -5.390000 3.640000 1.470000
-0.361316 -0.303888 9.559326 -2.870000 3.640000 1.610000
-0.492921 -0.229711 9.489935 -3.430000 4.620000 2.450000
-0.325424 -0.370888 9.566505 -8.470000 2.660000 3.080000
-0.382852 -0.543171 9.537791 -7.770000 3.290000 4.060000
-0.878166 -1.481157 9.556933 -2.310000 10.780000 10.780000
-0.878166 -1.481157 9.556933 -2.310000 10.780000 10.780000
-0.227318 -2.880959 9.877571 6.020000 8.680000 30.730000
0.074178 -3.531806 10.023535 11.060000 9.730000 24.219999
-1.036092 -4.053442 9.119047 3.430000 0.140000 -61.180000
-1.036092 -4.053442 9.119047 3.430000 0.140000 -61.180000
-1.074377 -3.093920 9.207582 10.290000 2.030000 -73.639999
-1.311267 -2.352145 9.454042 9.310000 -0.070000 -88.199997
-1.442872 -1.696511 10.057034 20.090000 0.070000 -102.480003
-1.696511 -0.366102 10.499706 15.260000 -10.710000 -103.459999
-1.543371 -0.150748 9.793823 -3.290000 -14.630000 -97.370003
-1.287339 -0.406780 9.724431 -1.820000 -14.910000 -96.669998
-1.287339 -0.406780 9.724431 -1.820000 -14.910000 -96.669998
-1.663012 -0.279960 9.530612 -0.840000 -9.940000 -104.580002
-1.663012 -0.279960 9.530612 -0.840000 -9.940000 -104.580002
-1.663012 -0.279960 9.530612 -0.840000 -9.940000 -104.580002
-1.897508 -0.260818 8.992228 -9.380000 -13.930000 -118.160004
-1.861616 -0.136391 8.671589 -22.889999 -10.290000 -128.729996
-1.861616 -0.136391 8.671589 -22.889999 -10.290000 -128.729996
-1.899901 -0.078963 8.549555 -14.560000 -1.680000 -133.979996
-1.899901 -0.078963 8.549555 -14.560000 -1.680000 -133.979996
-2.170290 0.401994 8.688338 5.950000 1.400000 -143.430008
-2.426322 0.849452 8.736196 11.270000 -0.630000 -142.240005
-1.550549 1.433301 9.652647 2.380000 -4.340000 -130.759995
-1.758725 1.526621 8.953942 -8.960000 -0.210000 -116.410004
-1.411765 1.593620 9.174082 -11.060000 0.420000 -110.459999
-1.031307 2.763710 9.836893 3.080000 5.040000 -80.919998
-1.493121 2.979064 9.375079 -9.730000 6.440000 -49.840000
-1.493121 2.979064 9.375079 -9.730000 6.440000 -49.840000
-0.727418 2.421536 9.805787 8.190000 9.940000 -30.590000
-1.210768 2.699104 9.815358 3.150000 13.300000 -21.840000
-0.569492 2.012364 9.841680 -25.059999 2.590000 -4.760000
-1.122234 1.045663 9.774680 2.800000 6.440000 3.500000
-0.356531 1.251446 9.789038 -9.940000 5.250000 13.650000
-0.882952 0.964308 9.549755 -22.120001 6.860000 18.410000
-0.945165 0.098106 9.466006 -4.410000 2.590000 21.980000
