-0.602991 1.533799 9.269794 -7.910000 2.800000 2.450000
-0.602991 1.533799 9.269794 -7.910000 2.800000 2.450000
-0.602991 1.533799 9.269794 -7.910000 2.800000 2.450000
-0.602991 1.533799 9.269794 -7.910000 2.800000 2.450000
-0.602991 1.533799 9.269794 -7.910000 2.800000 2.450000
-0.447458 0.914058 9.611969 -19.600000 3.500000 2.240000
-0.528814 0.291924 9.413363 -19.740000 1.470000 -2.170000
-0.540778 0.136391 9.427721 -10.080000 1.260000 -3.850000
-0.540778 0.119641 9.827322 -16.450001 3.500000 -10.220000
-0.457029 -1.076770 9.518648 -24.850000 -4.620000 -19.600000
-0.457029 -1.076770 9.518648 -24.850000 -4.620000 -19.600000
-0.308674 -0.868595 9.990034 4.270000 -4.270000 -24.430000
-0.363709 -1.328017 9.793823 -27.930000 -9.380000 -38.990002
-0.406780 -2.208575 9.750752 -15.750000 -12.460000 -43.959999
-0.406780 -2.208575 9.750752 -15.750000 -12.460000 -43.959999
-0.406780 -2.208575 9.750752 -15.750000 -12.460000 -43.959999
-0.614955 -1.356731 9.930215 -4.130000 -10.010000 -55.930000
-1.024128 -1.170090 9.997212 -11.690000 -13.300000 -72.449997
-1.287339 -0.854238 9.939785 -11.830000 -19.250000 -88.690002
-1.179662 -0.564706 9.580862 3.570000 -19.670000 -92.889999
-1.179662 -0.564706 9.580862 3.570000 -19.670000 -92.889999
-1.146162 -0.110070 9.475577 -8.820000 -23.309999 -106.050003
-1.538585 0.095713 8.800802 6.300000 -18.410000 -115.220001
-1.538585 0.095713 8.800802 6.300000 -18.410000 -115.220001
-1.519442 0.287139 8.496914 -4.690000 -11.830000 -115.639999
-1.519442 0.287139 8.496914 -4.690000 -11.830000 -115.639999
-1.617548 0.457029 8.396415 -10.290000 -7.210000 -109.340004
-1.411765 0.088534 8.283953 -14.070000 0.560000 -107.940002
-2.816352 0.859023 8.748159 24.920000 6.930000 -129.220001
-2.739782 1.945365 8.918050 12.600000 0.070000 -136.990005
-2.043471 2.287539 9.006584 1.680000 -4.900000 -134.539993
-1.435694 3.859623 9.348758 31.150000 0.350000 -113.120003
-2.021935 4.141976 9.104690 -18.340000 1.330000 -95.340004
-1.076770 4.022335 9.030513 9.730000 0.140000 -77.559998
-1.076770 4.022335 9.030513 9.730000 0.140000 -77.559998
-1.373480 4.000800 9.473185 14.350000 1.890000 -64.610001
-1.430908 3.498307 9.370294 -16.170000 2.870000 -50.189999
-1.083949 3.302095 9.719646 6.580000 4.690000 -39.689999
-0.361316 2.589034 9.676575 -32.759998 1.680000 -15.540000
-0.361316 2.589034 9.676575 -32.759998 1.680000 -15.540000
-0.720240 2.079363 9.518648 -0.630000 13.720000 3.290000
-0.720240 2.079363 9.518648 -0.630000 13.720000 3.290000
-1.182054 1.548156 9.329616 -4.620000 8.260000 7.000000
-0.751346 2.132005 9.064013 4.200000 6.930000 11.410000
-0.760918 1.887937 9.111869 -5.810000 7.980000 14.630000
-1.150948 1.648655 9.037691 2.800000 13.300000 20.510000
