0.985843 2.474179 9.095119 -3.080000 0.980000 5.950000
0.985843 2.474179 9.095119 -3.080000 0.980000 5.950000
1.019342 2.242075 9.135797 -5.600000 -0.070000 6.090000
0.502493 2.921637 8.920443 3.430000 4.480000 10.290000
0.502493 2.921637 8.920443 3.430000 4.480000 10.290000
0.251246 3.122634 9.085547 2.310000 2.940000 12.110000
0.251246 3.122634 9.085547 2.310000 2.940000 12.110000
0.251246 3.122634 9.085547 2.310000 2.940000 12.110000
0.251246 3.122634 9.085547 2.310000 2.940000 12.110000
0.275175 5.563312 8.685946 18.900000 14.840000 27.790001
0.275175 5.563312 8.685946 18.900000 14.840000 27.790001
-0.571885 5.826523 8.973085 29.680000 23.170000 75.389999
-0.567099 4.967500 9.145369 20.370001 20.790001 87.360001
-0.358923 5.017749 9.327222 16.030001 19.879999 94.570000
-0.358923 5.017749 9.327222 16.030001 19.879999 94.570000
-0.770489 4.460221 9.296116 11.550000 19.809999 109.760002
-0.966700 4.508078 9.032906 12.180000 20.299999 118.370003
-0.990629 4.106083 8.829515 -25.129999 14.840000 131.250000
-0.705883 2.428715 8.523234 -10.220000 22.889999 161.490005
-0.930808 1.048056 8.508877 -25.129999 26.880001 163.240005
-0.449851 0.330210 8.930015 5.740000 28.420000 157.220001
-0.449851 0.330210 8.930015 5.740000 28.420000 157.220001
-0.512064 0.543171 9.020942 28.630001 31.430000 150.430008
-0.559920 0.162712 9.267403 26.880001 39.200001 135.660004
-0.519243 0.189033 9.504292 9.800000 39.060001 134.680008
-0.519243 0.189033 9.504292 9.800000 39.060001 134.680008
-0.519243 0.189033 9.504292 9.800000 39.060001 134.680008
-0.062213 -1.234696 9.324830 2.310000 37.730000 119.910004
-0.062213 -1.234696 9.324830 2.310000 37.730000 119.910004
0.626920 -2.493321 9.432507 -27.790001 23.379999 77.910004
0.555135 -2.469393 9.693325 -11.410000 22.610001 71.889999
0.555135 -2.469393 9.693325 -11.410000 22.610001 71.889999
0.691526 -2.701497 9.832108 6.020000 20.790001 53.830002
0.763310 -2.139183 9.951750 3.570000 12.320000 25.620001
0.576670 -1.368695 10.054641 16.379999 14.070000 18.549999
0.653241 -0.947558 9.920642 7.280000 9.800000 12.390000
0.653241 -0.947558 9.920642 7.280000 9.800000 12.390000
0.698704 -0.782453 9.777073 6.090000 10.570000 10.640000
0.698704 -0.782453 9.777073 6.090000 10.570000 10.640000
0.581456 -0.792024 9.832108 -2.450000 9.170000 7.350000
0.552742 -0.662812 10.212566 3.780000 4.410000 -0.910000
0.524028 -0.516850 10.150353 -0.910000 -0.630000 -6.790000
0.524028 -0.516850 10.150353 -0.910000 -0.630000 -6.790000
0.409173 -0.212961 10.064213 -0.770000 -1.190000 -6.860000
0.457029 -0.210568 10.040283 2.450000 -3.570000 -8.260000
0.524028 0.203390 9.846465 -0.980000 -6.160000 -11.200000
0.524028 0.203390 9.846465 -0.980000 -6.160000 -11.200000
0.524028 0.090927 9.741181 -3.150000 -7.070000 -11.900000
0.524028 0.090927 9.741181 -3.150000 -7.070000 -11.900000
0.524028 0.090927 9.741181 -3.150000 -7.070000 -11.900000
0.519243 -0.232104 9.396614 4.270000 -5.950000 -16.309999
