1.222732 0.133998 9.410972 30.940001 2.800000 -2.590000
1.299303 -0.014357 8.834301 43.540001 2.940000 -3.640000
1.184447 0.165105 8.310273 107.029999 4.900000 -8.120000
1.184447 0.165105 8.310273 107.029999 4.900000 -8.120000
1.205983 2.742175 8.877372 141.820007 10.080000 -12.670000
1.205983 2.742175 8.877372 141.820007 10.080000 -12.670000
0.775275 6.001199 8.578269 123.760002 6.230000 -9.100000
0.775275 6.001199 8.578269 123.760002 6.230000 -9.100000
1.234696 5.331209 7.259824 122.709999 0.070000 -9.730000
1.234696 5.331209 7.259824 122.709999 0.070000 -9.730000
1.172483 7.336394 6.850651 172.550003 6.860000 -11.550000
1.172483 7.336394 6.850651 172.550003 6.860000 -11.550000
0.887737 8.508877 4.173083 132.860001 4.270000 -11.480000
0.880559 9.044869 3.629912 131.039993 9.870000 -12.320000
0.521635 9.121440 3.211168 94.150002 11.900000 -4.760000
0.521635 9.121440 3.211168 94.150002 11.900000 -4.760000
0.705883 9.166903 2.258825 115.220001 18.969999 -9.590000
0.416351 9.705289 2.254039 97.160004 19.040001 -11.340000
0.418744 9.442079 0.839881 87.500000 16.379999 -18.200001
0.184247 9.212367 0.150748 85.470001 17.850000 -19.600000
0.011964 10.339387 0.732204 53.130001 20.090000 -15.750000
-0.289532 8.846266 -0.196211 54.810001 18.969999 -12.950000
0.059821 10.279566 0.327817 65.519997 25.690001 -12.600000
-0.172283 9.583255 -0.172283 13.440001 6.510000 -6.510000
-0.308674 9.499505 -0.763310 6.300000 3.430000 -2.030000
-0.390030 9.992428 -0.588634 5.180000 3.570000 -0.490000
-0.390030 9.992428 -0.588634 5.180000 3.570000 -0.490000
-0.282353 9.485149 -1.241875 -9.730000 -2.520000 1.190000
-0.282353 9.485149 -1.241875 -9.730000 -2.520000 1.190000
-0.282353 9.485149 -1.241875 -9.730000 -2.520000 1.190000
-0.229711 9.269794 -1.112662 7.910000 1.540000 -1.330000
-0.229711 9.269794 -1.112662 7.910000 1.540000 -1.330000
-0.229711 9.269794 -1.112662 7.910000 1.540000 -1.330000
-0.229711 9.269794 -1.112662 7.910000 1.540000 -1.330000
-0.612563 9.786645 -1.380659 -17.360001 2.380000 0.140000
-0.583849 9.628718 -1.306481 -4.690000 6.020000 1.190000
-0.327817 10.157533 -1.241875 -15.400000 5.740000 1.050000
-0.586242 9.571291 -1.354338 -17.430000 4.900000 3.710000
-0.380459 10.506885 -0.507278 -38.080002 5.600000 8.960000
