-1.725225 -0.681954 9.513863 -3.990000 1.540000 -0.770000
-1.588834 -1.086342 9.401401 -10.710000 -3.570000 1.260000
-1.741975 -0.552742 9.566505 -7.560000 1.120000 4.270000
-1.629512 -0.949951 9.348758 -11.970000 -1.540000 5.320000
-1.775474 -1.002593 9.466006 -4.690000 -0.210000 3.570000
-1.775474 -1.002593 9.466006 -4.690000 -0.210000 3.570000
-1.713261 -0.674776 9.741181 -1.960000 0.910000 5.250000
-1.646262 -0.935594 9.702895 -12.740000 -5.250000 4.060000
-1.526621 -0.552742 12.253645 8.120000 -9.030000 1.540000
-1.497907 0.021535 14.225330 2.100000 -27.020000 -0.980000
-1.493121 0.078963 14.804394 -4.970000 -39.549999 -2.100000
-1.493121 0.078963 14.804394 -4.970000 -39.549999 -2.100000
-1.493121 -0.155533 14.735002 -9.520000 -67.269997 5.180000
-1.459622 -0.227318 14.500504 -10.640000 -85.260002 6.230000
-1.239482 -1.371087 13.220345 11.690000 -116.340004 6.300000
-0.574277 -0.473779 12.428321 2.450000 -130.339996 9.730000
-0.574277 -0.473779 12.428321 2.450000 -130.339996 9.730000
0.981057 -1.177269 10.045070 29.750000 -144.199997 8.680000
0.981057 -1.177269 10.045070 29.750000 -144.199997 8.680000
0.961915 -0.464208 9.592826 32.830002 -142.240005 13.090000
1.170090 -0.653241 8.707481 24.360001 -143.360001 13.790000
2.459821 -0.480957 6.707082 17.850000 -140.979996 15.190001
2.459821 -0.480957 6.707082 17.850000 -140.979996 15.190001
2.768496 -0.239282 5.888737 7.000000 -140.350006 16.730000
3.878766 -0.624527 4.283153 -14.910000 -140.419998 9.870000
5.048856 -0.930808 3.802195 9.870000 -127.050003 2.520000
6.630512 -0.586242 2.761317 -19.460001 -109.970001 10.150000
6.955935 -0.646062 1.354338 -32.270000 -104.160004 7.070000
6.955935 -0.646062 1.354338 -32.270000 -104.160004 7.070000
7.334002 -0.607777 1.275374 -38.080002 -102.269997 1.260000
7.341179 -1.323231 -0.337388 7.210000 -96.040001 -10.780000
8.145168 -0.681954 -0.509671 7.280000 -94.500000 -9.030000
8.128418 -0.301496 -0.655633 -21.000000 -75.669998 -13.370000
8.884550 0.507278 -1.631905 17.080000 -55.510002 -19.600000
8.894121 0.057428 -2.117648 0.420000 -40.389999 -13.510000
8.894121 0.057428 -2.117648 0.420000 -40.389999 -13.510000
9.702895 0.935594 -2.691926 1.330000 -27.860001 -4.130000
9.738789 0.483350 -2.177469 -4.550000 4.830000 5.110000
9.738789 0.483350 -2.177469 -4.550000 4.830000 5.110000
