-0.744168 2.450250 8.870193 -15.190001 8.750000 10.010000
-1.064806 2.950350 8.932407 1.960000 14.910000 24.150000
-1.009771 3.278167 9.099905 -10.290000 9.870000 24.010000
-0.813560 3.409772 9.312866 -13.230000 7.770000 25.620001
-1.258625 4.086941 9.944571 9.450000 15.260000 38.849998
-1.258625 4.086941 9.944571 9.450000 15.260000 38.849998
-1.160519 5.225924 10.456635 11.900000 11.270000 51.310001
-1.916651 5.685347 9.887143 -7.070000 4.900000 81.410004
-2.289931 5.812167 8.657232 -8.960000 9.870000 108.360001
-2.505285 5.230711 8.429914 -19.740000 12.040000 118.860001
-2.983850 3.883551 8.382057 -6.230000 19.809999 137.339996
-2.983850 3.883551 8.382057 -6.230000 19.809999 137.339996
-3.378666 2.979064 8.269595 -2.100000 26.950001 147.490005
-3.378666 2.979064 8.269595 -2.100000 26.950001 147.490005
-3.814159 3.048456 8.944371 -15.960000 29.610001 151.830002
-3.668197 2.230111 8.664411 -20.370001 28.350000 156.029999
-3.742374 1.773082 8.767302 -17.290001 29.469999 156.660004
-3.699304 1.409373 8.946764 -3.080000 30.870001 159.529999
-3.349952 1.902294 9.061620 27.650000 40.250000 159.740005
-3.462414 1.655833 9.430114 -4.480000 39.200001 154.279999
-3.917051 0.253639 8.973085 -53.410000 35.000000 151.550003
-3.917051 0.253639 8.973085 -53.410000 35.000000 151.550003
-2.861816 -1.792224 7.448857 -53.060001 21.770000 147.910004
-2.684747 -2.330609 8.295916 -41.160000 43.889999 127.820000
-1.423729 -4.677969 10.805987 23.870001 48.650002 119.139999
-1.423729 -4.677969 10.805987 23.870001 48.650002 119.139999
-1.866402 -3.718446 11.397014 31.290001 46.759998 98.070000
-1.115055 -3.653840 10.540384 -26.320000 14.910000 53.830002
-1.115055 -3.653840 10.540384 -26.320000 14.910000 53.830002
-0.533599 -1.344766 9.568897 -6.510000 7.700000 13.860000
-0.607777 -0.739382 9.542577 2.170000 8.120000 -0.420000
-0.555135 0.181855 9.269794 -6.580000 2.450000 -11.340000
-0.299103 0.552742 9.640682 8.750000 6.370000 -10.990000
-0.299103 0.552742 9.640682 8.750000 6.370000 -10.990000
-0.435494 1.158126 9.774680 9.380000 8.680000 -11.340000
-0.435494 1.158126 9.774680 9.380000 8.680000 -11.340000
