-0.107677 1.430908 9.485149 -1.260000 4.480000 3.500000
-0.107677 1.430908 9.485149 -1.260000 4.480000 3.500000
-0.107677 1.430908 9.485149 -1.260000 4.480000 3.500000
-0.107677 1.430908 9.485149 -1.260000 4.480000 3.500000
-0.160319 1.351945 9.312866 -5.810000 5.390000 3.430000
-0.124427 1.277767 9.446864 -10.220000 4.550000 3.010000
-0.189033 1.533799 9.437292 -8.470000 4.480000 2.100000
-0.189033 1.533799 9.437292 -8.470000 4.480000 2.100000
-0.813560 1.677369 11.152946 -10.360000 -14.420000 1.330000
-0.813560 1.677369 11.152946 -10.360000 -14.420000 1.330000
-1.112662 2.409572 13.182060 -37.799999 -70.629997 -2.380000
-1.112662 2.409572 13.182060 -37.799999 -70.629997 -2.380000
-1.112662 2.409572 13.182060 -37.799999 -70.629997 -2.380000
-1.112662 2.409572 13.182060 -37.799999 -70.629997 -2.380000
0.143569 0.502493 12.624532 -56.700001 -181.720001 -3.640000
1.194018 -0.267996 11.509477 -42.209999 -205.100006 -12.040000
1.653440 -0.334995 10.406385 -30.520000 -213.850006 -14.420000
3.419343 -0.385244 6.989435 -2.660000 -238.139999 -18.129999
4.680361 -0.019143 6.465407 -17.570000 -220.080002 -16.170000
4.680361 -0.019143 6.465407 -17.570000 -220.080002 -16.170000
4.551149 0.004786 4.443472 0.140000 -214.830002 -15.540000
6.228518 0.378066 2.517249 -7.070000 -172.619995 -6.300000
6.228518 0.378066 2.517249 -7.070000 -172.619995 -6.300000
6.228518 0.378066 2.517249 -7.070000 -172.619995 -6.300000
6.228518 0.378066 2.517249 -7.070000 -172.619995 -6.300000
6.228518 0.378066 2.517249 -7.070000 -172.619995 -6.300000
6.228518 0.378066 2.517249 -7.070000 -172.619995 -6.300000
6.228518 0.378066 2.517249 -7.070000 -172.619995 -6.300000
6.228518 0.378066 2.517249 -7.070000 -172.619995 -6.300000
6.228518 0.378066 2.517249 -7.070000 -172.619995 -6.300000
6.228518 0.378066 2.517249 -7.070000 -172.619995 -6.300000
6.228518 0.378066 2.517249 -7.070000 -172.619995 -6.300000
6.446264 -0.023928 1.433301 21.139999 -175.000000 -8.960000
8.693125 0.942772 -5.783452 -1.190000 -67.550003 -13.230000
8.963513 1.026521 -4.984250 -6.720000 -20.160000 -8.330000
8.963513 1.026521 -4.984250 -6.720000 -20.160000 -8.330000
9.190832 1.071985 -3.864408 -12.600000 1.470000 -1.330000
9.190832 1.071985 -3.864408 -12.600000 1.470000 -1.330000
9.190832 1.071985 -3.864408 -12.600000 1.470000 -1.330000
9.343972 1.182054 -3.510271 -17.430000 5.110000 0.560000
9.602397 1.337588 -3.113062 -8.120000 6.510000 1.890000
9.576077 1.294517 -3.017349 -11.130000 10.010000 1.890000
9.494720 1.258625 -2.828316 -11.620000 12.670000 0.980000
9.367901 1.292124 -2.605784 -5.880000 11.410000 2.240000
