1.241875 0.571885 9.135797 -9.870000 6.510000 6.370000
1.189233 0.507278 9.020942 -10.290000 5.670000 4.550000
0.904487 0.677169 8.219346 -7.770000 8.960000 2.870000
0.957129 0.512064 7.685746 -11.270000 14.350000 4.900000
0.792024 0.562313 7.001399 -16.100000 23.590000 7.350000
0.351745 0.370888 5.773881 -18.690001 29.120001 6.860000
0.442672 0.289532 5.252246 -18.059999 43.049999 7.770000
0.442672 0.289532 5.252246 -18.059999 43.049999 7.770000
-0.990629 -0.366102 3.098706 -43.259998 75.529999 7.700000
-0.957129 -0.215354 4.876573 -0.560000 109.270004 8.960000
-2.967100 0.011964 5.402994 2.590000 150.919998 11.410000
-2.967100 0.011964 5.402994 2.590000 150.919998 11.410000
-5.592027 -0.043071 8.791230 20.510000 155.610001 11.130000
-5.592027 -0.043071 8.791230 20.510000 155.610001 11.130000
-7.920243 0.847059 9.994821 -1.050000 148.820007 4.900000
-7.774280 1.418944 10.061819 -28.559999 139.860001 8.820000
-8.640482 -1.280160 8.762517 -26.389999 126.840004 16.309999
-8.640482 -1.280160 8.762517 -26.389999 126.840004 16.309999
-8.413164 0.906880 7.946564 -36.330002 126.139999 18.760000
-8.413164 0.906880 7.946564 -36.330002 126.139999 18.760000
-8.413164 0.906880 7.946564 -36.330002 126.139999 18.760000
-9.712467 -2.143969 8.130811 -4.410000 123.129997 25.340000
-10.188639 -0.892523 7.453642 34.790001 88.830002 21.070000
-10.188639 -0.892523 7.453642 34.790001 88.830002 21.070000
-9.595219 -0.672383 6.216553 -30.380001 65.730003 6.930000
-9.592826 0.313460 7.154540 12.530000 52.779999 20.090000
-9.355937 0.401994 6.726225 -2.520000 48.930000 18.900000
-10.040283 -0.677169 6.197411 -8.470000 34.930000 21.210001
-8.855836 -0.066999 6.419943 0.350000 19.460001 13.370000
-9.408579 -0.119641 5.534599 -18.200001 18.830000 7.630000
-9.221939 -0.583849 4.852644 -13.020000 -0.210000 4.970000
-9.221939 -0.583849 4.852644 -13.020000 -0.210000 4.970000
-8.946764 0.184247 4.311867 -14.140000 0.420000 2.240000
-9.320045 -0.624527 3.479164 -28.000000 -3.290000 2.100000
-9.238688 -0.514457 3.515057 -10.640000 -4.270000 1.260000
