0.904487 0.973879 9.442079 -3.430000 4.690000 2.870000
0.981057 0.942772 9.415757 -5.670000 3.850000 2.590000
0.928415 0.859023 9.329616 -1.750000 4.970000 2.450000
0.985843 0.978664 9.377472 -1.470000 4.270000 1.260000
0.926022 0.985843 9.387043 -2.100000 4.480000 2.380000
1.069592 0.827917 9.327222 0.490000 4.270000 0.980000
0.904487 1.232304 9.592826 6.510000 6.650000 0.280000
0.823131 1.024128 9.006584 37.310001 -2.030000 -2.940000
1.414158 0.260818 8.750552 91.840004 6.650000 -4.410000
1.414158 0.260818 8.750552 91.840004 6.650000 -4.410000
0.646062 2.780460 9.564112 125.160004 11.760000 -3.360000
0.617348 3.086741 7.743174 138.389999 2.380000 -0.490000
1.373480 4.797609 7.611568 227.639999 12.880000 -3.080000
0.827917 6.460621 7.652246 211.050003 5.810000 -3.920000
0.827917 6.460621 7.652246 211.050003 5.810000 -3.920000
0.835095 6.946364 6.644868 200.270004 -1.050000 -3.500000
1.007378 8.819944 2.955136 126.559998 2.100000 -11.620000
1.007378 8.819944 2.955136 126.559998 2.100000 -11.620000
0.538385 9.219545 2.124826 77.699997 4.970000 -9.660000
0.538385 9.219545 2.124826 77.699997 4.970000 -9.660000
0.466600 9.731609 1.909473 62.439999 12.180000 -10.150000
0.466600 9.731609 1.909473 62.439999 12.180000 -10.150000
0.177069 8.748159 0.705883 50.259998 8.120000 -11.270000
0.074178 9.174082 0.617348 57.470001 10.710000 -12.460000
-0.241675 9.107083 0.717847 36.889999 2.940000 -11.270000
-0.081356 9.257831 -0.495314 38.570000 9.870000 -10.360000
0.093320 9.468399 -0.875773 38.360001 10.850000 -11.690000
-0.258425 9.341579 -1.007378 25.830000 11.480000 -14.210000
-0.342174 9.815358 -1.060020 23.030001 16.520000 -10.500000
-0.342174 9.815358 -1.060020 23.030001 16.520000 -10.500000
-0.947558 9.466006 -0.612563 -3.150000 7.420000 -4.620000
-0.401994 9.757930 -0.894916 3.990000 9.660000 -6.650000
-0.648455 10.037891 -0.593420 -10.500000 2.520000 -2.240000
-0.368495 10.037891 -0.940379 -4.410000 5.810000 -2.870000
-0.466600 10.530812 -0.667598 -16.590000 5.180000 -1.190000
-0.466600 10.530812 -0.667598 -16.590000 5.180000 -1.190000
-0.811167 9.387043 -1.196411 -18.129999 3.850000 4.480000
-0.705883 10.121639 -0.815953 -18.549999 4.270000 3.710000
-0.734596 9.573684 -0.547956 -8.680000 3.290000 2.310000
-0.485743 9.836893 -0.701097 -15.610000 4.620000 4.270000
-0.485743 9.836893 -0.701097 -15.610000 4.620000 4.270000
-0.725025 9.509077 -0.787239 -11.620000 3.500000 5.180000
-0.725025 9.509077 -0.787239 -11.620000 3.500000 5.180000
-0.715454 10.018748 -0.401994 -24.360001 1.050000 6.160000
