-0.715454 0.028714 9.588040 -3.080000 6.440000 2.450000
-0.765703 -0.174676 9.499505 -2.800000 5.390000 3.920000
-0.679562 0.009571 9.669396 -0.630000 6.300000 4.130000
-0.679562 0.009571 9.669396 -0.630000 6.300000 4.130000
-0.784846 -0.215354 9.559326 -3.290000 4.970000 4.200000
-0.784846 -0.215354 9.559326 -3.290000 4.970000 4.200000
-0.533599 -0.497707 9.614362 -6.930000 5.250000 3.430000
-0.708275 -0.634098 9.609575 -14.070000 3.990000 2.100000
-0.708275 -0.634098 9.609575 -14.070000 3.990000 2.100000
-0.751346 -1.615155 9.406186 -12.180000 3.780000 -2.240000
-0.681954 -2.703890 9.815358 -22.960001 0.490000 -23.450001
-0.667598 -3.586841 9.592826 -14.840000 -3.640000 -31.080000
-0.655633 -2.967100 10.135997 12.460000 1.820000 -42.209999
-1.060020 -3.215954 9.934999 -7.980000 1.330000 -51.170002
-1.060020 -3.215954 9.934999 -7.980000 1.330000 -51.170002
-0.914058 -3.938586 9.681360 -11.550000 -5.320000 -62.369999
-1.048056 -3.866802 9.975677 12.390000 -1.260000 -80.150002
-1.974079 -2.122434 10.021141 -2.590000 -14.490000 -111.160004
-2.514857 -1.557728 9.509077 0.140000 -17.780001 -128.869995
-2.514857 -1.557728 9.509077 0.140000 -17.780001 -128.869995
-2.273181 -0.198604 9.377472 14.700000 -18.549999 -135.449997
-2.273181 -0.198604 9.377472 14.700000 -18.549999 -135.449997
-1.933401 0.062213 8.903693 -0.910000 -16.450001 -126.559998
-2.002793 0.433101 8.149954 -12.600000 -4.130000 -120.680000
-1.933401 0.174676 8.140383 -9.590000 -1.400000 -124.040001
-2.158326 0.923629 8.441878 -9.100000 7.560000 -128.729996
-2.158326 0.923629 8.441878 -9.100000 7.560000 -128.729996
-1.902294 1.158126 8.336594 -34.580002 8.750000 -121.800003
-1.945365 0.815953 8.764909 -34.299999 12.670000 -122.989998
-2.127219 0.267996 8.338986 7.210000 17.360001 -122.570000
-1.880759 1.287339 9.241080 -15.120000 19.530001 -102.970001
-1.579263 1.294517 9.688539 13.510000 21.420000 -95.690002
-1.691726 2.031506 9.920642 25.410000 24.570000 -89.739998
-1.562513 2.749353 10.303494 -8.190000 15.330000 -75.529999
-1.562513 2.749353 10.303494 -8.190000 15.330000 -75.529999
-1.562513 2.749353 10.303494 -8.190000 15.330000 -75.529999
-1.674976 2.945565 10.703095 -9.870000 9.520000 -33.110001
-1.674976 2.945565 10.703095 -9.870000 9.520000 -33.110001
-1.674976 2.945565 10.703095 -9.870000 9.520000 -33.110001
-1.148555 1.000200 9.975677 -4.480000 5.740000 8.750000
-1.148555 1.000200 9.975677 -4.480000 5.740000 8.750000
-0.870987 0.445065 9.509077 -20.580000 -1.820000 16.590000
-0.703490 -0.222532 9.152546 -0.070000 2.870000 20.370001
-1.045663 -0.119641 9.221939 -0.910000 2.450000 19.670000
-1.045663 -0.119641 9.221939 -0.910000 2.450000 19.670000
-0.839881 -0.055035 9.353544 -3.220000 3.290000 18.900000
