1.205983 0.397209 9.028119 -6.510000 5.600000 2.800000
1.210768 0.433101 8.702696 -4.690000 8.470000 3.220000
1.210768 0.433101 8.702696 -4.690000 8.470000 3.220000
1.205983 0.528814 8.585447 -10.360000 11.620000 0.700000
1.162912 0.502493 8.494520 -11.690000 12.670000 -0.280000
0.832702 0.600598 7.221539 -20.020000 22.049999 3.010000
0.591027 0.492921 6.707082 -25.690001 25.969999 4.130000
0.591027 0.492921 6.707082 -25.690001 25.969999 4.130000
0.208176 0.093320 4.467400 -20.930000 63.490002 3.920000
-0.495314 -0.122034 4.852644 -23.590000 81.760002 2.100000
-0.495314 -0.122034 4.852644 -23.590000 81.760002 2.100000
-3.321238 -0.801596 6.757331 -12.880000 136.500000 4.270000
-3.321238 -0.801596 6.757331 -12.880000 136.500000 4.270000
-3.321238 -0.801596 6.757331 -12.880000 136.500000 4.270000
-6.199803 -0.275175 9.059227 -20.580000 132.229996 -5.670000
-6.199803 -0.275175 9.059227 -20.580000 132.229996 -5.670000
-6.199803 -0.275175 9.059227 -20.580000 132.229996 -5.670000
-6.199803 -0.275175 9.059227 -20.580000 132.229996 -5.670000
-8.717053 -0.279960 8.757731 -15.680000 130.619995 3.290000
-8.717053 -0.279960 8.757731 -15.680000 130.619995 3.290000
-8.647661 0.753739 8.690732 -14.980000 120.820000 9.730000
-8.647661 0.753739 8.690732 -14.980000 120.820000 9.730000
-8.817552 -1.165305 8.082954 -32.480000 110.529999 21.000000
-8.894121 -0.904487 7.372287 -36.400002 106.400002 17.010000
-9.547362 -1.983650 7.149754 -26.040001 95.129997 25.200001
-9.396614 -1.813759 7.166504 7.630000 89.529999 26.809999
-10.001998 -0.983450 7.027720 -9.450000 78.610001 15.610000
-10.001998 -0.983450 7.027720 -9.450000 78.610001 15.610000
-9.131011 -0.930808 6.862615 -9.660000 55.299999 21.629999
-9.131011 -0.930808 6.862615 -9.660000 55.299999 21.629999
-9.281759 -1.119841 6.278766 -13.370000 43.820000 17.010000
-9.315259 -1.239482 6.161518 -8.120000 29.540001 8.820000
-9.585647 -0.756132 4.788038 -52.639999 10.080000 0.070000
-8.784052 -1.777867 4.307081 -29.540001 -0.910000 -9.100000
-8.915657 -1.574477 4.800002 2.590000 3.360000 -12.040000
-8.999406 -0.526421 3.878766 14.840000 -3.780000 -12.250000
-9.370294 -0.576670 4.024727 1.960000 -5.810000 -8.540000
-9.023334 -0.643669 4.041477 1.750000 -8.330000 -8.610000
-9.061620 -0.351745 4.022335 3.220000 -7.490000 -5.110000
