0.224925 -9.803394 2.218147 -4.900000 4.410000 1.890000
0.220140 -9.767502 2.050649 -6.230000 4.410000 1.470000
0.303888 -9.580862 2.179861 -5.460000 5.250000 1.470000
0.270389 -9.705289 2.093720 -3.360000 3.850000 3.010000
0.236889 -9.750752 2.189433 -3.710000 3.570000 3.640000
0.236889 -9.750752 2.189433 -3.710000 3.570000 3.640000
0.107677 -9.753145 2.172683 -2.100000 3.780000 2.870000
0.265603 -9.832108 2.170290 -4.550000 4.690000 0.910000
0.306281 -9.655040 2.337788 -6.020000 4.270000 0.210000
0.251246 -9.801002 2.292324 -6.650000 3.780000 -0.630000
0.251246 -9.801002 2.292324 -6.650000 3.780000 -0.630000
0.224925 -9.607183 2.261217 -5.670000 2.450000 -0.910000
0.224925 -9.607183 2.261217 -5.670000 2.450000 -0.910000
0.346959 -9.544970 1.986043 -4.060000 2.520000 -0.280000
0.409173 -9.489935 2.088934 -6.300000 2.940000 0.770000
0.428315 -9.533006 1.993221 -5.810000 3.570000 1.260000
0.497707 -9.681360 2.021935 -6.020000 4.270000 2.030000
0.497707 -9.681360 2.021935 -6.020000 4.270000 2.030000
0.418744 -9.521042 2.160719 -5.180000 5.600000 1.540000
0.356531 -9.734003 2.194218 -5.320000 4.620000 3.360000
0.366102 -9.669396 2.270789 -5.810000 4.900000 1.330000
0.380459 -9.628718 2.177469 -5.320000 4.620000 1.260000
0.380459 -9.628718 2.177469 -5.320000 4.620000 1.260000
0.653241 -9.734003 2.194218 -3.360000 4.270000 4.130000
0.531207 -9.841680 2.163112 -0.770000 5.740000 4.270000
0.531207 -9.841680 2.163112 -0.770000 5.740000 4.270000
0.437887 -9.676575 2.208575 -4.200000 4.690000 -0.140000
0.433101 -9.645468 2.222932 -6.370000 4.550000 0.140000
0.279960 -9.633504 2.237289 -5.810000 4.690000 -0.350000
0.279960 -9.633504 2.237289 -5.810000 4.690000 -0.350000
0.279960 -9.633504 2.237289 -5.810000 4.690000 -0.350000
0.279960 -9.633504 2.237289 -5.810000 4.690000 -0.350000
0.279960 -9.633504 2.237289 -5.810000 4.690000 -0.350000
0.279960 -9.633504 2.237289 -5.810000 4.690000 -0.350000
0.490529 -9.614362 2.261217 -3.850000 4.410000 4.200000
0.442672 -9.676575 2.187040 -2.380000 4.130000 4.480000
0.442672 -9.676575 2.187040 -2.380000 4.130000 4.480000
0.490529 -9.789038 2.323431 -3.290000 3.850000 4.690000
0.418744 -9.678967 2.280360 -4.690000 4.340000 2.940000
0.418744 -9.678967 2.280360 -4.690000 4.340000 2.940000
0.512064 -9.676575 2.287539 -6.020000 4.480000 3.150000
0.512064 -9.676575 2.287539 -6.020000 4.480000 3.150000
0.413958 -9.645468 2.268396 -6.370000 2.660000 2.240000
0.497707 -9.487542 2.225325 -4.900000 3.850000 1.470000
0.454636 -9.595219 2.246860 -5.810000 3.500000 2.240000
0.543171 -9.676575 2.347359 -5.950000 3.010000 2.380000
0.524028 -9.755538 2.191825 -6.090000 3.570000 2.380000
0.521635 -9.475577 2.210968 -5.320000 3.640000 3.010000
0.401994 -9.279366 2.277967 -8.400000 5.250000 4.340000
0.428315 -9.578469 2.270789 -2.100000 6.020000 5.600000
0.452243 -9.729217 2.344966 -5.600000 5.250000 5.250000
0.461815 -9.848858 2.220540 -10.360000 3.780000 3.780000
0.476172 -9.832108 2.246860 -7.350000 5.530000 2.940000
0.476172 -9.832108 2.246860 -7.350000 5.530000 2.940000
0.480957 -9.841680 2.304288 -7.140000 5.880000 2.170000
0.409173 -9.643075 2.380858 -3.920000 6.650000 1.050000
0.409173 -9.643075 2.380858 -3.920000 6.650000 1.050000
0.358923 -9.568897 2.285146 -4.410000 5.600000 1.820000
0.464208 -9.614362 2.292324 -8.470000 3.220000 2.590000
0.323031 -9.533006 2.199004 -5.110000 4.900000 1.820000
0.409173 -9.415757 2.120041 -4.340000 4.900000 2.450000
0.366102 -9.451650 2.172683 -7.350000 4.760000 3.150000
0.368495 -9.516255 2.246860 -5.250000 5.390000 3.710000
