3.093920 -8.724231 3.227918 3.990000 1.820000 -0.560000
3.048456 -8.678767 3.292524 -1.260000 1.330000 -0.070000
3.048456 -8.678767 3.292524 -1.260000 1.330000 -0.070000
3.127419 -8.930015 3.388237 -2.240000 1.330000 -0.910000
3.036492 -8.748159 3.400201 1.330000 -1.680000 -1.120000
3.048456 -8.717053 3.237489 0.070000 1.190000 -0.420000
3.237489 -8.669197 3.302095 -0.070000 -2.380000 -0.700000
3.053242 -8.573483 3.326023 0.560000 -0.700000 -1.190000
3.053242 -8.573483 3.326023 0.560000 -0.700000 -1.190000
3.058028 -8.822337 3.294917 -0.210000 -0.070000 -0.210000
3.136991 -8.628519 3.184847 1.330000 0.490000 -0.280000
3.187240 -8.724231 3.452843 6.370000 -0.560000 -0.140000
3.187240 -8.724231 3.452843 6.370000 -0.560000 -0.140000
3.034099 -8.932407 3.335595 -1.050000 0.140000 -1.330000
3.134598 -8.788837 3.376273 5.110000 0.840000 -3.360000
3.060420 -8.953942 3.311667 -6.160000 2.170000 0.840000
2.880959 -9.470792 3.893122 -13.300000 5.180000 3.290000
2.873780 -8.597411 4.570292 -47.250000 5.320000 8.540000
2.873780 -8.597411 4.570292 -47.250000 5.320000 8.540000
3.749553 -9.446864 2.189433 -164.430008 -1.260000 26.389999
3.091527 -6.195018 2.347359 -160.509995 -19.180000 52.290001
1.261017 -10.418350 -2.691926 -61.670002 -3.220000 14.910000
2.876173 -9.116654 1.040878 42.420002 -3.920000 4.480000
2.876173 -9.116654 1.040878 42.420002 -3.920000 4.480000
2.421536 -8.831908 1.500300 14.840000 -4.130000 10.920000
1.945365 -10.435099 0.088534 -13.440001 -6.090000 6.930000
2.280360 -10.253245 0.100499 5.320000 -4.760000 2.660000
2.246860 -10.112068 0.052642 1.470000 -2.940000 1.540000
2.134398 -9.999605 0.119641 5.950000 -1.890000 -0.070000
2.112862 -9.755538 0.382852 7.490000 -2.030000 -1.610000
2.112862 -9.755538 0.382852 7.490000 -2.030000 -1.610000
2.007578 -9.801002 0.272782 6.020000 -0.560000 -1.330000
2.340181 -9.255438 0.165105 4.270000 -2.660000 -0.700000
2.163112 -9.607183 0.363709 9.730000 -0.770000 0.630000
1.974079 -9.688539 0.351745 3.220000 0.840000 1.330000
2.261217 -9.556933 0.528814 4.130000 -1.470000 0.770000
2.261217 -9.556933 0.528814 4.130000 -1.470000 0.770000
2.189433 -9.820145 0.306281 7.420000 -0.070000 0.700000
2.170290 -9.844072 0.430708 3.220000 2.730000 0.910000
2.210968 -9.652647 0.660419 -0.630000 0.350000 -0.350000
2.153540 -9.485149 0.631705 -0.070000 -0.840000 0.140000
2.206182 -9.899107 0.461815 5.740000 0.560000 1.190000
2.112862 -9.509077 0.567099 8.050000 -0.210000 0.560000
2.220540 -9.980463 0.502493 4.900000 -1.330000 -0.280000
