2.139183 -9.480364 2.840281 -2.100000 3.220000 -7.350000
2.148755 -10.128819 3.113062 5.670000 4.550000 -14.420000
2.148755 -10.128819 3.113062 5.670000 4.550000 -14.420000
2.160719 -10.995021 3.866802 -19.389999 0.700000 -33.320000
2.266003 -11.700903 3.390630 -36.189999 -4.620000 -46.619999
2.598605 -12.531212 3.223132 -28.630001 -3.920000 -77.840004
3.235096 -11.894722 2.684747 -13.650000 -1.750000 -114.800003
3.692125 -11.162518 2.481357 -8.260000 -1.610000 -136.080002
3.692125 -11.162518 2.481357 -8.260000 -1.610000 -136.080002
4.268795 -9.777073 2.323431 4.690000 -2.240000 -153.720001
4.579862 -9.269794 2.201397 -1.470000 -2.170000 -159.110001
4.955536 -8.451449 2.366502 8.260000 -4.410000 -167.930008
5.716454 -7.211967 2.313859 4.900000 -9.100000 -179.690002
6.001199 -6.374479 2.464607 2.940000 -11.900000 -181.649994
6.537192 -5.501099 1.957329 9.450000 -16.520000 -182.070007
7.372287 -3.488736 2.079363 35.700001 -15.260000 -186.410004
8.056634 -0.631705 1.856830 39.340000 -16.870001 -169.470001
7.922636 -0.019143 2.103291 34.790001 -17.360001 -162.539993
7.267002 -0.071785 1.842474 -1.470000 -21.070000 -155.399994
7.393822 0.564706 1.720440 10.850000 -22.190001 -157.990005
6.620940 0.476172 1.576870 24.150000 -23.100000 -156.800003
6.620940 0.476172 1.576870 24.150000 -23.100000 -156.800003
6.745367 2.706282 1.316052 36.330002 -26.950001 -161.559998
6.439085 4.644469 0.787239 25.059999 -32.130001 -145.460007
6.553941 8.240881 0.277567 3.850000 -12.390000 -100.449997
6.553941 8.240881 0.277567 3.850000 -12.390000 -100.449997
6.577869 8.465806 0.658026 -19.460001 -2.030000 -64.470001
6.695118 8.324631 0.397209 -17.430000 0.490000 -47.459999
6.879365 7.987241 0.751346 14.420000 8.470000 -19.460001
