2.117648 -9.918249 2.883351 -12.670000 -2.870000 -14.910000
2.232504 -10.030712 3.005385 -15.400000 -2.310000 -20.719999
2.364109 -13.069597 2.991028 -23.309999 -11.830000 -84.279999
2.610569 -12.942777 2.849852 -18.059999 -9.800000 -103.879997
2.907279 -12.849458 2.316252 -31.780001 -6.650000 -139.580002
3.515057 -12.011970 1.552942 1.120000 -5.530000 -179.199997
3.515057 -12.011970 1.552942 1.120000 -5.530000 -179.199997
3.799802 -11.576476 1.617548 7.070000 -6.720000 -192.850006
4.998606 -7.637890 1.543371 21.700001 -6.020000 -223.020004
5.245068 -6.527620 2.175076 21.980000 -7.070000 -227.149994
5.245068 -6.527620 2.175076 21.980000 -7.070000 -227.149994
5.960521 -4.031906 1.737189 23.940001 -14.420000 -233.169998
5.929415 -2.060220 1.600798 30.660000 -18.690001 -231.350006
6.570691 0.715454 1.533799 41.230000 -26.600000 -216.790009
6.369694 3.165704 1.014557 35.630001 -27.370001 -196.070007
6.369694 3.165704 1.014557 35.630001 -27.370001 -196.070007
6.817152 4.472186 0.595813 35.209999 -27.090000 -182.279999
7.135397 7.140182 0.969093 28.910000 -21.840000 -142.940002
7.628319 8.365308 0.361316 2.940000 -14.140000 -90.230003
7.633104 8.319844 0.545564 -0.280000 -8.540000 -67.269997
8.075776 6.281159 0.581456 -24.500000 -0.980000 0.560000
8.099705 5.484349 0.830309 -24.780001 0.910000 12.320000
8.391629 4.510471 0.916451 -7.910000 -0.140000 17.360001
8.731410 4.036692 1.205983 -7.770000 -0.560000 14.700000
8.731410 4.036692 1.205983 -7.770000 -0.560000 14.700000
8.731410 4.036692 1.205983 -7.770000 -0.560000 14.700000
8.958728 3.594020 1.450050 -7.700000 0.280000 10.570000
8.958728 3.594020 1.450050 -7.700000 0.280000 10.570000
8.958728 3.594020 1.450050 -7.700000 0.280000 10.570000
