1.952543 -9.729217 2.026721 -0.420000 5.460000 -10.500000
2.017149 -9.954143 2.136791 -0.700000 6.160000 -15.960000
2.117648 -10.612168 2.222932 -14.420000 5.180000 -29.260000
2.117648 -10.612168 2.222932 -14.420000 5.180000 -29.260000
2.447858 -10.985448 2.254039 4.550000 8.540000 -44.660000
2.289931 -11.243874 2.928815 -6.160000 6.860000 -66.080002
3.096312 -12.160326 2.282753 -12.180000 -0.280000 -96.250000
3.986443 -10.803595 2.433501 3.850000 -4.620000 -122.010002
3.986443 -10.803595 2.433501 3.850000 -4.620000 -122.010002
4.213760 -10.777272 2.431108 -8.750000 -5.390000 -130.339996
5.115855 -9.480364 1.368695 18.410000 -13.020000 -154.210007
5.228317 -8.020741 2.069792 12.110000 -10.290000 -161.979996
5.228317 -8.020741 2.069792 12.110000 -10.290000 -161.979996
5.730811 -7.444071 1.083949 13.230000 -8.540000 -169.889999
5.919843 -6.628119 1.150948 23.379999 -7.560000 -175.070007
6.716653 -3.778267 1.074377 26.389999 -7.070000 -183.889999
6.716653 -3.778267 1.074377 26.389999 -7.070000 -183.889999
6.716653 -3.778267 1.074377 26.389999 -7.070000 -183.889999
7.235896 -1.184447 1.643869 -21.000000 -5.250000 -177.940002
7.235896 -1.184447 1.643869 -21.000000 -5.250000 -177.940002
8.006385 4.910072 1.483550 38.779999 -5.600000 -107.309998
7.934600 5.800202 1.483550 32.689999 -8.400000 -92.959999
8.736196 6.166305 1.335195 -2.240000 -7.000000 -60.970001
8.736196 6.166305 1.335195 -2.240000 -7.000000 -60.970001
8.118847 5.120641 1.323231 1.470000 -2.450000 -28.910000
8.690732 4.335794 1.296910 -0.910000 -0.070000 -6.440000
8.702696 3.924229 1.598405 -6.650000 -0.280000 3.640000
8.702696 3.924229 1.598405 -6.650000 -0.280000 3.640000
8.846266 3.823731 1.562513 -22.400000 -2.240000 6.860000
9.102298 3.156133 1.521835 -20.719999 -0.840000 8.610000
8.891729 2.919244 1.545763 -9.660000 -2.170000 7.840000
9.212367 2.756532 1.713261 -4.760000 -1.750000 6.720000
