-0.023928 -9.889536 -0.047856 0.140000 -1.190000 -0.420000
0.019143 -9.808180 0.019143 -0.280000 2.100000 -0.770000
0.019143 -9.846465 0.004786 -1.330000 0.280000 0.350000
0.019143 -9.846465 0.004786 -1.330000 0.280000 0.350000
-0.038285 -9.911072 0.055035 0.700000 0.350000 0.560000
-0.045464 -9.820145 0.131605 -1.610000 1.050000 0.070000
-0.040678 -10.052249 0.014357 -1.540000 0.070000 1.050000
-0.138784 -9.865608 0.198604 0.840000 0.770000 0.280000
-0.138784 -9.865608 0.198604 0.840000 0.770000 0.280000
-0.138784 -9.865608 0.198604 0.840000 0.770000 0.280000
-0.055035 -9.918249 0.081356 -2.030000 0.140000 0.490000
-0.124427 -10.090532 0.057428 2.100000 -1.190000 1.260000
-0.050249 -10.011569 0.145962 0.280000 -0.350000 0.630000
-0.050249 -10.011569 0.145962 0.280000 -0.350000 0.630000
-0.031107 -10.021141 0.052642 -0.560000 -0.700000 0.420000
-0.031107 -10.021141 0.052642 -0.560000 -0.700000 0.420000
0.011964 -10.037891 -0.043071 -0.210000 0.210000 0.140000
0.011964 -10.037891 -0.043071 -0.210000 0.210000 0.140000
-0.023928 -9.958927 0.074178 -0.350000 1.470000 -0.070000
-0.023928 -9.958927 0.074178 -0.350000 1.470000 -0.070000
-0.076570 -10.121639 0.069392 -0.490000 0.210000 0.210000
0.026321 -10.049855 0.057428 -0.910000 0.350000 -0.420000
-0.033500 -9.949356 0.043071 0.630000 1.610000 -1.050000
-0.033500 -9.949356 0.043071 0.630000 1.610000 -1.050000
-0.023928 -9.887143 0.133998 -0.980000 1.050000 -0.560000
-0.023928 -9.887143 0.133998 -0.980000 1.050000 -0.560000
0.016750 -9.985250 0.110070 1.120000 -0.350000 0.490000
-0.062213 -9.982857 0.019143 0.490000 -0.210000 0.840000
-0.045464 -9.784252 0.026321 -0.840000 1.260000 0.280000
-0.035892 -9.875179 0.105284 -1.540000 1.400000 1.330000
-0.143569 -9.851252 0.160319 1.540000 -1.260000 1.190000
-0.093320 -10.028319 0.105284 -0.910000 -0.980000 0.420000
-0.114855 -10.033106 0.028714 -0.350000 -0.700000 0.210000
-0.043071 -10.064213 0.028714 0.560000 0.140000 0.280000
-0.052642 -10.066606 0.093320 0.840000 -0.070000 0.280000
-0.021535 -9.793823 0.078963 -0.840000 0.840000 -0.070000
-0.050249 -9.915856 0.141177 0.770000 -0.770000 0.420000
-0.040678 -9.958927 0.145962 1.050000 -0.560000 0.700000
-0.081356 -9.956534 -0.004786 -1.190000 -0.070000 0.630000
-0.031107 -10.080962 0.057428 -0.140000 1.260000 1.050000
-0.141177 -10.009177 0.119641 1.120000 -0.210000 0.980000
-0.069392 -9.911072 0.095713 -0.140000 -0.630000 0.490000
-0.117248 -9.954143 0.016750 -0.140000 -0.070000 0.630000
-0.117248 -9.954143 0.016750 -0.140000 -0.070000 0.630000
-0.074178 -10.107283 -0.007178 -0.980000 1.330000 0.770000
