-1.856830 -9.111869 3.101098 -1.120000 1.330000 -0.770000
-1.935793 -9.272188 3.132205 -0.420000 1.820000 -0.490000
-1.866402 -9.150154 3.306881 -0.770000 0.140000 -1.120000
-1.818545 -9.169296 3.218346 -1.540000 0.140000 -0.560000
-1.818545 -9.169296 3.218346 -1.540000 0.140000 -0.560000
-1.919044 -9.315259 3.144169 -0.560000 1.330000 -0.070000
-1.789831 -9.265009 3.136991 0.840000 -0.350000 -0.840000
-1.789831 -9.265009 3.136991 0.840000 -0.350000 -0.840000
-1.789831 -9.265009 3.136991 0.840000 -0.350000 -0.840000
-1.792224 -9.097511 3.180061 0.140000 0.630000 0.490000
-1.806581 -9.157332 3.055635 -0.980000 0.350000 0.630000
-1.818545 -9.195618 3.079563 -3.710000 1.680000 1.190000
-1.837688 -9.382257 3.026921 -2.940000 1.610000 1.330000
-1.861616 -8.997013 3.330809 -1.260000 -0.070000 1.400000
-1.878366 -9.384650 3.165704 -4.900000 -0.070000 0.490000
-1.904687 -9.190832 3.141776 0.070000 0.980000 0.840000
-1.904687 -9.190832 3.141776 0.070000 0.980000 0.840000
-1.864009 -9.233903 3.060420 -1.610000 1.120000 0.350000
-1.899901 -9.202796 3.060420 -0.140000 0.770000 0.210000
-1.883151 -9.312866 2.799603 0.140000 1.260000 -0.140000
-1.859223 -9.099905 3.211168 1.120000 -0.070000 0.910000
-1.832902 -9.154939 3.084348 -2.800000 0.420000 0.980000
-1.832902 -9.154939 3.084348 -2.800000 0.420000 0.980000
-1.892723 -9.332008 2.993421 1.750000 0.840000 0.140000
-1.892723 -9.332008 2.993421 1.750000 0.840000 0.140000
-1.868794 -9.255438 3.002992 1.540000 -0.070000 0.560000
-1.868794 -9.255438 3.002992 1.540000 -0.070000 0.560000
-1.844866 -9.296116 3.058028 -1.470000 -0.140000 0.280000
-1.873580 -9.080762 3.151347 -0.770000 0.280000 0.700000
-1.942972 -9.339187 3.058028 -2.100000 1.120000 0.070000
-1.907080 -9.059227 3.311667 2.030000 0.630000 0.840000
-1.907080 -9.059227 3.311667 2.030000 0.630000 0.840000
-1.887937 -9.217153 3.093920 -2.450000 0.840000 0.910000
-1.861616 -9.276974 3.067599 -0.770000 -0.560000 -0.630000
-1.916651 -9.236296 3.058028 0.350000 0.210000 0.070000
-1.899901 -9.281759 3.017349 1.750000 0.210000 -0.280000
-1.871187 -9.078369 3.203990 1.470000 0.070000 -0.280000
-1.871187 -9.078369 3.203990 1.470000 0.070000 -0.280000
-1.871187 -9.078369 3.203990 1.470000 0.070000 -0.280000
-1.887937 -9.104690 3.172883 -0.070000 -0.350000 0.210000
-1.942972 -9.255438 3.132205 0.210000 -0.280000 -0.280000
-1.904687 -9.238688 3.077170 0.420000 -0.140000 0.070000
-1.866402 -9.260223 3.115455 0.070000 0.070000 -0.280000
-1.866402 -9.260223 3.115455 0.070000 0.070000 -0.280000
-1.830509 -9.193225 3.031706 0.280000 0.070000 -0.210000
-1.830509 -9.193225 3.031706 0.280000 0.070000 -0.210000
-1.940579 -9.188439 3.089134 0.910000 0.070000 0.140000
-1.923829 -9.262616 2.866602 -1.610000 0.350000 0.350000
-1.825724 -9.011370 3.192025 0.420000 0.140000 0.630000
