3.407379 -9.001799 2.141576 -5.670000 4.830000 3.010000
3.519842 -9.075976 2.117648 -8.120000 3.570000 2.520000
3.519842 -9.075976 2.117648 -8.120000 3.570000 2.520000
3.519842 -9.075976 2.117648 -8.120000 3.570000 2.520000
3.519842 -9.075976 2.117648 -8.120000 3.570000 2.520000
3.519842 -9.075976 2.117648 -8.120000 3.570000 2.520000
3.519842 -9.075976 2.117648 -8.120000 3.570000 2.520000
3.519842 -9.075976 2.117648 -8.120000 3.570000 2.520000
3.519842 -9.075976 2.117648 -8.120000 3.570000 2.520000
3.519842 -9.075976 2.117648 -8.120000 3.570000 2.520000
3.519842 -9.075976 2.117648 -8.120000 3.570000 2.520000
3.519842 -9.075976 2.117648 -8.120000 3.570000 2.520000
3.519842 -8.836694 0.504886 -163.240005 -7.840000 4.200000
3.555735 -10.377672 -2.761317 -172.830002 -16.100000 1.330000
3.541377 -10.497313 -3.144169 -93.730003 -11.410000 -4.620000
3.349952 -8.748159 -2.356930 -68.599998 -6.160000 -6.580000
3.448057 -8.578269 -3.821337 -154.559998 -7.560000 2.310000
3.565305 -8.666803 -4.208975 -69.019997 -6.930000 -3.570000
3.565305 -8.666803 -4.208975 -69.019997 -6.930000 -3.570000
3.445665 -7.097112 -3.476771 -73.989998 -4.550000 -4.830000
3.649055 -7.482357 -5.570491 -103.110001 -12.880000 -4.130000
3.529413 -6.735795 -5.211568 -109.340004 -12.740000 -3.430000
3.287738 -6.958328 -6.585048 -118.860001 -12.600000 -3.500000
3.261417 -6.118448 -7.250252 -84.139999 -12.810000 -6.300000
3.316452 -5.151747 -7.642675 -77.769997 -10.990000 -5.040000
3.316452 -5.151747 -7.642675 -77.769997 -10.990000 -5.040000
3.349952 -5.302495 -8.008778 -81.830002 -11.060000 -4.480000
3.349952 -5.302495 -8.008778 -81.830002 -11.060000 -4.480000
3.266203 -4.378866 -8.059027 -41.160000 -5.950000 -5.880000
3.335595 -4.328616 -8.516055 -42.770000 -4.760000 -4.690000
3.335595 -4.328616 -8.516055 -42.770000 -4.760000 -4.690000
3.223132 -3.972085 -8.602197 -47.529999 -5.390000 -6.650000
3.165704 -3.687340 -8.822337 -52.500000 -3.220000 -5.740000
3.182454 -3.519842 -8.901299 -42.279999 -1.540000 -3.920000
3.208775 -2.981457 -8.662018 -34.369999 -2.800000 -4.410000
3.208775 -2.981457 -8.662018 -34.369999 -2.800000 -4.410000
3.160919 -3.017349 -8.477771 -25.200001 -6.510000 -2.870000
2.612962 -2.610569 -9.035298 -4.970000 -6.790000 0.140000
2.780460 -2.600998 -9.224331 -5.810000 -4.480000 1.960000
2.900101 -2.902494 -9.078369 -0.350000 2.310000 4.340000
2.969493 -2.991028 -9.190832 -3.780000 3.570000 5.250000
2.967100 -2.857030 -9.164511 -3.150000 3.710000 4.620000
2.950350 -2.885744 -8.922836 4.410000 3.570000 5.180000
2.974278 -3.026921 -9.037691 -4.480000 3.500000 4.550000
2.895315 -3.153740 -9.102298 -2.170000 4.270000 4.060000
3.058028 -3.065206 -9.066404 0.560000 5.390000 4.340000
