2.498107 -12.150753 2.251646 -24.570000 7.000000 -85.400002
2.622534 -12.516854 2.184647 -24.500000 5.950000 -101.220001
3.227918 -12.337393 1.907080 -18.340000 2.030000 -143.289993
3.464807 -11.892329 1.629512 -18.410000 0.420000 -175.279999
3.792624 -11.004591 1.395016 -0.700000 2.310000 -187.669998
4.637290 -9.375079 1.739582 17.990000 4.620000 -205.800003
4.917251 -7.819745 1.495514 21.700001 -2.240000 -221.550003
5.575277 -6.321837 1.718047 31.920000 -4.550000 -226.309998
5.417351 -4.759324 1.868794 38.990002 -8.540000 -231.279999
5.417351 -4.759324 1.868794 38.990002 -8.540000 -231.279999
6.764510 -0.885344 1.603191 45.920002 -22.680000 -225.259995
6.474977 1.653440 1.607977 51.380001 -29.400000 -205.660004
6.474977 1.653440 1.607977 51.380001 -29.400000 -205.660004
6.805188 3.735196 0.602991 58.380001 -31.780001 -180.529999
6.805188 3.735196 0.602991 58.380001 -31.780001 -180.529999
7.410572 6.221339 0.244068 -5.110000 -25.549999 -96.459999
8.006385 7.532606 -0.035892 18.480000 -10.430000 -49.000000
8.006385 7.532606 -0.035892 18.480000 -10.430000 -49.000000
8.425128 6.568298 0.078963 -13.020000 -6.790000 -18.969999
8.425128 6.568298 0.078963 -13.020000 -6.790000 -18.969999
8.425128 6.568298 0.078963 -13.020000 -6.790000 -18.969999
8.784052 6.257231 0.090927 -21.980000 -2.660000 -4.760000
8.784052 6.257231 0.090927 -21.980000 -2.660000 -4.760000
8.784052 6.257231 0.090927 -21.980000 -2.660000 -4.760000
8.784052 6.257231 0.090927 -21.980000 -2.660000 -4.760000
8.949157 3.500700 0.849452 -12.740000 1.050000 6.020000
8.798409 3.957729 0.926022 1.680000 3.710000 5.110000
8.918050 3.936193 0.933201 -5.320000 7.560000 5.740000
8.877372 3.924229 0.973879 -1.540000 9.240000 7.350000
8.834301 4.240082 1.165305 -0.280000 8.400000 9.240000
8.889337 4.077370 1.105484 -4.200000 7.560000 12.110000
8.762517 4.098906 1.301696 -2.170000 6.580000 13.930000
9.054441 4.137190 1.296910 -0.350000 3.150000 17.219999
