1.897508 -9.329616 2.323431 4.340000 0.840000 2.170000
1.895115 -9.655040 2.364109 -1.050000 -0.140000 -2.030000
1.895115 -9.655040 2.364109 -1.050000 -0.140000 -2.030000
1.651048 -9.420543 2.392823 4.270000 1.820000 -4.200000
1.777867 -9.836893 2.263610 35.630001 3.640000 -12.740000
1.799403 -9.827322 2.055435 53.200001 5.600000 -19.389999
2.227718 -11.382657 4.029513 86.379997 0.560000 -61.389999
1.971686 -12.516854 4.192225 109.760002 4.130000 -66.010002
1.971686 -12.516854 4.192225 109.760002 4.130000 -66.010002
2.849852 -8.501699 4.409972 34.160000 3.080000 -61.670002
3.029313 -8.441878 5.190032 76.580002 4.900000 -66.779999
3.354738 -7.312466 5.221139 54.880001 2.870000 -69.160004
3.354738 -7.312466 5.221139 54.880001 2.870000 -69.160004
3.960121 -7.257431 5.235496 60.270000 -1.400000 -69.300003
3.850052 -7.092326 5.575277 81.900002 2.310000 -71.820000
4.615755 -5.185246 6.228518 91.699997 2.170000 -64.610001
4.453043 -4.859823 6.197411 83.580002 5.740000 -64.260002
4.895715 -3.826123 6.250053 39.130001 3.220000 -52.779999
5.118248 -3.586841 6.776474 69.720001 5.040000 -44.939999
4.979464 -3.663411 6.640083 64.680000 5.180000 -42.980000
5.029713 -3.136991 7.147361 52.009998 1.470000 -31.990000
5.029713 -3.136991 7.147361 52.009998 1.470000 -31.990000
5.204390 -2.950350 6.740582 29.820000 -1.540000 -25.270000
5.510671 -2.490928 7.231110 42.560001 4.060000 -22.680000
5.687739 -2.127219 6.958328 -14.490000 2.940000 -1.890000
5.178068 -2.569891 7.695317 -7.420000 6.020000 -0.630000
5.359922 -2.833102 7.499106 -18.549999 3.780000 -0.910000
5.359922 -2.833102 7.499106 -18.549999 3.780000 -0.910000
5.417351 -2.916851 7.379465 -16.170000 -2.520000 4.340000
5.223531 -3.464807 7.704889 8.540000 -1.050000 1.890000
5.391029 -3.445665 7.520642 -10.010000 -1.610000 3.010000
5.182854 -3.498307 7.161718 -35.279999 4.690000 6.930000
5.182854 -3.498307 7.161718 -35.279999 4.690000 6.930000
5.130211 -3.460021 7.180861 -42.770000 3.780000 6.930000
5.185246 -3.821337 7.123433 -20.930000 0.070000 6.510000
5.247460 -3.536592 7.223931 -29.540001 -2.310000 9.170000
