3.036492 -9.221939 2.361716 -8.820000 4.550000 3.780000
3.067599 -9.123833 2.421536 -8.330000 1.260000 4.200000
3.067599 -9.123833 2.421536 -8.330000 1.260000 4.200000
3.069991 -9.080762 2.373680 -8.050000 1.680000 4.060000
3.046063 -9.169296 2.371287 -9.730000 3.500000 2.800000
3.029313 -8.784052 2.464607 -22.889999 2.590000 3.360000
3.060420 -8.939585 2.019542 -85.120003 -0.420000 6.160000
2.971886 -9.537791 1.244268 -75.949997 -3.360000 5.250000
2.971886 -9.537791 1.244268 -75.949997 -3.360000 5.250000
3.192025 -9.078369 1.301696 -74.340004 -2.590000 4.550000
2.902494 -8.769694 0.641276 -166.809998 -7.700000 6.510000
3.093920 -9.257831 -0.696311 -127.750000 -7.770000 2.100000
3.093920 -9.257831 -0.696311 -127.750000 -7.770000 2.100000
3.053242 -9.992428 -2.536392 -128.940002 -11.550000 2.100000
3.019742 -8.891729 -2.435893 -60.410000 -6.230000 -1.400000
2.883351 -8.563912 -2.495714 -81.900002 -6.160000 -0.560000
3.141776 -8.980263 -3.632305 -92.889999 -10.290000 1.470000
2.682354 -8.480164 -4.012764 -77.070000 -7.910000 0.280000
2.938386 -8.190632 -4.584648 -54.389999 -7.000000 -0.770000
3.091527 -7.925028 -4.637290 -106.120003 -11.410000 2.450000
3.101098 -8.267202 -4.974678 -102.970001 -12.950000 3.640000
3.053242 -7.362715 -5.448457 -60.619999 -13.230000 -3.080000
2.828316 -7.441679 -6.041877 -116.059998 -17.570000 -0.280000
2.828316 -7.441679 -6.041877 -116.059998 -17.570000 -0.280000
2.861816 -7.281359 -6.630512 -115.500000 -17.430000 -1.750000
2.636890 -6.553941 -6.805188 -100.029999 -16.450001 -3.220000
2.486143 -5.536992 -6.920043 -84.489998 -18.760000 -2.170000
2.445465 -5.264209 -6.994221 -91.489998 -20.299999 0.140000
2.476572 -5.345565 -8.209774 -98.070000 -19.180000 1.400000
2.433501 -4.773681 -8.539984 -80.290001 -15.470000 -3.150000
1.928615 -4.024727 -8.997013 -56.770000 -18.270000 -8.190000
2.043471 -3.924229 -9.198010 -45.639999 -15.540000 -6.510000
2.043471 -3.924229 -9.198010 -45.639999 -15.540000 -6.510000
1.871187 -3.661019 -9.243474 -15.330000 -6.440000 -2.380000
2.184647 -3.467200 -9.640682 -14.420000 2.450000 2.170000
2.177469 -3.574877 -9.406186 -6.440000 7.840000 3.080000
2.196611 -3.550949 -9.157332 -1.680000 7.980000 1.960000
2.196611 -3.550949 -9.157332 -1.680000 7.980000 1.960000
2.136791 -3.510271 -9.174082 -5.880000 9.730000 1.680000
2.000400 -3.625126 -9.054441 -2.800000 11.900000 3.080000
2.124826 -3.416951 -9.243474 -0.070000 12.670000 2.450000
2.196611 -3.440879 -8.932407 0.140000 13.090000 3.010000
2.196611 -3.574877 -8.707481 3.220000 11.200000 3.430000
2.309074 -3.622734 -8.786445 5.880000 11.060000 2.800000
2.218147 -3.565305 -8.633304 -1.610000 7.840000 2.100000
