1.213161 -9.829715 -0.382852 -1.680000 0.630000 -0.560000
1.225125 -9.841680 -0.363709 -1.470000 0.910000 0.210000
1.143769 -9.767502 -0.361316 0.070000 0.840000 0.140000
1.143769 -9.767502 -0.361316 0.070000 0.840000 0.140000
1.239482 -9.846465 -0.368495 1.330000 0.770000 0.420000
1.232304 -9.918249 -0.418744 -0.350000 0.630000 0.350000
1.179662 -9.856036 -0.401994 -0.350000 0.980000 0.700000
1.179662 -9.856036 -0.401994 -0.350000 0.980000 0.700000
1.275374 -9.966106 -0.356531 -1.470000 0.350000 0.490000
1.275374 -9.966106 -0.356531 -1.470000 0.350000 0.490000
1.162912 -9.927821 -0.399601 -2.590000 0.770000 0.280000
1.162912 -9.927821 -0.399601 -2.590000 0.770000 0.280000
1.222732 -9.827322 -0.416351 -3.710000 1.470000 0.140000
1.210768 -9.951750 -0.433101 -0.910000 -0.210000 0.210000
1.203590 -9.954143 -0.514457 -2.940000 0.280000 -0.070000
1.129412 -9.863215 -0.380459 2.170000 0.910000 -0.560000
1.129412 -9.863215 -0.380459 2.170000 0.910000 -0.560000
1.222732 -9.734003 -0.421137 3.500000 0.840000 -0.700000
1.201197 -9.994821 -0.399601 -2.310000 -0.070000 0.770000
1.215554 -9.951750 -0.512064 0.560000 0.140000 0.140000
1.215554 -9.951750 -0.512064 0.560000 0.140000 0.140000
1.215554 -9.951750 -0.512064 0.560000 0.140000 0.140000
1.215554 -9.951750 -0.512064 0.560000 0.140000 0.140000
1.182054 -9.968499 -0.447458 0.140000 0.210000 -0.070000
1.198804 -9.848858 -0.485743 -0.910000 0.280000 0.420000
1.165305 -9.836893 -0.514457 -0.070000 0.770000 0.140000
1.165305 -9.836893 -0.514457 -0.070000 0.770000 0.140000
1.146162 -9.772287 -0.373280 1.750000 1.190000 0.140000
1.146162 -9.772287 -0.373280 1.750000 1.190000 0.140000
1.146162 -9.772287 -0.373280 1.750000 1.190000 0.140000
1.167697 -9.927821 -0.457029 -1.960000 -0.490000 0.840000
1.110270 -9.791430 -0.452243 -0.140000 0.140000 0.280000
1.179662 -9.877571 -0.406780 -0.770000 0.490000 0.560000
1.205983 -9.884750 -0.497707 -0.350000 -0.490000 0.700000
1.220340 -9.839286 -0.452243 1.260000 0.420000 1.120000
1.194018 -9.925428 -0.437887 -0.490000 0.140000 1.470000
1.191626 -9.844072 -0.452243 -1.750000 -0.420000 1.120000
1.107877 -9.877571 -0.514457 -2.870000 -0.210000 1.330000
1.244268 -9.884750 -0.614955 -0.770000 -0.350000 0.700000
1.160519 -9.954143 -0.502493 0.840000 -0.350000 0.700000
