-0.186640 -9.834501 0.095713 3.640000 -0.700000 -0.070000
-0.143569 -10.016356 0.009571 0.070000 -0.350000 -0.350000
-0.143569 -10.016356 0.009571 0.070000 -0.350000 -0.350000
-0.143569 -10.016356 0.009571 0.070000 -0.350000 -0.350000
-0.165105 -9.877571 0.114855 -1.330000 0.980000 -0.490000
-0.124427 -9.891929 0.157926 0.700000 1.190000 -0.140000
-0.124427 -9.891929 0.157926 0.700000 1.190000 -0.140000
-0.203390 -9.836893 0.174676 -1.470000 0.700000 0.070000
-0.071785 -9.987641 0.107677 -0.350000 -0.280000 0.420000
-0.150748 -9.958927 0.143569 0.700000 0.140000 0.700000
-0.112463 -9.985250 0.074178 -0.070000 -0.420000 0.210000
-0.086142 -9.951750 0.064606 -0.490000 0.210000 0.280000
-0.086142 -9.951750 0.064606 -0.490000 0.210000 0.280000
-0.086142 -9.951750 0.064606 -0.490000 0.210000 0.280000
-0.057428 -9.973285 0.148355 0.210000 1.610000 0.350000
-0.189033 -9.927821 0.145962 -1.050000 1.820000 0.280000
-0.200997 -9.994821 0.222532 -0.210000 0.700000 0.490000
-0.138784 -10.126426 0.153141 0.700000 -0.280000 0.280000
-0.208176 -10.009177 0.033500 -1.330000 1.330000 -1.260000
-0.200997 -9.994821 0.088534 -0.700000 0.840000 -0.630000
-0.153141 -9.932607 0.157926 -1.190000 0.840000 -0.350000
-0.129212 -9.918249 0.126820 0.700000 -0.210000 0.070000
-0.153141 -9.934999 0.055035 0.070000 0.630000 0.210000
-0.153141 -9.934999 0.055035 0.070000 0.630000 0.210000
-0.210568 -9.822537 0.277567 -0.700000 0.840000 -0.070000
-0.160319 -9.865608 0.189033 1.260000 -0.280000 0.770000
-0.224925 -9.908678 0.241675 -1.050000 -0.350000 0.350000
-0.165105 -9.970891 0.107677 -2.660000 -1.120000 0.420000
-0.165105 -9.970891 0.107677 -2.660000 -1.120000 0.420000
-0.107677 -10.068997 0.090927 -1.890000 -1.050000 0.420000
-0.095713 -10.059426 0.055035 0.490000 -0.210000 0.560000
-0.234497 -9.925428 -0.026321 0.980000 0.350000 0.140000
-0.167498 -9.911072 0.122034 -0.700000 -0.140000 0.630000
-0.110070 -10.150353 0.093320 0.980000 -0.490000 0.490000
-0.232104 -10.104890 0.098106 1.120000 0.210000 0.210000
-0.133998 -10.052249 0.145962 0.280000 -0.770000 -0.770000
-0.131605 -9.990034 -0.014357 -2.380000 -0.280000 -1.540000
-0.083749 -9.970891 0.004786 0.630000 0.980000 -0.280000
-0.124427 -9.932607 0.064606 1.960000 0.210000 -0.490000
-0.033500 -9.829715 0.153141 -0.700000 -0.140000 -0.770000
-0.062213 -9.963714 -0.052642 -0.910000 1.330000 -0.350000
-0.021535 -9.568897 0.086142 -0.910000 1.610000 -0.140000
-0.114855 -9.875179 0.066999 0.490000 2.100000 2.310000
-0.205783 -9.980463 0.129212 -1.330000 2.800000 2.380000
-0.251246 -10.124033 0.282353 -1.050000 0.840000 2.590000
-0.251246 -10.124033 0.282353 -1.050000 0.840000 2.590000
-0.251246 -10.248460 0.078963 1.890000 -0.490000 1.680000
-0.284746 -10.025927 0.129212 0.980000 0.140000 0.910000
-0.296710 -9.896714 0.117248 0.140000 0.070000 -0.070000
-0.239282 -9.801002 0.062213 -0.700000 1.330000 0.210000
-0.270389 -10.045070 0.210568 -1.120000 0.840000 0.910000
-0.210568 -10.102496 0.102891 -0.980000 -2.240000 0.280000
