3.464807 -9.061620 1.959722 -9.170000 2.870000 2.940000
3.273381 -9.085547 1.730011 -8.050000 4.480000 2.800000
3.273381 -9.085547 1.730011 -8.050000 4.480000 2.800000
3.450450 -8.829515 1.706082 -17.360001 3.640000 3.710000
3.445665 -8.654840 1.718047 -34.790001 2.030000 5.670000
3.460021 -9.681360 0.880559 -49.700001 -1.680000 6.790000
3.352344 -8.949157 1.131805 -59.360001 3.010000 3.640000
3.352344 -8.949157 1.131805 -59.360001 3.010000 3.640000
3.273381 -8.946764 0.538385 -85.190002 -0.210000 4.620000
3.603590 -9.757930 -0.253639 -54.529999 -4.620000 4.410000
3.297310 -8.958728 -0.334995 -115.080002 -1.820000 3.990000
3.297310 -8.958728 -0.334995 -115.080002 -1.820000 3.990000
3.692125 -10.358529 -1.964507 -30.030001 -5.110000 2.520000
3.287738 -8.245667 -0.177069 -73.989998 0.490000 -2.310000
3.548556 -9.887143 -3.125026 -95.340004 -11.410000 -0.630000
3.294917 -8.181061 -2.330609 -117.459999 -9.100000 -4.970000
3.467200 -8.886944 -3.950550 -126.279999 -11.830000 0.420000
3.503092 -8.200203 -3.993621 -58.310001 -5.320000 -1.470000
3.369094 -7.989635 -4.194618 -101.570000 -9.100000 0.140000
3.486342 -8.219346 -4.809574 -99.330002 -10.290000 -0.280000
3.395415 -7.259824 -4.833502 -110.669998 -12.320000 -2.800000
3.395415 -7.259824 -4.833502 -110.669998 -12.320000 -2.800000
3.479164 -7.180861 -6.577869 -125.510002 -15.610000 -2.520000
3.479164 -7.180861 -6.577869 -125.510002 -15.610000 -2.520000
3.117848 -5.869594 -6.577869 -116.129997 -16.870001 -3.850000
3.352344 -5.649454 -7.515855 -116.620003 -19.110001 -0.140000
2.847459 -4.847858 -8.556733 -89.809998 -17.570000 -0.210000
2.847459 -4.847858 -8.556733 -89.809998 -17.570000 -0.210000
2.957529 -4.644469 -8.937192 -61.880001 -15.750000 -1.610000
2.861816 -4.070191 -8.650054 -32.410000 -16.240000 -3.150000
2.538785 -3.821337 -9.260223 -36.959999 -9.520000 -0.700000
2.438286 -3.708875 -9.408579 -6.510000 -3.220000 1.120000
2.469393 -3.280560 -9.403792 -3.990000 -0.420000 0.070000
2.469393 -3.280560 -9.403792 -3.990000 -0.420000 0.070000
2.768496 -3.311667 -8.891729 -20.790001 1.540000 1.400000
2.507678 -3.304488 -9.138189 -4.200000 4.270000 2.730000
2.579463 -3.529413 -9.085547 -6.720000 7.770000 3.500000
2.596212 -3.345166 -8.968300 -7.980000 8.400000 4.130000
2.541178 -3.230310 -9.190832 -4.480000 11.410000 4.970000
2.562713 -3.302095 -8.891729 2.590000 11.480000 5.180000
2.711068 -3.122634 -8.609376 0.560000 9.870000 4.760000
2.775674 -3.543770 -8.642875 -7.350000 6.090000 3.640000
2.553142 -3.524628 -8.638089 3.780000 6.230000 6.440000
2.553142 -3.524628 -8.638089 3.780000 6.230000 6.440000
2.732604 -3.259024 -8.791230 -11.620000 5.110000 7.980000
2.732604 -3.259024 -8.791230 -11.620000 5.110000 7.980000
3.110669 -4.211368 -8.920443 0.840000 1.890000 3.080000
