3.814159 -8.616554 2.545963 -23.100000 3.430000 4.900000
3.902694 -8.554340 2.557927 -32.759998 3.290000 4.830000
3.835695 -8.224132 1.921437 -116.970001 1.260000 10.430000
3.735196 -8.578269 1.275374 -146.300003 -4.060000 12.460000
3.735196 -8.578269 1.275374 -146.300003 -4.060000 12.460000
3.811767 -8.149954 0.650848 -192.149994 -7.840000 10.430000
3.656233 -9.511470 -1.686940 -191.940002 -16.240000 11.130000
3.519842 -7.774280 -2.603391 -228.759995 -21.490000 2.940000
3.519842 -7.774280 -2.603391 -228.759995 -21.490000 2.940000
3.598805 -9.659825 -5.412565 -162.050003 -21.070000 -1.750000
3.598805 -9.659825 -5.412565 -162.050003 -21.070000 -1.750000
3.337988 -6.436693 -5.082355 -188.089996 -19.389999 -5.950000
3.337988 -6.436693 -5.082355 -188.089996 -19.389999 -5.950000
3.840480 -7.082755 -6.798009 -139.720001 -22.049999 -11.690000
3.438486 -5.228317 -7.345965 -131.740005 -25.620001 -10.640000
3.247060 -5.297709 -8.595018 -121.520004 -25.200001 -12.110000
3.354738 -4.752146 -8.559127 -98.769997 -22.120001 -13.160000
3.354738 -4.752146 -8.559127 -98.769997 -22.120001 -13.160000
3.361916 -3.625126 -9.092726 -56.000000 -17.780001 -9.870000
3.194418 -3.586841 -9.427721 -40.040001 -15.820000 -8.680000
2.945565 -3.184847 -9.056834 -18.969999 -11.060000 -4.830000
3.053242 -2.943172 -9.288938 -16.100000 -5.390000 -0.490000
3.139383 -3.134598 -9.389436 -5.180000 2.660000 1.750000
3.148954 -3.148954 -8.985049 -7.350000 4.480000 1.680000
3.148954 -3.148954 -8.985049 -7.350000 4.480000 1.680000
3.062813 -3.203990 -9.035298 -6.300000 4.830000 2.170000
