0.102891 -9.956534 2.098505 -4.130000 4.130000 2.730000
0.129212 -9.954143 2.005185 -8.050000 2.660000 1.400000
0.081356 -9.784252 1.964507 -3.850000 5.320000 0.420000
0.057428 -9.767502 2.041078 -5.810000 3.920000 0.770000
0.043071 -9.573684 1.904687 -5.250000 3.290000 0.560000
0.043071 -9.573684 1.904687 -5.250000 3.290000 0.560000
0.105284 -9.681360 1.856830 -7.210000 4.620000 0.910000
0.169890 -9.590433 2.050649 -4.340000 5.530000 1.120000
0.138784 -9.650253 2.105684 -6.230000 4.410000 2.030000
0.138784 -9.650253 2.105684 -6.230000 4.410000 2.030000
0.177069 -9.647861 1.986043 -4.970000 4.900000 1.680000
0.177069 -9.647861 1.986043 -4.970000 4.900000 1.680000
0.122034 -9.707682 2.086541 -4.550000 5.110000 2.100000
0.112463 -9.722038 1.990828 -4.690000 4.340000 2.730000
0.153141 -9.755538 2.112862 -5.810000 4.200000 3.080000
0.153141 -9.755538 2.112862 -5.810000 4.200000 3.080000
0.153141 -9.755538 2.112862 -5.810000 4.200000 3.080000
0.153141 -9.755538 2.112862 -5.810000 4.200000 3.080000
0.153141 -9.755538 2.112862 -5.810000 4.200000 3.080000
0.256032 -9.784252 2.088934 -4.690000 3.920000 2.100000
0.155533 -9.865608 2.100898 -2.800000 4.130000 1.960000
0.200997 -9.856036 2.110470 -3.010000 4.200000 2.030000
0.200997 -9.856036 2.110470 -3.010000 4.200000 2.030000
0.143569 -9.762716 2.041078 -4.480000 3.430000 1.260000
0.131605 -9.652647 1.954936 -3.500000 3.500000 0.980000
0.282353 -9.777073 2.033899 -4.620000 3.500000 1.400000
0.258425 -9.911072 2.088934 -4.620000 4.130000 0.770000
0.248854 -9.695717 2.127219 -4.550000 4.550000 0.700000
0.186640 -9.710074 2.196611 -3.640000 4.620000 0.420000
0.208176 -9.674182 2.103291 -3.570000 3.640000 0.700000
0.208176 -9.674182 2.103291 -3.570000 3.640000 0.700000
0.308674 -9.611969 2.213361 -5.810000 2.660000 1.400000
0.425922 -9.769895 2.029114 -6.020000 3.500000 0.700000
0.425922 -9.769895 2.029114 -6.020000 3.500000 0.700000
0.361316 -9.619147 2.139183 -5.320000 4.270000 0.910000
0.318245 -9.568897 2.160719 -6.440000 3.010000 2.520000
0.318245 -9.568897 2.160719 -6.440000 3.010000 2.520000
0.394816 -9.748360 2.136791 -6.720000 3.290000 2.030000
0.358923 -9.650253 2.093720 -3.010000 4.410000 1.890000
0.330210 -9.571291 2.153540 -4.550000 3.850000 3.010000
0.385244 -9.621540 2.136791 -5.530000 3.290000 2.450000
0.416351 -9.671788 2.086541 -5.880000 3.570000 2.660000
0.287139 -9.729217 2.074577 -5.110000 4.690000 3.010000
0.334995 -9.726824 2.108077 -4.270000 4.690000 2.660000
0.313460 -9.705289 2.196611 -6.300000 5.250000 1.750000
0.373280 -9.573684 2.232504 -5.390000 4.200000 2.520000
0.392423 -9.604790 2.155933 -5.810000 4.060000 2.590000
0.354138 -9.578469 2.163112 -5.950000 4.900000 2.450000
0.313460 -9.616754 2.237289 -5.530000 4.760000 3.010000
0.409173 -9.530612 2.323431 -4.480000 4.130000 3.640000
0.385244 -9.729217 2.258825 -5.320000 3.290000 4.130000
0.344566 -9.681360 2.201397 -7.140000 2.310000 3.290000
0.313460 -9.466006 2.110470 -4.410000 3.010000 4.340000
0.411566 -9.726824 2.076970 -5.950000 3.640000 4.060000
0.349352 -9.700503 2.079363 -5.110000 4.830000 3.710000
0.282353 -9.745967 2.143969 -6.020000 4.690000 3.430000
0.416351 -9.702895 2.182254 -5.530000 3.570000 4.200000
