0.842274 -10.076177 -0.401994 0.350000 0.490000 0.070000
0.830309 -10.100104 -0.497707 0.350000 0.420000 -0.350000
0.806381 -9.961320 -0.459422 0.140000 0.210000 -0.630000
0.839881 -10.042676 -0.373280 -0.700000 0.700000 -0.980000
0.839881 -10.042676 -0.373280 -0.700000 0.700000 -0.980000
0.882952 -9.734003 -0.430708 0.910000 0.560000 -0.770000
0.894916 -9.791430 -0.361316 -0.140000 0.210000 -0.350000
0.753739 -9.760324 -0.385244 0.140000 0.210000 0.070000
0.803988 -9.805787 -0.397209 0.770000 0.280000 1.050000
0.794417 -9.781858 -0.411566 -0.630000 0.280000 0.980000
0.794417 -9.781858 -0.411566 -0.630000 0.280000 0.980000
0.897308 -9.896714 -0.390030 -0.420000 -0.630000 1.400000
0.835095 -9.990034 -0.490529 1.050000 -0.140000 1.330000
0.849452 -10.049855 -0.428315 -0.280000 0.140000 1.400000
0.849452 -10.049855 -0.428315 -0.280000 0.140000 1.400000
0.744168 -9.958927 -0.528814 -2.520000 0.980000 1.330000
0.744168 -9.958927 -0.528814 -2.520000 0.980000 1.330000
0.744168 -9.958927 -0.528814 -2.520000 0.980000 1.330000
0.806381 -9.968499 -0.466600 0.910000 1.470000 -0.420000
0.830309 -9.942179 -0.452243 -0.140000 0.210000 -0.560000
0.830309 -9.942179 -0.452243 -0.140000 0.210000 -0.560000
0.811167 -9.956534 -0.490529 0.840000 -0.140000 -0.560000
0.732204 -9.918249 -0.533599 -1.890000 1.050000 -0.490000
0.732204 -9.918249 -0.533599 -1.890000 1.050000 -0.490000
0.849452 -9.786645 -0.559920 0.140000 -0.980000 -1.330000
0.849452 -9.786645 -0.559920 0.140000 -0.980000 -1.330000
0.875773 -9.901501 -0.509671 2.520000 -0.700000 -1.330000
0.875773 -9.901501 -0.509671 2.520000 -0.700000 -1.330000
0.794417 -9.801002 -0.471386 -0.630000 0.140000 0.630000
0.746561 -9.891929 -0.413958 -2.590000 0.350000 1.190000
0.854238 -9.949356 -0.409173 -0.420000 0.490000 0.630000
0.854238 -9.949356 -0.409173 -0.420000 0.490000 0.630000
0.780060 -9.894321 -0.473779 -0.840000 0.770000 0.490000
0.715454 -9.786645 -0.538385 0.980000 1.120000 -0.070000
0.765703 -9.863215 -0.543171 1.960000 1.680000 -0.070000
0.866202 -9.958927 -0.459422 1.960000 1.680000 0.700000
0.849452 -9.992428 -0.437887 0.420000 1.050000 0.910000
0.873380 -9.997212 -0.399601 0.490000 0.770000 0.560000
0.808774 -9.958927 -0.358923 -1.400000 0.700000 -0.070000
