3.206382 -8.745767 3.570091 -0.560000 0.630000 -0.700000
3.206382 -8.745767 3.570091 -0.560000 0.630000 -0.700000
3.120241 -8.738588 3.720839 4.270000 1.190000 0.420000
3.005385 -8.709875 3.682554 -2.660000 0.770000 -0.350000
2.964707 -8.618947 3.479164 -0.280000 -0.350000 -0.350000
3.024528 -8.549555 3.964907 3.080000 1.260000 -0.700000
3.024528 -8.549555 3.964907 3.080000 1.260000 -0.700000
3.089134 -8.752945 3.694518 6.090000 1.050000 -1.820000
3.089134 -8.549555 3.744767 12.950000 1.260000 -1.750000
2.991028 -8.520842 3.845266 12.810000 2.310000 -1.820000
3.091527 -8.781659 3.850052 18.620001 4.060000 -3.500000
3.127419 -8.140383 4.400401 13.510000 3.850000 -4.130000
3.127419 -8.140383 4.400401 13.510000 3.850000 -4.130000
3.053242 -8.523234 4.180261 -27.580000 3.360000 -2.730000
3.125026 -9.793823 3.464807 -107.590004 1.960000 6.580000
3.385844 -9.406186 3.014957 -98.279999 0.630000 9.380000
3.110669 -8.752945 3.017349 -110.040001 2.240000 15.750000
3.103491 -7.810174 2.438286 -170.660004 -13.090000 28.350000
3.215954 -7.676175 1.320838 -156.169998 -23.730000 42.490002
1.392623 -9.068797 -0.739382 -85.470001 -10.010000 24.500000
2.854637 -9.269794 0.287139 26.670000 -3.990000 3.710000
2.854637 -9.269794 0.287139 26.670000 -3.990000 3.710000
2.222932 -10.150353 -0.349352 -5.600000 -4.200000 0.700000
2.222932 -10.150353 -0.349352 -5.600000 -4.200000 0.700000
2.340181 -9.717253 0.172283 4.970000 -1.960000 -0.070000
2.354537 -9.683753 0.028714 -0.070000 -0.560000 -0.070000
2.380858 -9.702895 0.023928 -0.140000 -0.700000 -1.330000
2.414358 -9.645468 0.100499 1.960000 -0.910000 -2.170000
2.388037 -9.341579 0.136391 0.840000 -3.360000 -2.170000
2.411965 -9.571291 -0.141177 -3.220000 -2.730000 -1.890000
2.411965 -9.571291 -0.141177 -3.220000 -2.730000 -1.890000
2.333002 -9.372685 0.351745 9.520000 -1.190000 0.420000
2.543570 -9.798609 -0.057428 0.140000 -0.140000 1.680000
2.543570 -9.798609 -0.057428 0.140000 -0.140000 1.680000
2.502892 -9.674182 0.098106 -1.260000 -0.560000 0.280000
2.593820 -9.643075 0.138784 -0.630000 -1.540000 0.280000
2.522035 -9.722038 -0.007178 0.140000 -1.540000 -0.140000
