1.359123 -10.016356 -0.392423 -3.220000 -0.630000 0.980000
1.318445 -9.875179 -0.200997 2.660000 0.910000 -0.140000
1.296910 -9.908678 -0.306281 1.260000 1.260000 0.280000
1.296910 -9.908678 -0.306281 1.260000 1.260000 0.280000
1.311267 -9.824929 -0.203390 1.750000 1.330000 -0.210000
1.311267 -9.824929 -0.203390 1.750000 1.330000 -0.210000
1.268196 -9.896714 -0.062213 0.420000 1.120000 0.070000
1.268196 -9.896714 -0.062213 0.420000 1.120000 0.070000
1.323231 -9.872787 -0.143569 -0.070000 0.420000 0.280000
1.304088 -9.925428 -0.277567 -1.470000 0.700000 0.560000
1.287339 -9.872787 -0.294317 -0.700000 0.770000 0.350000
1.287339 -9.872787 -0.294317 -0.700000 0.770000 0.350000
1.165305 -9.925428 -0.117248 0.070000 0.980000 0.140000
1.172483 -9.930215 -0.248854 -0.070000 0.840000 0.490000
1.304088 -10.030712 -0.263210 -0.840000 0.630000 0.350000
1.265803 -9.817751 -0.153141 3.080000 2.240000 -0.070000
1.241875 -9.793823 -0.064606 3.430000 0.770000 -0.070000
1.280160 -9.786645 -0.055035 2.870000 0.770000 0.770000
1.342373 -9.899107 -0.081356 -1.470000 -0.420000 0.420000
1.222732 -9.899107 -0.129212 -1.260000 -0.350000 0.070000
1.253839 -9.891929 -0.131605 0.210000 -0.490000 -0.070000
1.253839 -9.891929 -0.131605 0.210000 -0.490000 -0.070000
1.308874 -9.961320 -0.150748 0.840000 0.350000 -0.070000
1.246661 -9.827322 -0.141177 -0.770000 0.210000 -0.070000
1.335195 -9.990034 -0.148355 -0.140000 0.770000 -0.140000
1.280160 -9.877571 -0.196211 -0.280000 0.700000 -0.490000
1.280160 -9.877571 -0.196211 -0.280000 0.700000 -0.490000
1.239482 -9.844072 -0.162712 -0.420000 0.700000 -0.350000
1.404587 -9.894321 -0.138784 -0.630000 0.840000 -0.070000
1.332802 -9.939785 -0.153141 -0.980000 0.350000 -0.770000
1.239482 -9.812965 -0.165105 0.770000 0.420000 -0.840000
1.320838 -9.877571 -0.122034 -1.680000 0.420000 -0.350000
1.320838 -9.877571 -0.122034 -1.680000 0.420000 -0.350000
1.263410 -9.719646 -0.117248 -1.120000 0.070000 -0.350000
1.263410 -9.719646 -0.117248 -1.120000 0.070000 -0.350000
1.385444 -9.786645 -0.184247 -2.590000 1.330000 1.190000
1.261017 -9.789038 -0.040678 1.540000 0.420000 1.190000
1.270589 -9.827322 -0.086142 1.190000 -0.490000 1.470000
1.383051 -10.030712 -0.279960 -3.010000 0.280000 1.540000
1.272982 -10.001998 -0.248854 -0.700000 0.210000 0.980000
1.318445 -9.915856 -0.220140 0.910000 0.280000 0.840000
