2.175076 -9.561719 2.069792 3.150000 3.640000 -12.460000
2.423929 -9.958927 2.416751 -1.050000 3.220000 -13.790000
2.474179 -10.655239 2.199004 -13.510000 4.060000 -31.010000
2.371287 -11.320443 2.347359 -8.820000 2.380000 -53.549999
2.545963 -12.559926 2.447858 -13.930000 0.840000 -87.220001
2.545963 -12.559926 2.447858 -13.930000 0.840000 -87.220001
2.591427 -12.710674 1.974079 -18.340000 1.050000 -107.730003
3.404987 -12.579069 1.507478 -3.080000 3.850000 -149.029999
4.235296 -10.121639 2.263610 4.200000 2.030000 -180.180008
5.216353 -8.377272 2.254039 32.340000 1.680000 -193.690002
5.199604 -6.699903 2.835495 21.139999 -10.640000 -201.110001
5.498707 -5.967700 2.670390 7.140000 -18.690001 -204.119995
5.498707 -5.967700 2.670390 7.140000 -18.690001 -204.119995
5.761917 -4.532006 2.120041 -3.010000 -25.410000 -211.190002
6.364908 -1.610370 1.493121 41.650002 -28.280001 -212.449997
6.565905 0.662812 1.198804 39.830002 -30.730000 -204.119995
7.257431 3.924229 0.792024 28.280001 -23.940001 -167.649994
7.671390 6.443871 0.423530 23.100000 -11.550000 -132.930008
7.671390 6.443871 0.423530 23.100000 -11.550000 -132.930008
8.118847 6.790830 0.392423 -5.110000 -9.590000 -94.150002
7.757531 6.484549 0.701097 -5.460000 1.260000 -43.330002
8.298308 5.424529 0.818345 -19.460001 4.130000 -16.309999
8.298308 5.424529 0.818345 -19.460001 4.130000 -16.309999
8.341379 5.118248 0.976272 -20.299999 3.710000 -9.450000
8.566305 4.907679 1.229911 -13.440001 1.400000 -3.920000
8.987441 4.158726 1.170090 -1.890000 -2.100000 6.020000
9.025726 4.161119 1.497907 0.490000 -4.690000 6.930000
9.025726 4.161119 1.497907 0.490000 -4.690000 6.930000
8.953942 3.644269 1.093520 -4.200000 -3.850000 8.120000
9.011370 3.596412 1.194018 -6.020000 -1.400000 8.400000
8.925228 3.608376 1.299303 -2.660000 4.830000 7.140000
8.958728 3.558127 1.330409 -2.660000 4.060000 6.720000
8.958728 3.558127 1.330409 -2.660000 4.060000 6.720000
8.896514 3.804588 1.371087 -5.600000 -0.070000 5.880000
8.896514 3.804588 1.371087 -5.600000 -0.070000 5.880000
8.975478 3.615555 1.519442 -10.220000 -0.700000 5.880000
8.944371 3.763910 1.435694 -2.940000 -1.400000 7.910000
