2.134398 -9.396614 2.622534 4.970000 0.770000 -0.140000
2.093720 -9.451650 2.175076 4.970000 1.680000 -0.210000
2.093720 -9.451650 2.175076 4.970000 1.680000 -0.210000
2.105684 -9.243474 2.567499 5.320000 0.700000 -1.610000
2.029114 -9.475577 2.325824 -2.240000 0.210000 -1.330000
2.191825 -9.288938 2.266003 3.360000 0.210000 -4.270000
2.242075 -9.116654 1.935793 1.330000 -2.870000 -1.330000
2.189433 -9.365508 2.467000 0.840000 -1.120000 -3.150000
2.189433 -9.365508 2.467000 0.840000 -1.120000 -3.150000
2.038685 -9.370294 3.287738 -11.480000 -9.030000 -1.470000
2.234896 -9.901501 2.045863 -10.080000 -9.800000 -2.310000
2.184647 -10.052249 2.493321 -39.830002 -17.990000 0.210000
2.184647 -10.052249 2.493321 -39.830002 -17.990000 0.210000
2.361716 -9.975677 1.373480 -23.379999 -15.050000 -0.210000
2.134398 -8.920443 2.574677 -5.250000 -9.800000 -1.260000
2.419144 -9.923036 1.591227 -13.650000 -10.990000 -2.380000
2.591427 -10.035499 1.483550 -14.980000 -13.510000 -2.870000
2.610569 -9.200402 1.794617 -2.730000 -14.700000 -1.540000
2.610569 -9.200402 1.794617 -2.730000 -14.700000 -1.540000
2.242075 -9.456435 1.856830 -30.730000 -16.940001 3.360000
2.266003 -9.722038 1.758725 -21.980000 -20.230000 3.360000
2.321038 -9.315259 1.390230 -0.070000 -27.230000 -0.980000
2.254039 -9.408579 1.258625 3.990000 -26.600000 -0.980000
2.254039 -9.408579 1.258625 3.990000 -26.600000 -0.980000
2.488536 -9.544970 0.918844 -1.470000 -19.879999 -0.980000
2.555535 -9.559326 0.713061 -5.740000 -11.410000 -0.770000
2.450250 -9.724431 0.784846 -0.070000 -8.400000 -0.350000
2.538785 -9.561719 0.803988 0.700000 -4.130000 -1.400000
2.608176 -9.585647 0.988236 -0.840000 -0.210000 -1.750000
2.612962 -9.480364 0.863809 -0.910000 0.070000 -0.770000
2.512464 -9.473185 1.055235 -0.140000 0.560000 -0.910000
2.512464 -9.473185 1.055235 -0.140000 0.560000 -0.910000
2.490928 -9.535398 0.995414 1.750000 1.540000 -0.840000
2.514857 -9.327222 1.095913 -0.140000 3.010000 -0.280000
2.603391 -9.480364 1.074377 -0.630000 2.100000 0.490000
2.557927 -9.504292 1.213161 1.260000 1.960000 0.770000
2.624927 -9.322437 1.316052 3.290000 1.610000 0.770000
2.579463 -9.638289 1.158126 -1.400000 0.630000 1.190000
