4.340580 -8.642875 1.962115 -6.580000 3.500000 3.430000
4.328616 -8.530413 1.990828 -4.200000 3.920000 4.130000
4.287938 -8.769694 1.935793 -9.240000 3.500000 4.200000
4.287938 -8.769694 1.935793 -9.240000 3.500000 4.200000
4.261617 -8.583055 2.105684 -8.890000 3.430000 4.550000
4.261617 -8.583055 2.105684 -8.890000 3.430000 4.550000
4.201797 -8.317451 2.275574 -33.040001 3.570000 5.810000
3.943372 -8.224132 1.569692 -164.639999 -4.620000 9.520000
4.321437 -9.195618 -0.330210 -147.910004 -6.440000 7.280000
4.321437 -9.195618 -0.330210 -147.910004 -6.440000 7.280000
4.295116 -7.652246 0.157926 -160.580002 -4.340000 4.620000
4.295116 -7.652246 0.157926 -160.580002 -4.340000 4.620000
3.742374 -7.886744 -1.627119 -276.709991 -20.020000 6.440000
4.180261 -7.523034 -3.127419 -199.500000 -21.420000 -8.540000
3.902694 -7.618747 -5.819345 -231.979996 -30.799999 -6.440000
4.194618 -6.726225 -6.396015 -147.839996 -22.469999 -16.660000
4.194618 -6.726225 -6.396015 -147.839996 -22.469999 -16.660000
3.651447 -5.431707 -6.652047 -172.970001 -21.350000 -17.150000
4.321437 -5.862415 -8.362915 -156.660004 -26.110001 -15.400000
3.725625 -3.565305 -8.906086 -95.199997 -15.890000 -13.720000
3.763910 -2.813959 -8.635696 -96.040001 -13.580000 -12.740000
3.550949 -2.739782 -8.348558 -85.190002 -16.240000 -12.250000
3.550949 -2.739782 -8.348558 -85.190002 -16.240000 -12.250000
3.443272 -2.029114 -9.336794 -17.500000 -6.090000 -3.500000
3.443272 -2.029114 -9.336794 -17.500000 -6.090000 -3.500000
3.481557 -1.897508 -9.322437 -10.080000 -3.150000 -1.050000
3.696911 -2.112862 -9.054441 -5.810000 2.100000 1.610000
3.696911 -2.112862 -9.054441 -5.810000 2.100000 1.610000
3.720839 -1.988436 -9.207582 -5.390000 2.450000 2.450000
3.548556 -2.380858 -9.439686 -1.890000 4.900000 3.500000
