0.074178 -9.707682 2.076970 -3.150000 4.690000 3.430000
-0.023928 -9.791430 2.029114 -5.810000 3.080000 3.430000
-0.050249 -9.753145 1.950150 -6.020000 3.780000 2.450000
-0.064606 -9.858429 1.969293 -6.090000 4.410000 2.450000
0.019143 -9.934999 2.050649 -5.880000 6.020000 1.190000
0.016750 -9.741181 2.141576 -4.620000 6.440000 1.330000
-0.014357 -9.671788 2.232504 -7.420000 5.040000 1.330000
-0.002393 -9.774680 2.143969 -5.390000 4.760000 0.770000
-0.002393 -9.774680 2.143969 -5.390000 4.760000 0.770000
-0.009571 -9.789038 2.048256 -6.230000 3.220000 2.240000
0.076570 -9.600004 2.079363 -4.200000 3.220000 1.750000
0.076570 -9.600004 2.079363 -4.200000 3.220000 1.750000
-0.011964 -9.590433 2.036292 -6.020000 3.570000 2.590000
0.131605 -9.669396 2.076970 -4.830000 4.130000 3.080000
0.033500 -9.710074 2.165504 -5.600000 3.990000 2.730000
0.069392 -9.669396 2.115255 -4.970000 4.410000 3.220000
0.095713 -9.652647 2.086541 -5.250000 3.710000 2.450000
0.095713 -9.652647 2.086541 -5.250000 3.710000 2.450000
0.011964 -9.762716 2.096112 -4.480000 5.110000 2.730000
0.088534 -9.693325 2.112862 -6.370000 4.130000 3.010000
0.064606 -9.655040 2.110470 -5.880000 3.920000 3.640000
0.100499 -9.791430 2.021935 -6.440000 4.270000 3.360000
0.100499 -9.791430 2.021935 -6.440000 4.270000 3.360000
0.078963 -9.604790 2.002793 -5.600000 4.900000 2.450000
0.011964 -9.621540 2.067399 -5.320000 5.530000 2.730000
-0.011964 -9.693325 2.105684 -4.830000 5.670000 3.220000
0.033500 -9.683753 2.117648 -6.720000 3.780000 4.060000
-0.026321 -9.664611 2.127219 -5.040000 4.830000 3.640000
-0.059821 -9.729217 2.177469 -5.600000 4.760000 3.640000
-0.059821 -9.729217 2.177469 -5.600000 4.760000 3.640000
-0.043071 -9.700503 2.167897 -5.180000 4.480000 3.710000
0.081356 -9.839286 2.148755 -6.720000 3.220000 2.940000
0.081356 -9.839286 2.148755 -6.720000 3.220000 2.940000
0.081356 -9.839286 2.148755 -6.720000 3.220000 2.940000
-0.002393 -9.741181 2.000400 -6.370000 3.640000 2.380000
-0.019143 -9.571291 2.041078 -5.880000 4.900000 3.010000
-0.019143 -9.571291 2.041078 -5.880000 4.900000 3.010000
0.043071 -9.583255 2.127219 -5.670000 4.830000 3.220000
0.023928 -9.681360 2.115255 -5.600000 4.620000 3.220000
-0.014357 -9.578469 2.081756 -6.090000 3.990000 4.060000
0.043071 -9.793823 2.103291 -6.230000 4.130000 4.130000
0.043071 -9.793823 2.103291 -6.230000 4.130000 4.130000
-0.093320 -9.734003 2.072184 -4.760000 4.620000 4.060000
-0.093320 -9.734003 2.072184 -4.760000 4.620000 4.060000
-0.093320 -9.734003 2.072184 -4.760000 4.620000 4.060000
-0.093320 -9.734003 2.072184 -4.760000 4.620000 4.060000
-0.093320 -9.734003 2.072184 -4.760000 4.620000 4.060000
-0.093320 -9.734003 2.072184 -4.760000 4.620000 4.060000
