1.691726 -9.286544 2.868994 33.110001 6.300000 -7.280000
2.060220 -8.846266 2.864209 -1.260000 10.290000 -1.680000
2.060220 -8.846266 2.864209 -1.260000 10.290000 -1.680000
1.986043 -10.195816 3.125026 32.200001 6.160000 -13.440001
1.868794 -8.963513 3.610770 75.529999 9.730000 -27.580000
1.868794 -8.963513 3.610770 75.529999 9.730000 -27.580000
1.773082 -9.499505 3.309274 77.139999 11.970000 -41.020000
1.682154 -9.489935 4.144369 122.290001 14.420000 -62.720001
2.385644 -8.719445 5.197211 99.680000 18.059999 -66.570000
2.385644 -8.719445 5.197211 99.680000 18.059999 -66.570000
3.062813 -7.207181 6.147161 99.050003 18.760000 -73.150002
2.857030 -6.491727 7.092326 93.730003 10.430000 -72.309998
3.254239 -5.113462 7.128219 115.360001 14.140000 -69.930000
3.460021 -4.541577 7.865208 56.209999 -0.840000 -65.099998
3.460021 -4.541577 7.865208 56.209999 -0.840000 -65.099998
4.130012 -4.223332 6.972685 48.160000 1.260000 -59.990002
3.912265 -3.854837 7.190433 87.150002 11.340000 -61.320000
3.850052 -3.139383 7.896315 97.930000 9.660000 -61.459999
4.101298 -2.615355 7.530212 91.980003 6.440000 -59.010002
4.108476 -0.916451 8.671589 72.940002 -1.470000 -51.450001
4.256832 -0.457029 8.542377 62.930000 -2.940000 -45.990002
4.082155 -0.476172 8.267202 44.939999 3.010000 -40.880001
4.082155 -0.476172 8.267202 44.939999 3.010000 -40.880001
4.333402 0.021535 8.683553 31.710001 -2.170000 -36.820000
4.314260 0.174676 8.630912 44.520000 2.800000 -33.250000
4.230510 1.328017 8.525627 15.610000 2.030000 -18.410000
4.051049 1.189233 8.678767 20.510000 1.890000 -13.230000
4.051049 1.189233 8.678767 20.510000 1.890000 -13.230000
4.218546 0.959522 8.719445 0.840000 0.070000 -9.730000
4.012764 0.772882 8.690732 -15.190001 -1.330000 -2.800000
4.187439 0.746561 8.669197 -6.930000 0.560000 -0.980000
3.850052 0.528814 8.702696 -3.850000 -0.140000 2.870000
3.979264 0.600598 8.518449 -1.610000 -0.210000 3.010000
3.979264 0.600598 8.518449 -1.610000 -0.210000 3.010000
4.216154 0.430708 8.640482 -8.470000 4.060000 5.530000
3.917051 0.308674 8.738588 -24.639999 2.170000 8.680000
4.031906 0.315853 8.669197 -20.370001 1.330000 9.660000
