2.510071 -9.482756 2.445465 2.240000 1.680000 3.290000
2.512464 -9.188439 2.380858 7.420000 0.910000 2.240000
2.512464 -9.188439 2.380858 7.420000 0.910000 2.240000
2.459821 -9.635897 2.478964 -2.030000 -0.630000 0.280000
2.469393 -9.540184 2.519642 0.840000 -5.950000 -0.910000
2.361716 -9.554541 1.825724 0.280000 -4.620000 -1.330000
2.486143 -9.162118 2.356930 -1.190000 -4.830000 0.350000
2.486143 -9.432507 2.455036 1.260000 -7.840000 0.840000
2.486143 -9.432507 2.455036 1.260000 -7.840000 0.840000
2.557927 -9.521042 1.462015 4.900000 -5.180000 -2.100000
2.703890 -9.310472 1.540978 46.340000 -3.500000 -7.700000
2.622534 -10.913664 2.076970 -25.270000 -18.129999 -5.600000
2.952743 -8.236095 2.885744 21.629999 -15.960000 -5.390000
2.143969 -9.308081 3.270989 -55.299999 -21.559999 4.340000
2.143969 -9.308081 3.270989 -55.299999 -21.559999 4.340000
2.538785 -11.059627 2.045863 -27.440001 -20.299999 0.560000
2.557927 -8.767302 2.108077 3.290000 -15.960000 -0.630000
2.615355 -9.523434 1.816152 -9.450000 -11.900000 -1.470000
2.945565 -9.229117 1.572084 -4.060000 -10.360000 -1.610000
2.919244 -9.475577 1.804188 1.050000 -11.830000 -3.150000
2.919244 -9.475577 1.804188 1.050000 -11.830000 -3.150000
2.897708 -9.214760 1.859223 3.780000 -11.830000 -3.570000
2.919244 -9.410972 1.725225 -3.150000 -13.160000 -3.710000
2.912065 -9.339187 1.718047 -3.080000 -20.790001 -9.870000
2.912065 -9.339187 1.718047 -3.080000 -20.790001 -9.870000
2.947958 -9.231510 1.727618 -3.640000 -17.150000 -6.580000
2.928815 -9.300901 1.284946 -8.890000 -11.200000 -4.760000
3.065206 -9.183653 1.294517 -9.870000 -8.120000 -2.870000
3.151347 -9.157332 1.378266 3.010000 -3.990000 2.030000
3.146562 -9.212367 1.363909 1.610000 -4.340000 2.170000
3.084348 -9.315259 1.165305 -9.170000 -2.590000 1.890000
3.218346 -9.128618 1.351945 -10.570000 -2.240000 2.100000
3.270989 -9.255438 1.399801 -5.320000 -2.380000 1.820000
3.270989 -9.255438 1.399801 -5.320000 -2.380000 1.820000
3.091527 -9.597611 0.916451 -8.680000 -0.140000 2.730000
3.091527 -9.597611 0.916451 -8.680000 -0.140000 2.730000
2.969493 -9.370294 1.435694 -8.120000 0.210000 2.870000
3.096312 -9.446864 1.143769 -5.250000 1.260000 1.820000
3.038885 -9.410972 1.256232 3.080000 1.120000 0.420000
