2.483750 -9.075976 3.361916 -8.680000 0.280000 0.280000
2.596212 -9.147761 3.120241 -3.710000 1.050000 1.120000
2.596212 -9.147761 3.120241 -3.710000 1.050000 1.120000
2.469393 -9.482756 3.460021 -16.030001 0.910000 0.840000
2.531606 -9.406186 3.263810 -16.309999 0.630000 1.610000
2.469393 -8.721838 3.538985 -30.940001 0.770000 7.070000
2.512464 -9.401401 2.995814 -61.389999 2.030000 5.740000
2.512464 -9.401401 2.995814 -61.389999 2.030000 5.740000
2.533999 -7.843673 3.668197 -82.809998 2.100000 16.309999
2.366502 -10.229317 1.191626 -77.910004 -1.330000 13.440001
1.981257 -8.286345 1.663012 -97.300003 -7.770000 27.370001
2.225325 -8.894121 0.433101 -102.760002 -12.180000 19.879999
2.225325 -8.894121 0.433101 -102.760002 -12.180000 19.879999
1.672583 -9.808180 -0.203390 -51.380001 -10.780000 19.670000
1.785046 -10.255639 -0.741775 -24.710001 -9.590000 9.940000
1.706082 -9.920642 -0.222532 -5.740000 -7.840000 9.520000
1.560120 -9.662218 -0.294317 13.370000 -6.790000 8.960000
1.591227 -9.860823 -0.464208 0.770000 -1.400000 6.020000
1.584049 -10.030712 0.043071 18.900000 1.050000 3.010000
1.720440 -9.870394 0.253639 7.770000 -0.560000 2.240000
1.720440 -9.870394 0.253639 7.770000 -0.560000 2.240000
1.603191 -10.152746 -0.267996 2.100000 0.840000 0.140000
1.500300 -9.958927 -0.069392 0.630000 0.350000 0.070000
1.548156 -9.566505 -0.095713 8.260000 0.210000 -2.030000
1.548156 -9.566505 -0.095713 8.260000 0.210000 -2.030000
1.636691 -9.600004 0.112463 -2.590000 -0.490000 -1.470000
1.655833 -10.162319 -0.437887 -6.090000 0.630000 -0.420000
1.639083 -9.769895 -0.141177 4.130000 2.520000 -2.170000
1.569692 -9.779467 0.198604 -3.710000 1.470000 -0.910000
1.567299 -9.994821 -0.165105 -0.560000 0.700000 -1.120000
1.658226 -9.982857 0.014357 1.540000 1.610000 -1.610000
1.442872 -9.619147 0.217747 1.050000 0.630000 -1.260000
1.588834 -9.870394 0.057428 2.520000 1.610000 -1.050000
1.658226 -9.934999 -0.119641 2.590000 0.770000 -1.120000
1.651048 -10.092925 -0.081356 7.490000 1.260000 -1.890000
