9.080762 0.636491 3.256632 1.610000 -0.980000 1.330000
9.109475 0.638884 3.213561 1.820000 -4.760000 2.450000
9.109475 0.638884 3.213561 1.820000 -4.760000 2.450000
9.231510 0.516850 3.146562 2.100000 -5.740000 2.800000
9.169296 0.437887 3.115455 2.380000 -5.110000 2.940000
9.159724 0.497707 2.993421 -2.240000 -5.180000 1.330000
9.193225 0.492921 2.854637 -0.630000 -4.480000 0.280000
9.310472 0.473779 2.837888 1.750000 -3.010000 -0.280000
9.257831 0.519243 2.959922 2.520000 -2.520000 -0.140000
9.262616 0.665205 2.952743 0.350000 -2.450000 0.700000
9.262616 0.665205 2.952743 0.350000 -2.450000 0.700000
9.214760 0.552742 2.945565 0.770000 -2.450000 1.540000
9.178867 0.576670 2.861816 1.540000 -2.590000 1.820000
9.178867 0.576670 2.861816 1.540000 -2.590000 1.820000
9.178867 0.576670 2.861816 1.540000 -2.590000 1.820000
9.265009 0.413958 2.845066 2.100000 -1.750000 0.490000
9.095119 0.413958 2.876173 1.890000 -1.680000 -0.070000
9.178867 0.514457 2.983850 2.520000 -2.800000 -0.910000
9.205189 0.500100 2.981457 2.870000 -4.200000 -1.190000
9.229117 0.579063 2.847459 0.910000 -5.040000 -1.120000
9.293723 0.593420 2.773281 3.360000 -3.360000 -0.280000
9.343972 0.672383 2.864209 3.500000 -3.360000 -0.280000
9.348758 0.648455 2.794817 1.680000 -4.480000 0.490000
9.348758 0.648455 2.794817 1.680000 -4.480000 0.490000
9.348758 0.485743 2.663212 3.150000 -6.160000 2.870000
9.310472 0.330210 2.531606 0.910000 -5.390000 1.820000
9.310472 0.330210 2.531606 0.910000 -5.390000 1.820000
9.284152 0.351745 2.469393 2.660000 -4.130000 1.050000
9.272188 0.502493 2.524428 0.840000 -1.890000 0.770000
9.272188 0.502493 2.524428 0.840000 -1.890000 0.770000
9.432507 0.559920 2.569891 0.420000 -1.540000 0.070000
9.425328 0.574277 2.589034 0.630000 -0.910000 0.560000
9.377472 0.528814 2.624927 -0.700000 -1.470000 -0.490000
9.377472 0.528814 2.624927 -0.700000 -1.470000 -0.490000
9.324830 0.497707 2.591427 0.840000 -2.030000 -1.400000
9.324830 0.497707 2.591427 0.840000 -2.030000 -1.400000
9.324830 0.497707 2.591427 0.840000 -2.030000 -1.400000
