3.019742 -9.037691 3.625126 -8.120000 0.350000 -1.680000
2.943172 -8.379664 3.730411 14.000000 0.560000 -2.170000
3.048456 -8.583055 3.751946 -9.870000 -0.700000 -1.820000
3.139383 -8.865408 3.510271 -3.360000 -0.420000 -0.210000
3.139383 -8.865408 3.510271 -3.360000 -0.420000 -0.210000
3.096312 -8.439486 3.469593 3.010000 -0.140000 -1.330000
3.139383 -8.676375 3.783052 -2.940000 -1.190000 -0.840000
2.962314 -8.496914 3.677768 -1.680000 -0.840000 -1.120000
3.105884 -8.642875 3.780660 -10.010000 -1.120000 -0.210000
3.086741 -8.793623 3.641876 -9.030000 -0.490000 0.980000
3.086741 -8.793623 3.641876 -9.030000 -0.490000 0.980000
2.952743 -8.470592 3.546163 -58.730000 -2.380000 10.080000
2.952743 -8.470592 3.546163 -58.730000 -2.380000 10.080000
3.383451 -8.963513 2.438286 -60.270000 -3.430000 10.360000
2.842674 -9.396614 2.124826 -82.809998 -1.050000 11.410000
3.208775 -9.647861 1.277767 -110.669998 -5.110000 9.730000
2.900101 -7.657032 1.107877 -100.099998 -15.330000 37.240002
1.823331 -8.702696 -0.320638 -94.500000 -4.760000 31.850000
2.081756 -10.327423 -1.189233 -68.949997 -1.330000 19.950001
2.579463 -9.829715 -0.634098 1.120000 0.910000 7.000000
2.380858 -9.590433 0.753739 10.570000 -3.220000 8.540000
2.299503 -9.975677 0.655633 3.220000 -6.230000 8.750000
2.021935 -10.363315 -0.447458 -14.070000 -3.640000 3.990000
2.021935 -10.363315 -0.447458 -14.070000 -3.640000 3.990000
2.175076 -10.370493 -0.545564 0.980000 -2.660000 2.800000
2.208575 -9.786645 -0.083749 3.220000 -0.420000 4.060000
2.069792 -10.193424 -0.449851 0.980000 1.470000 2.100000
2.196611 -9.820145 0.026321 0.560000 2.310000 -0.490000
2.124826 -9.652647 0.114855 1.120000 0.840000 -2.800000
2.096112 -9.442079 0.148355 -1.890000 -0.070000 -1.820000
2.230111 -9.633504 -0.189033 -4.550000 0.420000 -1.050000
2.069792 -9.731609 -0.222532 -3.080000 1.610000 -1.050000
2.325824 -9.724431 -0.014357 1.820000 -0.700000 -0.350000
2.220540 -9.399008 0.373280 4.340000 -1.680000 -0.980000
2.172683 -9.844072 0.071785 -0.630000 -1.610000 -0.700000
2.172683 -9.844072 0.071785 -0.630000 -1.610000 -0.700000
2.151148 -9.540184 0.191426 -0.980000 -1.260000 -1.680000
2.222932 -9.958927 -0.177069 2.590000 -1.820000 -1.120000
2.218147 -9.693325 -0.052642 3.500000 -1.540000 -0.070000
2.218147 -9.693325 -0.052642 3.500000 -1.540000 -0.070000
