1.036092 1.576870 9.329616 0.070000 0.770000 -0.280000
1.074377 1.811367 9.382257 0.490000 0.840000 -0.070000
1.062413 1.804188 9.327222 -0.350000 -0.700000 0.490000
1.062413 1.804188 9.327222 -0.350000 -0.700000 0.490000
1.062413 1.804188 9.327222 -0.350000 -0.700000 0.490000
1.062413 1.804188 9.327222 -0.350000 -0.700000 0.490000
1.062413 1.804188 9.327222 -0.350000 -0.700000 0.490000
1.031307 1.737189 9.341579 -0.490000 -0.280000 0.700000
1.031307 1.737189 9.341579 -0.490000 -0.280000 0.700000
1.031307 1.737189 9.341579 -0.490000 -0.280000 0.700000
1.031307 1.737189 9.341579 -0.490000 -0.280000 0.700000
1.031307 1.737189 9.341579 -0.490000 -0.280000 0.700000
1.031307 1.737189 9.341579 -0.490000 -0.280000 0.700000
0.993021 1.658226 9.284152 0.490000 0.490000 0.700000
1.004985 1.670190 9.255438 -0.490000 0.420000 -0.420000
1.004985 1.670190 9.255438 -0.490000 0.420000 -0.420000
1.122234 1.792224 9.399008 1.610000 0.910000 0.140000
1.122234 1.792224 9.399008 1.610000 0.910000 0.140000
1.045663 1.730011 9.329616 -0.420000 0.420000 1.050000
1.045663 1.730011 9.329616 -0.420000 0.420000 1.050000
1.074377 1.627119 9.327222 -0.070000 -0.070000 0.770000
1.136591 1.646262 9.284152 0.140000 0.350000 0.140000
1.136591 1.646262 9.284152 0.140000 0.350000 0.140000
1.127020 1.691726 9.372685 1.610000 0.700000 0.210000
1.127020 1.691726 9.372685 1.610000 0.700000 0.210000
1.127020 1.691726 9.372685 1.610000 0.700000 0.210000
1.095913 1.624727 9.209974 1.400000 0.980000 0.840000
1.100698 1.622334 9.348758 -0.210000 0.770000 -0.770000
1.026521 1.698904 9.300901 0.840000 1.190000 -1.190000
1.127020 1.720440 9.320045 -0.140000 1.330000 -1.050000
1.103091 1.761117 9.312866 1.050000 1.260000 -1.260000
1.103091 1.761117 9.312866 1.050000 1.260000 -1.260000
1.103091 1.761117 9.312866 1.050000 1.260000 -1.260000
1.103091 1.761117 9.312866 1.050000 1.260000 -1.260000
1.103091 1.761117 9.312866 1.050000 1.260000 -1.260000
1.103091 1.761117 9.312866 1.050000 1.260000 -1.260000
1.016950 1.715654 9.253045 -0.840000 1.120000 0.280000
0.988236 1.730011 9.176475 0.490000 0.910000 0.350000
1.000200 1.746760 9.303294 -0.770000 1.120000 0.700000
1.000200 1.746760 9.303294 -0.770000 1.120000 0.700000
1.060020 1.708475 9.265009 -0.560000 0.980000 0.980000
1.060020 1.708475 9.265009 -0.560000 0.980000 0.980000
1.036092 1.756332 9.334401 0.560000 0.630000 -0.700000
1.081556 1.722832 9.327222 -0.770000 0.420000 -0.630000
1.043271 1.820938 9.346365 0.910000 1.120000 0.490000
1.043271 1.820938 9.346365 0.910000 1.120000 0.490000
1.036092 1.722832 9.315259 -0.700000 0.420000 0.840000
1.014557 1.667797 9.329616 -0.910000 0.350000 0.700000
1.016950 1.718047 9.236296 -0.350000 0.140000 0.070000
1.036092 1.631905 9.317651 -0.280000 0.280000 0.070000
0.988236 1.751546 9.312866 0.140000 0.420000 0.070000
0.988236 1.751546 9.312866 0.140000 0.420000 0.070000
1.033699 1.684547 9.154939 -0.910000 0.630000 0.070000
1.033699 1.684547 9.154939 -0.910000 0.630000 0.070000
0.971486 1.677369 9.257831 0.070000 1.470000 0.630000
0.971486 1.677369 9.257831 0.070000 1.470000 0.630000
1.040878 1.727618 9.360723 -0.840000 0.980000 0.140000
