1.684547 -9.650253 1.339981 0.560000 0.490000 0.070000
1.701297 -9.669396 1.323231 -0.770000 -0.350000 0.140000
1.701297 -9.669396 1.323231 -0.770000 -0.350000 0.140000
1.701297 -9.669396 1.323231 -0.770000 -0.350000 0.140000
1.686940 -9.702895 1.313660 0.700000 -0.280000 0.210000
1.686940 -9.702895 1.313660 0.700000 -0.280000 0.210000
1.730011 -9.671788 1.292124 1.470000 0.560000 0.280000
1.679761 -9.688539 1.335195 0.770000 0.210000 0.070000
1.651048 -9.736395 1.292124 -0.280000 -0.280000 -0.490000
1.651048 -9.736395 1.292124 -0.280000 -0.280000 -0.490000
1.751546 -9.643075 1.277767 1.470000 0.350000 0.070000
1.703690 -9.588040 1.378266 -0.140000 -0.420000 -0.420000
1.703690 -9.588040 1.378266 -0.140000 -0.420000 -0.420000
1.658226 -9.676575 1.354338 1.050000 1.470000 -0.070000
1.624727 -9.695717 1.299303 -1.540000 0.280000 -0.420000
1.624727 -9.695717 1.299303 -1.540000 0.280000 -0.420000
1.708475 -9.650253 1.284946 0.700000 0.700000 -0.560000
1.708475 -9.650253 1.284946 0.700000 0.700000 -0.560000
1.720440 -9.631111 1.311267 0.910000 0.280000 -0.630000
1.722832 -9.525827 1.414158 0.700000 -0.490000 0.280000
1.749153 -9.621540 1.406980 -1.190000 -0.490000 0.910000
1.749153 -9.621540 1.406980 -1.190000 -0.490000 0.910000
1.749153 -9.621540 1.406980 -1.190000 -0.490000 0.910000
1.749153 -9.621540 1.406980 -1.190000 -0.490000 0.910000
1.674976 -9.781858 1.375873 0.770000 -0.420000 0.560000
1.600798 -9.812965 1.277767 1.050000 -0.420000 -0.350000
1.763510 -9.621540 1.423729 0.980000 -0.280000 1.050000
1.763510 -9.621540 1.423729 0.980000 -0.280000 1.050000
1.646262 -9.762716 1.275374 0.140000 -0.140000 -0.700000
1.646262 -9.762716 1.275374 0.140000 -0.140000 -0.700000
1.773082 -9.657433 1.268196 1.050000 0.210000 -0.560000
1.677369 -9.693325 1.335195 1.190000 -0.280000 -0.280000
1.670190 -9.573684 1.373480 -1.330000 -0.560000 -0.490000
1.691726 -9.643075 1.311267 -1.330000 -0.420000 -0.350000
1.706082 -9.559326 1.409373 0.840000 -0.280000 0.280000
1.682154 -9.607183 1.292124 -0.770000 -0.210000 0.490000
1.679761 -9.686146 1.289732 0.560000 -0.350000 0.770000
1.648655 -9.671788 1.378266 -0.560000 0.280000 0.490000
1.672583 -9.710074 1.328017 0.490000 -0.910000 0.980000
1.610370 -9.700503 1.318445 0.980000 -0.700000 0.350000
1.610370 -9.700503 1.318445 0.980000 -0.700000 0.350000
1.634298 -9.623933 1.342373 0.700000 -0.770000 -0.420000
