2.545963 -9.645468 1.117448 -4.200000 0.280000 1.190000
2.691926 -9.580862 0.909273 -2.030000 -0.630000 1.120000
2.572284 -9.829715 0.926022 -0.420000 1.330000 0.070000
2.572284 -9.829715 0.926022 -0.420000 1.330000 0.070000
2.572284 -9.829715 0.926022 -0.420000 1.330000 0.070000
2.572284 -9.829715 0.926022 -0.420000 1.330000 0.070000
2.483750 -9.623933 1.067199 3.990000 2.590000 -0.140000
2.620141 -9.604790 1.816152 -3.150000 6.440000 -1.820000
2.620141 -9.604790 1.816152 -3.150000 6.440000 -1.820000
2.653640 -9.815358 1.069592 -26.320000 11.550000 -1.260000
2.653640 -9.815358 1.069592 -26.320000 11.550000 -1.260000
2.904887 -8.350951 -0.004786 -27.160000 11.690000 3.080000
2.933600 -8.755339 1.277767 -61.880001 18.549999 1.260000
2.933600 -8.755339 1.277767 -61.880001 18.549999 1.260000
2.933600 -8.755339 1.277767 -61.880001 18.549999 1.260000
2.900101 -9.690931 -1.505085 -70.000000 43.470001 7.210000
3.014957 -9.722038 -2.230111 -63.420002 49.910000 12.040000
2.407180 -9.724431 -2.658426 -13.300000 57.400002 16.799999
2.481357 -8.879765 -1.421337 33.529999 48.230000 14.560000
2.481357 -8.879765 -1.421337 33.529999 48.230000 14.560000
2.481357 -8.879765 -1.421337 33.529999 48.230000 14.560000
2.481357 -8.879765 -1.421337 33.529999 48.230000 14.560000
2.481357 -8.879765 -1.421337 33.529999 48.230000 14.560000
2.562713 -9.968499 -0.256032 -10.990000 23.379999 1.890000
2.562713 -9.968499 -0.256032 -10.990000 23.379999 1.890000
2.400001 -9.781858 -0.308674 -7.770000 13.510000 -1.190000
2.569891 -9.753145 -0.294317 -6.160000 8.610000 -1.750000
2.395216 -9.664611 -0.504886 -2.870000 2.940000 -0.910000
2.395216 -9.664611 -0.504886 -2.870000 2.940000 -0.910000
2.318645 -9.791430 -0.725025 5.040000 -4.340000 0.420000
2.318645 -9.791430 -0.725025 5.040000 -4.340000 0.420000
2.251646 -9.329616 -0.622134 2.100000 -3.780000 -0.280000
