1.902294 -9.334401 2.940779 -3.080000 0.840000 -3.990000
1.902294 -9.334401 2.940779 -3.080000 0.840000 -3.990000
1.902294 -9.334401 2.940779 -3.080000 0.840000 -3.990000
1.701297 -10.143176 3.285345 -8.540000 2.870000 -18.760000
1.701297 -10.143176 3.285345 -8.540000 2.870000 -18.760000
2.076970 -11.344372 3.163311 -46.549999 -9.310000 -55.230000
2.476572 -12.528819 2.725425 -34.509998 -14.140000 -85.470001
2.689533 -12.581462 2.880959 -11.550000 -12.740000 -104.440002
3.251846 -12.215360 2.335395 -35.490002 -16.730000 -139.860001
3.251846 -12.215360 2.335395 -35.490002 -16.730000 -139.860001
4.086941 -11.325230 1.593620 11.480000 -19.740000 -163.029999
4.893322 -9.497113 2.184647 7.840000 -20.510000 -187.180008
5.735595 -7.460821 1.557728 25.900000 -22.469999 -194.949997
5.735595 -7.460821 1.557728 25.900000 -22.469999 -194.949997
5.694918 -7.010970 1.560120 28.559999 -21.139999 -197.960007
6.319445 -4.778467 1.572084 9.310000 -23.590000 -202.580002
5.934200 -4.256832 1.160519 30.870001 -21.490000 -203.000000
7.073184 -0.770489 0.667598 34.160000 -25.690001 -199.639999
7.104291 1.878366 0.827917 73.080002 -20.719999 -186.550003
7.195218 3.378666 0.583849 65.449997 -20.510000 -176.050003
7.881958 5.757132 0.299103 14.420000 -17.010000 -137.270004
7.881958 5.757132 0.299103 14.420000 -17.010000 -137.270004
7.874779 6.029913 0.504886 3.290000 -8.820000 -90.440002
8.379664 6.463014 0.428315 5.600000 -7.770000 -76.230003
8.662018 5.257031 0.918844 -22.400000 -5.460000 -19.879999
8.760124 4.685147 0.672383 -30.309999 -6.720000 -9.730000
8.824730 4.170690 0.634098 -5.250000 -4.200000 1.050000
9.052048 3.730411 0.995414 -16.170000 -1.890000 4.270000
9.329616 3.424129 1.019342 -32.130001 -2.310000 6.020000
9.293723 3.371487 1.076770 -2.940000 3.710000 4.060000
9.293723 3.371487 1.076770 -2.940000 3.710000 4.060000
9.099905 3.081956 1.323231 -12.320000 4.550000 4.900000
9.020942 3.058028 1.349552 -19.670000 3.990000 5.740000
