2.079363 -9.511470 2.122434 -7.980000 2.520000 1.820000
2.033899 -9.382257 2.055435 -13.300000 2.100000 1.680000
2.033899 -9.382257 2.055435 -13.300000 2.100000 1.680000
2.158326 -9.363115 2.122434 -11.970000 2.520000 1.190000
2.158326 -9.363115 2.122434 -11.970000 2.520000 1.190000
2.139183 -9.396614 2.179861 -10.010000 2.940000 1.890000
2.115255 -9.724431 1.942972 -5.880000 2.030000 0.420000
2.115255 -9.724431 1.942972 -5.880000 2.030000 0.420000
2.191825 -9.281759 2.203789 -4.130000 3.290000 -0.980000
2.191825 -9.281759 2.203789 -4.130000 3.290000 -0.980000
2.196611 -9.410972 1.844866 -38.009998 2.940000 1.680000
2.132005 -9.064013 1.849652 -87.010002 1.120000 1.540000
2.088934 -8.494520 1.335195 -194.180008 -4.130000 -2.870000
2.067399 -9.367901 0.014357 -222.669998 -10.080000 -2.310000
2.435893 -9.544970 -1.591227 -105.419998 -7.210000 -7.770000
2.435893 -9.544970 -1.591227 -105.419998 -7.210000 -7.770000
2.435893 -9.544970 -1.591227 -105.419998 -7.210000 -7.770000
2.445465 -9.408579 -2.900101 -158.759995 -12.600000 -4.270000
2.218147 -8.456236 -4.264010 -124.040001 -13.930000 -4.690000
2.352145 -8.367701 -5.034499 -114.660004 -13.090000 -6.580000
2.352145 -8.367701 -5.034499 -114.660004 -13.090000 -6.580000
2.600998 -7.511070 -5.812167 -104.090004 -7.770000 -0.910000
2.344966 -6.920043 -6.130411 -66.360001 -13.580000 -9.030000
2.344966 -6.920043 -6.130411 -66.360001 -13.580000 -9.030000
2.344966 -6.920043 -6.130411 -66.360001 -13.580000 -9.030000
2.390430 -6.642475 -7.101898 -66.150002 -18.340000 -15.260000
2.390430 -6.642475 -7.101898 -66.150002 -18.340000 -15.260000
2.242075 -5.675776 -8.061419 -38.639999 -17.430000 -14.910000
2.038685 -5.134997 -7.958528 -35.139999 -13.790000 -11.970000
2.038685 -5.134997 -7.958528 -35.139999 -13.790000 -11.970000
2.038685 -5.134997 -7.958528 -35.139999 -13.790000 -11.970000
2.287539 -5.199604 -8.257630 -24.990000 -13.720000 -10.290000
2.287539 -5.199604 -8.257630 -24.990000 -13.720000 -10.290000
2.050649 -4.266403 -7.989635 -50.189999 -17.430000 -11.130000
2.069792 -4.548756 -8.784052 -23.870001 -13.510000 -7.490000
2.069792 -4.548756 -8.784052 -23.870001 -13.510000 -7.490000
1.938186 -4.510471 -8.671589 -11.410000 -6.930000 -2.240000
1.938186 -4.510471 -8.671589 -11.410000 -6.930000 -2.240000
1.770689 -4.608576 -8.575876 -2.590000 -9.030000 -0.210000
1.770689 -4.608576 -8.575876 -2.590000 -9.030000 -0.210000
1.663012 -4.218546 -8.951550 7.350000 -2.030000 4.270000
1.663012 -4.218546 -8.951550 7.350000 -2.030000 4.270000
1.789831 -4.417150 -8.965906 -3.500000 5.950000 5.040000
1.825724 -4.472186 -8.934800 -0.770000 10.080000 5.670000
1.825724 -4.472186 -8.934800 -0.770000 10.080000 5.670000
1.933401 -4.500899 -8.630912 -2.310000 9.870000 6.160000
1.933401 -4.500899 -8.630912 -2.310000 9.870000 6.160000
1.816152 -4.536791 -8.499306 -0.210000 9.590000 5.810000
1.909473 -4.843073 -8.681160 -0.910000 3.710000 4.620000
1.909473 -4.843073 -8.681160 -0.910000 3.710000 4.620000
1.909473 -4.843073 -8.681160 -0.910000 3.710000 4.620000
1.746760 -4.630112 -8.327023 -0.070000 4.410000 3.780000
1.746760 -4.630112 -8.327023 -0.070000 4.410000 3.780000
1.861616 -4.852644 -8.394022 -5.600000 2.660000 2.800000
