2.244468 -9.202796 1.653440 3.780000 -1.120000 -1.680000
2.419144 -9.671788 1.210768 -2.240000 -1.050000 0.980000
2.227718 -9.585647 1.256232 3.080000 -0.630000 1.190000
2.227718 -9.585647 1.256232 3.080000 -0.630000 1.190000
2.321038 -9.480364 1.447658 0.350000 -0.840000 1.540000
2.242075 -9.470792 1.296910 -0.980000 -0.140000 3.500000
2.167897 -9.903893 1.301696 7.420000 5.460000 2.870000
2.012364 -9.451650 1.825724 2.170000 9.870000 3.570000
1.957329 -10.083356 2.074577 -6.300000 12.460000 3.990000
2.352145 -9.827322 2.342573 8.890000 9.030000 5.670000
2.165504 -8.891729 1.832902 -23.870001 14.070000 8.610000
2.165504 -8.891729 1.832902 -23.870001 14.070000 8.610000
2.184647 -9.403792 2.206182 -50.470001 14.840000 10.360000
2.459821 -9.949356 -0.610170 -49.840000 19.180000 11.060000
2.108077 -9.745967 0.016750 -47.389999 26.670000 14.350000
2.196611 -9.860823 -0.150748 -40.599998 27.230000 13.230000
1.682154 -8.910872 -0.411566 -52.709999 37.939999 23.799999
1.339981 -10.200603 -0.672383 -36.889999 39.340000 20.230000
1.387837 -10.109675 -0.378066 -0.420000 23.799999 10.220000
1.505085 -10.116854 0.071785 22.120001 13.020000 7.980000
1.505085 -10.116854 0.071785 22.120001 13.020000 7.980000
1.390230 -9.643075 0.356531 25.480000 8.890000 8.750000
1.134198 -10.080962 0.222532 -1.960000 4.830000 1.610000
1.134198 -10.080962 0.222532 -1.960000 4.830000 1.610000
1.155733 -10.016356 0.069392 0.490000 1.540000 -2.100000
1.536192 -9.446864 0.442672 -4.130000 -0.140000 -0.140000
1.536192 -9.446864 0.442672 -4.130000 -0.140000 -0.140000
1.227518 -10.183852 0.062213 -6.440000 0.070000 -0.070000
1.227518 -10.183852 0.062213 -6.440000 0.070000 -0.070000
1.227518 -10.183852 0.062213 -6.440000 0.070000 -0.070000
1.390230 -9.580862 0.143569 2.100000 -0.560000 -0.070000
1.390230 -9.580862 0.143569 2.100000 -0.560000 -0.070000
1.390230 -9.580862 0.143569 2.100000 -0.560000 -0.070000
1.227518 -9.908678 -0.081356 2.100000 -0.280000 0.700000
1.272982 -9.576077 0.102891 2.100000 -0.420000 0.560000
1.428515 -9.657433 0.090927 3.850000 -0.770000 1.400000
1.174876 -9.683753 0.002393 3.500000 -1.610000 1.890000
1.239482 -9.844072 -0.040678 3.080000 -0.350000 2.240000
1.048056 -10.018748 0.126820 6.090000 -0.140000 1.400000
