-0.157926 -10.018748 -0.126820 -1.260000 1.750000 0.420000
-0.133998 -10.049855 -0.265603 -1.820000 0.840000 0.560000
-0.133998 -10.049855 -0.265603 -1.820000 0.840000 0.560000
-0.100499 -9.877571 -0.244068 0.420000 1.120000 0.490000
-0.112463 -10.061819 -0.143569 -0.070000 1.330000 -0.560000
-0.112463 -10.061819 -0.143569 -0.070000 1.330000 -0.560000
-0.181855 -9.836893 -0.162712 -1.050000 1.120000 -0.560000
-0.076570 -9.923036 -0.198604 1.120000 0.420000 -0.770000
-0.105284 -9.870394 -0.136391 -0.210000 2.170000 0.420000
-0.081356 -10.037891 -0.119641 -1.680000 1.470000 0.700000
-0.081356 -10.037891 -0.119641 -1.680000 1.470000 0.700000
-0.251246 -9.894321 -0.248854 -0.070000 -0.420000 -0.350000
-0.251246 -9.894321 -0.248854 -0.070000 -0.420000 -0.350000
-0.251246 -9.894321 -0.248854 -0.070000 -0.420000 -0.350000
-0.251246 -9.894321 -0.248854 -0.070000 -0.420000 -0.350000
-0.251246 -9.894321 -0.248854 -0.070000 -0.420000 -0.350000
-0.205783 -9.915856 -0.193819 0.630000 -0.630000 -1.260000
-0.066999 -9.990034 -0.174676 -0.910000 0.490000 -0.490000
-0.078963 -9.853643 -0.232104 -0.350000 1.470000 -0.140000
-0.167498 -9.915856 -0.157926 1.120000 -0.070000 -0.210000
-0.052642 -9.901501 -0.169890 -0.560000 1.050000 0.280000
-0.052642 -9.901501 -0.169890 -0.560000 1.050000 0.280000
0.031107 -9.786645 -0.145962 -1.120000 1.190000 0.560000
-0.160319 -10.013963 -0.126820 2.870000 -0.280000 0.700000
-0.040678 -9.966106 -0.131605 1.050000 0.210000 0.700000
-0.148355 -10.226924 -0.198604 -0.980000 1.540000 -0.070000
-0.098106 -9.975677 -0.064606 2.730000 -1.260000 -0.700000
-0.062213 -9.923036 -0.141177 -0.560000 -1.400000 0.210000
-0.124427 -9.872787 -0.193819 0.980000 0.560000 -0.210000
-0.074178 -9.695717 -0.026321 -0.980000 -0.280000 -0.140000
-0.160319 -9.913465 -0.093320 -1.330000 0.210000 0.560000
-0.126820 -10.057034 -0.052642 -1.190000 -1.330000 0.980000
-0.205783 -9.980463 -0.177069 -2.170000 -1.960000 0.420000
-0.205783 -9.980463 -0.177069 -2.170000 -1.960000 0.420000
-0.179462 -10.124033 -0.358923 0.350000 -0.140000 0.350000
-0.138784 -9.932607 -0.126820 0.560000 0.980000 -0.070000
-0.126820 -10.047462 -0.189033 -1.050000 0.280000 0.210000
-0.193819 -9.865608 -0.066999 1.050000 0.280000 -1.120000
-0.059821 -9.903893 0.016750 -0.210000 -0.770000 -0.350000
-0.129212 -10.011569 -0.294317 0.770000 1.260000 -0.280000
-0.129212 -10.011569 -0.294317 0.770000 1.260000 -0.280000
-0.129212 -10.011569 -0.294317 0.770000 1.260000 -0.280000
-0.083749 -9.973285 -0.198604 0.980000 1.190000 0.350000
-0.086142 -9.858429 -0.186640 1.260000 2.100000 0.490000
-0.189033 -9.927821 -0.059821 0.770000 0.280000 -0.490000
-0.177069 -9.856036 0.009571 0.490000 -0.560000 -0.490000
-0.162712 -10.023535 -0.229711 0.490000 1.190000 0.560000
-0.236889 -9.911072 -0.057428 1.260000 1.120000 0.840000
-0.193819 -9.930215 -0.110070 -0.700000 0.490000 0.420000
-0.083749 -10.131211 -0.071785 -0.700000 0.700000 0.560000
