2.849852 -8.800802 3.361916 0.770000 -0.210000 -0.840000
2.914458 -8.788837 3.450450 0.280000 -0.910000 -0.490000
2.835495 -8.879765 3.397808 7.490000 1.400000 -0.700000
2.835495 -8.879765 3.397808 7.490000 1.400000 -0.700000
2.845066 -8.781659 3.450450 -6.230000 -0.420000 -1.330000
2.921637 -9.035298 3.151347 -7.630000 -0.630000 0.630000
2.921637 -9.035298 3.151347 -7.630000 -0.630000 0.630000
2.787638 -8.958728 3.230310 15.050000 0.630000 -2.800000
2.888137 -8.841480 3.407379 -1.050000 1.050000 -0.770000
2.888137 -8.841480 3.407379 -1.050000 1.050000 -0.770000
3.019742 -8.963513 3.476771 3.290000 0.420000 -0.700000
2.761317 -8.805587 3.749553 5.950000 0.840000 -1.610000
2.761317 -8.805587 3.749553 5.950000 0.840000 -1.610000
2.761317 -8.805587 3.749553 5.950000 0.840000 -1.610000
2.703890 -8.812766 3.510271 1.750000 2.590000 0.070000
2.979064 -9.789038 2.782853 -57.750000 4.550000 7.000000
2.979064 -9.789038 2.782853 -57.750000 4.550000 7.000000
3.062813 -7.573284 3.122634 -153.300003 -8.960000 34.439999
3.062813 -7.573284 3.122634 -153.300003 -8.960000 34.439999
0.502493 -9.848858 -1.770689 -107.239998 -7.980000 31.150000
2.443072 -9.485149 -0.167498 40.459999 -3.780000 -1.680000
2.294717 -9.779467 1.299303 8.400000 -1.400000 7.280000
1.974079 -9.923036 1.153341 -2.590000 -3.920000 6.580000
2.100898 -10.320245 0.256032 -1.680000 -5.320000 4.270000
2.213361 -9.970891 0.533599 11.060000 -2.590000 0.490000
2.213361 -9.970891 0.533599 11.060000 -2.590000 0.490000
2.009971 -9.375079 0.648455 13.510000 0.840000 -2.730000
2.110470 -8.894121 1.306481 9.870000 0.420000 -1.680000
2.136791 -9.482756 0.521635 -4.830000 -1.820000 3.220000
1.976472 -9.877571 0.808774 10.780000 -1.400000 -0.840000
2.074577 -9.580862 0.669990 -3.850000 -2.590000 1.400000
2.074577 -9.580862 0.669990 -3.850000 -2.590000 1.400000
2.060220 -9.834501 0.641276 1.610000 -0.840000 0.280000
1.966900 -9.970891 0.851845 4.760000 -0.700000 0.700000
2.100898 -9.844072 0.753739 5.320000 -1.190000 -0.910000
2.024328 -9.872787 0.837488 -0.070000 -0.980000 -1.330000
2.160719 -9.437292 0.952343 4.760000 -1.890000 -1.260000
2.160719 -9.437292 0.952343 4.760000 -1.890000 -1.260000
2.009971 -9.824929 0.744168 -1.120000 0.350000 -1.330000
1.950150 -9.798609 0.782453 2.170000 1.540000 -2.100000
2.160719 -9.336794 0.882952 5.460000 -0.420000 -0.980000
2.203789 -9.602397 0.803988 -0.280000 0.350000 0.140000
