2.313859 -10.030712 2.232504 -5.880000 2.170000 -10.990000
2.309074 -10.533205 2.328217 -6.020000 3.290000 -25.270000
2.309074 -10.533205 2.328217 -6.020000 3.290000 -25.270000
2.435893 -10.736595 2.402394 -15.120000 3.710000 -40.180000
3.134598 -11.021341 2.019542 -20.160000 5.180000 -53.689999
2.943172 -11.298907 2.201397 -16.590000 7.630000 -60.410000
2.943172 -11.298907 2.201397 -16.590000 7.630000 -60.410000
3.582055 -11.100305 1.691726 -16.730000 3.220000 -102.550003
3.603590 -11.320443 2.043471 -13.650000 1.400000 -113.610001
4.252046 -10.286745 1.861616 -7.770000 -7.000000 -138.460007
4.498507 -9.714860 1.397408 -17.080000 -8.470000 -155.610001
5.022535 -9.128618 1.485943 -4.060000 -6.720000 -163.380005
5.022535 -9.128618 1.485943 -4.060000 -6.720000 -163.380005
4.893322 -8.039884 1.497907 11.690000 -11.270000 -179.690002
6.056234 -6.491727 1.045663 -3.710000 -9.450000 -191.309998
6.900900 -3.974478 1.373480 32.270000 -12.180000 -199.009995
7.506285 -1.773082 1.004985 33.740002 -11.900000 -197.050003
7.793423 -0.648455 1.256232 29.750000 -12.320000 -192.149994
7.793423 -0.648455 1.256232 29.750000 -12.320000 -192.149994
7.439285 0.248854 1.088734 31.360001 -12.740000 -177.729996
7.637890 2.263610 0.997807 28.910000 -11.060000 -160.440002
7.680960 5.714060 0.447458 39.549999 -7.140000 -116.760002
7.518249 6.240481 0.758525 3.220000 -6.580000 -77.699997
8.193025 5.924629 0.665205 -1.960000 -4.760000 -57.400002
8.193025 5.924629 0.665205 -1.960000 -4.760000 -57.400002
8.161918 5.647062 0.495314 3.780000 -3.920000 -25.760000
8.669197 4.881358 0.428315 -10.570000 -1.820000 -5.740000
8.867801 3.732803 0.732204 -14.490000 -2.030000 12.110000
9.260223 3.002992 1.012164 -4.200000 -0.630000 12.600000
9.260223 3.002992 1.012164 -4.200000 -0.630000 12.600000
9.317651 2.703890 0.981057 -7.700000 1.400000 12.740000
9.272188 2.246860 1.131805 -4.760000 3.850000 8.470000
9.343972 2.495714 1.160519 -0.700000 3.430000 5.250000
9.315259 2.861816 0.909273 -3.360000 2.240000 4.900000
