4.862216 -8.477771 1.995614 -2.170000 5.390000 3.290000
4.981857 -8.379664 2.096112 -6.860000 3.080000 3.150000
4.981857 -8.379664 2.096112 -6.860000 3.080000 3.150000
4.895715 -8.200203 2.153540 -4.830000 3.430000 3.080000
4.886144 -8.178668 2.067399 -9.240000 2.310000 3.500000
4.914857 -8.382057 2.065006 -3.780000 2.940000 4.200000
4.673182 -8.274381 2.249253 -12.740000 -0.630000 2.520000
4.950750 -7.999206 2.081756 -37.869999 -0.420000 4.830000
4.950750 -7.999206 2.081756 -37.869999 -0.420000 4.830000
4.800002 -7.554141 2.416751 -99.959999 0.770000 8.190000
4.828716 -7.764710 1.947758 -145.529999 -3.500000 9.870000
4.553542 -8.886944 -2.057827 -261.450012 -26.460001 10.920000
4.553542 -8.886944 -2.057827 -261.450012 -26.460001 10.920000
4.632504 -8.690732 -2.663212 -228.270004 -28.910000 3.990000
4.414758 -6.888937 -3.223132 -244.790009 -30.380001 -2.240000
4.503292 -7.283752 -5.556134 -241.430008 -34.509998 -4.410000
4.407579 -5.022535 -6.589834 -169.820007 -28.840000 -12.040000
4.268795 -5.455636 -7.913064 -175.910004 -31.850000 -9.590000
4.517649 -5.151747 -8.508877 -141.259995 -29.400000 -11.340000
3.957729 -3.235096 -8.470592 -140.350006 -25.480000 -10.920000
3.957729 -3.235096 -8.470592 -140.350006 -25.480000 -10.920000
4.130012 -3.160919 -9.109475 -109.410004 -23.240000 -12.040000
4.000800 -2.486143 -8.965906 -85.470001 -21.629999 -11.340000
3.826123 -2.225325 -8.913264 -33.389999 -19.950001 -8.610000
3.826123 -2.225325 -8.913264 -33.389999 -19.950001 -8.610000
3.735196 -2.024328 -9.578469 -7.420000 -7.840000 -0.840000
3.744767 -1.868794 -9.308081 -16.379999 -2.030000 -0.630000
3.572484 -1.698904 -9.332008 -6.510000 0.350000 1.050000
3.661019 -1.780260 -9.418150 -2.030000 3.220000 1.960000
3.661019 -1.780260 -9.418150 -2.030000 3.220000 1.960000
3.689733 -1.777867 -9.126225 -3.850000 3.640000 2.520000
3.541377 -1.763510 -9.233903 -3.080000 4.900000 3.780000
3.565305 -1.897508 -9.209974 -4.130000 5.600000 3.360000
