2.148755 -9.461221 2.031506 -1.050000 -0.210000 0.910000
2.232504 -9.389436 2.299503 15.260000 1.120000 1.400000
2.108077 -9.485149 2.242075 12.740000 1.400000 1.330000
2.108077 -9.485149 2.242075 12.740000 1.400000 1.330000
2.218147 -9.982857 1.318445 20.930000 0.840000 -1.190000
2.428715 -8.293523 3.364309 32.130001 -1.400000 -0.210000
2.098505 -9.248260 2.416751 0.560000 -2.240000 -0.140000
2.088934 -8.504091 2.916851 -7.700000 -7.840000 3.430000
2.088934 -8.504091 2.916851 -7.700000 -7.840000 3.430000
2.158326 -10.430314 1.914258 -11.970000 -8.470000 -0.700000
2.366502 -9.171689 2.529213 30.660000 -8.680000 -2.590000
1.993221 -9.413363 3.479164 -24.500000 -14.490000 3.570000
2.251646 -8.379664 2.696711 16.940001 -14.210000 -2.660000
2.423929 -10.028319 2.127219 -11.830000 -10.780000 0.630000
2.423929 -10.028319 2.127219 -11.830000 -10.780000 0.630000
2.330609 -9.901501 2.354537 -1.260000 -9.730000 -2.940000
2.330609 -9.901501 2.354537 -1.260000 -9.730000 -2.940000
2.330609 -9.901501 2.354537 -1.260000 -9.730000 -2.940000
2.431108 -9.643075 2.222932 -15.890000 -18.900000 -6.440000
2.629712 -8.980263 1.849652 -23.940001 -19.460001 -5.530000
2.636890 -9.288938 1.854438 -13.300000 -17.430000 -4.830000
2.840281 -9.408579 1.820938 -13.160000 -19.460001 -5.810000
2.840281 -9.408579 1.820938 -13.160000 -19.460001 -5.810000
2.797210 -9.729217 1.643869 -7.070000 -21.910000 -8.610000
2.842674 -9.528220 1.768296 4.760000 -22.820000 -8.680000
2.823531 -9.585647 1.234696 3.500000 -10.150000 -1.470000
2.787638 -9.547362 1.387837 5.110000 -9.310000 -2.380000
3.034099 -9.556933 1.552942 2.100000 -4.270000 -0.770000
3.034099 -9.556933 1.552942 2.100000 -4.270000 -0.770000
3.007778 -9.468399 1.459622 -3.570000 -3.920000 -1.470000
3.026921 -9.279366 1.294517 -6.440000 -5.180000 -1.330000
2.909672 -9.375079 1.442872 3.990000 -4.200000 -0.420000
2.873780 -9.334401 1.380659 -5.250000 -1.540000 -0.210000
3.014957 -9.413363 1.473979 1.820000 -0.350000 0.630000
3.065206 -9.439686 1.493121 1.470000 0.350000 0.840000
3.026921 -9.430114 1.619941 -0.280000 -3.430000 -1.120000
3.026921 -9.430114 1.619941 -0.280000 -3.430000 -1.120000
3.026921 -9.238688 1.514657 0.840000 -0.630000 0.980000
3.029313 -9.432507 1.404587 3.080000 1.540000 2.450000
2.995814 -9.420543 1.280160 -0.630000 7.490000 3.500000
2.761317 -9.607183 1.899901 1.050000 6.230000 1.120000
