0.349352 -9.760324 2.007578 -5.810000 4.340000 3.570000
0.318245 -9.717253 2.081756 -4.690000 4.760000 3.710000
0.306281 -9.707682 2.110470 -4.900000 4.130000 4.130000
0.306281 -9.707682 2.110470 -4.900000 4.130000 4.130000
0.327817 -9.779467 2.074577 -6.930000 3.640000 3.500000
0.382852 -9.824929 2.065006 -5.880000 3.850000 3.290000
0.390030 -9.683753 2.079363 -5.180000 3.850000 4.480000
0.373280 -9.875179 2.088934 -6.230000 3.780000 4.480000
0.244068 -9.669396 2.057827 -4.830000 4.270000 3.150000
0.325424 -9.777073 2.088934 -6.580000 4.130000 2.800000
0.318245 -9.748360 2.024328 -4.200000 4.760000 2.380000
0.311067 -9.607183 2.117648 -5.600000 4.620000 2.940000
0.311067 -9.607183 2.117648 -5.600000 4.620000 2.940000
0.306281 -9.805787 2.098505 -4.130000 4.270000 2.380000
0.306281 -9.805787 2.098505 -4.130000 4.270000 2.380000
0.306281 -9.805787 2.098505 -4.130000 4.270000 2.380000
0.413958 -9.528220 2.074577 -4.620000 4.900000 2.310000
0.244068 -9.588040 2.100898 -5.740000 4.410000 3.990000
0.244068 -9.588040 2.100898 -5.740000 4.410000 3.990000
0.332602 -9.576077 2.115255 -9.450000 3.290000 2.660000
0.236889 -9.561719 1.926222 -9.660000 3.150000 1.960000
0.366102 -9.487542 1.859223 -9.170000 5.040000 5.950000
0.330210 -9.803394 2.112862 -4.130000 8.260000 5.740000
0.390030 -10.025927 2.194218 -4.060000 6.160000 6.300000
0.342174 -10.001998 2.275574 -5.110000 5.180000 5.530000
0.342174 -10.001998 2.275574 -5.110000 5.180000 5.530000
0.342174 -10.001998 2.275574 -5.110000 5.180000 5.530000
0.342174 -10.001998 2.275574 -5.110000 5.180000 5.530000
0.342174 -10.001998 2.275574 -5.110000 5.180000 5.530000
0.342174 -10.001998 2.275574 -5.110000 5.180000 5.530000
