0.787239 -10.145569 -0.401994 -2.240000 0.280000 0.700000
0.844666 -10.066606 -0.423530 0.490000 0.280000 -0.420000
0.792024 -9.903893 -0.227318 -0.840000 0.210000 -0.490000
0.818345 -9.882358 -0.272782 -0.700000 -0.070000 -0.280000
0.818345 -9.882358 -0.272782 -0.700000 -0.070000 -0.280000
0.796810 -9.951750 -0.306281 -1.050000 0.210000 -0.140000
0.796810 -9.951750 -0.306281 -1.050000 0.210000 -0.140000
0.792024 -9.899107 -0.323031 -1.610000 1.540000 0.210000
0.789631 -9.827322 -0.344566 -2.310000 1.820000 0.210000
0.768096 -9.937392 -0.224925 0.070000 0.140000 0.490000
0.806381 -9.863215 -0.339781 -0.840000 1.050000 0.910000
0.806381 -9.863215 -0.339781 -0.840000 1.050000 0.910000
0.803988 -9.934999 -0.258425 -0.070000 0.840000 0.700000
0.787239 -9.980463 -0.253639 0.070000 0.630000 -0.140000
0.729811 -9.879964 -0.232104 0.280000 0.490000 -0.070000
0.729811 -9.879964 -0.232104 0.280000 0.490000 -0.070000
0.782453 -10.001998 -0.303888 -0.560000 -0.350000 0.350000
0.729811 -9.934999 -0.430708 -0.140000 0.420000 0.350000
0.729811 -9.934999 -0.430708 -0.140000 0.420000 0.350000
0.727418 -9.966106 -0.270389 -0.700000 0.770000 0.560000
0.751346 -9.908678 -0.277567 -0.490000 0.560000 0.770000
0.693919 -9.994821 -0.323031 -1.610000 0.840000 0.630000
0.693919 -9.994821 -0.323031 -1.610000 0.840000 0.630000
0.756132 -9.934999 -0.363709 0.140000 1.540000 0.350000
0.780060 -9.978070 -0.356531 0.630000 1.260000 -0.070000
0.701097 -9.906286 -0.318245 0.840000 1.680000 -0.350000
0.710668 -9.920642 -0.215354 1.890000 1.260000 -0.210000
0.758525 -9.834501 -0.200997 0.210000 0.630000 0.420000
0.758525 -9.834501 -0.200997 0.210000 0.630000 0.420000
0.744168 -9.901501 -0.320638 -0.210000 0.560000 0.350000
0.753739 -9.896714 -0.287139 0.490000 0.630000 0.210000
0.732204 -9.958927 -0.181855 -0.560000 0.980000 0.210000
0.794417 -9.937392 -0.244068 0.700000 1.050000 -0.280000
0.782453 -9.882358 -0.299103 -0.420000 0.700000 -0.140000
0.665205 -9.908678 -0.256032 -0.700000 0.350000 -0.280000
0.842274 -9.999605 -0.390030 -0.070000 0.350000 -0.280000
0.880559 -9.753145 -0.337388 1.820000 0.350000 -0.420000
0.725025 -9.683753 -0.313460 1.190000 1.400000 -0.140000
0.784846 -9.908678 -0.186640 1.260000 0.980000 0.770000
0.768096 -10.049855 -0.177069 -2.240000 -0.630000 1.120000
