3.084348 -9.221939 1.964507 -12.810000 2.870000 0.840000
3.194418 -9.336794 1.797010 -25.410000 1.330000 2.240000
3.194418 -9.336794 1.797010 -25.410000 1.330000 2.240000
3.067599 -8.812766 1.897508 -20.160000 0.910000 1.540000
3.062813 -8.310273 2.177469 -82.250000 -0.560000 3.080000
3.105884 -10.121639 0.296710 -96.739998 -10.290000 6.370000
3.170490 -8.317451 0.914058 -107.309998 -5.670000 3.430000
3.089134 -9.748360 -1.198804 -142.589996 -13.020000 9.170000
3.089134 -9.748360 -1.198804 -142.589996 -13.020000 9.170000
3.335595 -9.463614 -0.875773 -85.260002 -10.640000 -3.430000
3.476771 -9.705289 -3.352344 -136.990005 -15.820000 2.310000
3.414558 -9.533006 -3.321238 -98.699997 -13.720000 -2.730000
3.414558 -9.533006 -3.321238 -98.699997 -13.720000 -2.730000
3.220739 -8.980263 -4.974678 -103.180000 -15.190001 -2.380000
3.151347 -8.090133 -4.551149 -80.220001 -11.550000 -8.330000
3.182454 -7.735995 -5.812167 -77.840004 -11.340000 -3.990000
3.141776 -7.345965 -5.611169 -61.459999 -12.250000 -4.760000
3.141776 -7.345965 -5.611169 -61.459999 -12.250000 -4.760000
2.904887 -6.616155 -6.159126 -109.059998 -16.799999 -6.720000
3.115455 -6.417551 -6.876972 -106.190002 -17.990000 -5.880000
2.945565 -5.448457 -7.625926 -102.269997 -17.219999 -3.150000
2.912065 -5.410172 -8.262416 -92.120003 -14.700000 -3.360000
2.912065 -5.410172 -8.262416 -92.120003 -14.700000 -3.360000
2.883351 -4.905287 -8.248059 -83.160004 -13.790000 -5.460000
2.979064 -4.424329 -8.803195 -69.930000 -11.410000 -4.410000
2.562713 -3.926622 -8.980263 -24.360001 -6.650000 -3.290000
2.656033 -3.926622 -8.930015 -15.540000 0.140000 0.070000
2.935993 -3.830909 -8.793623 -14.770000 -0.490000 0.770000
2.770889 -3.866802 -8.939585 -12.530000 0.350000 1.050000
2.770889 -3.866802 -8.939585 -12.530000 0.350000 1.050000
2.770889 -3.866802 -8.939585 -12.530000 0.350000 1.050000
2.770889 -3.866802 -8.939585 -12.530000 0.350000 1.050000
2.770889 -3.866802 -8.939585 -12.530000 0.350000 1.050000
2.742175 -3.771089 -9.099905 -14.560000 2.380000 0.490000
2.742175 -3.771089 -9.099905 -14.560000 2.380000 0.490000
2.742175 -3.771089 -9.099905 -14.560000 2.380000 0.490000
2.742175 -3.771089 -9.099905 -14.560000 2.380000 0.490000
2.629712 -3.888337 -8.700303 0.490000 3.990000 3.290000
2.581856 -3.976871 -8.666803 -5.740000 2.310000 3.430000
2.543570 -3.795017 -8.654840 1.400000 3.080000 2.310000
2.543570 -3.795017 -8.654840 1.400000 3.080000 2.310000
2.550749 -3.842873 -8.784052 -3.360000 3.220000 3.570000
2.715853 -4.012764 -8.642875 -0.630000 3.920000 3.220000
2.577070 -3.840480 -8.499306 3.640000 4.130000 2.380000
