3.491128 -7.427321 5.163712 1.470000 0.070000 -1.470000
3.531806 -7.439285 5.158926 1.050000 0.630000 -1.470000
3.591627 -7.434500 5.242674 -1.120000 -0.350000 0.490000
3.591627 -7.434500 5.242674 -1.120000 -0.350000 0.490000
3.493521 -7.489535 5.240282 -1.820000 -0.700000 0.280000
3.634698 -7.398607 5.257031 -1.120000 0.560000 1.330000
3.538985 -7.465607 5.324030 -2.660000 -0.210000 1.960000
3.558127 -7.520642 5.290531 -1.680000 -0.070000 1.680000
3.558127 -7.520642 5.290531 -1.680000 -0.070000 1.680000
3.641876 -7.616355 5.343173 0.140000 0.070000 0.700000
3.720839 -7.594819 5.247460 -2.240000 -1.820000 -0.140000
3.720839 -7.594819 5.247460 -2.240000 -1.820000 -0.140000
3.720839 -7.594819 5.247460 -2.240000 -1.820000 -0.140000
3.603590 -7.618747 5.216353 0.700000 -0.700000 -0.560000
3.692125 -7.467999 5.295317 -1.470000 -1.820000 -1.330000
3.510271 -7.420143 5.211568 -1.400000 -1.680000 -0.770000
3.510271 -7.420143 5.211568 -1.400000 -1.680000 -0.770000
3.646662 -7.343572 5.161318 3.080000 1.680000 1.190000
3.646662 -7.343572 5.161318 3.080000 1.680000 1.190000
3.589234 -7.362715 5.249853 -1.540000 -0.350000 -0.350000
3.598805 -7.470392 5.316852 1.190000 1.400000 0.630000
3.637090 -7.489535 5.304887 -2.870000 0.210000 0.140000
3.637090 -7.489535 5.304887 -2.870000 0.210000 0.140000
3.689733 -7.494320 5.297709 0.840000 0.840000 -0.420000
3.601198 -7.444071 5.398208 0.840000 0.280000 -0.210000
3.601198 -7.444071 5.398208 0.840000 0.280000 -0.210000
3.601198 -7.537392 5.312066 -1.050000 -0.980000 -0.420000
3.543770 -7.534998 5.264209 4.200000 -0.280000 -1.120000
3.672983 -7.429714 5.096712 -1.540000 -1.050000 -1.400000
3.680161 -7.441679 5.223531 1.540000 0.420000 -0.350000
3.680161 -7.441679 5.223531 1.540000 0.420000 -0.350000
3.577270 -7.456036 5.257031 3.640000 1.260000 -0.140000
3.577270 -7.456036 5.257031 3.640000 1.260000 -0.140000
3.577270 -7.456036 5.257031 3.640000 1.260000 -0.140000
3.555735 -7.463214 5.271388 -0.980000 -1.050000 -0.560000
3.555735 -7.463214 5.271388 -0.980000 -1.050000 -0.560000
3.555735 -7.463214 5.271388 -0.980000 -1.050000 -0.560000
3.555735 -7.463214 5.271388 -0.980000 -1.050000 -0.560000
3.591627 -7.458428 5.340781 -0.350000 1.400000 -0.210000
3.591627 -7.458428 5.340781 -0.350000 1.400000 -0.210000
3.639483 -7.317252 5.335995 0.140000 0.490000 0.210000
3.620341 -7.487142 5.261817 -1.330000 1.820000 -0.140000
3.620341 -7.487142 5.261817 -1.330000 1.820000 -0.140000
3.584448 -7.343572 5.364708 2.730000 1.750000 -0.630000
3.584448 -7.343572 5.364708 2.730000 1.750000 -0.630000
3.488736 -7.578069 5.505885 0.770000 0.910000 0.140000
3.627519 -7.410572 5.242674 0.350000 -0.070000 -0.560000
3.663411 -7.348359 5.350351 -0.700000 -0.490000 -0.140000
3.663411 -7.348359 5.350351 -0.700000 -0.490000 -0.140000
3.471986 -7.477571 5.235496 -1.050000 -0.350000 1.330000
3.471986 -7.477571 5.235496 -1.050000 -0.350000 1.330000
3.749553 -7.245467 5.312066 -1.190000 0.770000 0.490000
3.670590 -7.389036 5.443672 -0.840000 -0.210000 0.980000
3.670590 -7.389036 5.443672 -0.840000 -0.210000 0.980000
3.529413 -7.527820 5.410172 -1.890000 -0.490000 0.140000
3.574877 -7.511070 5.307281 1.330000 1.190000 -0.490000
