-1.009771 -9.119047 3.610770 -0.210000 0.980000 -0.350000
-0.935594 -9.157332 3.675375 -0.910000 1.400000 0.210000
-0.935594 -9.157332 3.675375 -0.910000 1.400000 0.210000
-0.990629 -9.183653 3.677768 2.310000 0.560000 1.120000
-1.009771 -9.030513 3.905087 0.910000 -1.050000 1.260000
-1.028914 -9.315259 3.613162 -0.910000 -0.980000 1.260000
-1.019342 -9.147761 3.629912 0.350000 -0.700000 0.070000
-0.988236 -9.229117 3.608376 -0.140000 -0.420000 -0.210000
-1.009771 -9.020942 3.546163 1.260000 -0.910000 0.560000
-0.961915 -9.087940 3.639483 -1.400000 0.140000 0.210000
-0.961915 -9.087940 3.639483 -1.400000 0.140000 0.210000
-0.935594 -9.286544 3.534199 -0.490000 1.190000 -0.210000
-0.882952 -9.231510 3.598805 -0.140000 0.840000 0.420000
-0.945165 -9.255438 3.629912 -2.940000 0.700000 -0.140000
-0.937986 -9.171689 3.598805 1.120000 0.280000 -0.280000
-0.937986 -9.171689 3.598805 1.120000 0.280000 -0.280000
-0.945165 -9.109475 3.658626 0.700000 0.210000 0.350000
-0.904487 -9.267403 3.570091 -0.280000 0.980000 0.070000
-0.863809 -9.238688 3.646662 -0.210000 1.190000 -0.420000
-0.978664 -9.219545 3.567699 0.630000 0.560000 0.210000
-0.971486 -9.111869 3.491128 -1.470000 1.680000 -0.910000
-0.904487 -8.958728 3.577270 -0.910000 1.750000 0.210000
-0.921237 -9.087940 3.524628 1.050000 1.470000 1.820000
-0.921237 -9.087940 3.524628 1.050000 1.470000 1.820000
-0.952343 -9.164511 3.424129 4.270000 1.750000 1.330000
-0.954736 -8.949157 3.871587 0.280000 0.560000 1.050000
-1.057628 -9.145369 3.610770 1.540000 1.750000 1.610000
-0.971486 -9.135797 3.823731 0.420000 0.140000 1.400000
-0.959522 -9.324830 3.699304 -2.030000 0.210000 0.910000
-0.959522 -9.324830 3.699304 -2.030000 0.210000 0.910000
-0.959522 -9.324830 3.699304 -2.030000 0.210000 0.910000
-0.997807 -9.020942 3.751946 2.450000 -0.630000 1.050000
-0.940379 -9.272188 3.644269 1.610000 -0.210000 0.490000
-0.940379 -9.272188 3.644269 1.610000 -0.210000 0.490000
-0.892523 -9.064013 3.605984 -1.050000 0.630000 -0.700000
-0.892523 -9.064013 3.605984 -1.050000 0.630000 -0.700000
-0.997807 -9.159724 3.534199 -1.540000 1.190000 -0.560000
-0.995414 -9.059227 3.512664 0.280000 0.630000 -0.700000
-0.933201 -9.078369 3.584448 -2.730000 1.050000 0.490000
-0.847059 -9.037691 3.684947 0.840000 0.280000 1.120000
-0.985843 -9.052048 3.656233 0.280000 1.190000 0.280000
-0.904487 -9.159724 3.672983 -0.070000 0.910000 1.330000
-0.961915 -9.140583 3.763910 0.770000 -0.210000 1.960000
-0.961915 -9.140583 3.763910 0.770000 -0.210000 1.960000
