2.129612 -9.375079 2.481357 -0.560000 -0.140000 1.120000
2.148755 -9.422935 2.608176 1.400000 -0.560000 0.630000
2.177469 -9.511470 2.304288 0.070000 -0.980000 -0.070000
2.103291 -9.377472 2.699104 -1.120000 -2.030000 -0.560000
2.103291 -9.377472 2.699104 -1.120000 -2.030000 -0.560000
2.110470 -9.446864 2.447858 -1.050000 -2.380000 0.140000
2.139183 -9.382257 2.206182 6.860000 -2.590000 -0.490000
2.158326 -9.293723 2.469393 -1.820000 -3.150000 -1.050000
2.132005 -9.856036 1.928615 -5.320000 -1.890000 -0.420000
2.553142 -9.224331 1.414158 20.230000 -2.240000 -2.380000
2.553142 -9.224331 1.414158 20.230000 -2.240000 -2.380000
2.122434 -9.119047 3.735196 1.540000 -7.630000 -0.350000
2.029114 -9.891929 2.969493 -8.260000 -13.860000 0.840000
2.122434 -8.372486 3.816552 6.230000 -18.620001 0.770000
1.950150 -9.566505 2.859423 -21.910000 -21.280001 3.220000
1.950150 -9.566505 2.859423 -21.910000 -21.280001 3.220000
2.127219 -10.439885 2.072184 -6.790000 -19.250000 0.490000
2.050649 -8.690732 2.696711 -15.820000 -15.750000 2.940000
2.462214 -9.949356 1.445265 -19.110001 -15.470000 -2.240000
2.388037 -9.987641 1.639083 -8.750000 -14.700000 -1.470000
2.373680 -9.576077 2.163112 -16.520000 -23.450001 -3.990000
2.323431 -9.394222 2.100898 -18.200001 -27.090000 -3.990000
2.323431 -9.394222 2.100898 -18.200001 -27.090000 -3.990000
2.191825 -9.482756 2.294717 1.400000 -30.590000 -1.610000
2.333002 -9.559326 1.691726 6.440000 -24.780001 -0.070000
2.318645 -9.413363 1.306481 0.560000 -14.000000 3.220000
2.318645 -9.413363 1.306481 0.560000 -14.000000 3.220000
2.414358 -9.293723 0.983450 -16.940001 -9.380000 2.660000
2.505285 -9.523434 1.294517 -10.920000 -9.520000 0.560000
2.560320 -9.547362 1.244268 -2.310000 -4.200000 -1.470000
2.565106 -9.202796 1.210768 -1.050000 0.210000 -0.140000
2.565106 -9.202796 1.210768 -1.050000 0.210000 -0.140000
2.591427 -9.466006 1.146162 -3.500000 0.910000 -0.840000
2.500499 -9.363115 1.483550 1.470000 1.820000 -0.630000
2.584249 -9.506684 1.533799 0.350000 4.130000 0.980000
2.510071 -9.566505 1.514657 -8.050000 2.730000 0.770000
2.495714 -9.530612 1.701297 -5.110000 1.260000 0.490000
2.498107 -9.643075 1.383051 2.730000 1.890000 -0.070000
2.579463 -9.590433 1.409373 -1.960000 1.750000 0.280000
2.462214 -9.320045 1.619941 -0.980000 1.960000 0.910000
