2.986243 -8.618947 3.651447 -1.470000 0.280000 0.350000
2.971886 -8.822337 3.826123 1.050000 0.070000 -1.400000
3.024528 -8.461020 3.847659 2.800000 -1.260000 -0.910000
2.998207 -8.719445 3.649055 -2.590000 -0.350000 0.560000
3.012564 -8.724231 3.766303 0.070000 1.330000 -0.630000
2.991028 -8.626125 3.701697 2.310000 0.070000 -0.980000
2.991028 -8.626125 3.701697 2.310000 0.070000 -0.980000
2.983850 -8.606983 3.775874 -1.120000 1.470000 -0.770000
3.024528 -8.707481 3.754339 1.960000 0.560000 -1.470000
3.103491 -8.858230 3.814159 3.290000 2.520000 0.630000
2.907279 -9.233903 3.665804 -28.210001 6.020000 2.030000
3.239882 -8.657232 3.828516 -64.470001 3.780000 6.440000
3.239882 -8.657232 3.828516 -64.470001 3.780000 6.440000
3.335595 -8.389235 3.443272 -127.820000 0.070000 24.500000
2.120041 -7.257431 1.842474 -162.050003 -20.860001 46.130001
1.579263 -9.006584 -1.428515 -91.279999 3.710000 21.700001
2.143969 -10.959127 -2.667997 -31.850000 9.240000 4.480000
2.696711 -9.549755 0.947558 27.160000 9.100000 3.920000
2.383251 -9.844072 1.105484 -4.760000 -0.070000 11.270000
2.019542 -10.346564 0.617348 -10.080000 -1.400000 7.840000
2.019542 -10.346564 0.617348 -10.080000 -1.400000 7.840000
2.170290 -9.951750 0.186640 -6.370000 -2.520000 1.120000
2.251646 -10.028319 0.411566 5.670000 -4.550000 0.280000
2.088934 -9.879964 0.241675 6.090000 -3.010000 -0.210000
2.098505 -9.872787 0.179462 -1.120000 -0.770000 -0.980000
2.392823 -9.614362 0.229711 1.750000 -2.100000 -1.610000
2.316252 -9.511470 0.208176 6.440000 -3.080000 -1.820000
2.285146 -9.418150 0.172283 -3.640000 -4.340000 -1.890000
2.285146 -9.418150 0.172283 -3.640000 -4.340000 -1.890000
2.206182 -9.437292 0.076570 4.060000 -4.970000 -1.190000
2.206182 -9.437292 0.076570 4.060000 -4.970000 -1.190000
2.206182 -9.437292 0.076570 4.060000 -4.970000 -1.190000
2.215754 -9.714860 0.545564 5.600000 -2.030000 1.890000
2.215754 -9.714860 0.545564 5.600000 -2.030000 1.890000
2.368894 -9.858429 0.112463 7.420000 -3.640000 -1.050000
2.368894 -9.858429 0.112463 7.420000 -3.640000 -1.050000
2.371287 -9.899107 0.095713 -5.740000 -2.800000 -0.280000
2.256432 -9.932607 -0.179462 4.130000 1.890000 -1.260000
2.256432 -9.932607 -0.179462 4.130000 1.890000 -1.260000
2.206182 -9.537791 0.172283 3.990000 3.640000 -0.630000
