-8.226524 -5.532206 -2.608176 5.040000 5.250000 -6.650000
-8.260024 -5.381458 -2.196611 13.650000 0.560000 -12.320000
-8.260024 -5.381458 -2.196611 13.650000 0.560000 -12.320000
-8.341379 -6.017949 -2.371287 5.740000 -0.980000 -16.379999
-8.341379 -6.017949 -2.371287 5.740000 -0.980000 -16.379999
-8.202596 -7.472785 -2.577070 16.799999 -1.540000 -34.369999
-8.202596 -7.472785 -2.577070 16.799999 -1.540000 -34.369999
-8.202596 -7.472785 -2.577070 16.799999 -1.540000 -34.369999
-8.202596 -7.472785 -2.577070 16.799999 -1.540000 -34.369999
-7.858029 -7.659425 -2.598605 19.040001 -2.240000 -43.959999
-7.858029 -7.659425 -2.598605 19.040001 -2.240000 -43.959999
-7.975278 -7.006185 -2.617748 21.490000 -3.290000 -61.599998
-7.975278 -7.006185 -2.617748 21.490000 -3.290000 -61.599998
-7.489535 -6.943972 -2.959922 26.180000 0.420000 -61.880001
-7.489535 -6.943972 -2.959922 26.180000 0.420000 -61.880001
-7.489535 -6.943972 -2.959922 26.180000 0.420000 -61.880001
-7.489535 -6.943972 -2.959922 26.180000 0.420000 -61.880001
-7.302894 -6.848258 -2.708675 28.559999 3.570000 -59.779999
-7.302894 -6.848258 -2.708675 28.559999 3.570000 -59.779999
-6.951149 -7.326823 -1.861616 28.770000 1.960000 -53.270000
-6.951149 -7.326823 -1.861616 28.770000 1.960000 -53.270000
-6.860222 -7.240681 -1.591227 16.100000 -2.030000 -54.670002
-6.860222 -7.240681 -1.591227 16.100000 -2.030000 -54.670002
-6.860222 -7.240681 -1.591227 16.100000 -2.030000 -54.670002
-6.860222 -7.240681 -1.591227 16.100000 -2.030000 -54.670002
-6.874579 -7.692925 -1.859223 15.260000 -5.600000 -54.950001
-6.874579 -7.692925 -1.859223 15.260000 -5.600000 -54.950001
-6.541977 -8.035098 -1.349552 22.049999 -7.490000 -57.330002
-6.541977 -8.035098 -1.349552 22.049999 -7.490000 -57.330002
-6.372087 -8.219346 -1.325624 26.320000 -9.030000 -57.119999
-6.372087 -8.219346 -1.325624 26.320000 -9.030000 -57.119999
-6.173482 -8.307880 -1.399801 42.000000 -12.670000 -53.689999
-6.173482 -8.307880 -1.399801 42.000000 -12.670000 -53.689999
-5.977271 -9.052048 -1.268196 16.030001 -14.350000 -58.380001
-5.977271 -9.052048 -1.268196 16.030001 -14.350000 -58.380001
