3.862016 -7.305287 5.589634 -1.400000 -0.210000 1.680000
3.905087 -7.300502 5.304887 -1.540000 -1.400000 -0.070000
3.905087 -7.300502 5.304887 -1.540000 -1.400000 -0.070000
3.866802 -7.211967 5.460421 1.330000 1.120000 -0.490000
3.866802 -7.211967 5.460421 1.330000 1.120000 -0.490000
3.684947 -7.185646 5.496314 1.050000 0.700000 -1.260000
3.833302 -7.030113 5.503492 0.140000 0.490000 -0.630000
3.833302 -7.030113 5.503492 0.140000 0.490000 -0.630000
3.833302 -7.030113 5.503492 0.140000 0.490000 -0.630000
3.914658 -7.070791 5.328816 0.490000 0.700000 0.840000
3.914658 -7.070791 5.328816 0.490000 0.700000 0.840000
3.862016 -7.276574 5.410172 2.450000 1.540000 0.420000
3.862016 -7.245467 5.544170 -0.070000 -0.490000 -0.420000
3.929015 -7.154540 5.367101 -2.730000 -1.330000 -0.840000
3.929015 -7.154540 5.367101 -2.730000 -1.330000 -0.840000
3.888337 -7.226324 5.206782 1.050000 0.490000 -0.700000
3.763910 -7.066005 5.484349 1.400000 1.610000 -0.630000
3.811767 -7.168896 5.601598 -1.190000 -0.350000 0.630000
3.766303 -7.113862 5.527420 -0.350000 -0.350000 0.490000
3.766303 -7.113862 5.527420 -0.350000 -0.350000 0.490000
3.816552 -7.173682 5.321638 -0.630000 0.700000 0.490000
3.842873 -7.173682 5.510671 1.120000 1.190000 0.770000
3.900301 -7.245467 5.369494 -1.050000 0.490000 0.770000
3.900301 -7.245467 5.369494 -1.050000 0.490000 0.770000
3.900301 -7.245467 5.369494 -1.050000 0.490000 0.770000
3.938586 -7.255038 5.544170 -0.840000 -0.280000 0.140000
3.969693 -7.171289 5.386244 -0.070000 -0.630000 0.700000
3.821337 -7.324430 5.450850 1.190000 0.700000 0.630000
3.821337 -7.324430 5.450850 1.190000 0.700000 0.630000
3.823731 -7.118648 5.596812 -0.070000 -0.280000 -0.700000
3.826123 -7.070791 5.319244 -1.540000 -0.560000 0.630000
3.811767 -7.073184 5.371887 -1.330000 -0.210000 0.630000
3.728018 -7.211967 5.333601 0.140000 0.700000 1.400000
3.866802 -7.147361 5.438886 0.980000 0.770000 0.140000
3.864408 -7.133004 5.398208 0.980000 0.700000 1.260000
3.814159 -7.245467 5.572884 -1.820000 -0.280000 2.170000
3.814159 -7.245467 5.572884 -1.820000 -0.280000 2.170000
3.888337 -7.417750 5.565705 0.490000 0.280000 0.350000
3.888337 -7.417750 5.565705 0.490000 0.280000 0.350000
3.888337 -7.417750 5.565705 0.490000 0.280000 0.350000
3.816552 -7.310073 5.474778 -3.080000 -1.960000 -0.280000
3.823731 -7.080362 5.481956 -1.820000 -0.630000 -0.980000
3.835695 -7.171289 5.498707 -0.280000 -0.560000 -0.910000
3.938586 -7.216753 5.383851 0.560000 0.770000 -0.560000
