1.000200 -9.482756 2.208575 0.630000 0.630000 0.700000
1.000200 -9.482756 2.208575 0.630000 0.630000 0.700000
1.064806 -9.592826 2.155933 0.490000 0.560000 0.560000
1.067199 -9.547362 2.179861 -0.420000 0.140000 0.070000
1.038485 -9.635897 2.273181 1.120000 -0.070000 1.330000
1.105484 -9.789038 2.182254 1.050000 -0.420000 -0.490000
1.036092 -9.640682 2.072184 -0.420000 -1.050000 -0.770000
1.031307 -9.590433 2.134398 0.490000 -0.350000 -0.350000
1.031307 -9.590433 2.134398 0.490000 -0.350000 -0.350000
1.031307 -9.590433 2.134398 0.490000 -0.350000 -0.350000
1.062413 -9.626326 2.179861 0.770000 0.210000 -0.560000
1.062413 -9.626326 2.179861 0.770000 0.210000 -0.560000
1.134198 -9.473185 2.201397 0.490000 0.070000 -0.840000
1.134198 -9.473185 2.201397 0.490000 0.070000 -0.840000
0.981057 -9.633504 2.175076 0.700000 0.140000 0.560000
1.091127 -9.631111 2.117648 -0.840000 0.140000 0.560000
1.019342 -9.592826 2.191825 1.050000 0.630000 -0.770000
1.019342 -9.592826 2.191825 1.050000 0.630000 -0.770000
1.067199 -9.580862 2.124826 -0.350000 0.280000 -0.070000
1.076770 -9.607183 2.232504 1.120000 -0.420000 0.140000
1.026521 -9.509077 2.129612 -0.070000 -0.630000 0.350000
1.103091 -9.533006 2.115255 0.910000 -0.560000 1.050000
1.004985 -9.590433 2.141576 -0.070000 -0.560000 1.260000
1.057628 -9.647861 2.057827 0.420000 -0.770000 0.560000
1.031307 -9.590433 2.155933 0.070000 -0.700000 0.420000
1.071985 -9.638289 2.112862 -0.490000 -0.630000 0.560000
1.081556 -9.628718 2.167897 0.420000 -0.910000 -0.140000
1.112662 -9.671788 2.182254 0.910000 -0.770000 -0.210000
1.112662 -9.671788 2.182254 0.910000 -0.770000 -0.210000
1.048056 -9.693325 2.165504 -0.420000 -0.980000 -0.560000
1.127020 -9.626326 2.041078 1.050000 -0.770000 -0.700000
1.107877 -9.576077 2.129612 0.700000 -0.140000 -1.050000
1.141376 -9.494720 2.203789 0.840000 -0.070000 -1.190000
1.205983 -9.549755 2.143969 0.350000 -0.560000 -0.490000
1.205983 -9.549755 2.143969 0.350000 -0.560000 -0.490000
1.040878 -9.461221 2.072184 0.980000 0.280000 -0.210000
1.076770 -9.521042 2.098505 -0.070000 0.280000 0.070000
1.122234 -9.564112 2.167897 -0.210000 0.350000 0.560000
1.122234 -9.564112 2.167897 -0.210000 0.350000 0.560000
1.127020 -9.578469 2.206182 0.910000 0.490000 0.840000
