-0.725025 -9.793823 2.311467 -0.630000 0.910000 0.280000
-0.725025 -9.793823 2.311467 -0.630000 0.910000 0.280000
-0.614955 -9.832108 2.469393 -3.850000 -0.140000 0.350000
-0.614955 -9.832108 2.469393 -3.850000 -0.140000 0.350000
-0.763310 -9.719646 2.464607 0.070000 0.490000 -1.190000
-0.698704 -9.427721 2.483750 4.130000 0.280000 -0.700000
-0.698704 -9.427721 2.483750 4.130000 0.280000 -0.700000
-0.760918 -9.413363 2.478964 -0.910000 1.330000 -1.470000
-0.538385 -9.616754 2.471786 -0.490000 0.210000 -0.560000
-0.624527 -9.561719 2.373680 1.820000 0.490000 -0.490000
-0.669990 -9.413363 2.560320 3.430000 1.260000 0.140000
-0.614955 -9.384650 2.462214 4.690000 1.960000 1.470000
-0.760918 -9.640682 2.572284 -2.520000 0.560000 1.750000
-0.648455 -9.540184 2.656033 -0.630000 0.070000 0.630000
-0.765703 -9.645468 2.565106 -1.750000 0.070000 0.420000
-0.720240 -9.564112 2.507678 1.540000 0.280000 -0.280000
-0.550349 -9.528220 2.567499 -2.100000 0.210000 1.190000
-0.550349 -9.528220 2.567499 -2.100000 0.210000 1.190000
-0.655633 -9.489935 2.419144 -0.770000 0.630000 0.140000
-0.617348 -9.647861 2.687140 0.070000 1.260000 -0.210000
-0.729811 -9.509077 2.533999 0.490000 1.680000 0.490000
-0.600598 -9.506684 2.572284 -0.350000 0.280000 0.910000
-0.600598 -9.506684 2.572284 -0.350000 0.280000 0.910000
-0.600598 -9.506684 2.572284 -0.350000 0.280000 0.910000
-0.641276 -9.671788 2.486143 3.990000 0.490000 0.350000
-0.744168 -9.427721 2.622534 -0.280000 0.490000 -0.700000
-0.715454 -9.458827 2.522035 -0.280000 -0.490000 -0.420000
-0.715454 -9.458827 2.522035 -0.280000 -0.490000 -0.420000
-0.696311 -9.578469 2.502892 -0.280000 -0.630000 0.280000
-0.581456 -9.382257 2.713461 0.560000 -0.070000 -0.350000
-0.770489 -9.470792 2.569891 -0.840000 0.350000 0.700000
-0.689133 -9.432507 2.550749 -0.560000 0.140000 0.770000
-0.634098 -9.643075 2.641676 0.280000 0.560000 1.260000
-0.701097 -9.559326 2.687140 -1.330000 0.210000 1.890000
-0.701097 -9.657433 2.531606 -1.540000 0.210000 1.470000
-0.674776 -9.667004 2.431108 0.630000 -0.980000 1.050000
-0.636491 -9.664611 2.617748 -0.280000 0.140000 0.210000
-0.636491 -9.664611 2.617748 -0.280000 0.140000 0.210000
-0.746561 -9.540184 2.488536 -0.840000 0.350000 0.140000
-0.662812 -9.547362 2.526821 1.960000 0.490000 0.840000
-0.662812 -9.547362 2.526821 1.960000 0.490000 0.840000
-0.648455 -9.549755 2.476572 -1.330000 1.330000 0.840000
