2.730211 -9.580862 0.468993 0.630000 -0.490000 -0.630000
2.658426 -9.408579 0.643669 -0.140000 -1.610000 -0.420000
2.677568 -9.449257 0.509671 -0.840000 0.420000 3.710000
2.677568 -9.449257 0.509671 -0.840000 0.420000 3.710000
2.677568 -9.449257 0.509671 -0.840000 0.420000 3.710000
2.512464 -9.934999 1.490728 -5.320000 2.380000 2.100000
2.512464 -9.934999 1.490728 -5.320000 2.380000 2.100000
2.579463 -9.875179 0.562313 -34.580002 5.880000 3.640000
2.723032 -10.049855 0.253639 -27.299999 6.720000 6.650000
2.723032 -10.049855 0.253639 -27.299999 6.720000 6.650000
2.723032 -10.049855 0.253639 -27.299999 6.720000 6.650000
2.517249 -8.666803 0.102891 -16.940001 19.600000 7.350000
2.447858 -9.049655 0.344566 -49.840000 21.280001 12.600000
2.627320 -9.726824 -0.495314 -34.160000 21.139999 9.310000
2.627320 -9.726824 -0.495314 -34.160000 21.139999 9.310000
2.316252 -9.501899 0.043071 -37.380001 23.730000 11.760000
2.316252 -9.501899 0.043071 -37.380001 23.730000 11.760000
2.316252 -9.501899 0.043071 -37.380001 23.730000 11.760000
2.316252 -9.501899 0.043071 -37.380001 23.730000 11.760000
2.316252 -9.501899 0.043071 -37.380001 23.730000 11.760000
1.883151 -9.439686 -0.519243 20.580000 15.470000 16.030001
1.746760 -9.475577 -0.260818 23.309999 8.330000 13.020000
1.852045 -9.410972 -0.009571 21.840000 5.110000 12.180000
1.852045 -9.410972 -0.009571 21.840000 5.110000 12.180000
1.667797 -9.872787 -0.282353 -3.990000 2.450000 -1.750000
1.844866 -9.817751 -0.289532 -5.040000 2.380000 -2.170000
1.713261 -9.951750 -0.413958 1.470000 1.890000 0.070000
1.835295 -9.511470 -0.229711 1.820000 1.960000 0.070000
1.842474 -9.645468 -0.210568 2.240000 1.820000 0.840000
1.691726 -9.743573 -0.246461 1.540000 1.610000 1.540000
1.619941 -10.047462 -0.284746 2.800000 0.210000 1.540000
1.619941 -10.047462 -0.284746 2.800000 0.210000 1.540000
1.703690 -9.946963 -0.339781 2.380000 -2.100000 2.310000
1.569692 -9.418150 -0.267996 3.220000 -2.100000 1.750000
1.646262 -10.236496 -0.323031 5.460000 1.330000 2.520000
