2.033899 -9.501899 2.447858 -1.190000 -0.070000 -0.980000
2.065006 -9.365508 2.268396 2.660000 1.470000 -1.330000
2.065006 -9.365508 2.268396 2.660000 1.470000 -1.330000
2.098505 -9.238688 2.234896 3.570000 1.610000 -0.980000
2.065006 -9.075976 2.768496 2.170000 0.840000 -0.700000
2.038685 -9.576077 2.524428 2.100000 -0.280000 0.140000
2.055435 -9.281759 2.859423 8.330000 -2.940000 -0.980000
2.043471 -9.348758 1.921437 -1.540000 -3.290000 1.330000
2.043471 -9.348758 1.921437 -1.540000 -3.290000 1.330000
2.098505 -9.099905 2.160719 4.760000 -3.640000 -0.280000
2.196611 -9.600004 2.924029 3.920000 -6.300000 -2.100000
2.108077 -9.674182 2.364109 9.310000 -11.410000 -2.870000
1.926222 -9.497113 3.460021 -34.020000 -14.910000 1.400000
1.926222 -9.497113 3.460021 -34.020000 -14.910000 1.400000
2.232504 -10.181459 1.749153 -6.790000 -16.520000 -1.960000
2.215754 -8.970692 2.995814 9.240000 -18.480000 -1.680000
1.823331 -9.803394 2.139183 -37.029999 -18.690001 6.650000
2.000400 -8.097312 2.273181 -20.370001 -13.930000 7.350000
2.304288 -9.848858 1.332802 -10.920000 -15.960000 2.520000
2.411965 -9.631111 1.318445 0.840000 -11.900000 1.190000
2.471786 -9.659825 1.615155 -4.620000 -11.270000 -0.700000
2.170290 -9.765109 2.462214 -1.890000 -16.520000 -3.080000
2.050649 -10.054641 2.359323 5.530000 -24.219999 -7.140000
2.050649 -10.054641 2.359323 5.530000 -24.219999 -7.140000
2.407180 -9.650253 2.050649 8.400000 -24.850000 -6.930000
2.356930 -9.389436 1.674976 -0.210000 -20.860001 -3.920000
2.292324 -9.317651 1.450050 -2.590000 -17.080000 -2.170000
2.335395 -9.224331 1.304088 -10.570000 -13.650000 -1.820000
2.335395 -9.224331 1.304088 -10.570000 -13.650000 -1.820000
2.598605 -9.030513 1.251446 6.580000 -11.550000 -1.050000
2.598605 -9.030513 1.251446 6.580000 -11.550000 -1.050000
2.526821 -9.348758 1.438086 5.110000 -9.240000 0.490000
2.354537 -9.305687 1.222732 -4.620000 -2.590000 2.380000
2.502892 -9.745967 1.344766 0.280000 1.960000 2.240000
2.486143 -9.556933 1.521835 -2.240000 2.450000 -0.070000
2.486143 -9.556933 1.521835 -2.240000 2.450000 -0.070000
2.565106 -9.564112 1.344766 -3.640000 4.060000 0.280000
2.541178 -9.647861 1.452443 0.910000 3.710000 0.210000
2.624927 -9.528220 1.564906 -0.280000 2.520000 -0.210000
2.502892 -9.547362 1.670190 -0.560000 2.660000 0.420000
2.514857 -9.489935 1.701297 1.400000 1.260000 -0.560000
2.395216 -9.513863 1.579263 1.470000 0.840000 -1.050000
