1.964507 -9.789038 1.414158 5.530000 1.260000 0.350000
1.866402 -9.769895 1.466800 -8.680000 -1.470000 0.980000
1.957329 -9.719646 1.268196 -5.320000 0.980000 1.260000
1.957329 -9.719646 1.268196 -5.320000 0.980000 1.260000
2.045863 -9.774680 1.603191 3.640000 1.330000 0.210000
1.706082 -9.688539 2.096112 -6.720000 0.210000 0.420000
1.954936 -9.595219 1.875973 -12.390000 3.080000 0.420000
1.804188 -9.355937 2.254039 -23.309999 -0.210000 2.450000
1.895115 -9.700503 0.579063 -44.939999 4.760000 8.610000
1.895115 -9.700503 0.579063 -44.939999 4.760000 8.610000
1.797010 -10.810772 0.492921 -31.780001 8.050000 3.220000
2.079363 -9.628718 1.179662 -7.980000 3.780000 2.590000
1.789831 -10.200603 -0.275175 -40.250000 14.980000 8.750000
1.990828 -9.506684 0.045464 -24.360001 13.720000 8.400000
1.720440 -9.269794 -0.636491 -47.740002 22.820000 12.250000
1.600798 -9.722038 -1.237089 -56.700001 24.850000 12.390000
1.600798 -9.722038 -1.237089 -56.700001 24.850000 12.390000
1.954936 -9.870394 -0.430708 -27.160000 26.320000 15.960000
1.409373 -9.801002 -0.679562 -19.389999 30.870001 18.690001
1.593620 -9.858429 -1.002593 -14.350000 30.380001 15.820000
1.131805 -9.882358 -0.703490 20.580000 16.660000 9.240000
1.105484 -9.513863 -0.169890 25.900000 11.830000 8.400000
1.105484 -9.513863 -0.169890 25.900000 11.830000 8.400000
1.138984 -9.731609 0.186640 7.770000 4.760000 0.630000
1.138984 -9.731609 0.186640 7.770000 4.760000 0.630000
1.138984 -9.731609 0.186640 7.770000 4.760000 0.630000
1.110270 -9.937392 -0.069392 -1.260000 0.770000 -1.470000
1.036092 -9.755538 -0.196211 4.480000 0.840000 1.190000
1.229911 -9.875179 -0.062213 1.330000 1.330000 0.350000
1.229911 -9.875179 -0.062213 1.330000 1.330000 0.350000
1.234696 -10.028319 -0.009571 4.340000 0.700000 1.120000
1.155733 -9.714860 -0.002393 5.040000 -0.070000 1.330000
1.134198 -9.631111 0.028714 1.820000 -0.490000 0.560000
1.155733 -9.791430 -0.047856 1.820000 0.140000 0.420000
1.045663 -9.980463 -0.090927 1.400000 0.140000 0.630000
1.076770 -10.006784 -0.031107 5.880000 -0.070000 2.380000
1.043271 -10.164711 -0.007178 3.640000 0.980000 3.220000
