-0.150748 -9.925428 -0.086142 -0.980000 0.070000 -0.140000
-0.150748 -9.970891 0.083749 0.980000 0.280000 -0.490000
-0.284746 -10.057034 0.112463 -1.050000 -1.120000 -0.560000
-0.232104 -10.104890 0.071785 0.140000 0.070000 -1.540000
-0.318245 -10.064213 0.155533 -0.910000 -0.490000 -1.680000
-0.318245 -10.064213 0.155533 -0.910000 -0.490000 -1.680000
-0.064606 -10.054641 0.011964 -0.700000 -1.680000 -1.190000
-0.167498 -9.631111 0.035892 0.770000 -0.560000 -0.910000
-0.145962 -9.602397 0.055035 -1.820000 -0.420000 -0.560000
-0.016750 -9.853643 -0.215354 -6.230000 0.490000 0.350000
-0.143569 -9.932607 -0.110070 -1.330000 -0.350000 0.910000
-0.177069 -9.978070 -0.047856 -0.140000 -0.560000 1.470000
-0.177069 -10.104890 -0.095713 -0.980000 0.700000 2.520000
-0.246461 -10.289137 -0.114855 1.050000 -0.700000 2.170000
-0.308674 -10.092925 -0.059821 -0.280000 -1.190000 0.490000
-0.241675 -10.243673 -0.294317 -2.240000 0.350000 -0.630000
-0.241675 -10.243673 -0.294317 -2.240000 0.350000 -0.630000
-0.241675 -10.243673 -0.294317 -2.240000 0.350000 -0.630000
-0.229711 -10.090532 0.007178 -0.140000 -0.210000 -1.610000
-0.141177 -9.937392 -0.028714 -5.950000 0.490000 -0.980000
-0.148355 -10.241282 -0.344566 -7.350000 1.680000 -2.870000
-0.148355 -10.241282 -0.344566 -7.350000 1.680000 -2.870000
-0.234497 -9.805787 -0.205783 2.870000 -1.820000 -0.560000
-0.215354 -9.863215 -0.253639 2.520000 -0.980000 -0.840000
-0.122034 -9.848858 -0.162712 -1.120000 0.840000 -0.700000
-0.172283 -10.100104 -0.200997 -0.560000 0.280000 -0.140000
-0.172283 -10.100104 -0.200997 -0.560000 0.280000 -0.140000
-0.047856 -9.970891 -0.059821 -1.050000 -0.840000 2.380000
-0.200997 -9.937392 -0.246461 -0.420000 -0.420000 1.400000
-0.153141 -9.820145 0.112463 1.400000 0.140000 0.280000
-0.138784 -10.040283 -0.299103 0.210000 -0.490000 0.910000
-0.284746 -9.810574 -0.126820 -0.980000 2.240000 -0.350000
-0.009571 -9.918249 -0.071785 1.960000 -0.210000 1.260000
-0.009571 -9.918249 -0.071785 1.960000 -0.210000 1.260000
-0.234497 -10.011569 -0.267996 -2.940000 2.170000 -0.420000
-0.107677 -9.992428 -0.083749 -0.210000 0.210000 -0.490000
-0.167498 -10.059426 -0.174676 -0.980000 2.450000 -1.050000
-0.198604 -9.848858 -0.126820 1.960000 -0.910000 -0.700000
-0.198604 -9.848858 -0.126820 1.960000 -0.910000 -0.700000
-0.016750 -9.975677 0.004786 2.030000 -2.030000 0.770000
-0.203390 -9.868000 -0.234497 -0.840000 0.560000 0.420000
-0.177069 -9.801002 -0.117248 0.140000 -0.560000 0.070000
-0.162712 -10.061819 -0.177069 -0.280000 -0.770000 0.560000
-0.162712 -10.061819 -0.177069 -0.280000 -0.770000 0.560000
-0.181855 -10.028319 -0.162712 0.700000 -0.840000 0.420000
-0.189033 -10.021141 -0.220140 0.700000 -0.560000 -0.980000
-0.210568 -9.997212 -0.272782 -1.470000 -0.140000 -0.280000
-0.090927 -9.887143 -0.229711 1.540000 -0.140000 -0.280000
-0.119641 -9.836893 -0.162712 0.420000 0.350000 0.140000
