0.660419 -9.609575 2.088934 1.820000 -0.350000 1.960000
0.488136 -8.846266 1.868794 -3.780000 -3.080000 5.320000
0.488136 -8.846266 1.868794 -3.780000 -3.080000 5.320000
0.332602 -8.307880 1.914258 -3.080000 -3.430000 8.960000
0.143569 -7.654640 1.636691 -1.750000 -1.750000 16.450001
-0.205783 -6.845865 1.502693 -0.630000 1.190000 27.230000
-0.622134 -7.312466 1.567299 2.870000 9.870000 47.670002
-1.397408 -6.965507 1.591227 -10.290000 11.060000 53.200001
-1.397408 -6.965507 1.591227 -10.290000 11.060000 53.200001
-1.816152 -6.728617 1.198804 -18.340000 11.550000 58.520000
-1.993221 -7.482357 1.380659 -4.270000 14.210000 77.070000
-3.483950 -8.276773 1.325624 -20.790001 18.760000 91.349998
-3.483950 -8.276773 1.325624 -20.790001 18.760000 91.349998
-3.900301 -8.879765 1.689333 3.010000 17.150000 101.010002
-4.905287 -9.138189 1.466800 -24.780001 15.260000 101.779999
-5.118248 -10.140782 1.825724 -18.480000 11.340000 106.190002
-6.312266 -9.645468 0.820738 -34.230000 0.560000 108.220001
-6.585048 -9.698111 1.083949 -11.620000 5.600000 109.970001
-7.707282 -7.805387 0.514457 -51.660000 -3.150000 94.080002
-7.630712 -8.764909 0.088534 -35.349998 -4.410000 110.180000
-8.434700 -7.743174 0.184247 1.750000 2.940000 111.930000
-8.386844 -6.546762 -0.665205 -18.480000 2.870000 110.879997
-8.386844 -6.546762 -0.665205 -18.480000 2.870000 110.879997
-8.721838 -8.267202 0.157926 1.890000 11.130000 115.709999
-9.468399 -7.810174 -0.007178 16.590000 17.570000 109.550003
-8.965906 -8.370094 0.267996 11.900000 14.630000 107.309998
-9.336794 -8.286345 0.650848 13.930000 15.960000 79.379997
-8.685946 -8.496914 0.751346 -24.010000 8.470000 53.340000
-8.796017 -7.889136 0.835095 -27.930000 7.350000 26.530001
-9.037691 -7.087541 0.602991 -42.420002 4.480000 13.440001
-8.104490 -6.221339 0.480957 -59.849998 -9.380000 4.900000
-8.463413 -5.642276 0.404387 -15.750000 -12.180000 3.150000
-8.925228 -5.034499 0.327817 -5.110000 -13.300000 0.350000
-9.286544 -4.012764 0.191426 8.960000 -8.190000 1.890000
-9.432507 -3.912265 0.098106 5.180000 -4.760000 -4.760000
-9.186047 -3.873980 0.007178 1.610000 -1.680000 -3.150000
-9.186047 -3.873980 0.007178 1.610000 -1.680000 -3.150000
-9.176475 -3.617948 0.253639 14.350000 3.710000 -1.750000
-9.241080 -3.598805 0.260818 7.280000 4.550000 -3.290000
-8.908479 -3.744767 -0.088534 6.160000 2.310000 1.610000
-9.073583 -3.806981 0.387637 12.670000 2.240000 3.640000
-9.071191 -3.723232 0.117248 5.530000 1.890000 0.910000
-8.941978 -3.979264 0.093320 0.700000 0.630000 2.590000
-9.023334 -3.888337 0.196211 1.750000 1.540000 3.080000
