-1.868794 -9.274581 3.285345 0.770000 0.980000 0.560000
-1.954936 -8.989835 3.390630 1.890000 1.190000 -0.070000
-1.911865 -9.219545 3.287738 -0.700000 0.700000 -0.490000
-1.911865 -9.219545 3.287738 -0.700000 0.700000 -0.490000
-1.835295 -9.042477 3.321238 -0.350000 0.700000 0.210000
-1.835295 -9.042477 3.321238 -0.350000 0.700000 0.210000
-1.844866 -9.066404 3.211168 -1.680000 1.260000 0.280000
-1.880759 -9.102298 3.385844 1.610000 0.140000 0.700000
-1.864009 -9.229117 3.280560 -0.770000 -0.210000 1.470000
-1.864009 -9.229117 3.280560 -0.770000 -0.210000 1.470000
-1.873580 -9.274581 3.366701 0.420000 0.070000 0.700000
-1.873580 -9.274581 3.366701 0.420000 0.070000 0.700000
-1.890330 -9.073583 3.227918 0.280000 0.210000 0.070000
-1.890330 -9.073583 3.227918 0.280000 0.210000 0.070000
-1.854438 -9.145369 3.354738 0.210000 -0.560000 1.330000
-1.926222 -9.363115 3.091527 0.350000 0.700000 -0.210000
-1.866402 -9.102298 3.352344 0.350000 0.490000 0.490000
-1.866402 -9.102298 3.352344 0.350000 0.490000 0.490000
-1.866402 -9.102298 3.352344 0.350000 0.490000 0.490000
-1.897508 -9.207582 3.385844 0.420000 0.210000 0.140000
-1.897508 -9.207582 3.385844 0.420000 0.210000 0.140000
-1.923829 -9.116654 3.280560 1.470000 0.910000 0.210000
-1.923829 -9.116654 3.280560 1.470000 0.910000 0.210000
-1.986043 -9.365508 3.292524 -1.120000 0.630000 0.700000
-1.919044 -9.262616 3.294917 -1.680000 -0.420000 0.350000
-1.919044 -9.262616 3.294917 -1.680000 -0.420000 0.350000
-1.919044 -9.262616 3.294917 -1.680000 -0.420000 0.350000
-1.892723 -9.066404 3.225525 0.280000 -0.910000 -0.070000
-2.002793 -9.346365 3.103491 -0.070000 0.770000 0.280000
-1.950150 -9.123833 3.180061 1.610000 -0.350000 0.140000
-1.950150 -9.123833 3.180061 1.610000 -0.350000 0.140000
-1.988436 -9.159724 3.144169 -2.100000 0.910000 0.630000
-1.902294 -9.262616 3.175276 -0.840000 0.840000 0.210000
-1.954936 -9.183653 3.163311 -0.350000 1.190000 0.700000
-1.986043 -9.162118 3.251846 0.280000 1.120000 0.140000
-1.969293 -9.066404 3.483950 1.610000 0.140000 0.700000
-2.009971 -9.552148 3.043670 -0.770000 1.190000 -0.560000
-2.000400 -9.140583 3.239882 1.820000 0.560000 -1.120000
-1.875973 -9.324830 3.158526 1.120000 0.350000 -1.120000
-1.897508 -9.257831 3.017349 -1.540000 0.980000 -0.420000
-1.957329 -9.265009 3.026921 -1.540000 1.540000 -1.190000
-1.957329 -9.265009 3.026921 -1.540000 1.540000 -1.190000
-1.907080 -9.221939 3.230310 2.100000 0.980000 0.140000
-1.854438 -9.217153 3.139383 -0.770000 0.840000 -0.840000
-1.892723 -9.107083 3.314059 2.240000 -0.210000 -0.420000
-1.892723 -9.107083 3.314059 2.240000 -0.210000 -0.420000
-1.892723 -9.107083 3.314059 2.240000 -0.210000 -0.420000
-1.964507 -9.171689 3.180061 -1.890000 0.700000 0.070000
-1.964507 -9.171689 3.180061 -1.890000 0.700000 0.070000
-2.007578 -9.212367 3.031706 2.240000 0.210000 -0.840000
-1.854438 -9.279366 3.371487 -0.280000 1.050000 -0.770000
-1.854438 -9.279366 3.371487 -0.280000 1.050000 -0.770000
-1.854438 -9.279366 3.371487 -0.280000 1.050000 -0.770000
-1.904687 -9.140583 3.146562 -0.630000 1.540000 -0.980000
