3.629912 -7.688138 5.431707 1.330000 -1.540000 -1.540000
3.629912 -7.688138 5.431707 1.330000 -1.540000 -1.540000
3.701697 -7.544570 5.182854 0.840000 -1.260000 -0.910000
3.701697 -7.544570 5.182854 0.840000 -1.260000 -0.910000
3.615555 -7.496714 5.065606 1.610000 -0.420000 -0.840000
3.615555 -7.496714 5.065606 1.610000 -0.420000 -0.840000
3.605984 -7.467999 5.161318 -0.910000 -0.350000 1.190000
3.641876 -7.482357 5.168497 -0.630000 0.070000 1.820000
3.641876 -7.482357 5.168497 -0.630000 0.070000 1.820000
3.503092 -7.623533 5.221139 0.490000 0.840000 1.960000
3.596412 -7.472785 5.228317 -1.540000 -0.280000 -0.350000
3.596412 -7.472785 5.228317 -1.540000 -0.280000 -0.350000
3.735196 -7.448857 5.194818 -0.630000 0.350000 -0.070000
3.735196 -7.448857 5.194818 -0.630000 0.350000 -0.070000
3.507878 -7.496714 5.166104 -3.010000 2.590000 0.490000
3.577270 -7.448857 5.206782 0.280000 1.260000 -0.490000
3.577270 -7.448857 5.206782 0.280000 1.260000 -0.490000
3.684947 -7.580462 5.254639 -2.100000 -1.120000 1.050000
3.684947 -7.580462 5.254639 -2.100000 -1.120000 1.050000
3.591627 -7.465607 5.259424 2.590000 1.330000 -1.190000
3.591627 -7.465607 5.259424 2.590000 1.330000 -1.190000
3.548556 -7.467999 5.180461 -1.960000 1.610000 0.350000
3.548556 -7.467999 5.180461 -1.960000 1.610000 0.350000
3.548556 -7.467999 5.180461 -1.960000 1.610000 0.350000
3.603590 -7.482357 5.194818 0.630000 1.750000 0.280000
3.567699 -7.446464 5.407779 0.210000 1.190000 -0.420000
3.646662 -7.575676 5.362316 -1.750000 -0.210000 0.350000
3.646662 -7.575676 5.362316 -1.750000 -0.210000 0.350000
3.421736 -7.616355 5.237889 0.840000 0.140000 -0.910000
3.421736 -7.616355 5.237889 0.840000 0.140000 -0.910000
3.421736 -7.616355 5.237889 0.840000 0.140000 -0.910000
3.570091 -7.432107 5.120641 -0.210000 -0.560000 -0.070000
3.457629 -7.508677 5.204390 -1.050000 1.120000 0.770000
3.591627 -7.590034 5.371887 -2.030000 0.700000 1.400000
3.591627 -7.590034 5.371887 -2.030000 0.700000 1.400000
3.591627 -7.590034 5.371887 -2.030000 0.700000 1.400000
3.661019 -7.530212 5.156533 -0.210000 0.140000 -0.140000
3.560520 -7.719246 5.278566 -0.420000 0.420000 0.210000
3.560520 -7.719246 5.278566 -0.420000 0.420000 0.210000
3.668197 -7.408179 5.328816 -0.490000 -0.560000 -1.330000
3.668197 -7.408179 5.328816 -0.490000 -0.560000 -1.330000
3.605984 -7.568498 5.168497 -3.290000 -0.420000 0.770000
3.605984 -7.568498 5.168497 -3.290000 -0.420000 0.770000
3.605984 -7.568498 5.168497 -3.290000 -0.420000 0.770000
3.594020 -7.587641 5.175675 -0.070000 0.280000 -1.190000
3.672983 -7.460821 5.199604 1.190000 0.980000 -1.330000
3.672983 -7.460821 5.199604 1.190000 0.980000 -1.330000
3.672983 -7.460821 5.199604 1.190000 0.980000 -1.330000
3.672983 -7.460821 5.199604 1.190000 0.980000 -1.330000
3.672983 -7.460821 5.199604 1.190000 0.980000 -1.330000
3.500700 -7.688138 5.101498 -5.320000 -0.560000 0.210000
3.577270 -7.432107 5.053641 0.980000 4.340000 -0.490000
3.577270 -7.432107 5.053641 0.980000 4.340000 -0.490000
3.460021 -7.594819 5.386244 -0.980000 0.840000 1.400000
3.460021 -7.594819 5.386244 -0.980000 0.840000 1.400000
3.460021 -7.594819 5.386244 -0.980000 0.840000 1.400000
3.531806 -7.676175 5.455636 -0.630000 -0.210000 1.120000
