1.737189 -9.860823 0.736989 -2.590000 4.550000 3.430000
1.737189 -9.860823 0.736989 -2.590000 4.550000 3.430000
1.713261 -9.786645 0.701097 23.100000 7.910000 1.540000
1.713261 -9.786645 0.701097 23.100000 7.910000 1.540000
1.727618 -9.810574 1.052842 14.560000 7.210000 2.380000
1.727618 -9.810574 1.052842 14.560000 7.210000 2.380000
1.665405 -9.494720 2.108077 68.110001 17.219999 1.050000
1.727618 -9.695717 2.110470 84.070000 19.250000 0.630000
1.509871 -9.956534 2.414358 146.300003 24.570000 -3.150000
1.567299 -9.588040 3.299703 167.369995 27.299999 -4.270000
1.105484 -7.965706 4.285545 206.360001 17.219999 -4.200000
1.715654 -7.276574 5.855237 207.059998 24.850000 -9.940000
1.581656 -5.242674 7.226324 228.830002 24.639999 -14.070000
1.208375 -2.945565 8.231310 211.610001 29.049999 -8.820000
1.289732 -2.364109 8.616554 188.580002 23.799999 -9.870000
1.289732 -2.364109 8.616554 188.580002 23.799999 -9.870000
1.253839 -1.129412 8.726624 176.399994 25.129999 -7.840000
0.751346 0.069392 9.958927 112.910004 18.200001 -6.160000
0.751346 0.069392 9.958927 112.910004 18.200001 -6.160000
0.751346 0.069392 9.958927 112.910004 18.200001 -6.160000
0.751346 0.069392 9.958927 112.910004 18.200001 -6.160000
0.751346 0.069392 9.958927 112.910004 18.200001 -6.160000
0.751346 0.069392 9.958927 112.910004 18.200001 -6.160000
0.748954 0.217747 9.781858 -9.030000 5.110000 4.200000
0.748954 0.217747 9.781858 -9.030000 5.110000 4.200000
0.748954 0.217747 9.781858 -9.030000 5.110000 4.200000
0.851845 0.157926 9.595219 -8.190000 2.380000 3.220000
0.861416 -0.014357 9.611969 -4.060000 2.030000 2.660000
0.933201 0.370888 9.511470 -3.850000 2.170000 3.360000
