1.155733 1.574477 9.415757 -0.210000 0.210000 0.070000
1.155733 1.574477 9.415757 -0.210000 0.210000 0.070000
1.215554 1.550549 9.406186 -0.210000 0.420000 -0.140000
1.215554 1.550549 9.406186 -0.210000 0.420000 -0.140000
1.215554 1.550549 9.406186 -0.210000 0.420000 -0.140000
1.215554 1.550549 9.406186 -0.210000 0.420000 -0.140000
1.225125 1.526621 9.238688 -0.350000 0.210000 0.140000
1.055235 1.490728 9.265009 -0.560000 2.100000 0.980000
1.148555 1.507478 9.300901 0.420000 2.170000 0.140000
1.150948 1.550549 9.360723 0.700000 2.240000 -0.630000
1.150948 1.550549 9.360723 0.700000 2.240000 -0.630000
1.098306 1.610370 9.375079 1.820000 2.520000 0.840000
1.088734 1.607977 9.253045 -2.030000 0.210000 0.420000
1.215554 1.509871 9.449257 0.700000 1.120000 0.560000
1.071985 1.655833 9.466006 0.630000 0.630000 2.100000
1.071985 1.655833 9.466006 0.630000 0.630000 2.100000
1.189233 1.485943 9.442079 0.350000 -0.070000 0.840000
1.117448 1.560120 9.293723 0.490000 0.350000 0.770000
1.117448 1.560120 9.293723 0.490000 0.350000 0.770000
1.117448 1.560120 9.293723 0.490000 0.350000 0.770000
1.184447 1.655833 9.250652 2.590000 2.100000 0.280000
1.198804 1.538585 9.298509 -2.030000 0.420000 0.420000
1.170090 1.514657 9.343972 -1.190000 0.840000 0.140000
1.127020 1.538585 9.324830 -0.210000 1.050000 -0.350000
1.127020 1.538585 9.324830 -0.210000 1.050000 -0.350000
1.117448 1.536192 9.372685 0.490000 0.700000 -0.490000
1.172483 1.576870 9.391829 0.490000 0.490000 -0.770000
1.213161 1.591227 9.343972 -1.680000 -0.210000 0.490000
1.170090 1.459622 9.375079 -0.630000 -0.560000 0.560000
1.127020 1.622334 9.363115 1.050000 0.420000 0.420000
1.182054 1.502693 9.281759 -1.680000 -1.050000 0.350000
1.182054 1.502693 9.281759 -1.680000 -1.050000 0.350000
1.203590 1.450050 9.250652 0.910000 -0.210000 0.140000
1.162912 1.631905 9.346365 -0.560000 -0.490000 1.190000
1.162912 1.631905 9.346365 -0.560000 -0.490000 1.190000
1.182054 1.397408 9.044869 -0.210000 -0.350000 0.350000
1.182054 1.397408 9.044869 -0.210000 -0.350000 0.350000
1.191626 1.433301 9.162118 1.120000 1.330000 -0.490000
1.177269 1.562513 9.207582 -0.770000 1.260000 -0.910000
1.220340 1.605584 9.355937 2.100000 2.590000 -0.700000
1.220340 1.605584 9.355937 2.100000 2.590000 -0.700000
1.160519 1.598405 9.473185 -0.140000 0.490000 -0.280000
1.134198 1.619941 9.308081 -1.960000 -0.210000 0.630000
1.134198 1.619941 9.308081 -1.960000 -0.210000 0.630000
1.170090 1.502693 9.406186 -0.350000 0.280000 0.280000
1.177269 1.591227 9.274581 1.330000 0.700000 0.210000
1.170090 1.543371 9.267403 0.350000 0.070000 0.840000
1.131805 1.579263 9.265009 1.260000 0.420000 0.840000
1.213161 1.392623 9.154939 -1.260000 0.280000 -0.140000
1.201197 1.476372 9.119047 -1.260000 0.560000 -1.330000
