0.346959 -9.767502 2.000400 -6.090000 3.220000 2.800000
0.277567 -9.810574 1.880759 -6.650000 3.290000 2.800000
0.277567 -9.810574 1.880759 -6.650000 3.290000 2.800000
0.248854 -9.848858 1.976472 -5.740000 4.830000 1.750000
0.289532 -9.743573 1.883151 -4.270000 5.180000 1.750000
0.289532 -9.743573 1.883151 -4.270000 5.180000 1.750000
0.380459 -9.781858 1.986043 -5.950000 4.620000 2.100000
0.291924 -9.757930 1.940579 -5.110000 4.900000 1.750000
0.306281 -9.664611 1.998007 -5.810000 4.130000 2.170000
0.370888 -9.664611 1.974079 -6.860000 4.620000 2.520000
0.370888 -9.664611 1.974079 -6.860000 4.620000 2.520000
0.258425 -9.588040 2.065006 -4.130000 5.530000 3.360000
0.258425 -9.588040 2.065006 -4.130000 5.530000 3.360000
0.258425 -9.588040 2.065006 -4.130000 5.530000 3.360000
0.258425 -9.588040 2.065006 -4.130000 5.530000 3.360000
0.270389 -9.820145 2.033899 -6.090000 4.340000 3.150000
0.270389 -9.820145 2.033899 -6.090000 4.340000 3.150000
0.284746 -9.781858 2.065006 -4.410000 5.600000 2.310000
0.332602 -9.722038 2.062613 -6.370000 3.360000 2.870000
0.332602 -9.722038 2.062613 -6.370000 3.360000 2.870000
0.299103 -9.705289 1.986043 -5.740000 4.340000 2.030000
0.315853 -9.698111 2.021935 -6.020000 3.360000 3.360000
0.339781 -9.736395 2.021935 -5.390000 4.130000 3.080000
0.289532 -9.681360 2.053042 -5.390000 4.550000 2.870000
0.277567 -9.626326 2.007578 -6.440000 3.780000 3.010000
0.277567 -9.626326 2.007578 -6.440000 3.780000 3.010000
0.351745 -9.724431 1.959722 -6.020000 3.360000 3.780000
0.387637 -9.724431 1.950150 -5.390000 4.550000 3.990000
0.299103 -9.839286 2.000400 -5.110000 4.620000 3.570000
0.287139 -9.748360 2.033899 -5.390000 4.760000 2.940000
0.294317 -9.676575 2.048256 -5.810000 4.060000 3.570000
0.294317 -9.676575 2.048256 -5.810000 4.060000 3.570000
0.272782 -9.796216 1.945365 -5.950000 4.480000 3.290000
0.246461 -9.683753 2.024328 -5.040000 6.300000 2.380000
0.313460 -9.791430 2.012364 -7.140000 3.850000 2.170000
0.349352 -9.611969 1.993221 -6.020000 4.550000 1.960000
0.282353 -9.631111 1.931008 -6.650000 5.180000 1.890000
0.327817 -9.686146 1.995614 -4.340000 5.320000 3.360000
0.368495 -9.738789 2.100898 -6.090000 5.320000 3.780000
0.330210 -9.827322 2.053042 -5.810000 5.460000 3.220000
0.263210 -9.722038 1.885544 -6.580000 3.920000 3.430000
0.299103 -9.717253 1.990828 -5.950000 4.900000 3.570000
0.299103 -9.717253 1.990828 -5.950000 4.900000 3.570000
0.189033 -9.650253 1.993221 -5.040000 5.460000 2.940000
0.277567 -9.705289 2.065006 -5.390000 5.040000 3.150000
0.277567 -9.705289 2.065006 -5.390000 5.040000 3.150000
0.277567 -9.705289 2.065006 -5.390000 5.040000 3.150000
0.277567 -9.705289 2.065006 -5.390000 5.040000 3.150000
0.277567 -9.705289 2.065006 -5.390000 5.040000 3.150000
0.277567 -9.705289 2.065006 -5.390000 5.040000 3.150000
0.277567 -9.705289 2.065006 -5.390000 5.040000 3.150000
0.277567 -9.705289 2.065006 -5.390000 5.040000 3.150000
0.277567 -9.705289 2.065006 -5.390000 5.040000 3.150000
0.248854 -9.765109 2.036292 -5.810000 3.220000 3.220000
0.248854 -9.765109 2.036292 -5.810000 3.220000 3.220000
0.246461 -9.662218 1.969293 -4.130000 5.110000 2.380000
0.248854 -9.647861 1.947758 -7.210000 4.620000 3.080000
0.248854 -9.647861 1.947758 -7.210000 4.620000 3.080000
0.232104 -9.741181 2.041078 -5.250000 4.690000 2.380000
0.232104 -9.741181 2.041078 -5.250000 4.690000 2.380000
0.244068 -9.738789 2.026721 -7.420000 3.990000 2.310000
0.265603 -9.736395 2.000400 -4.060000 5.110000 2.030000
0.172283 -9.626326 2.098505 -3.780000 5.180000 2.170000
