1.167697 -9.832108 -0.136391 -0.490000 0.490000 0.280000
1.158126 -9.906286 -0.203390 0.910000 0.210000 0.280000
1.213161 -9.851252 -0.189033 -0.630000 0.490000 0.350000
1.189233 -9.899107 -0.160319 -0.700000 0.140000 0.210000
1.165305 -9.908678 -0.200997 -0.210000 0.140000 0.210000
1.186840 -9.846465 -0.212961 1.680000 0.560000 -0.070000
1.234696 -9.927821 -0.181855 2.450000 0.840000 -0.280000
1.234696 -9.927821 -0.181855 2.450000 0.840000 -0.280000
1.167697 -9.846465 -0.222532 1.750000 1.120000 -0.490000
1.241875 -9.913465 -0.169890 5.460000 1.260000 -1.120000
1.272982 -9.841680 -0.078963 4.410000 2.030000 -1.120000
1.198804 -9.743573 0.033500 -3.150000 1.050000 0.140000
1.220340 -9.803394 -0.069392 -6.090000 0.770000 1.050000
1.220340 -9.803394 -0.069392 -6.090000 0.770000 1.050000
1.184447 -9.887143 -0.095713 -1.190000 -0.070000 0.980000
1.184447 -9.887143 -0.095713 -1.190000 -0.070000 0.980000
1.205983 -9.769895 -0.193819 -4.060000 -0.840000 1.680000
1.205983 -9.769895 -0.193819 -4.060000 -0.840000 1.680000
1.177269 -9.946963 -0.196211 -3.010000 -0.840000 1.750000
1.177269 -9.946963 -0.196211 -3.010000 -0.840000 1.750000
1.162912 -9.894321 -0.313460 -1.680000 -0.280000 1.330000
1.189233 -9.994821 -0.205783 -0.910000 -0.070000 0.630000
1.091127 -9.970891 -0.284746 -1.610000 0.350000 0.630000
1.091127 -9.970891 -0.284746 -1.610000 0.350000 0.630000
1.205983 -10.023535 -0.227318 0.700000 -0.210000 0.070000
1.208375 -10.028319 -0.236889 0.840000 0.280000 0.070000
1.122234 -9.966106 -0.232104 -1.050000 0.700000 -0.280000
1.158126 -9.934999 -0.303888 0.210000 -0.490000 -0.910000
1.103091 -9.820145 -0.299103 -0.490000 0.630000 -0.560000
1.100698 -9.765109 -0.253639 1.260000 0.140000 -0.280000
1.189233 -9.844072 -0.301496 0.420000 0.350000 0.140000
1.189233 -9.844072 -0.301496 0.420000 0.350000 0.140000
1.189233 -9.844072 -0.301496 0.420000 0.350000 0.140000
1.172483 -9.810574 -0.234497 1.400000 0.490000 0.350000
1.172483 -9.810574 -0.234497 1.400000 0.490000 0.350000
1.186840 -9.963714 -0.196211 -1.680000 0.910000 0.490000
1.186840 -9.963714 -0.196211 -1.680000 0.910000 0.490000
1.186840 -9.963714 -0.196211 -1.680000 0.910000 0.490000
