0.143569 -9.736395 2.096112 -6.020000 4.200000 2.310000
0.155533 -9.824929 2.045863 -5.390000 3.570000 2.240000
0.095713 -9.710074 2.005185 -6.020000 4.130000 1.680000
0.086142 -9.669396 2.009971 -5.880000 4.900000 0.630000
0.086142 -9.669396 2.009971 -5.880000 4.900000 0.630000
0.086142 -9.669396 2.009971 -5.880000 4.900000 0.630000
0.086142 -9.669396 2.009971 -5.880000 4.900000 0.630000
0.086142 -9.669396 2.009971 -5.880000 4.900000 0.630000
0.086142 -9.669396 2.009971 -5.880000 4.900000 0.630000
0.086142 -9.669396 2.009971 -5.880000 4.900000 0.630000
0.086142 -9.669396 2.009971 -5.880000 4.900000 0.630000
0.086142 -9.669396 2.009971 -5.880000 4.900000 0.630000
0.086142 -9.669396 2.009971 -5.880000 4.900000 0.630000
0.184247 -9.645468 1.995614 -7.140000 3.710000 1.820000
0.043071 -9.659825 1.974079 -4.620000 5.390000 2.310000
0.081356 -9.956534 2.081756 -6.790000 4.550000 3.710000
0.090927 -9.848858 2.115255 -5.110000 4.760000 2.870000
0.095713 -9.896714 2.136791 -5.880000 4.130000 2.380000
0.098106 -9.791430 2.084148 -5.600000 3.360000 2.450000
0.093320 -9.765109 2.088934 -5.810000 4.130000 2.450000
0.093320 -9.765109 2.088934 -5.810000 4.130000 2.450000
0.062213 -9.803394 2.098505 -6.090000 4.130000 1.820000
0.047856 -9.597611 1.938186 -5.390000 2.870000 3.220000
0.023928 -9.647861 1.919044 -6.020000 3.360000 3.360000
0.157926 -9.702895 1.995614 -4.130000 4.830000 2.940000
0.148355 -9.671788 2.041078 -6.020000 4.690000 2.800000
0.148355 -9.671788 2.041078 -6.020000 4.690000 2.800000
0.141177 -9.753145 2.098505 -7.070000 5.040000 2.450000
0.033500 -9.755538 2.105684 -4.620000 6.650000 1.750000
0.100499 -9.822537 2.213361 -5.110000 3.570000 3.360000
0.114855 -9.796216 2.122434 -4.480000 3.500000 2.730000
0.114855 -9.796216 2.122434 -4.480000 3.500000 2.730000
0.040678 -9.722038 2.084148 -3.710000 3.430000 3.080000
0.129212 -9.827322 2.033899 -6.090000 2.940000 2.730000
0.138784 -9.793823 2.041078 -4.480000 3.920000 1.190000
0.138784 -9.705289 1.995614 -5.740000 4.270000 2.100000
0.119641 -9.568897 2.045863 -6.790000 3.850000 2.520000
0.119641 -9.568897 2.045863 -6.790000 3.850000 2.520000
0.145962 -9.580862 2.005185 -4.130000 4.690000 3.080000
0.074178 -9.635897 1.969293 -5.810000 4.970000 4.410000
0.038285 -9.812965 2.014757 -5.460000 5.670000 2.730000
0.141177 -9.793823 2.160719 -6.860000 4.970000 4.130000
0.110070 -10.052249 2.124826 -6.790000 5.670000 3.080000
0.107677 -9.774680 2.122434 -5.250000 4.410000 1.470000
0.107677 -9.774680 2.122434 -5.250000 4.410000 1.470000
0.081356 -9.698111 2.105684 -5.180000 3.990000 1.540000
0.081356 -9.698111 2.105684 -5.180000 3.990000 1.540000
0.169890 -9.556933 2.091327 -5.740000 4.270000 1.890000
0.148355 -9.674182 2.009971 -6.790000 4.480000 2.310000
0.148355 -9.674182 2.009971 -6.790000 4.480000 2.310000
0.174676 -9.729217 2.108077 -6.650000 3.570000 1.960000
0.208176 -9.791430 2.000400 -5.600000 3.850000 2.030000
0.098106 -9.640682 2.043471 -6.020000 3.850000 2.450000
0.162712 -9.724431 1.902294 -6.720000 3.570000 2.170000
0.179462 -9.607183 1.899901 -6.160000 4.060000 2.800000
0.162712 -9.645468 1.990828 -5.530000 6.160000 3.010000
0.095713 -9.566505 2.132005 -5.180000 5.950000 3.220000
0.095713 -9.566505 2.132005 -5.180000 5.950000 3.220000
0.095713 -9.588040 2.153540 -6.440000 5.110000 3.430000
0.093320 -9.805787 2.136791 -6.020000 4.130000 4.270000
0.076570 -9.937392 2.069792 -6.160000 4.480000 3.990000
0.114855 -9.757930 2.069792 -4.970000 4.340000 2.800000
