0.957129 1.998007 9.348758 0.980000 1.470000 0.420000
0.978664 1.890330 9.305687 -0.280000 0.770000 0.700000
0.978664 1.890330 9.305687 -0.280000 0.770000 0.700000
0.887737 1.799403 9.281759 -0.210000 0.560000 0.350000
0.887737 1.799403 9.281759 -0.210000 0.560000 0.350000
0.957129 1.818545 9.291330 0.420000 0.770000 -0.140000
0.957129 1.818545 9.291330 0.420000 0.770000 -0.140000
0.923629 1.849652 9.341579 -0.070000 0.910000 0.210000
0.899701 1.842474 9.298509 -0.350000 0.840000 0.770000
0.899701 1.842474 9.298509 -0.350000 0.840000 0.770000
0.959522 1.799403 9.332008 -0.560000 0.560000 -0.350000
0.959522 1.799403 9.332008 -0.560000 0.560000 -0.350000
0.870987 1.835295 9.288938 0.630000 1.470000 -0.980000
0.894916 1.969293 9.324830 1.050000 1.330000 -0.280000
0.894916 1.969293 9.324830 1.050000 1.330000 -0.280000
0.945165 1.931008 9.327222 0.070000 1.470000 0.630000
0.945165 1.931008 9.327222 0.070000 1.470000 0.630000
0.863809 1.907080 9.379865 -0.630000 0.560000 0.840000
0.868595 1.852045 9.296116 0.490000 0.770000 0.560000
0.868595 1.852045 9.296116 0.490000 0.770000 0.560000
0.868595 1.852045 9.296116 0.490000 0.770000 0.560000
0.868595 1.852045 9.296116 0.490000 0.770000 0.560000
0.890130 1.923829 9.353544 -0.280000 0.770000 0.350000
0.890130 1.923829 9.353544 -0.280000 0.770000 0.350000
0.890130 1.923829 9.353544 -0.280000 0.770000 0.350000
0.890130 1.923829 9.353544 -0.280000 0.770000 0.350000
0.890130 1.859223 9.281759 0.490000 0.700000 0.700000
0.890130 1.875973 9.420543 1.750000 0.910000 -0.140000
0.892523 1.859223 9.336794 -0.350000 -0.140000 0.420000
0.971486 1.890330 9.276974 0.070000 0.350000 -0.350000
0.971486 1.890330 9.276974 0.070000 0.350000 -0.350000
0.971486 1.890330 9.276974 0.070000 0.350000 -0.350000
0.916451 1.835295 9.279366 -0.070000 0.280000 0.070000
0.914058 1.947758 9.310472 0.840000 0.980000 -0.770000
0.930808 1.864009 9.379865 -1.120000 0.840000 0.630000
0.930808 1.864009 9.379865 -1.120000 0.840000 0.630000
0.930808 1.864009 9.379865 -1.120000 0.840000 0.630000
0.827917 1.909473 9.379865 -0.350000 0.770000 0.560000
0.882952 1.928615 9.315259 0.420000 0.420000 0.210000
0.882952 1.928615 9.315259 0.420000 0.420000 0.210000
0.856631 1.919044 9.245867 -0.420000 0.490000 0.350000
0.856631 1.919044 9.245867 -0.420000 0.490000 0.350000
0.856631 1.919044 9.245867 -0.420000 0.490000 0.350000
0.930808 1.856830 9.279366 0.140000 0.770000 0.280000
0.930808 1.856830 9.279366 0.140000 0.770000 0.280000
0.930808 1.856830 9.279366 0.140000 0.770000 0.280000
0.930808 1.856830 9.279366 0.140000 0.770000 0.280000
0.930808 1.856830 9.279366 0.140000 0.770000 0.280000
0.914058 1.895115 9.351151 0.840000 1.470000 0.420000
0.928415 1.832902 9.281759 0.560000 0.770000 -0.280000
0.928415 1.832902 9.281759 0.560000 0.770000 -0.280000
0.878166 1.962115 9.305687 -0.350000 1.190000 0.280000
0.878166 1.962115 9.305687 -0.350000 1.190000 0.280000
0.878166 1.962115 9.305687 -0.350000 1.190000 0.280000
0.835095 1.849652 9.300901 -0.350000 0.910000 -0.700000
