2.246860 -9.779467 1.208375 -15.680000 -0.630000 1.470000
2.246860 -9.779467 1.208375 -15.680000 -0.630000 1.470000
1.847259 -10.219746 0.844666 -22.330000 1.750000 2.730000
1.859223 -10.083356 0.957129 -7.700000 1.470000 1.190000
1.909473 -9.406186 1.055235 -6.370000 3.640000 1.960000
1.945365 -10.506885 0.827917 -25.410000 7.350000 1.330000
1.957329 -10.674382 1.820938 -0.490000 6.860000 -0.770000
1.957329 -10.674382 1.820938 -0.490000 6.860000 -0.770000
1.986043 -10.198210 1.732404 -39.130001 3.010000 -3.640000
1.986043 -10.198210 1.732404 -39.130001 3.010000 -3.640000
1.976472 -9.985250 -0.935594 -39.900002 11.900000 2.940000
2.263610 -8.958728 -0.935594 -45.290001 17.570000 9.940000
2.356930 -9.638289 -2.189433 -37.450001 23.660000 9.170000
2.356930 -9.638289 -2.189433 -37.450001 23.660000 9.170000
2.194218 -9.451650 -0.825524 -30.520000 39.270000 17.500000
2.194218 -9.451650 -0.825524 -30.520000 39.270000 17.500000
1.631905 -9.626326 -0.875773 -2.100000 32.270000 14.210000
1.533799 -9.059227 -0.624527 -3.710000 25.549999 12.740000
1.524228 -9.839286 -0.538385 -3.780000 24.010000 11.690000
1.462015 -10.054641 -0.043071 11.760000 11.760000 6.230000
1.502693 -9.891929 -0.193819 9.590000 5.390000 3.850000
1.502693 -9.891929 -0.193819 9.590000 5.390000 3.850000
1.368695 -9.956534 -0.459422 2.100000 4.620000 2.520000
1.586441 -9.901501 -0.662812 4.970000 2.240000 -0.140000
1.694118 -9.341579 -0.277567 4.480000 1.890000 1.470000
1.435694 -10.085747 -0.579063 -0.280000 1.960000 2.310000
1.435694 -10.085747 -0.579063 -0.280000 1.960000 2.310000
1.579263 -9.911072 -0.459422 5.740000 -0.210000 1.400000
1.624727 -9.946963 -0.354138 7.420000 -1.260000 2.100000
1.483550 -9.815358 -0.471386 2.730000 1.260000 2.870000
1.473979 -9.963714 -0.480957 -0.840000 0.140000 2.590000
1.320838 -9.978070 -0.552742 3.500000 2.030000 2.100000
1.402194 -9.372685 -0.066999 3.080000 -0.210000 1.400000
1.569692 -9.784252 -0.339781 -1.470000 0.070000 2.380000
1.237089 -10.222138 -0.299103 0.980000 0.700000 2.310000
1.368695 -9.841680 -0.212961 6.510000 -1.190000 1.470000
1.442872 -9.119047 -0.203390 1.120000 -2.170000 1.050000
