2.883351 -8.695518 3.613162 2.590000 -0.980000 -1.400000
2.883351 -8.695518 3.613162 2.590000 -0.980000 -1.400000
2.742175 -9.032906 3.259024 4.130000 0.210000 -0.070000
2.742175 -9.032906 3.259024 4.130000 0.210000 -0.070000
2.892922 -8.561519 3.582055 1.750000 -0.770000 0.420000
2.890530 -8.910872 3.455236 -5.670000 -0.490000 -0.700000
2.883351 -8.989835 3.347559 3.080000 0.770000 -0.210000
2.689533 -9.159724 3.543770 -14.700000 0.420000 0.140000
2.718246 -9.839286 3.426522 -29.049999 0.840000 1.260000
2.718246 -9.839286 3.426522 -29.049999 0.840000 1.260000
3.270989 -8.571091 3.732803 -97.930000 2.940000 13.370000
2.943172 -7.762317 3.739982 -197.680008 -10.570000 36.330002
0.512064 -10.583455 -3.211168 -123.059998 -2.380000 31.780001
0.512064 -10.583455 -3.211168 -123.059998 -2.380000 31.780001
2.756532 -9.994821 -0.686740 34.650002 2.380000 -6.370000
2.756532 -9.994821 -0.686740 34.650002 2.380000 -6.370000
2.079363 -9.674182 0.466600 -4.900000 -5.740000 9.310000
1.825724 -10.719845 -0.526421 -6.160000 -0.420000 3.920000
2.021935 -10.485349 -0.098106 0.840000 -0.280000 2.170000
2.024328 -10.018748 0.624527 5.250000 -4.690000 2.030000
1.964507 -10.011569 -0.411566 -4.130000 -2.030000 0.350000
1.864009 -10.212566 -0.210568 5.950000 -2.030000 -1.190000
1.959722 -9.765109 0.464208 5.180000 -1.750000 -1.330000
1.959722 -9.765109 0.464208 5.180000 -1.750000 -1.330000
2.005185 -9.731609 -0.155533 -6.090000 -1.540000 -2.730000
1.947758 -9.643075 0.177069 8.120000 -0.560000 -2.380000
1.931008 -9.544970 0.124427 0.770000 -0.700000 -0.420000
1.978864 -9.463614 0.023928 -2.240000 -0.420000 -0.560000
1.978864 -9.463614 0.023928 -2.240000 -0.420000 -0.560000
2.189433 -9.451650 0.002393 0.350000 0.560000 0.140000
2.179861 -9.719646 0.095713 1.680000 -0.420000 0.210000
2.172683 -9.946963 -0.047856 -2.380000 -1.820000 -0.490000
2.110470 -9.832108 0.138784 1.260000 -1.120000 -1.540000
2.019542 -9.801002 -0.090927 -0.770000 -1.120000 -0.350000
2.074577 -9.698111 -0.112463 -0.490000 -0.210000 -1.330000
2.132005 -9.544970 0.260818 1.960000 -0.700000 -1.190000
2.132005 -9.544970 0.260818 1.960000 -0.700000 -1.190000
