3.431308 -7.946564 4.548756 -1.400000 -0.210000 -0.420000
3.431308 -7.946564 4.548756 -1.400000 -0.210000 -0.420000
3.538985 -8.037491 4.587041 -0.210000 0.490000 0.350000
3.538985 -8.037491 4.587041 -0.210000 0.490000 0.350000
3.538985 -8.037491 4.587041 -0.210000 0.490000 0.350000
3.431308 -8.231310 4.532006 1.400000 -0.630000 -0.420000
3.522235 -7.965706 4.455436 -0.420000 -0.420000 -0.070000
3.522235 -7.965706 4.455436 -0.420000 -0.420000 -0.070000
3.476771 -8.054241 4.493721 0.630000 0.350000 1.260000
3.421736 -8.001599 4.587041 1.470000 0.700000 0.770000
3.421736 -8.001599 4.587041 1.470000 0.700000 0.770000
3.500700 -8.152347 4.500899 0.910000 -0.910000 -0.560000
3.457629 -8.068598 4.603791 2.870000 0.350000 -0.490000
3.457629 -8.068598 4.603791 2.870000 0.350000 -0.490000
3.469593 -8.102098 4.517649 -0.840000 0.630000 -0.140000
3.469593 -8.102098 4.517649 -0.840000 0.630000 -0.140000
3.438486 -8.161918 4.668397 3.780000 -0.490000 -0.840000
3.491128 -8.054241 4.685147 2.660000 0.070000 -0.840000
3.488736 -8.039884 4.675575 0.420000 -1.190000 -1.050000
3.488736 -8.039884 4.675575 0.420000 -1.190000 -1.050000
3.488736 -8.039884 4.675575 0.420000 -1.190000 -1.050000
3.421736 -7.915457 4.599005 1.820000 1.610000 -0.910000
3.421736 -7.915457 4.599005 1.820000 1.610000 -0.910000
3.450450 -8.063812 4.543970 1.680000 0.420000 -0.560000
3.500700 -8.008778 4.675575 1.260000 1.400000 0.070000
3.433701 -8.025528 4.768896 1.050000 0.350000 0.070000
3.433701 -8.025528 4.768896 1.050000 0.350000 0.070000
3.527020 -8.039884 4.484150 -1.190000 -0.700000 -0.070000
3.527020 -8.039884 4.484150 -1.190000 -0.700000 -0.070000
3.383451 -7.948956 4.637290 1.610000 1.470000 0.140000
3.383451 -7.948956 4.637290 1.610000 1.470000 0.140000
3.400201 -8.020741 4.646862 -0.490000 1.050000 -0.560000
3.527020 -7.886744 4.599005 1.890000 0.910000 -0.630000
3.481557 -7.869993 4.670790 -0.070000 0.070000 -0.630000
3.481557 -7.869993 4.670790 -0.070000 0.070000 -0.630000
3.481557 -7.869993 4.670790 -0.070000 0.070000 -0.630000
3.481557 -7.869993 4.670790 -0.070000 0.070000 -0.630000
3.481557 -7.869993 4.670790 -0.070000 0.070000 -0.630000
3.481557 -7.869993 4.670790 -0.070000 0.070000 -0.630000
3.481557 -7.869993 4.670790 -0.070000 0.070000 -0.630000
3.481557 -7.869993 4.670790 -0.070000 0.070000 -0.630000
3.481557 -7.869993 4.670790 -0.070000 0.070000 -0.630000
3.481557 -7.869993 4.670790 -0.070000 0.070000 -0.630000
3.481557 -7.869993 4.670790 -0.070000 0.070000 -0.630000
3.481557 -7.869993 4.670790 -0.070000 0.070000 -0.630000
3.481557 -7.869993 4.670790 -0.070000 0.070000 -0.630000
3.359523 -8.087741 4.577469 -1.890000 -1.190000 -0.280000
3.359523 -8.087741 4.577469 -1.890000 -1.190000 -0.280000
3.438486 -8.011170 4.687540 3.010000 0.210000 -1.540000
3.438486 -8.011170 4.687540 3.010000 0.210000 -1.540000
3.395415 -7.731210 4.488935 0.630000 -0.910000 -1.050000
3.395415 -7.731210 4.488935 0.630000 -0.910000 -1.050000
3.395415 -7.731210 4.488935 0.630000 -0.910000 -1.050000
3.390630 -7.944171 4.627719 -0.070000 0.700000 1.330000
