2.038685 -9.384650 2.677568 2.380000 -0.630000 -0.420000
2.021935 -9.327222 2.687140 1.890000 -0.840000 -0.910000
2.053042 -9.418150 2.763710 -0.420000 -0.560000 -0.420000
2.053042 -9.418150 2.763710 -0.420000 -0.560000 -0.420000
2.261217 -9.008978 2.404787 14.700000 -0.840000 -3.640000
2.261217 -9.008978 2.404787 14.700000 -0.840000 -3.640000
2.368894 -8.539984 3.687340 3.500000 -8.540000 -1.890000
2.117648 -8.918050 3.354738 -7.560000 -11.410000 0.840000
2.179861 -9.253045 3.215954 -4.480000 -16.870001 0.770000
2.115255 -8.922836 3.610770 2.730000 -20.930000 1.540000
1.981257 -8.831908 3.543770 -13.580000 -21.629999 3.640000
1.981257 -8.831908 3.543770 -13.580000 -21.629999 3.640000
2.163112 -9.848858 1.878366 -1.260000 -18.200001 2.240000
2.411965 -8.941978 2.912065 -1.750000 -16.870001 1.120000
2.462214 -10.164711 1.667797 -27.090000 -18.270000 -0.140000
2.577070 -9.035298 2.060220 5.390000 -17.710001 -0.420000
2.577070 -9.035298 2.060220 5.390000 -17.710001 -0.420000
2.440679 -10.054641 1.825724 -14.700000 -21.490000 -0.070000
2.440679 -10.054641 1.825724 -14.700000 -21.490000 -0.070000
2.244468 -9.406186 1.904687 -7.700000 -22.820000 -0.700000
2.287539 -9.710074 1.684547 0.770000 -22.610001 -1.540000
2.443072 -9.645468 1.627119 5.320000 -22.750000 -1.750000
2.443072 -9.645468 1.627119 5.320000 -22.750000 -1.750000
2.378466 -9.382257 1.674976 9.100000 -22.330000 -1.260000
2.438286 -9.475577 1.373480 -0.210000 -18.760000 -0.070000
2.471786 -9.494720 1.550549 -0.210000 -18.620001 0.140000
2.450250 -9.391829 1.351945 3.080000 -17.710001 0.490000
2.440679 -9.501899 1.129412 0.210000 -11.970000 0.910000
2.490928 -9.461221 1.098306 -1.260000 -4.620000 1.330000
2.459821 -9.585647 0.995414 1.610000 0.980000 1.820000
2.459821 -9.585647 0.995414 1.610000 0.980000 1.820000
2.514857 -9.451650 1.280160 -1.470000 1.610000 1.820000
2.505285 -9.497113 1.299303 -2.240000 1.540000 1.610000
2.529213 -9.619147 1.306481 0.280000 0.630000 0.980000
2.512464 -9.592826 1.373480 -1.750000 1.680000 1.190000
2.440679 -9.659825 1.354338 -2.450000 1.470000 0.910000
