0.291924 -9.829715 2.189433 -6.510000 3.920000 1.750000
0.313460 -9.779467 2.067399 -7.350000 2.170000 1.330000
0.313460 -9.779467 2.067399 -7.350000 2.170000 1.330000
0.227318 -9.700503 2.033899 -6.230000 3.360000 1.400000
0.256032 -9.690931 1.983650 -5.530000 3.780000 1.330000
0.265603 -9.655040 1.983650 -7.000000 4.550000 1.050000
0.275175 -9.540184 1.988436 -5.110000 5.250000 2.030000
0.339781 -9.535398 2.086541 -5.110000 5.250000 2.660000
0.315853 -9.698111 2.026721 -7.490000 5.250000 2.590000
0.315853 -9.698111 2.026721 -7.490000 5.250000 2.590000
0.267996 -9.719646 2.057827 -5.110000 6.020000 3.360000
0.325424 -9.669396 2.160719 -5.530000 5.530000 3.710000
0.160319 -9.760324 2.158326 -6.020000 4.620000 2.660000
0.160319 -9.760324 2.158326 -6.020000 4.620000 2.660000
0.318245 -9.808180 1.993221 -6.790000 4.480000 2.590000
0.320638 -9.824929 2.120041 -5.040000 5.250000 2.170000
0.265603 -9.657433 2.143969 -4.480000 4.620000 1.540000
0.311067 -9.712467 2.112862 -5.880000 4.830000 1.960000
0.308674 -9.619147 2.072184 -5.390000 4.060000 2.800000
0.354138 -9.707682 2.139183 -7.140000 3.430000 2.520000
0.354138 -9.707682 2.139183 -7.140000 3.430000 2.520000
0.313460 -9.698111 2.074577 -4.760000 4.410000 2.170000
0.351745 -9.645468 2.105684 -6.720000 3.500000 3.640000
0.315853 -9.707682 1.988436 -4.340000 3.080000 2.800000
0.346959 -9.619147 1.998007 -6.440000 3.640000 3.920000
0.346959 -9.619147 1.998007 -6.440000 3.640000 3.920000
0.301496 -9.769895 2.000400 -6.370000 4.340000 3.710000
0.315853 -9.738789 2.050649 -4.480000 5.110000 2.940000
0.332602 -9.796216 2.096112 -6.790000 3.990000 3.850000
0.332602 -9.796216 2.096112 -6.790000 3.990000 3.850000
0.303888 -9.767502 2.136791 -6.160000 4.270000 2.660000
0.253639 -9.729217 2.005185 -5.600000 4.060000 3.430000
0.346959 -9.772287 1.978864 -5.810000 3.850000 3.430000
0.306281 -9.753145 2.038685 -5.460000 5.390000 2.870000
0.303888 -9.559326 2.103291 -4.270000 5.460000 3.290000
0.390030 -9.779467 2.112862 -5.250000 4.200000 3.360000
0.390030 -9.779467 2.112862 -5.250000 4.200000 3.360000
0.258425 -9.748360 2.005185 -5.390000 4.620000 3.360000
0.315853 -9.643075 2.065006 -5.670000 4.760000 3.500000
0.215354 -9.772287 2.184647 -5.530000 5.600000 3.570000
0.265603 -9.774680 2.225325 -6.020000 4.550000 3.360000
0.227318 -9.762716 2.139183 -5.950000 3.570000 2.730000
0.205783 -9.671788 2.060220 -6.440000 3.570000 2.870000
0.191426 -9.600004 2.079363 -4.830000 3.990000 3.150000
0.284746 -9.623933 2.194218 -4.900000 5.110000 2.870000
0.284746 -9.623933 2.194218 -4.900000 5.110000 2.870000
0.284746 -9.623933 2.194218 -4.900000 5.110000 2.870000
0.284746 -9.623933 2.194218 -4.900000 5.110000 2.870000
0.284746 -9.623933 2.194218 -4.900000 5.110000 2.870000
0.284746 -9.623933 2.194218 -4.900000 5.110000 2.870000
0.205783 -9.738789 2.067399 -5.110000 4.480000 3.430000
0.215354 -9.690931 2.120041 -6.650000 4.480000 3.710000
0.208176 -9.745967 2.081756 -6.300000 4.480000 4.060000
0.270389 -9.894321 2.155933 -4.970000 3.990000 3.290000
