3.072384 -8.733803 2.354537 -1.470000 6.160000 2.730000
3.081956 -8.590233 2.311467 -0.280000 5.530000 4.410000
2.557927 -7.149754 2.088934 -7.420000 7.070000 11.830000
2.129612 -6.539584 1.935793 -11.900000 8.750000 14.980000
2.129612 -6.539584 1.935793 -11.900000 8.750000 14.980000
2.287539 -6.283553 1.670190 -20.299999 8.400000 30.309999
1.213161 -5.776274 1.679761 0.700000 15.470000 49.770000
0.480957 -6.206983 1.442872 6.510000 16.730000 72.029999
0.480957 -6.206983 1.442872 6.510000 16.730000 72.029999
-0.354138 -7.166504 1.395016 -21.420000 21.350000 82.879997
-0.507278 -7.848458 1.629512 -14.070000 22.190001 92.050003
-0.806381 -8.544770 1.933401 -9.870000 25.059999 99.540001
-2.301895 -10.346564 2.048256 -16.030001 21.000000 107.309998
-2.577070 -10.150353 1.787439 -0.490000 21.070000 103.809998
-2.577070 -10.150353 1.787439 -0.490000 21.070000 103.809998
-4.319045 -11.224730 2.230111 1.260000 26.740000 101.430000
-4.185047 -10.849058 2.608176 8.820000 21.770000 99.400002
-4.658825 -9.427721 1.442872 -16.379999 24.290001 84.209999
-5.015356 -10.619347 2.105684 -27.090000 15.680000 94.080002
-6.096912 -7.865208 0.650848 -30.520000 24.290001 76.019997
-5.912664 -10.234102 1.409373 -51.590000 6.300000 97.019997
-5.903094 -8.997013 1.292124 -7.350000 5.810000 96.529999
-5.903094 -8.997013 1.292124 -7.350000 5.810000 96.529999
-6.984650 -8.001599 0.038285 -29.820000 13.440001 85.820000
-6.984650 -8.001599 0.038285 -29.820000 13.440001 85.820000
-6.984650 -8.001599 0.038285 -29.820000 13.440001 85.820000
-6.984650 -8.001599 0.038285 -29.820000 13.440001 85.820000
-7.092326 -9.042477 1.045663 9.450000 -1.050000 93.870003
-7.092326 -9.042477 1.045663 9.450000 -1.050000 93.870003
-7.092326 -9.042477 1.045663 9.450000 -1.050000 93.870003
-7.092326 -9.042477 1.045663 9.450000 -1.050000 93.870003
-7.781459 -8.085347 0.535992 -51.099998 -8.260000 56.980000
-8.027920 -8.319844 0.375673 -34.369999 -5.460000 50.189999
-8.070991 -7.216753 0.504886 -3.570000 -0.770000 36.259998
-8.245667 -7.178468 0.483350 9.660000 3.150000 28.840000
-8.415558 -6.563512 0.614955 14.420000 3.640000 23.520000
-8.331808 -5.730811 0.875773 -11.550000 0.630000 12.320000
-8.492127 -5.960521 0.339781 -22.540001 -2.030000 5.040000
-8.303094 -5.639884 0.351745 -14.000000 -3.780000 3.150000
-8.303094 -5.639884 0.351745 -14.000000 -3.780000 3.150000
-8.310273 -5.525027 0.215354 -3.570000 -3.640000 2.100000
