1.988436 -9.870394 0.887737 -0.070000 0.560000 0.700000
1.875973 -9.535398 0.780060 1.750000 0.350000 0.490000
1.907080 -9.650253 1.045663 -2.940000 1.260000 1.820000
1.907080 -9.650253 1.045663 -2.940000 1.260000 1.820000
1.871187 -9.784252 1.409373 4.410000 2.870000 3.710000
1.670190 -9.743573 1.497907 -19.600000 4.060000 10.360000
1.859223 -10.368099 -0.172283 -17.570000 3.920000 10.220000
2.067399 -9.501899 0.342174 10.920000 11.970000 9.660000
1.706082 -8.690732 0.856631 -21.770000 13.370000 14.700000
1.679761 -10.406385 -0.552742 -28.840000 14.700000 10.640000
1.679761 -10.406385 -0.552742 -28.840000 14.700000 10.640000
1.598405 -9.741181 -0.363709 -42.349998 20.790001 9.800000
1.550549 -9.937392 -0.512064 -36.330002 22.469999 11.060000
1.368695 -10.176675 -0.418744 -20.370001 27.160000 11.550000
1.368695 -10.176675 -0.418744 -20.370001 27.160000 11.550000
1.196411 -9.882358 -0.787239 -12.460000 34.439999 19.460001
1.196411 -9.882358 -0.787239 -12.460000 34.439999 19.460001
0.985843 -9.480364 -0.497707 21.420000 25.480000 15.680000
1.098306 -9.985250 0.138784 19.250000 18.690001 12.880000
0.832702 -9.832108 0.210568 14.980000 11.970000 6.440000
0.902094 -9.815358 0.284746 12.250000 8.330000 4.690000
0.837488 -9.860823 0.263210 10.010000 3.360000 2.800000
0.837488 -9.860823 0.263210 10.010000 3.360000 2.800000
0.662812 -9.743573 0.002393 8.330000 1.750000 -0.910000
0.799203 -10.107283 0.129212 5.530000 3.290000 1.610000
0.799203 -10.107283 0.129212 5.530000 3.290000 1.610000
0.799203 -10.107283 0.129212 5.530000 3.290000 1.610000
0.799203 -10.107283 0.129212 5.530000 3.290000 1.610000
0.892523 -9.999605 0.203390 3.220000 2.590000 0.140000
0.978664 -9.832108 0.516850 0.070000 1.120000 0.210000
0.947558 -9.635897 0.229711 -1.190000 -0.840000 -0.210000
0.882952 -9.827322 0.229711 0.700000 -0.490000 0.490000
0.988236 -9.891929 0.143569 0.140000 1.610000 2.520000
0.861416 -10.037891 0.133998 4.130000 2.450000 2.030000
