1.926222 -8.592626 4.185047 8.190000 -1.050000 -14.420000
1.741975 -9.178867 4.613362 82.180000 -1.400000 -34.299999
1.643869 -9.516255 5.056034 80.010002 -0.770000 -41.720001
1.983650 -8.776874 5.259424 60.970001 1.330000 -55.650002
1.983650 -8.776874 5.259424 60.970001 1.330000 -55.650002
2.359323 -8.338986 5.831308 70.769997 2.590000 -66.430000
3.309274 -7.539784 6.039484 84.489998 -1.120000 -76.440002
3.220739 -6.422336 6.625726 104.090004 6.020000 -80.360001
3.136991 -6.367301 6.776474 73.290001 4.480000 -81.340004
3.885944 -5.285746 6.685547 62.860001 -5.880000 -78.750000
3.885944 -4.898108 7.094719 74.970001 1.820000 -80.500000
3.885944 -4.898108 7.094719 74.970001 1.820000 -80.500000
4.216154 -4.340580 6.647261 59.360001 1.260000 -78.470001
4.261617 -3.096312 7.451250 89.250000 3.640000 -71.330002
4.261617 -3.096312 7.451250 89.250000 3.640000 -71.330002
4.955536 -1.122234 8.164310 61.040001 2.240000 -60.130001
5.070391 -0.945165 7.975278 52.500000 -0.770000 -55.930000
5.345565 -0.203390 8.161918 52.360001 1.470000 -52.009998
5.345565 -0.203390 8.161918 52.360001 1.470000 -52.009998
5.096712 0.339781 8.396415 23.450001 -6.510000 -43.680000
5.096712 0.339781 8.396415 23.450001 -6.510000 -43.680000
5.235496 1.074377 8.011170 6.930000 -11.760000 -33.740002
5.134997 1.335195 7.948956 -5.740000 -15.050000 -28.280001
5.048856 1.435694 7.676175 12.180000 -11.060000 -19.809999
5.048856 1.435694 7.676175 12.180000 -11.060000 -19.809999
5.053641 1.397408 7.769495 -5.950000 -7.000000 -16.030001
5.252246 1.335195 7.664211 -8.820000 -5.040000 -11.900000
5.194818 1.225125 7.721639 1.750000 0.420000 -6.860000
5.240282 1.141376 7.779066 -11.130000 0.700000 -4.340000
5.156533 1.136591 8.044669 -5.180000 1.960000 -0.770000
4.953143 0.870987 7.903493 4.340000 2.310000 0.070000
5.166104 0.760918 8.049455 -9.450000 2.730000 3.500000
5.130211 0.780060 8.001599 3.430000 3.290000 0.700000
4.960321 0.669990 8.011170 -9.380000 2.870000 2.520000
5.060820 0.272782 8.324631 -18.200001 0.490000 2.800000
5.039285 0.256032 7.881958 -17.010000 1.540000 1.750000
5.125426 0.339781 7.824530 2.170000 4.760000 0.350000
5.053641 0.933201 7.920243 3.990000 9.170000 1.820000
