2.821138 -13.177275 2.734996 -0.770000 -1.890000 -81.199997
2.821138 -13.177275 2.734996 -0.770000 -1.890000 -81.199997
2.816352 -13.215559 2.699104 -20.790001 -5.320000 -149.029999
3.048456 -13.251451 2.208575 -13.720000 -6.510000 -194.320007
3.239882 -12.222539 2.421536 7.490000 -6.790000 -237.790009
3.239882 -12.222539 2.421536 7.490000 -6.790000 -237.790009
4.792823 -7.518249 2.361716 25.969999 -15.890000 -273.559998
5.852845 -3.976871 2.050649 36.470001 -25.900000 -276.779999
5.852845 -3.976871 2.050649 36.470001 -25.900000 -276.779999
5.486742 -2.833102 1.761117 47.459999 -28.490000 -270.619995
5.453243 -0.337388 1.619941 35.910000 -35.980000 -260.329987
4.953143 1.521835 0.861416 35.490002 -37.660000 -238.839996
4.962714 2.591427 0.567099 47.810001 -35.980000 -227.009995
5.008178 5.950950 0.179462 34.020000 -27.440001 -197.539993
5.008178 5.950950 0.179462 34.020000 -27.440001 -197.539993
5.793024 7.759924 -0.612563 -13.860000 -16.870001 -133.279999
5.793024 7.759924 -0.612563 -13.860000 -16.870001 -133.279999
6.381658 8.879765 0.358923 -30.730000 -1.610000 -38.080002
6.381658 8.879765 0.358923 -30.730000 -1.610000 -38.080002
7.853244 6.415157 1.426122 -18.900000 -3.360000 22.889999
7.853244 6.415157 1.426122 -18.900000 -3.360000 22.889999
8.482556 4.455436 1.153341 2.030000 -3.570000 22.540001
8.666803 4.359723 1.265803 -12.110000 -4.760000 15.190001
8.611769 4.216154 1.167697 -17.920000 -3.920000 13.440001
