1.512264 -9.138189 3.483950 37.869999 1.610000 -19.950001
1.512264 -9.138189 3.483950 37.869999 1.610000 -19.950001
1.983650 -9.243474 3.574877 45.639999 1.330000 -25.969999
1.964507 -9.042477 4.398008 46.480000 3.150000 -30.380001
2.364109 -9.097511 5.012963 83.860001 -1.750000 -39.830002
2.364109 -9.097511 5.012963 83.860001 -1.750000 -39.830002
2.411965 -8.542377 5.266603 58.730000 -1.260000 -45.290001
2.533999 -8.623734 5.603990 58.099998 -5.530000 -45.360001
2.866602 -8.226524 5.862415 77.349998 -6.300000 -52.080002
3.306881 -7.307681 6.305088 53.619999 -12.390000 -54.250000
3.515057 -7.173682 6.130411 80.430000 -7.490000 -59.990002
3.744767 -6.173482 6.484549 100.800003 -1.890000 -65.870003
3.943372 -5.630312 6.752545 91.559998 -6.440000 -65.379997
3.943372 -5.630312 6.752545 91.559998 -6.440000 -65.379997
4.254438 -5.032106 6.946364 87.360001 -6.440000 -65.870003
4.465007 -4.158726 6.996613 66.010002 -7.840000 -65.099998
4.637290 -3.835695 6.795617 64.190002 -8.120000 -63.770000
4.419543 -3.445665 7.530212 70.910004 -4.760000 -64.120003
4.888536 -2.409572 7.791030 42.700001 -13.090000 -61.180000
4.986642 -2.280360 7.601997 49.770000 -13.370000 -56.770000
5.017749 -1.873580 7.994420 65.519997 -10.780000 -56.420002
5.300103 -1.316052 7.707282 58.310001 -15.120000 -51.799999
5.352744 -0.918844 8.047063 70.559998 -14.000000 -51.660000
5.541777 0.459422 7.692925 67.690002 -11.830000 -44.939999
5.541777 0.459422 7.692925 67.690002 -11.830000 -44.939999
5.501099 0.265603 7.348359 66.290001 -11.620000 -44.029999
5.541777 1.122234 7.216753 52.920002 -9.380000 -39.200001
5.527420 1.488336 7.223931 58.799999 -6.230000 -34.580002
5.481956 1.875973 7.281359 46.689999 -6.440000 -31.639999
5.654240 2.359323 7.188039 35.560001 -6.020000 -22.400000
5.716454 2.268396 7.034898 35.279999 -4.130000 -19.250000
5.730811 2.553142 6.970293 4.130000 -3.080000 -12.110000
5.539384 2.373680 7.298109 2.450000 -2.170000 -5.880000
5.589634 2.294717 7.164111 -2.870000 0.140000 -1.190000
5.446064 1.926222 7.491928 -4.690000 -0.770000 1.400000
5.446064 1.926222 7.491928 -4.690000 -0.770000 1.400000
5.625526 1.773082 7.597212 3.710000 -0.280000 -0.630000
5.651847 1.952543 7.322037 1.050000 -0.140000 -0.280000
5.551349 2.076970 7.300502 -13.860000 -0.770000 1.330000
5.618347 1.950150 7.290931 -6.580000 -0.350000 2.310000
5.680561 1.883151 7.635497 -2.100000 1.400000 2.380000
5.575277 1.792224 7.513463 -11.340000 0.490000 3.850000
