2.237289 -9.355937 0.997807 -2.380000 0.840000 0.210000
2.182254 -9.425328 1.304088 2.100000 -1.260000 0.560000
2.182254 -9.425328 1.304088 2.100000 -1.260000 0.560000
2.060220 -9.375079 1.026521 -4.270000 -0.350000 1.750000
2.280360 -9.858429 0.658026 -2.030000 1.890000 3.290000
2.191825 -9.576077 1.572084 1.190000 1.750000 1.610000
1.945365 -10.057034 0.983450 -31.780001 0.210000 1.890000
2.524428 -10.454242 0.526421 -25.549999 -0.280000 -5.880000
2.524428 -10.454242 0.526421 -25.549999 -0.280000 -5.880000
2.481357 -9.856036 1.170090 -22.750000 -0.770000 -5.810000
2.263610 -9.387043 0.129212 -50.540001 0.350000 -1.820000
2.510071 -10.133603 -0.691526 -37.730000 4.830000 -4.550000
2.510071 -10.133603 -0.691526 -37.730000 4.830000 -4.550000
2.400001 -9.174082 -0.806381 -53.830002 12.740000 3.290000
2.414358 -9.951750 -2.215754 -56.980000 21.490000 5.040000
2.560320 -9.430114 -2.103291 -35.560001 40.180000 11.620000
2.550749 -9.769895 -2.292324 -28.070000 48.439999 13.440001
2.589034 -9.549755 -2.282753 -6.370000 45.150002 15.330000
2.589034 -9.549755 -2.282753 -6.370000 45.150002 15.330000
2.134398 -9.198010 -1.603191 6.440000 38.849998 13.860000
1.885544 -9.877571 -1.320838 6.580000 30.799999 10.010000
1.983650 -9.836893 -0.993021 16.940001 25.830000 5.950000
2.079363 -9.375079 -0.184247 7.630000 9.800000 3.220000
1.701297 -9.750752 -0.413958 8.750000 3.990000 2.310000
1.947758 -9.379865 -0.512064 7.560000 -1.190000 -0.630000
1.947758 -9.379865 -0.512064 7.560000 -1.190000 -0.630000
1.919044 -10.004392 -1.062413 -1.890000 -0.070000 2.870000
1.919044 -10.004392 -1.062413 -1.890000 -0.070000 2.870000
1.919044 -10.004392 -1.062413 -1.890000 -0.070000 2.870000
2.251646 -9.798609 -0.732204 8.960000 -3.010000 0.420000
2.251646 -9.798609 -0.732204 8.960000 -3.010000 0.420000
2.251646 -9.798609 -0.732204 8.960000 -3.010000 0.420000
2.251646 -9.798609 -0.732204 8.960000 -3.010000 0.420000
2.400001 -9.095119 -0.775275 2.450000 -2.450000 1.960000
1.835295 -9.779467 -1.048056 2.240000 -0.910000 3.500000
2.024328 -9.686146 -0.937986 2.590000 0.280000 3.010000
2.024328 -9.686146 -0.937986 2.590000 0.280000 3.010000
2.163112 -9.662218 -0.765703 -0.700000 0.770000 2.870000
