2.021935 -9.822537 0.983450 -8.470000 -1.540000 -0.630000
2.033899 -9.609575 1.210768 4.480000 -0.770000 -0.630000
2.091327 -9.554541 1.021735 0.350000 0.770000 0.490000
2.136791 -9.578469 1.194018 0.140000 1.680000 1.890000
2.136791 -9.578469 1.194018 0.140000 1.680000 1.890000
2.134398 -9.595219 1.205983 2.520000 1.400000 1.190000
2.086541 -9.688539 1.229911 -1.260000 -0.560000 0.490000
2.091327 -9.516255 1.198804 -5.670000 -0.280000 1.890000
2.017149 -9.798609 1.050449 5.110000 0.210000 2.800000
2.017149 -9.798609 1.050449 5.110000 0.210000 2.800000
1.933401 -9.509077 1.318445 2.310000 -0.070000 2.380000
1.950150 -9.743573 1.261017 -0.210000 -0.700000 2.450000
1.976472 -9.638289 1.170090 1.680000 0.350000 2.170000
1.950150 -9.583255 1.182054 0.350000 0.630000 0.840000
1.899901 -9.607183 1.205983 2.170000 1.050000 0.980000
1.923829 -9.671788 1.256232 1.400000 0.840000 1.750000
1.897508 -9.719646 1.294517 2.380000 0.420000 2.170000
1.818545 -9.487542 1.272982 0.140000 -0.280000 1.260000
1.818545 -9.487542 1.272982 0.140000 -0.280000 1.260000
1.818545 -9.487542 1.272982 0.140000 -0.280000 1.260000
1.950150 -9.667004 1.265803 1.400000 -0.980000 -0.210000
1.954936 -9.762716 1.332802 0.350000 -0.770000 1.120000
1.954936 -9.762716 1.332802 0.350000 -0.770000 1.120000
1.823331 -9.693325 1.210768 0.840000 -0.350000 0.770000
1.921437 -9.750752 1.098306 2.030000 -0.140000 -0.210000
1.952543 -9.669396 1.313660 2.030000 0.210000 -0.280000
1.940579 -9.580862 1.136591 4.130000 0.140000 -0.140000
1.849652 -9.609575 1.354338 -0.700000 1.050000 0.420000
1.849652 -9.609575 1.354338 -0.700000 1.050000 0.420000
1.849652 -9.609575 1.354338 -0.700000 1.050000 0.420000
1.849652 -9.609575 1.354338 -0.700000 1.050000 0.420000
1.849652 -9.609575 1.354338 -0.700000 1.050000 0.420000
1.849652 -9.609575 1.354338 -0.700000 1.050000 0.420000
1.849652 -9.609575 1.354338 -0.700000 1.050000 0.420000
1.962115 -9.655040 1.337588 2.100000 1.050000 -0.700000
1.962115 -9.655040 1.337588 2.100000 1.050000 -0.700000
1.892723 -9.628718 1.395016 2.240000 -0.490000 -0.560000
1.883151 -9.690931 1.483550 0.700000 -1.190000 0.140000
1.830509 -9.669396 1.478764 0.490000 -1.050000 0.350000
1.849652 -9.621540 1.167697 3.570000 -0.770000 -0.700000
1.923829 -9.477970 1.344766 -0.700000 -1.260000 0.070000
1.938186 -9.621540 1.282553 1.190000 -0.490000 0.770000
1.813759 -9.619147 1.378266 0.980000 0.070000 0.280000
2.038685 -9.556933 1.373480 0.210000 -1.120000 -0.140000
2.007578 -9.592826 1.445265 0.420000 -1.050000 0.210000
1.859223 -9.659825 1.320838 -0.630000 -0.840000 0.700000
1.966900 -9.681360 1.287339 0.350000 -0.700000 0.490000
