1.476372 0.937986 9.131011 -9.380000 7.700000 5.110000
1.184447 0.581456 8.831908 -6.510000 11.060000 6.370000
1.127020 0.777667 8.937192 -3.920000 15.750000 4.060000
1.265803 0.729811 9.008978 -10.150000 14.770000 6.440000
1.265803 0.729811 9.008978 -10.150000 14.770000 6.440000
1.184447 0.698704 8.903693 -9.170000 16.030001 6.650000
1.174876 0.756132 9.214760 -2.100000 21.350000 6.090000
0.813560 0.471386 8.382057 -15.260000 17.080000 10.570000
0.813560 0.471386 8.382057 -15.260000 17.080000 10.570000
0.354138 0.543171 6.661618 -10.780000 24.990000 7.770000
0.019143 -0.081356 5.137390 -28.210001 36.610001 4.830000
-0.346959 -0.339781 4.512863 -33.040001 45.849998 4.550000
-1.576870 -0.519243 4.934000 -25.690001 93.940002 -2.520000
-2.041078 -0.368495 5.453243 -23.730000 105.000000 -1.610000
-2.567499 -0.256032 6.697510 -16.379999 120.889999 -3.430000
-2.567499 -0.256032 6.697510 -16.379999 120.889999 -3.430000
-4.017549 -0.272782 7.458428 -22.330000 140.000000 0.910000
-4.479364 -0.189033 8.437093 -20.650000 139.089996 2.450000
-5.907879 0.026321 9.884750 -12.600000 147.139999 4.550000
-7.302894 0.392423 11.172089 -6.230000 121.520004 4.200000
-7.798209 -0.150748 9.985250 -36.470001 109.480003 2.660000
-7.798209 -0.150748 9.985250 -36.470001 109.480003 2.660000
-7.580462 -0.464208 9.920642 -19.320000 93.449997 5.670000
-8.023134 -2.148755 7.161718 -51.029999 77.209999 9.800000
-8.023134 -2.148755 7.161718 -51.029999 77.209999 9.800000
-8.023134 -2.148755 7.161718 -51.029999 77.209999 9.800000
-8.044669 -0.301496 6.295516 -4.830000 93.800003 10.290000
-8.044669 -0.301496 6.295516 -4.830000 93.800003 10.290000
-8.044669 -0.301496 6.295516 -4.830000 93.800003 10.290000
-8.044669 -0.301496 6.295516 -4.830000 93.800003 10.290000
-8.044669 -0.301496 6.295516 -4.830000 93.800003 10.290000
-9.205189 -0.449851 6.230910 -9.590000 41.439999 6.230000
-8.712267 -1.028914 6.032306 -22.680000 28.490000 -3.290000
-8.712267 -1.028914 6.032306 -22.680000 28.490000 -3.290000
-9.198010 -1.103091 5.429315 -11.340000 24.639999 -9.240000
-8.082954 -0.636491 5.513064 -1.610000 8.400000 -12.880000
-8.688338 0.157926 5.458029 -15.820000 14.420000 1.890000
-8.688338 0.157926 5.458029 -15.820000 14.420000 1.890000
-9.035298 -0.466600 5.472386 -20.930000 16.100000 6.720000
-8.977871 -0.081356 5.565705 -13.160000 12.600000 5.880000
-8.968300 -0.184247 4.984250 -22.889999 3.850000 5.740000
-8.872586 -0.866202 4.735396 -16.240000 -2.170000 3.500000
