1.325624 -8.693125 2.187040 1.820000 4.130000 3.360000
0.641276 -6.790830 1.598405 -1.470000 8.260000 15.260000
0.641276 -6.790830 1.598405 -1.470000 8.260000 15.260000
0.576670 -6.314659 1.363909 -1.050000 9.870000 20.090000
0.150748 -5.659025 1.438086 10.220000 18.480000 37.939999
-0.272782 -5.216353 1.727618 13.440001 24.920000 53.970001
-0.964308 -6.448657 2.380858 0.210000 30.100000 78.330002
-2.388037 -7.235896 1.935793 -9.170000 30.870001 92.610001
-2.388037 -7.235896 1.935793 -9.170000 30.870001 92.610001
-2.778067 -7.683353 1.969293 -7.700000 29.820000 101.779999
-2.778067 -7.683353 1.969293 -7.700000 29.820000 101.779999
-5.154140 -8.394022 1.426122 -12.390000 29.820000 124.879997
-5.170890 -8.633304 2.086541 -3.920000 26.670000 130.830002
-5.965307 -9.346365 2.199004 1.120000 27.510000 123.830002
-7.721639 -8.374879 1.466800 -44.310001 20.719999 134.610001
-7.721639 -8.374879 1.466800 -44.310001 20.719999 134.610001
-7.623533 -9.008978 1.706082 -65.730003 7.840000 136.919998
-7.623533 -9.008978 1.706082 -65.730003 7.840000 136.919998
-7.623533 -9.008978 1.706082 -65.730003 7.840000 136.919998
-8.563912 -8.652447 0.392423 -55.160000 12.390000 131.180008
-8.563912 -8.652447 0.392423 -55.160000 12.390000 131.180008
-8.563912 -8.652447 0.392423 -55.160000 12.390000 131.180008
-9.468399 -8.303094 1.038485 -24.150000 9.450000 93.449997
-9.365508 -8.090133 1.265803 11.830000 7.000000 85.190002
-9.131011 -7.209574 1.076770 21.770000 7.840000 75.809998
-9.116654 -6.793223 1.342373 3.640000 2.660000 63.560001
-9.116654 -6.793223 1.342373 3.640000 2.660000 63.560001
-9.097511 -6.381658 1.050449 7.350000 -0.420000 51.730000
-9.080762 -5.149354 0.610170 -13.930000 -6.020000 35.840000
-8.982656 -5.199604 0.492921 9.030000 -1.050000 23.450001
-9.035298 -4.271189 0.725025 2.590000 -0.350000 19.389999
-9.099905 -4.352544 0.660419 -4.760000 -0.840000 12.810000
-9.099905 -4.352544 0.660419 -4.760000 -0.840000 12.810000
-9.111869 -3.818945 0.732204 -5.040000 1.680000 0.210000
-9.358330 -3.342773 0.677169 3.920000 4.620000 -6.720000
-9.358330 -3.342773 0.677169 3.920000 4.620000 -6.720000
-9.241080 -3.117848 0.782453 10.710000 1.680000 -3.570000
-9.241080 -3.117848 0.782453 10.710000 1.680000 -3.570000
-9.394222 -2.840281 0.693919 7.070000 0.840000 -3.640000
