-0.715454 -9.454042 2.830709 -0.140000 0.420000 -1.120000
-0.732204 -9.597611 2.737389 1.330000 -0.420000 -0.350000
-0.748954 -9.583255 2.708675 1.190000 0.840000 -0.770000
-0.660419 -9.422935 2.742175 0.910000 0.980000 -0.700000
-0.660419 -9.422935 2.742175 0.910000 0.980000 -0.700000
-0.655633 -9.296116 2.782853 -1.400000 0.840000 -0.070000
-0.658026 -9.456435 2.821138 0.770000 0.630000 0.210000
-0.732204 -9.509077 2.818745 1.120000 0.210000 1.750000
-0.756132 -9.434900 2.830709 1.540000 0.140000 1.260000
-0.756132 -9.434900 2.830709 1.540000 0.140000 1.260000
-0.689133 -9.272188 2.991028 -0.980000 0.210000 0.770000
-0.744168 -9.494720 2.811567 -0.630000 0.630000 0.980000
-0.727418 -9.566505 2.854637 0.560000 0.140000 0.280000
-0.727418 -9.566505 2.854637 0.560000 0.140000 0.280000
-0.799203 -9.614362 2.895315 0.350000 -0.210000 -0.140000
-0.717847 -9.494720 2.773281 0.770000 0.490000 -1.190000
-0.760918 -9.324830 2.873780 -0.700000 0.140000 0.140000
-0.669990 -9.588040 2.828316 0.210000 -0.210000 -0.210000
-0.669990 -9.588040 2.828316 0.210000 -0.210000 -0.210000
-0.734596 -9.365508 2.895315 -0.560000 0.630000 -0.630000
-0.725025 -9.351151 2.840281 -0.910000 0.630000 -0.070000
-0.653241 -9.367901 2.830709 1.050000 -0.350000 0.490000
-0.758525 -9.434900 2.878566 -1.470000 0.490000 0.700000
-0.758525 -9.434900 2.878566 -1.470000 0.490000 0.700000
-0.758525 -9.434900 2.878566 -1.470000 0.490000 0.700000
-0.665205 -9.559326 2.715853 -1.610000 0.140000 0.700000
-0.665205 -9.559326 2.715853 -1.610000 0.140000 0.700000
-0.684347 -9.516255 2.914458 -0.280000 0.630000 -0.140000
-0.758525 -9.542577 2.773281 0.280000 0.840000 0.070000
-0.801596 -9.375079 2.868994 2.240000 0.490000 -0.070000
-0.801596 -9.375079 2.868994 2.240000 0.490000 -0.070000
-0.669990 -9.475577 2.799603 -0.700000 0.490000 0.280000
-0.765703 -9.351151 2.888137 2.100000 1.260000 0.070000
-0.758525 -9.410972 3.000600 1.610000 -0.210000 1.050000
-0.691526 -9.420543 3.048456 1.610000 -0.210000 1.260000
-0.691526 -9.420543 3.048456 1.610000 -0.210000 1.260000
-0.703490 -9.528220 2.749353 0.140000 0.350000 0.560000
-0.717847 -9.413363 2.871387 -0.140000 -0.350000 0.980000
