1.402194 -9.578469 2.266003 -1.190000 -3.150000 1.050000
1.354338 -9.535398 2.220540 0.490000 -3.360000 0.770000
1.313660 -9.568897 2.163112 -0.980000 -2.660000 0.770000
1.313660 -9.568897 2.163112 -0.980000 -2.660000 0.770000
1.313660 -9.568897 2.163112 -0.980000 -2.660000 0.770000
1.296910 -9.552148 2.139183 1.260000 -1.610000 0.840000
1.284946 -9.564112 2.258825 2.940000 -1.890000 2.100000
1.258625 -9.578469 2.199004 0.420000 -2.100000 1.470000
1.258625 -9.578469 2.199004 0.420000 -2.100000 1.470000
1.272982 -9.432507 2.210968 2.170000 -1.470000 0.770000
1.272982 -9.432507 2.210968 2.170000 -1.470000 0.770000
1.418944 -9.659825 2.112862 -2.170000 -2.030000 1.400000
1.373480 -9.379865 2.232504 0.840000 -1.610000 1.190000
1.373480 -9.379865 2.232504 0.840000 -1.610000 1.190000
1.323231 -9.518648 2.129612 0.560000 -1.190000 2.030000
1.263410 -9.580862 2.189433 2.520000 -0.140000 2.660000
1.277767 -9.638289 2.330609 0.770000 0.280000 2.030000
1.251446 -9.664611 2.222932 -0.630000 0.630000 1.190000
1.296910 -9.662218 2.309074 -0.560000 0.420000 0.350000
1.296910 -9.662218 2.309074 -0.560000 0.420000 0.350000
1.296910 -9.662218 2.309074 -0.560000 0.420000 0.350000
1.210768 -9.556933 2.225325 2.870000 0.560000 0.630000
1.246661 -9.525827 2.225325 -0.070000 0.210000 1.330000
1.246661 -9.525827 2.225325 -0.070000 0.210000 1.330000
1.165305 -9.535398 2.349752 1.540000 0.350000 0.910000
1.215554 -9.640682 2.277967 -1.540000 -0.700000 -0.140000
1.083949 -9.568897 2.246860 -0.350000 -0.210000 0.840000
1.083949 -9.568897 2.246860 -0.350000 -0.210000 0.840000
1.083949 -9.568897 2.246860 -0.350000 -0.210000 0.840000
1.083949 -9.568897 2.246860 -0.350000 -0.210000 0.840000
1.083949 -9.568897 2.246860 -0.350000 -0.210000 0.840000
1.201197 -9.537791 2.261217 2.520000 -0.630000 0.700000
1.201197 -9.537791 2.261217 2.520000 -0.630000 0.700000
1.201197 -9.537791 2.261217 2.520000 -0.630000 0.700000
