1.694118 -10.021141 -0.038285 -5.110000 4.760000 2.170000
1.694118 -10.021141 -0.038285 -5.110000 4.760000 2.170000
1.691726 -9.858429 0.131605 -4.830000 4.550000 2.240000
1.761117 -10.040283 -0.045464 -2.590000 5.320000 1.890000
1.799403 -9.958927 -0.002393 17.920000 7.560000 1.820000
1.713261 -10.267602 0.172283 58.520000 14.490000 0.140000
1.713261 -10.267602 0.172283 58.520000 14.490000 0.140000
1.593620 -10.198210 0.339781 136.850006 22.889999 -1.820000
1.586441 -9.377472 1.672583 142.100006 26.250000 -7.000000
1.694118 -9.308081 2.395216 104.370003 27.370001 -5.880000
1.732404 -9.083155 3.160919 107.660004 26.250000 -6.930000
1.691726 -9.013763 4.307081 163.729996 26.180000 -7.630000
1.691726 -9.013763 4.307081 163.729996 26.180000 -7.630000
1.526621 -7.094719 5.601598 204.119995 24.990000 -8.820000
1.533799 -6.920043 5.982057 205.729996 25.690001 -11.270000
1.533799 -6.920043 5.982057 205.729996 25.690001 -11.270000
1.316052 -3.184847 8.042276 222.389999 31.920000 -17.360001
0.909273 -2.892922 8.137990 186.550003 17.570000 -18.969999
1.500300 -0.689133 8.394022 230.580002 43.750000 -12.180000
1.500300 -0.689133 8.394022 230.580002 43.750000 -12.180000
1.500300 -0.689133 8.394022 230.580002 43.750000 -12.180000
0.892523 0.715454 9.078369 213.220001 40.880001 -12.250000
0.892523 0.715454 9.078369 213.220001 40.880001 -12.250000
0.892523 0.715454 9.078369 213.220001 40.880001 -12.250000
0.892523 0.715454 9.078369 213.220001 40.880001 -12.250000
0.892523 0.715454 9.078369 213.220001 40.880001 -12.250000
-0.095713 4.560720 9.202796 25.549999 21.490000 -0.280000
-0.196211 4.922036 9.238688 7.700000 16.940001 2.800000
-0.270389 4.922036 8.994620 -6.160000 13.790000 3.290000
-0.325424 4.285545 8.980263 -12.950000 8.610000 3.150000
-0.325424 4.285545 8.980263 -12.950000 8.610000 3.150000
-0.184247 4.409972 8.946764 -3.640000 7.770000 3.710000
-0.143569 4.563113 8.843873 -12.320000 4.060000 4.830000
-0.203390 3.730411 8.501699 -9.450000 2.520000 4.410000
-0.160319 4.170690 8.690732 -8.960000 2.450000 3.640000
-0.177069 4.067799 8.441878 -12.810000 1.680000 3.850000
-0.119641 3.699304 8.377272 -14.210000 1.260000 1.260000
0.002393 3.735196 8.516055 -4.130000 3.010000 0.140000
-0.064606 4.141976 8.729016 -2.380000 4.970000 1.260000
