1.840081 -9.858429 0.890130 -4.060000 4.690000 0.630000
1.828116 -9.664611 0.856631 5.250000 6.020000 -0.770000
1.828116 -9.664611 0.856631 5.250000 6.020000 -0.770000
1.789831 -9.461221 0.835095 1.610000 7.210000 1.750000
1.933401 -9.662218 0.899701 4.340000 7.210000 2.730000
1.849652 -9.367901 1.308874 19.530001 10.080000 3.360000
1.849652 -9.367901 1.308874 19.530001 10.080000 3.360000
1.847259 -9.621540 1.426122 14.560000 10.080000 3.570000
1.902294 -10.124033 1.395016 35.910000 10.080000 2.660000
1.820938 -9.707682 1.866402 82.180000 14.840000 -0.420000
1.765903 -9.303294 2.904887 100.029999 18.480000 -1.330000
1.806581 -10.537991 3.036492 121.730003 20.230000 -2.100000
1.928615 -9.674182 2.976671 265.019989 23.030001 -7.140000
1.698904 -5.795416 5.960521 299.950012 29.750000 -12.530000
1.698904 -5.795416 5.960521 299.950012 29.750000 -12.530000
1.124627 -5.422136 7.980063 157.500000 17.150000 -18.900000
1.440479 -5.833702 7.403394 132.020004 9.590000 -20.510000
1.473979 -3.235096 8.767302 139.789993 21.980000 -21.840000
1.775474 -3.428915 8.243275 114.029999 7.560000 -19.600000
2.000400 -1.107877 9.231510 148.960007 25.969999 -8.610000
2.000400 -1.107877 9.231510 148.960007 25.969999 -8.610000
1.332802 -1.105484 9.035298 116.830002 14.630000 -7.420000
1.481157 -0.916451 8.623734 135.940002 16.870001 -6.510000
1.481157 -0.916451 8.623734 135.940002 16.870001 -6.510000
1.651048 1.265803 9.047262 168.070007 34.020000 -2.730000
1.651048 1.265803 9.047262 168.070007 34.020000 -2.730000
1.651048 1.265803 9.047262 168.070007 34.020000 -2.730000
1.651048 1.265803 9.047262 168.070007 34.020000 -2.730000
1.651048 1.265803 9.047262 168.070007 34.020000 -2.730000
1.651048 1.265803 9.047262 168.070007 34.020000 -2.730000
1.651048 1.265803 9.047262 168.070007 34.020000 -2.730000
0.519243 4.067799 9.209974 2.590000 10.570000 0.280000
0.519243 4.067799 9.209974 2.590000 10.570000 0.280000
0.421137 3.749553 9.157332 -21.629999 5.810000 5.110000
0.421137 3.749553 9.157332 -21.629999 5.810000 5.110000
0.480957 3.775874 9.004191 -3.990000 7.140000 5.740000
0.442672 3.806981 9.001799 -9.800000 7.000000 6.790000
0.445065 3.239882 8.774480 -14.700000 3.290000 5.250000
0.547956 3.120241 8.841480 -8.120000 3.500000 4.200000
0.547956 3.120241 8.841480 -8.120000 3.500000 4.200000
0.466600 3.215954 8.872586 -8.680000 5.040000 3.570000
