5.053641 -7.879565 2.914458 -3.570000 4.830000 2.030000
5.039285 -7.637890 3.048456 -4.760000 6.160000 2.800000
5.048856 -7.826923 3.029313 -6.930000 2.800000 3.360000
5.048856 -7.826923 3.029313 -6.930000 2.800000 3.360000
5.118248 -7.819745 2.931208 -5.950000 3.290000 4.200000
5.063213 -7.903493 2.983850 -6.580000 3.570000 3.990000
5.063213 -7.903493 2.983850 -6.580000 3.570000 3.990000
5.127820 -7.841280 2.938386 -7.140000 3.500000 3.430000
5.012963 -7.527820 3.007778 -22.190001 -0.070000 4.970000
5.053641 -6.943972 3.031706 -74.410004 2.800000 9.170000
4.945964 -8.659625 1.837688 -125.160004 -10.780000 10.570000
5.139783 -7.690532 1.495514 -104.370003 -3.290000 11.340000
5.005785 -7.597212 1.507478 -137.970001 -2.310000 8.610000
4.955536 -8.166703 0.133998 -211.750000 -12.950000 11.060000
4.955536 -8.166703 0.133998 -211.750000 -12.950000 11.060000
5.008178 -9.195618 -0.973879 -195.020004 -16.309999 9.170000
4.823930 -8.647661 -3.488736 -192.360001 -19.809999 0.840000
4.809574 -7.121039 -3.381058 -112.910004 -12.950000 -9.240000
4.809574 -7.121039 -3.381058 -112.910004 -12.950000 -9.240000
4.934000 -6.843473 -5.144568 -160.649994 -20.510000 -4.620000
5.020142 -7.652246 -6.125626 -148.539993 -19.110001 -4.060000
4.804788 -5.776274 -5.355137 -82.250000 -12.740000 -11.200000
4.804788 -5.776274 -5.355137 -82.250000 -12.740000 -11.200000
4.479364 -4.254438 -7.336394 -156.520004 -21.490000 -15.190001
4.766503 -4.132405 -8.264810 -115.430000 -23.660000 -18.830000
4.766503 -4.132405 -8.264810 -115.430000 -23.660000 -18.830000
4.766503 -4.132405 -8.264810 -115.430000 -23.660000 -18.830000
4.359723 -3.072384 -7.731210 -76.440002 -24.290001 -17.639999
4.187439 -2.696711 -8.752945 -59.849998 -22.469999 -14.000000
4.266403 -1.899901 -9.446864 -8.330000 -9.030000 -2.590000
4.335794 -1.722832 -9.355937 -6.370000 -5.180000 0.140000
4.467400 -2.120041 -8.896514 -11.060000 -1.960000 1.470000
4.371687 -1.919044 -8.937192 -1.820000 -1.680000 0.420000
4.237689 -2.002793 -8.946764 -6.860000 0.490000 2.520000
4.223332 -2.218147 -8.970692 -5.530000 1.330000 3.360000
4.185047 -2.153540 -8.824730 -5.530000 3.220000 1.400000
4.158726 -2.055435 -8.819944 -6.230000 4.060000 2.590000
4.158726 -2.055435 -8.819944 -6.230000 4.060000 2.590000
4.141976 -2.084148 -8.779266 -2.940000 4.970000 2.940000
4.118048 -2.148755 -8.599805 -1.890000 4.200000 2.100000
