2.943172 -8.803195 3.455236 1.120000 0.210000 -0.210000
2.988636 -8.482556 3.909872 2.730000 -0.980000 -0.630000
2.981457 -8.702696 3.493521 6.720000 0.700000 0.210000
2.981457 -8.702696 3.493521 6.720000 0.700000 0.210000
3.026921 -8.391629 3.680161 10.780000 -0.910000 0.560000
2.974278 -8.712267 3.407379 -2.100000 -0.980000 0.630000
3.024528 -8.769694 3.670590 -1.540000 0.350000 0.840000
3.012564 -8.738588 3.622734 4.060000 -0.910000 0.630000
3.110669 -8.939585 3.644269 14.770000 -0.140000 -0.280000
2.981457 -8.796017 3.608376 -6.370000 1.610000 -0.840000
3.050849 -9.075976 3.656233 -4.970000 0.840000 0.980000
2.859423 -8.901299 3.859623 -2.940000 2.660000 2.240000
2.988636 -8.666803 3.538985 -64.680000 1.820000 7.980000
2.553142 -7.970492 3.192025 -98.980003 -3.080000 24.570000
2.806781 -9.394222 1.679761 -113.680000 -9.380000 11.340000
2.806781 -9.394222 1.679761 -113.680000 -9.380000 11.340000
2.823531 -8.145168 1.672583 -99.889999 -11.620000 25.690001
2.323431 -7.585248 1.292124 -124.949997 -14.560000 36.959999
2.287539 -10.272388 -1.670190 -18.480000 -3.990000 11.340000
2.282753 -9.985250 0.251246 11.480000 -1.820000 8.890000
2.019542 -10.554741 -0.210568 -1.330000 -4.550000 4.270000
2.019542 -10.554741 -0.210568 -1.330000 -4.550000 4.270000
2.067399 -10.401600 0.014357 4.200000 -3.710000 0.420000
2.088934 -9.913465 -0.248854 -3.290000 -3.010000 -1.260000
2.033899 -10.214959 -0.665205 -0.560000 -0.630000 -1.050000
2.060220 -9.734003 -0.282353 5.320000 -0.560000 -3.430000
1.837688 -9.444471 0.102891 0.140000 -0.420000 -2.660000
1.837688 -9.444471 0.102891 0.140000 -0.420000 -2.660000
1.837688 -9.444471 0.102891 0.140000 -0.420000 -2.660000
2.160719 -9.482756 -0.294317 2.940000 -0.070000 -0.840000
2.160719 -9.482756 -0.294317 2.940000 -0.070000 -0.840000
2.294717 -9.556933 0.169890 0.630000 0.070000 -0.630000
2.165504 -9.743573 0.284746 5.880000 -1.050000 -0.210000
2.019542 -9.946963 0.038285 7.630000 0.980000 0.280000
2.019542 -9.946963 0.038285 7.630000 0.980000 0.280000
2.045863 -9.425328 0.210568 6.230000 -0.280000 -1.680000
2.172683 -9.609575 0.057428 5.810000 -0.140000 -0.280000
