2.081756 -8.824730 3.689733 12.040000 3.710000 -5.810000
1.926222 -9.317651 3.885944 18.830000 3.430000 -9.380000
1.974079 -9.154939 3.756732 33.180000 1.120000 -20.370001
2.167897 -9.882358 4.682754 72.309998 2.100000 -35.770000
2.167897 -9.882358 4.682754 72.309998 2.100000 -35.770000
2.139183 -9.219545 4.362115 79.309998 2.450000 -40.950001
2.361716 -9.142976 4.599005 84.699997 1.750000 -51.799999
2.603391 -8.930015 5.843273 130.690002 10.570000 -68.739998
3.256632 -7.197611 6.333801 105.629997 1.960000 -78.190002
3.730411 -5.984450 7.154540 107.309998 -2.030000 -82.459999
3.725625 -5.962914 7.211967 102.410004 -1.470000 -81.550003
4.204189 -4.735396 7.116255 102.199997 -0.210000 -82.389999
4.204189 -4.735396 7.116255 102.199997 -0.210000 -82.389999
3.862016 -3.991228 8.030313 90.510002 -6.370000 -84.769997
4.242475 -3.393023 7.654640 86.169998 -11.620000 -85.330002
4.242475 -3.393023 7.654640 86.169998 -11.620000 -85.330002
4.242475 -3.393023 7.654640 86.169998 -11.620000 -85.330002
4.517649 -1.655833 7.836494 89.599998 -16.170000 -80.570000
4.668397 -0.447458 8.157133 102.830002 -16.100000 -79.309998
4.984250 0.935594 7.479963 52.150002 -24.290001 -70.489998
5.039285 2.184647 7.391429 49.139999 -16.870001 -54.459999
5.039285 2.184647 7.391429 49.139999 -16.870001 -54.459999
5.307281 2.660819 7.116255 33.389999 -15.680000 -40.320000
5.309673 2.598605 7.085148 26.250000 -12.950000 -32.759998
5.314459 2.682354 7.042077 11.550000 -8.470000 -23.100000
5.314459 2.682354 7.042077 11.550000 -8.470000 -23.100000
5.345565 2.689533 7.240681 -4.480000 -6.090000 -12.320000
5.484349 2.778067 7.372287 -6.230000 -4.340000 -7.140000
5.324030 2.490928 7.654640 -6.020000 -1.120000 -0.980000
5.316852 2.031506 7.592427 -3.850000 -0.560000 3.290000
5.249853 1.753939 7.546963 -5.600000 3.220000 3.990000
5.362316 1.816152 7.530212 2.310000 6.090000 3.640000
5.350351 1.655833 7.726424 0.280000 5.600000 3.430000
5.450850 1.648655 7.836494 -11.970000 3.220000 3.360000
5.450850 1.648655 7.836494 -11.970000 3.220000 3.360000
5.357530 1.610370 7.869993 -0.980000 0.770000 3.290000
