3.136991 -8.690732 2.378466 -0.420000 -3.430000 7.070000
3.136991 -8.690732 2.378466 -0.420000 -3.430000 7.070000
2.974278 -8.504091 2.019542 -8.610000 -3.780000 9.380000
2.993421 -8.109276 1.832902 -1.960000 -1.680000 11.760000
2.533999 -7.369894 1.931008 10.500000 -0.630000 20.650000
2.533999 -7.369894 1.931008 10.500000 -0.630000 20.650000
1.792224 -6.477371 1.517050 -3.780000 4.550000 34.230000
1.792224 -6.477371 1.517050 -3.780000 4.550000 34.230000
1.143769 -6.032306 1.813759 11.060000 14.210000 54.740002
0.454636 -6.752545 1.562513 -20.440001 18.270000 67.129997
0.057428 -7.791030 2.050649 1.750000 19.389999 80.150002
0.057428 -7.791030 2.050649 1.750000 19.389999 80.150002
-1.402194 -7.951349 1.777867 -20.719999 16.309999 96.320000
-1.402194 -7.951349 1.777867 -20.719999 16.309999 96.320000
-2.242075 -8.714661 1.751546 0.420000 22.750000 102.690002
-2.242075 -8.714661 1.751546 0.420000 22.750000 102.690002
-4.201797 -9.753145 2.012364 0.560000 22.889999 107.239998
-4.201797 -9.753145 2.012364 0.560000 22.889999 107.239998
-4.790431 -9.288938 1.804188 -5.600000 25.969999 103.809998
-6.281159 -8.434700 0.430708 -35.910000 13.720000 105.910004
-6.281159 -8.434700 0.430708 -35.910000 13.720000 105.910004
-6.539584 -10.437491 2.184647 3.010000 12.670000 111.090004
-7.030113 -9.207582 1.904687 13.790000 13.160000 103.809998
-7.372287 -8.207381 0.220140 -37.310001 9.030000 112.349998
-7.771888 -9.324830 2.304288 16.870001 3.290000 104.790001
-8.539984 -9.083155 0.497707 -40.880001 -1.050000 104.860001
-8.496914 -7.523034 0.497707 -2.030000 3.150000 90.930000
-7.826923 -7.826923 0.306281 -6.720000 4.830000 88.129997
-7.826923 -7.826923 0.306281 -6.720000 4.830000 88.129997
-8.621340 -7.374680 1.450050 -10.080000 6.020000 58.520000
-8.102098 -7.936993 1.354338 -26.530001 0.350000 54.180000
-8.298308 -7.353144 1.021735 -21.910000 -5.530000 27.580000
-8.298308 -7.353144 1.021735 -21.910000 -5.530000 27.580000
-8.398808 -7.207181 0.856631 -15.050000 -3.780000 21.350000
-8.530413 -5.065606 0.605384 -11.060000 -5.320000 5.600000
-8.530413 -5.065606 0.605384 -11.060000 -5.320000 5.600000
-8.592626 -4.491328 0.471386 -6.860000 -3.850000 2.380000
-8.695518 -4.457829 0.533599 -4.130000 -4.410000 5.810000
-8.618947 -4.500899 0.672383 0.420000 -3.780000 6.160000
-8.824730 -4.302295 0.634098 3.570000 -2.450000 6.720000
