2.096112 -9.341579 2.242075 -0.140000 5.320000 3.850000
2.096112 -9.341579 2.242075 -0.140000 5.320000 3.850000
2.112862 -9.535398 2.163112 -8.330000 4.970000 3.150000
2.112862 -9.535398 2.163112 -8.330000 4.970000 3.150000
2.222932 -9.554541 2.297110 -1.960000 4.970000 1.330000
2.222932 -9.554541 2.297110 -1.960000 4.970000 1.330000
2.234896 -9.456435 2.287539 -10.430000 2.240000 2.870000
2.033899 -9.339187 2.151148 -12.250000 3.220000 1.820000
2.033899 -9.339187 2.151148 -12.250000 3.220000 1.820000
2.033899 -9.339187 2.151148 -12.250000 3.220000 1.820000
2.033899 -9.339187 2.151148 -12.250000 3.220000 1.820000
2.033899 -9.339187 2.151148 -12.250000 3.220000 1.820000
2.244468 -9.236296 1.596013 -100.519997 -2.310000 -1.400000
2.196611 -9.516255 0.521635 -117.529999 -5.180000 -2.660000
2.196611 -9.516255 0.521635 -117.529999 -5.180000 -2.660000
2.196611 -9.516255 0.521635 -117.529999 -5.180000 -2.660000
2.294717 -8.807980 -0.390030 -152.949997 -7.210000 3.570000
2.213361 -8.884550 -1.818545 -198.520004 -10.920000 3.920000
2.213361 -8.884550 -1.818545 -198.520004 -10.920000 3.920000
2.213361 -8.884550 -1.818545 -198.520004 -10.920000 3.920000
2.316252 -8.384450 -5.307281 -104.300003 -16.170000 -4.340000
2.316252 -8.384450 -5.307281 -104.300003 -16.170000 -4.340000
2.385644 -8.087741 -5.742774 -87.010002 -17.010000 -4.970000
2.385644 -8.087741 -5.742774 -87.010002 -17.010000 -4.970000
2.031506 -7.276574 -6.407979 -71.330002 -13.230000 0.630000
2.031506 -7.276574 -6.407979 -71.330002 -13.230000 0.630000
1.988436 -7.015756 -6.673582 -63.000000 -5.810000 -4.340000
1.988436 -7.015756 -6.673582 -63.000000 -5.810000 -4.340000
1.988436 -7.015756 -6.673582 -63.000000 -5.810000 -4.340000
2.282753 -7.331609 -7.066005 -53.200001 -6.300000 -6.580000
2.282753 -7.331609 -7.066005 -53.200001 -6.300000 -6.580000
2.093720 -6.374479 -7.372287 -58.450001 -5.880000 -10.640000
2.201397 -6.283553 -7.587641 -50.049999 -7.420000 -10.360000
2.155933 -5.603990 -7.929814 -57.470001 -2.660000 -7.280000
2.155933 -5.603990 -7.929814 -57.470001 -2.660000 -7.280000
2.155933 -5.072784 -7.755138 -48.860001 -2.240000 -8.400000
2.155933 -5.072784 -7.755138 -48.860001 -2.240000 -8.400000
2.199004 -5.484349 -8.049455 -48.580002 -3.010000 -7.490000
2.199004 -5.484349 -8.049455 -48.580002 -3.010000 -7.490000
1.933401 -4.433900 -8.245667 -27.719999 -9.520000 -6.720000
1.933401 -4.433900 -8.245667 -27.719999 -9.520000 -6.720000
1.904687 -4.395615 -8.724231 -28.630001 -9.590000 -6.930000
1.780260 -4.005585 -8.731410 -13.300000 2.100000 0.770000
1.780260 -4.005585 -8.731410 -13.300000 2.100000 0.770000
1.998007 -4.321437 -8.774480 -10.570000 4.900000 2.450000
1.921437 -4.235296 -8.614161 -6.090000 0.980000 1.400000
1.921437 -4.235296 -8.614161 -6.090000 0.980000 1.400000
1.921437 -4.235296 -8.614161 -6.090000 0.980000 1.400000
1.844866 -4.103691 -8.611769 2.100000 3.710000 1.680000
1.971686 -3.988836 -8.683553 -4.410000 3.570000 1.890000
1.971686 -3.988836 -8.683553 -4.410000 3.570000 1.890000
1.945365 -4.268795 -8.657232 -0.350000 3.640000 2.590000
1.945365 -4.268795 -8.657232 -0.350000 3.640000 2.590000
1.945365 -4.268795 -8.657232 -0.350000 3.640000 2.590000
1.895115 -4.149154 -8.673983 -6.650000 3.220000 2.660000
1.895115 -4.149154 -8.673983 -6.650000 3.220000 2.660000
1.895115 -4.149154 -8.673983 -6.650000 3.220000 2.660000
1.895115 -4.149154 -8.673983 -6.650000 3.220000 2.660000
