-1.052842 -9.078369 3.646662 1.120000 0.280000 1.540000
-1.052842 -9.078369 3.646662 1.120000 0.280000 1.540000
-1.028914 -9.317651 3.649055 -1.470000 -0.490000 1.890000
-1.043271 -9.363115 3.438486 -2.310000 -0.140000 0.280000
-1.045663 -9.042477 3.653840 3.360000 1.330000 -0.070000
-1.045663 -9.042477 3.653840 3.360000 1.330000 -0.070000
-0.993021 -8.874979 3.527020 6.720000 1.750000 -0.070000
-0.993021 -8.874979 3.527020 6.720000 1.750000 -0.070000
-1.012164 -9.178867 3.644269 0.910000 3.010000 0.280000
-1.033699 -8.934800 3.768696 1.750000 2.240000 0.420000
-1.036092 -9.152546 3.881158 -0.490000 0.630000 0.490000
-1.064806 -9.233903 3.787838 0.630000 0.630000 1.400000
-1.064806 -9.233903 3.787838 0.630000 0.630000 1.400000
-0.964308 -9.169296 3.646662 0.770000 0.420000 1.190000
-1.081556 -9.186047 3.754339 -0.980000 -0.630000 -0.910000
-1.031307 -9.064013 3.598805 -0.210000 0.210000 0.140000
-1.067199 -9.157332 3.613162 -0.140000 0.210000 -0.630000
-0.971486 -8.934800 3.720839 -0.770000 0.140000 0.210000
-0.959522 -9.162118 3.682554 -1.890000 1.120000 0.210000
-1.050449 -9.066404 3.701697 1.050000 1.750000 -0.700000
-1.009771 -9.075976 3.677768 -1.960000 1.750000 0.140000
-1.009771 -9.075976 3.677768 -1.960000 1.750000 0.140000
-1.052842 -9.114261 3.795017 -0.210000 0.140000 -0.140000
-1.052842 -9.114261 3.795017 -0.210000 0.140000 -0.140000
-1.038485 -8.997013 3.728018 1.050000 0.280000 0.630000
-1.038485 -9.064013 3.572484 0.350000 0.630000 1.050000
-0.985843 -9.193225 3.704089 1.120000 0.210000 -0.210000
-1.050449 -8.997013 3.658626 5.810000 -0.280000 1.400000
-1.071985 -9.126225 3.653840 1.540000 0.280000 0.490000
-0.990629 -8.963513 3.869194 -0.840000 -0.070000 0.630000
-1.004985 -9.054441 3.663411 -1.190000 0.980000 1.960000
-1.004985 -9.054441 3.663411 -1.190000 0.980000 1.960000
-1.004985 -9.186047 3.663411 -1.260000 1.050000 0.490000
-1.004985 -9.186047 3.663411 -1.260000 1.050000 0.490000
-1.014557 -9.152546 3.718446 -0.420000 0.630000 0.630000
-1.093520 -9.310472 3.763910 0.630000 0.910000 0.210000
-0.995414 -9.260223 3.720839 -3.010000 0.490000 -1.120000
-1.043271 -9.061620 3.725625 -0.560000 0.210000 -0.700000
-1.079163 -8.865408 3.658626 3.710000 0.770000 -0.700000
-1.083949 -8.882158 3.790231 1.120000 0.560000 -0.700000
-0.940379 -9.123833 3.668197 -1.960000 0.980000 -0.070000
-1.074377 -8.918050 3.917051 -0.490000 1.400000 1.400000
-1.038485 -9.176475 3.814159 1.400000 0.700000 1.890000
-1.038485 -9.176475 3.814159 1.400000 0.700000 1.890000
-1.105484 -9.083155 3.795017 -0.350000 -0.280000 0.140000
-1.074377 -9.102298 3.668197 -0.070000 0.280000 0.420000
-1.069592 -9.176475 3.730411 -0.560000 0.910000 0.210000
