-0.035892 -5.292924 1.222732 -28.280001 14.280000 47.389999
-0.035892 -5.292924 1.222732 -28.280001 14.280000 47.389999
-0.583849 -6.116055 1.567299 21.139999 27.370001 74.480003
-1.883151 -6.010770 1.512264 4.760000 33.459999 85.680000
-2.017149 -7.046863 1.938186 -6.860000 29.960001 97.720001
-2.459821 -8.226524 2.007578 25.200001 34.930000 111.440002
-4.271189 -7.630712 1.811367 1.750000 41.299999 117.040001
-4.271189 -7.630712 1.811367 1.750000 41.299999 117.040001
-5.268995 -9.279366 2.287539 14.980000 33.599998 130.759995
-7.085148 -8.764909 1.524228 -11.410000 41.090000 129.500000
-7.573284 -9.365508 2.050649 -17.780001 35.070000 137.339996
-8.257630 -7.936993 2.012364 -30.660000 28.630001 131.460007
-9.327222 -6.520442 0.287139 -125.370003 14.000000 132.440002
-9.327222 -6.520442 0.287139 -125.370003 14.000000 132.440002
-10.542776 -7.221539 -0.327817 -57.820000 9.940000 154.699997
-10.542776 -7.221539 -0.327817 -57.820000 9.940000 154.699997
-10.013963 -8.812766 -0.014357 -40.529999 13.580000 161.559998
-11.121840 -9.145369 1.648655 -13.300000 6.510000 125.020004
-9.748360 -10.418350 1.433301 -90.370003 -37.029999 90.090004
-8.681160 -9.592826 0.145962 -78.400002 -36.959999 60.200001
-8.518449 -7.992027 -0.373280 -33.180000 -28.840000 37.869999
-8.518449 -7.992027 -0.373280 -33.180000 -28.840000 37.869999
-8.329416 -7.563712 -0.720240 -18.760000 -23.799999 28.490000
-8.836694 -5.154140 -0.177069 0.490000 -9.030000 6.720000
-8.599805 -4.649254 -0.076570 14.210000 -8.260000 5.390000
-8.803195 -3.421736 -0.021535 23.100000 -3.500000 3.780000
-8.803195 -3.421736 -0.021535 23.100000 -3.500000 3.780000
-9.102298 -3.050849 0.425922 21.000000 -1.470000 3.570000
-9.394222 -2.897708 0.186640 17.430000 -0.840000 3.080000
-9.430114 -2.665605 0.547956 15.050000 1.680000 3.710000
-9.430114 -2.665605 0.547956 15.050000 1.680000 3.710000
-9.408579 -2.392823 0.595813 10.710000 2.310000 4.410000
-9.408579 -2.392823 0.595813 10.710000 2.310000 4.410000
-9.367901 -2.711068 0.641276 -0.210000 3.850000 4.550000
-9.305687 -2.770889 0.768096 0.840000 3.640000 3.500000
-9.477970 -2.787638 0.772882 2.520000 3.150000 5.530000
-9.477970 -2.787638 0.772882 2.520000 3.150000 5.530000
-9.477970 -2.787638 0.772882 2.520000 3.150000 5.530000
-9.463614 -2.983850 0.815953 10.990000 4.270000 7.770000
