-0.914058 -9.131011 3.527020 1.680000 0.560000 0.490000
-0.918844 -9.109475 3.536592 0.560000 0.490000 0.490000
-0.933201 -9.169296 3.665804 -0.420000 0.490000 0.630000
-0.928415 -9.253045 3.419343 -1.190000 0.770000 1.260000
-1.052842 -9.226725 3.524628 0.560000 1.050000 -0.630000
-1.052842 -9.226725 3.524628 0.560000 1.050000 -0.630000
-1.052842 -9.226725 3.524628 0.560000 1.050000 -0.630000
-0.921237 -9.128618 3.550949 -0.700000 1.680000 0.350000
-0.921237 -9.128618 3.550949 -0.700000 1.680000 0.350000
-0.923629 -9.128618 3.639483 -1.190000 0.350000 -0.210000
-1.024128 -9.257831 3.479164 0.560000 0.280000 -0.420000
-0.954736 -9.131011 3.696911 2.170000 -1.260000 -0.630000
-0.954736 -9.131011 3.696911 2.170000 -1.260000 -0.630000
-0.997807 -9.107083 3.460021 0.560000 0.560000 -0.630000
-0.861416 -9.068797 3.512664 0.350000 -0.630000 -0.140000
-0.866202 -9.092726 3.491128 0.980000 0.070000 0.700000
-0.897308 -9.188439 3.534199 -0.140000 0.210000 0.420000
-0.861416 -9.075976 3.500700 -0.070000 0.560000 0.560000
-0.861416 -9.075976 3.500700 -0.070000 0.560000 0.560000
-0.806381 -9.047262 3.541377 1.120000 0.560000 1.050000
-0.993021 -9.248260 3.543770 0.280000 1.610000 1.260000
-0.856631 -9.190832 3.644269 -0.700000 0.630000 0.420000
-0.940379 -9.169296 3.622734 0.700000 1.050000 1.400000
-0.976272 -9.262616 3.548556 -0.280000 0.980000 1.120000
-0.856631 -9.221939 3.651447 0.490000 0.700000 0.280000
-0.933201 -9.159724 3.584448 2.030000 1.260000 -0.420000
-0.959522 -9.121440 3.663411 0.700000 1.610000 0.140000
-1.007378 -9.169296 3.491128 -2.380000 -0.980000 1.260000
-1.007378 -9.205189 3.433701 -1.540000 -0.420000 1.190000
-1.007378 -9.205189 3.433701 -1.540000 -0.420000 1.190000
-0.930808 -9.186047 3.416951 -0.140000 0.420000 0.350000
-0.949951 -9.200402 3.699304 1.120000 -0.700000 0.630000
-1.000200 -9.205189 3.505485 -1.820000 0.700000 0.840000
-1.024128 -9.255438 3.479164 -1.960000 0.980000 -0.420000
-0.945165 -9.367901 3.474378 0.280000 0.770000 -0.770000
-0.933201 -9.202796 3.598805 -2.170000 0.840000 -0.560000
-0.964308 -9.150154 3.594020 -0.700000 1.330000 -1.050000
-0.988236 -9.138189 3.644269 -0.560000 0.630000 -0.980000
-0.885344 -9.054441 3.711268 0.350000 0.420000 -0.560000
-0.969093 -9.152546 3.560520 -0.980000 1.050000 0.280000
-0.981057 -9.164511 3.543770 0.490000 0.140000 0.210000
-0.949951 -9.099905 3.649055 -1.120000 0.770000 0.420000
-0.971486 -9.107083 3.627519 -0.210000 0.560000 0.280000
-0.914058 -9.272188 3.464807 -0.140000 0.490000 0.420000
-0.933201 -9.214760 3.584448 2.170000 0.630000 0.280000
-0.983450 -9.157332 3.550949 -2.520000 1.750000 0.350000
