2.081756 -9.384650 1.416551 -7.840000 1.190000 -0.700000
2.012364 -9.702895 1.189233 -2.520000 0.350000 -0.210000
1.880759 -9.683753 1.423729 -9.940000 1.610000 1.820000
1.988436 -9.951750 1.426122 -4.270000 0.140000 0.910000
1.988436 -9.951750 1.426122 -4.270000 0.140000 0.910000
2.043471 -9.755538 1.550549 -0.280000 -0.280000 -0.490000
1.770689 -9.647861 1.820938 -31.150000 -2.240000 -2.870000
2.086541 -10.112068 0.287139 -23.590000 -2.800000 -7.280000
2.086541 -10.112068 0.287139 -23.590000 -2.800000 -7.280000
2.215754 -9.363115 0.842274 -18.620001 -0.980000 -8.260000
2.313859 -9.616754 0.385244 -45.639999 1.260000 -1.470000
2.218147 -9.554541 -0.074178 -49.070000 3.640000 -0.840000
2.409572 -9.817751 -0.502493 -61.040001 4.830000 0.070000
2.438286 -9.585647 -0.315853 -66.010002 8.400000 4.130000
2.390430 -8.930015 -2.667997 -88.620003 21.490000 24.080000
2.553142 -10.140782 -4.283153 -60.270000 53.689999 31.360001
2.043471 -9.269794 -4.266403 -21.629999 55.510002 32.060001
1.749153 -8.781659 -2.373680 17.850000 38.290001 11.270000
1.749153 -8.781659 -2.373680 17.850000 38.290001 11.270000
2.388037 -9.609575 -0.308674 25.830000 15.820000 1.750000
2.359323 -9.123833 -0.177069 19.180000 10.780000 1.260000
1.627119 -9.178867 -1.272982 -1.820000 7.490000 1.890000
1.938186 -9.899107 -1.399801 5.320000 5.740000 0.700000
1.875973 -9.621540 -1.545763 7.000000 4.200000 2.590000
1.813759 -10.107283 -1.277767 6.580000 4.830000 3.290000
1.753939 -9.724431 -1.249053 10.500000 2.240000 3.850000
2.053042 -9.556933 -1.069592 11.270000 1.750000 2.660000
2.143969 -9.530612 -0.918844 3.360000 1.960000 2.800000
1.885544 -9.774680 -1.234696 3.570000 0.280000 -0.980000
1.964507 -9.174082 -1.174876 8.750000 -1.610000 0.140000
1.933401 -9.860823 -1.275374 5.390000 0.840000 2.100000
1.933401 -9.860823 -1.275374 5.390000 0.840000 2.100000
1.986043 -9.647861 -1.213161 2.730000 3.360000 1.750000
1.859223 -9.994821 -1.186840 6.790000 3.640000 1.610000
1.761117 -10.016356 -1.205983 9.380000 4.340000 2.100000
2.048256 -9.202796 -0.502493 9.100000 2.170000 2.100000
2.048256 -9.202796 -0.502493 9.100000 2.170000 2.100000
1.682154 -9.918249 -0.873380 4.690000 2.940000 3.010000
1.698904 -9.958927 -0.734596 -1.960000 1.820000 0.910000
1.801795 -9.954143 -0.629312 -0.140000 1.750000 1.330000
1.667797 -9.777073 -0.770489 2.590000 0.700000 1.540000
