1.756332 -9.781858 1.466800 -6.160000 2.100000 0.350000
1.732404 -9.765109 1.509871 -7.350000 2.380000 -0.980000
1.653440 -9.489935 1.514657 -0.210000 2.660000 0.210000
1.732404 -9.674182 1.421337 -7.560000 3.220000 1.400000
1.871187 -9.714860 1.067199 -3.290000 3.430000 1.610000
1.576870 -9.674182 1.782653 7.350000 3.360000 -2.660000
1.576870 -9.674182 1.782653 7.350000 3.360000 -2.660000
1.741975 -9.403792 1.648655 -4.620000 0.210000 -0.700000
1.737189 -9.805787 0.993021 -2.310000 2.310000 0.910000
1.710868 -9.710074 1.447658 1.680000 0.840000 -0.560000
1.710868 -9.710074 1.447658 1.680000 0.840000 -0.560000
1.646262 -9.812965 1.677369 -15.260000 1.610000 -0.210000
1.710868 -10.200603 1.629512 -15.190001 1.960000 -3.220000
1.753939 -9.963714 1.847259 -17.430000 3.290000 -5.600000
1.852045 -9.111869 0.859023 -75.389999 0.490000 8.610000
1.765903 -10.535598 0.760918 -70.279999 0.700000 9.100000
1.765903 -10.535598 0.760918 -70.279999 0.700000 9.100000
1.780260 -9.772287 -1.217947 -46.340000 5.670000 5.460000
1.907080 -9.765109 -1.299303 -70.070000 11.480000 7.350000
1.768296 -9.963714 -2.670390 -72.239998 38.150002 11.270000
1.768296 -9.963714 -2.670390 -72.239998 38.150002 11.270000
2.132005 -10.243673 -3.586841 -58.099998 58.170002 22.469999
0.906880 -10.095319 -3.407379 38.430000 50.049999 7.000000
1.359123 -8.487342 -1.612763 57.400002 37.380001 4.550000
1.787439 -8.602197 0.083749 35.840000 22.260000 6.790000
1.301696 -9.992428 -1.028914 12.880000 14.840000 4.970000
1.385444 -9.803394 -0.667598 16.240000 10.640000 -0.210000
1.459622 -9.365508 -0.696311 -6.510000 6.300000 -3.150000
1.555335 -10.025927 -1.045663 -8.890000 1.890000 -1.260000
1.708475 -9.674182 -1.031307 13.440001 -0.980000 4.970000
1.562513 -10.064213 -1.179662 12.880000 0.490000 4.340000
1.562513 -10.064213 -1.179662 12.880000 0.490000 4.340000
1.562513 -9.844072 -1.057628 3.990000 0.910000 3.010000
1.572084 -9.757930 -1.165305 0.560000 0.560000 0.140000
1.624727 -9.650253 -0.921237 0.980000 -0.210000 -0.420000
1.418944 -9.712467 -1.122234 -0.630000 1.610000 0.630000
1.667797 -10.095319 -0.961915 4.620000 1.540000 2.590000
1.605584 -9.432507 -0.796810 5.460000 0.840000 2.590000
1.253839 -10.035499 -0.780060 0.070000 0.700000 -0.980000
1.253839 -10.035499 -0.780060 0.070000 0.700000 -0.980000
1.299303 -9.714860 -0.887737 -1.400000 0.560000 -2.100000
1.435694 -10.090532 -1.012164 -5.740000 1.330000 -0.210000
1.567299 -9.702895 -0.818345 6.020000 -1.540000 -0.280000
1.514657 -9.595219 -0.765703 6.090000 -1.260000 1.400000
