2.816352 -8.982656 3.146562 0.840000 0.420000 -0.980000
2.773281 -8.884550 3.239882 12.110000 2.100000 -0.560000
2.773281 -8.884550 3.239882 12.110000 2.100000 -0.560000
2.876173 -8.544770 3.742374 5.880000 1.470000 0.070000
2.720639 -9.052048 3.486342 -17.500000 1.470000 1.470000
2.766103 -9.104690 2.940779 -18.200001 3.010000 3.430000
2.658426 -9.626326 2.995814 -92.120003 0.630000 10.920000
2.658426 -9.626326 2.995814 -92.120003 0.630000 10.920000
2.828316 -9.408579 1.840081 -85.330002 2.100000 13.300000
2.828316 -9.408579 1.840081 -85.330002 2.100000 13.300000
2.476572 -10.124033 1.127020 -146.300003 -13.790000 23.940001
1.854438 -7.769495 0.440279 -111.090004 -16.799999 35.349998
1.854438 -7.769495 0.440279 -111.090004 -16.799999 35.349998
2.153540 -9.791430 -1.481157 -19.389999 -4.690000 11.690000
1.871187 -9.602397 -0.579063 4.550000 3.710000 8.890000
1.871187 -9.602397 -0.579063 4.550000 3.710000 8.890000
1.897508 -9.652647 0.031107 -0.560000 5.740000 4.760000
1.923829 -10.001998 -0.181855 -3.080000 -0.280000 5.040000
1.813759 -9.846465 -0.425922 -8.540000 -1.190000 3.850000
1.765903 -10.131211 -0.655633 -0.140000 -2.940000 0.980000
1.854438 -10.152746 -0.689133 8.260000 -1.750000 -0.210000
1.854438 -10.152746 -0.689133 8.260000 -1.750000 -0.210000
1.730011 -9.882358 -0.660419 -6.160000 -1.610000 -1.050000
1.730011 -9.882358 -0.660419 -6.160000 -1.610000 -1.050000
1.895115 -9.688539 -0.768096 6.930000 -0.980000 -1.960000
1.677369 -9.549755 -0.330210 0.280000 -1.540000 -1.890000
1.880759 -9.820145 -0.727418 4.200000 -0.560000 -0.700000
1.880759 -9.820145 -0.727418 4.200000 -0.560000 -0.700000
1.825724 -9.554541 -0.411566 3.500000 -0.840000 -0.910000
1.868794 -9.693325 -0.646062 -1.750000 -0.630000 -0.350000
1.859223 -9.645468 -0.598206 -0.980000 0.350000 0.070000
1.859223 -9.645468 -0.598206 -0.980000 0.350000 0.070000
1.859223 -9.645468 -0.598206 -0.980000 0.350000 0.070000
1.859223 -9.645468 -0.598206 -0.980000 0.350000 0.070000
1.907080 -9.595219 -0.457029 0.560000 -0.490000 0.070000
