1.875973 -9.875179 -0.043071 -0.140000 6.860000 0.980000
1.962115 -9.760324 -0.066999 4.620000 6.580000 1.190000
1.875973 -9.978070 0.014357 14.910000 7.420000 0.840000
1.875973 -9.978070 0.014357 14.910000 7.420000 0.840000
1.878366 -11.119448 -0.241675 86.940002 14.420000 -0.140000
1.878366 -11.119448 -0.241675 86.940002 14.420000 -0.140000
1.777867 -9.664611 1.954936 169.190002 24.780001 -5.320000
1.799403 -9.107083 2.916851 156.169998 29.190001 -6.790000
1.799403 -9.107083 2.916851 156.169998 29.190001 -6.790000
1.737189 -8.315059 4.115655 162.259995 27.650000 -13.370000
1.902294 -7.369894 5.458029 185.710007 24.570000 -10.920000
1.902294 -7.369894 5.458029 185.710007 24.570000 -10.920000
1.607977 -6.589834 5.496314 233.520004 14.980000 -17.150000
1.607977 -6.589834 5.496314 233.520004 14.980000 -17.150000
1.517050 -2.380858 7.805387 266.980011 29.820000 -17.430000
1.488336 -1.562513 8.224132 265.369995 32.060001 -22.049999
1.689333 0.172283 8.999406 243.669998 38.570000 -21.420000
1.689333 0.172283 8.999406 243.669998 38.570000 -21.420000
1.689333 0.172283 8.999406 243.669998 38.570000 -21.420000
1.689333 0.172283 8.999406 243.669998 38.570000 -21.420000
1.689333 0.172283 8.999406 243.669998 38.570000 -21.420000
1.689333 0.172283 8.999406 243.669998 38.570000 -21.420000
1.689333 0.172283 8.999406 243.669998 38.570000 -21.420000
0.299103 4.158726 8.934800 73.080002 28.700001 -6.930000
0.136391 4.749753 9.025726 26.530001 16.240000 -4.410000
-0.019143 4.993821 9.257831 15.050000 15.610000 -2.170000
-0.150748 4.910072 8.779266 -0.980000 8.610000 -0.840000
-0.038285 4.644469 8.650054 -1.820000 6.930000 -0.140000
-0.038285 4.644469 8.650054 -1.820000 6.930000 -0.140000
-0.038285 4.632504 8.614161 -6.720000 6.020000 0.490000
-0.031107 4.443472 8.676375 -6.370000 5.600000 2.380000
-0.031107 4.443472 8.676375 -6.370000 5.600000 2.380000
-0.086142 4.553542 8.417950 -9.660000 2.520000 4.130000
0.019143 4.476971 8.413164 -3.780000 3.710000 3.290000
0.019143 4.476971 8.413164 -3.780000 3.710000 3.290000
-0.088534 4.443472 8.446664 -9.730000 3.640000 2.730000
0.019143 4.374080 8.394022 -13.930000 1.330000 3.360000
0.055035 4.232903 8.310273 -8.190000 2.030000 3.220000
