4.115655 -8.903693 1.301696 -5.460000 4.130000 3.500000
4.060620 -8.877372 1.301696 -4.340000 5.250000 4.060000
4.237689 -8.690732 1.457229 -5.110000 4.970000 4.550000
4.156333 -8.939585 1.459622 -4.130000 4.900000 4.760000
4.156333 -8.939585 1.459622 -4.130000 4.900000 4.760000
4.019942 -8.927622 1.383051 -5.670000 4.620000 4.410000
4.158726 -8.975478 1.536192 -4.970000 5.250000 3.710000
4.225725 -8.882158 1.464408 -6.510000 4.200000 3.710000
4.120440 -8.767302 1.588834 -10.430000 5.040000 3.220000
4.118048 -8.494520 1.727618 -31.219999 2.940000 4.060000
4.055835 -7.633104 1.947758 -93.309998 4.970000 8.330000
4.017549 -8.695518 -0.660419 -200.130005 -14.560000 13.020000
4.017549 -8.695518 -0.660419 -200.130005 -14.560000 13.020000
4.017549 -8.695518 -0.660419 -200.130005 -14.560000 13.020000
3.661019 -8.056634 -1.868794 -230.509995 -20.930000 3.570000
3.661019 -8.056634 -1.868794 -230.509995 -20.930000 3.570000
3.661019 -8.056634 -1.868794 -230.509995 -20.930000 3.570000
3.689733 -5.455636 -7.738388 -187.529999 -22.750000 -16.240000
3.689733 -5.455636 -7.738388 -187.529999 -22.750000 -16.240000
3.725625 -4.615755 -7.838887 -177.800003 -25.340000 -18.200001
3.486342 -3.376273 -8.458629 -88.690002 -20.440001 -22.260000
3.550949 -3.024528 -8.764909 -51.029999 -22.680000 -18.900000
3.237489 -2.352145 -9.044869 -47.040001 -19.600000 -15.050000
3.165704 -2.419144 -9.370294 -21.980000 -14.280000 -10.780000
3.316452 -2.163112 -9.640682 1.400000 -3.570000 -2.170000
3.366701 -2.206182 -9.439686 -4.760000 1.540000 -0.560000
3.445665 -2.333002 -9.489935 -2.450000 3.990000 0.490000
3.445665 -2.333002 -9.489935 -2.450000 3.990000 0.490000
3.337988 -2.309074 -9.083155 -5.180000 5.670000 1.260000
3.345166 -2.232504 -9.195618 -5.180000 4.970000 1.330000
3.318845 -2.354537 -9.221939 -3.850000 5.740000 1.680000
3.148954 -2.280360 -8.937192 -4.200000 7.280000 2.940000
3.206382 -2.301895 -8.910872 -5.110000 7.140000 2.660000
3.290131 -2.270789 -9.035298 -4.270000 7.560000 3.780000
