0.026321 -9.801002 1.854438 -5.250000 4.340000 2.660000
0.026321 -9.834501 1.830509 -5.670000 4.410000 2.590000
0.100499 -9.853643 1.773082 -5.670000 3.920000 2.660000
-0.014357 -9.774680 1.749153 -4.900000 5.040000 1.960000
-0.090927 -9.664611 1.725225 -4.340000 4.550000 3.080000
0.026321 -9.748360 1.787439 -6.020000 4.200000 3.360000
-0.009571 -9.793823 1.847259 -4.690000 4.130000 3.080000
-0.007178 -9.820145 1.753939 -5.600000 4.130000 2.800000
0.011964 -9.769895 1.799403 -4.830000 4.340000 2.380000
-0.064606 -9.774680 1.741975 -4.970000 4.340000 3.290000
0.021535 -9.769895 1.878366 -6.160000 4.620000 2.590000
0.021535 -9.769895 1.878366 -6.160000 4.620000 2.590000
-0.016750 -9.846465 1.871187 -4.410000 4.550000 2.240000
-0.016750 -9.846465 1.871187 -4.410000 4.550000 2.240000
0.021535 -9.724431 1.825724 -5.810000 3.850000 1.540000
-0.021535 -9.681360 1.792224 -4.760000 4.410000 2.380000
0.033500 -9.647861 1.749153 -5.600000 3.640000 3.010000
0.033500 -9.647861 1.749153 -5.600000 3.640000 3.010000
0.033500 -9.655040 1.861616 -6.510000 4.130000 3.570000
-0.016750 -9.777073 1.883151 -3.570000 4.970000 2.870000
