2.440679 -9.482756 2.057827 6.720000 2.240000 -2.450000
2.440679 -9.482756 2.057827 6.720000 2.240000 -2.450000
2.275574 -9.221939 2.342573 4.270000 2.660000 -0.210000
2.242075 -9.604790 1.825724 -0.840000 2.030000 -0.910000
2.328217 -8.520842 2.452643 26.389999 0.910000 -1.400000
2.328217 -8.520842 2.452643 26.389999 0.910000 -1.400000
2.270789 -9.422935 1.832902 12.950000 2.100000 0.700000
2.270789 -9.422935 1.832902 12.950000 2.100000 0.700000
2.557927 -7.546963 4.012764 14.770000 -3.920000 4.270000
2.392823 -9.226725 3.196811 -19.250000 -7.770000 0.140000
2.392823 -9.226725 3.196811 -19.250000 -7.770000 0.140000
2.653640 -9.741181 2.390430 -0.700000 -11.760000 -1.470000
2.653640 -9.741181 2.390430 -0.700000 -11.760000 -1.470000
2.653640 -9.741181 2.390430 -0.700000 -11.760000 -1.470000
2.261217 -9.652647 2.648855 -22.610001 -14.630000 1.890000
2.261217 -9.652647 2.648855 -22.610001 -14.630000 1.890000
2.634498 -9.973285 2.244468 16.870001 -15.750000 -5.670000
2.634498 -9.973285 2.244468 16.870001 -15.750000 -5.670000
2.644069 -8.774480 3.005385 -15.680000 -17.850000 -2.520000
2.672783 -9.238688 1.993221 -12.180000 -16.170000 -5.110000
2.536392 -9.209974 2.069792 -8.330000 -13.930000 -3.500000
2.845066 -9.169296 1.509871 -9.730000 -9.520000 -2.310000
2.636890 -9.288938 1.909473 -13.300000 -9.660000 -1.050000
2.636890 -9.288938 1.909473 -13.300000 -9.660000 -1.050000
2.675175 -9.382257 1.713261 -3.290000 -6.370000 0.560000
2.675175 -9.382257 1.713261 -3.290000 -6.370000 0.560000
2.653640 -9.492328 1.954936 -6.230000 -9.100000 -2.590000
2.653640 -9.492328 1.954936 -6.230000 -9.100000 -2.590000
2.892922 -9.573684 1.555335 -0.980000 -7.280000 -2.870000
3.005385 -9.401401 1.409373 -4.480000 -6.230000 -2.660000
2.840281 -9.415757 1.490728 -1.260000 -4.270000 -2.030000
3.000600 -9.367901 1.261017 0.840000 -3.500000 -2.800000
2.950350 -9.250652 1.600798 3.290000 -4.620000 -3.150000
2.952743 -9.159724 1.481157 1.610000 -1.120000 -1.470000
2.952743 -9.159724 1.481157 1.610000 -1.120000 -1.470000
2.938386 -9.466006 1.641476 -6.230000 0.420000 1.120000
2.919244 -9.272188 1.624727 1.540000 -0.420000 -0.770000
2.864209 -9.226725 1.591227 -1.120000 -0.490000 -0.700000
3.002992 -9.513863 1.311267 0.210000 0.420000 -0.070000
2.976671 -9.533006 1.177269 -0.630000 -0.140000 -0.420000
2.892922 -9.248260 1.466800 -0.280000 0.210000 -0.840000
2.957529 -9.253045 1.478764 3.080000 0.560000 -0.280000
2.957529 -9.253045 1.478764 3.080000 0.560000 -0.280000
2.888137 -9.305687 1.450050 -0.700000 1.680000 1.470000
3.043670 -9.506684 1.325624 0.980000 0.420000 0.280000
