0.662812 1.974079 9.418150 0.630000 0.770000 -0.070000
0.650848 1.921437 9.415757 -0.350000 0.070000 0.350000
0.650848 1.921437 9.415757 -0.350000 0.070000 0.350000
0.650848 1.921437 9.415757 -0.350000 0.070000 0.350000
0.610170 1.926222 9.466006 -0.700000 -0.350000 0.210000
0.629312 1.914258 9.269794 -0.490000 -0.350000 0.560000
0.629312 1.914258 9.269794 -0.490000 -0.350000 0.560000
0.629312 1.914258 9.269794 -0.490000 -0.350000 0.560000
0.655633 1.921437 9.241080 0.210000 0.700000 0.350000
0.581456 1.842474 9.296116 -0.140000 1.050000 -0.280000
0.581456 1.842474 9.296116 -0.140000 1.050000 -0.280000
0.739382 1.895115 9.310472 0.350000 1.400000 -0.490000
0.739382 1.895115 9.310472 0.350000 1.400000 -0.490000
0.746561 1.919044 9.394222 -0.280000 1.190000 0.280000
0.746561 1.919044 9.394222 -0.280000 1.190000 0.280000
0.746561 1.919044 9.394222 -0.280000 1.190000 0.280000
0.602991 1.887937 9.463614 -0.350000 -0.070000 -0.630000
0.602991 1.887937 9.463614 -0.350000 -0.070000 -0.630000
0.629312 1.978864 9.293723 0.280000 -0.210000 -1.190000
0.662812 1.942972 9.286544 0.560000 -0.490000 0.070000
0.662812 1.942972 9.286544 0.560000 -0.490000 0.070000
0.696311 1.931008 9.310472 -0.910000 -0.420000 -0.840000
0.696311 1.931008 9.310472 -0.910000 -0.420000 -0.840000
0.557528 1.890330 9.176475 1.540000 0.770000 -0.910000
0.665205 1.909473 9.217153 -0.910000 0.980000 -1.470000
0.655633 2.067399 9.494720 0.770000 1.750000 0.350000
0.655633 2.067399 9.494720 0.770000 1.750000 0.350000
0.655633 2.067399 9.494720 0.770000 1.750000 0.350000
0.638884 1.986043 9.446864 -1.540000 0.280000 0.140000
0.638884 1.986043 9.446864 -1.540000 0.280000 0.140000
0.617348 1.976472 9.379865 0.420000 0.910000 -0.070000
0.617348 1.976472 9.379865 0.420000 0.910000 -0.070000
0.686740 1.926222 9.317651 -0.140000 1.190000 -0.070000
0.698704 1.899901 9.348758 -1.610000 0.770000 0.490000
0.698704 1.899901 9.348758 -1.610000 0.770000 0.490000
0.684347 1.928615 9.461221 0.770000 0.770000 0.140000
0.684347 1.928615 9.461221 0.770000 0.770000 0.140000
0.660419 1.897508 9.413363 0.910000 0.140000 -0.070000
0.653241 1.926222 9.221939 0.070000 -0.210000 -0.210000
0.653241 1.926222 9.221939 0.070000 -0.210000 -0.210000
0.653241 1.926222 9.221939 0.070000 -0.210000 -0.210000
0.612563 1.981257 9.238688 -0.280000 0.560000 0.280000
0.612563 1.981257 9.238688 -0.280000 0.560000 0.280000
0.617348 1.940579 9.243474 1.050000 1.050000 0.700000
0.667598 1.897508 9.231510 0.280000 1.820000 -0.490000
0.667598 1.897508 9.231510 0.280000 1.820000 -0.490000
0.667598 1.897508 9.231510 0.280000 1.820000 -0.490000
0.631705 1.873580 9.420543 -2.170000 0.840000 0.910000
0.631705 1.873580 9.420543 -2.170000 0.840000 0.910000
0.619741 1.931008 9.432507 0.210000 0.630000 0.350000
