2.024328 -7.444071 2.105684 -4.340000 -5.460000 25.900000
1.610370 -7.334002 2.139183 2.450000 -1.820000 36.119999
0.538385 -6.374479 1.380659 -6.510000 3.990000 53.970001
0.045464 -6.544370 1.658226 0.560000 8.400000 68.529999
-0.516850 -6.565905 1.375873 -10.010000 12.250000 78.820000
-0.760918 -6.910471 1.347159 -9.380000 12.530000 85.889999
-0.760918 -6.910471 1.347159 -9.380000 12.530000 85.889999
-1.560120 -6.943972 1.605584 7.700000 20.230000 95.760002
-3.555735 -7.580462 1.282553 -28.700001 18.410000 124.389999
-4.917251 -8.638089 1.548156 18.690001 25.969999 134.889999
-6.812366 -8.803195 1.512264 17.219999 29.330000 141.610001
-7.221539 -9.803394 2.251646 11.690000 27.090000 150.289993
-7.209574 -9.365508 2.505285 17.920000 20.510000 143.639999
-7.209574 -9.365508 2.505285 17.920000 20.510000 143.639999
-8.394022 -9.920642 2.282753 -14.070000 14.560000 151.339996
-8.645268 -11.002198 3.069991 7.000000 5.810000 157.149994
-9.238688 -9.131011 2.529213 7.840000 8.120000 122.430000
-9.281759 -8.133204 2.629712 -9.520000 10.360000 117.320000
-9.119047 -7.733603 2.024328 -15.680000 24.710001 99.050003
-9.135797 -6.829116 1.725225 -6.720000 34.720001 86.660004
-9.087940 -7.142576 1.780260 3.290000 35.139999 82.879997
-9.087940 -7.142576 1.780260 3.290000 35.139999 82.879997
-9.011370 -6.221339 2.486143 8.540000 26.040001 70.769997
-8.851050 -6.419943 2.565106 -6.860000 17.710001 68.250000
-9.217153 -6.735795 2.519642 -4.200000 10.500000 55.230000
-9.406186 -5.218746 2.203789 -36.540001 -0.630000 42.910000
-9.406186 -5.218746 2.203789 -36.540001 -0.630000 42.910000
-9.059227 -5.213961 1.964507 -68.110001 -12.460000 36.750000
-8.688338 -5.395815 1.440479 -70.000000 -13.720000 26.180000
-9.078369 -5.237889 1.141376 -21.000000 -4.130000 18.059999
-9.102298 -4.632504 1.222732 7.840000 1.610000 11.200000
-9.166903 -3.340380 1.471586 7.000000 5.460000 -3.850000
-9.166903 -3.340380 1.471586 7.000000 5.460000 -3.850000
-9.389436 -2.809174 1.244268 -1.190000 1.400000 -4.270000
-9.300901 -2.703890 1.280160 -2.660000 -1.540000 -1.750000
-9.226725 -2.770889 1.165305 -3.710000 -0.910000 -1.120000
-9.226725 -2.770889 1.165305 -3.710000 -0.910000 -1.120000
-9.288938 -2.849852 1.167697 -1.260000 1.540000 -0.420000
