2.751746 -9.099905 3.093920 68.529999 12.670000 -35.209999
3.000600 -8.774480 3.263810 87.290001 17.010000 -39.340000
2.586641 -9.092726 5.178068 86.099998 7.070000 -54.180000
2.586641 -9.092726 5.178068 86.099998 7.070000 -54.180000
3.235096 -7.972885 3.735196 48.860001 4.900000 -54.810001
3.235096 -7.972885 3.735196 48.860001 4.900000 -54.810001
3.883551 -6.943972 5.082355 63.980000 8.470000 -61.880001
3.833302 -7.240681 5.819345 97.650002 16.520000 -63.209999
3.720839 -5.922236 6.539584 94.220001 19.740000 -67.480003
3.969693 -5.008178 7.520642 84.629997 11.830000 -67.340004
4.465007 -4.323831 7.056434 88.129997 7.490000 -63.770000
4.465007 -4.323831 7.056434 88.129997 7.490000 -63.770000
4.867002 -3.187240 7.613962 54.250000 1.820000 -40.180000
4.867002 -3.187240 7.613962 54.250000 1.820000 -40.180000
4.960321 -2.799603 7.769495 34.650002 1.750000 -31.990000
4.996214 -2.629712 7.740781 27.230000 3.010000 -25.760000
4.651647 -2.553142 8.116454 16.309999 -1.050000 -25.480000
4.651647 -2.553142 8.116454 16.309999 -1.050000 -25.480000
5.063213 -1.670190 7.879565 28.559999 1.890000 -17.219999
5.063213 -1.670190 7.879565 28.559999 1.890000 -17.219999
4.838287 -1.761117 8.116454 -10.570000 -6.370000 -4.620000
4.910072 -2.017149 8.037491 3.010000 -2.730000 -4.550000
4.910072 -2.017149 8.037491 3.010000 -2.730000 -4.550000
4.773681 -1.794617 8.051848 -7.560000 -0.490000 -2.730000
4.773681 -1.794617 8.051848 -7.560000 -0.490000 -2.730000
5.034499 -2.026721 7.798209 0.630000 -2.520000 -1.260000
5.067998 -2.175076 7.731210 -4.550000 1.120000 2.800000
5.067998 -2.175076 7.731210 -4.550000 1.120000 2.800000
4.728218 -2.476572 7.946564 1.540000 1.750000 1.050000
4.869394 -2.385644 8.075776 1.820000 2.170000 2.100000
4.869394 -2.328217 8.197811 4.830000 1.120000 1.260000
4.869394 -2.328217 8.197811 4.830000 1.120000 1.260000
5.015356 -2.019542 7.877172 -3.920000 1.050000 2.240000
5.015356 -2.019542 7.877172 -3.920000 1.050000 2.240000
4.833502 -2.356930 8.063812 -12.180000 0.070000 4.410000
4.859823 -2.352145 7.994420 -0.770000 1.190000 2.870000
4.986642 -2.400001 7.960921 -9.520000 1.400000 3.780000
