3.866802 -8.659625 2.385644 -6.720000 3.640000 3.150000
3.902694 -8.786445 2.462214 -8.470000 2.940000 2.800000
3.854837 -8.731410 2.486143 -11.480000 2.520000 3.220000
3.854837 -8.731410 2.486143 -11.480000 2.520000 3.220000
3.830909 -8.377272 2.610569 -45.150002 4.130000 4.060000
3.830909 -8.377272 2.610569 -45.150002 4.130000 4.060000
3.852444 -8.322237 1.406980 -143.570007 2.520000 7.140000
3.617948 -7.958528 1.643869 -184.380005 -3.150000 6.440000
3.718446 -9.116654 -1.251446 -219.800003 -16.450001 9.240000
3.718446 -9.116654 -1.251446 -219.800003 -16.450001 9.240000
3.529413 -7.590034 -1.986043 -227.009995 -17.920000 2.940000
3.790231 -9.193225 -4.991428 -171.779999 -26.250000 2.450000
3.790231 -9.193225 -4.991428 -171.779999 -26.250000 2.450000
3.469593 -6.869793 -4.941179 -176.539993 -21.070000 -4.200000
3.871587 -7.673782 -6.982256 -113.680000 -23.240000 -9.030000
3.598805 -6.348158 -6.774081 -87.709999 -18.129999 -11.760000
3.536592 -5.517848 -6.970293 -132.509995 -20.370001 -9.030000
3.536592 -5.517848 -6.970293 -132.509995 -20.370001 -9.030000
3.349952 -4.711468 -8.231310 -103.110001 -20.580000 -14.070000
3.326023 -3.902694 -8.166703 -112.770004 -20.370001 -14.420000
3.388237 -4.261617 -8.941978 -88.760002 -18.480000 -13.510000
3.302095 -3.395415 -9.133404 -63.139999 -15.400000 -11.830000
3.026921 -2.952743 -8.731410 -72.239998 -13.440001 -9.100000
3.026921 -2.952743 -8.731410 -72.239998 -13.440001 -9.100000
3.144169 -2.924029 -9.530612 -19.809999 -10.430000 -6.580000
2.924029 -2.514857 -9.437292 -9.870000 -3.220000 0.280000
3.163311 -2.720639 -9.528220 -2.660000 4.130000 2.450000
3.125026 -2.548356 -9.355937 -5.390000 6.230000 2.870000
3.089134 -2.689533 -9.171689 -0.840000 6.790000 2.450000
3.089134 -2.689533 -9.171689 -0.840000 6.790000 2.450000
3.000600 -2.734996 -9.040084 -2.660000 6.580000 2.170000
3.098706 -2.828316 -9.078369 -3.710000 7.420000 3.150000
