1.919044 -9.611969 0.849452 -2.590000 4.060000 0.560000
2.134398 -9.923036 1.481157 -0.070000 0.560000 -0.490000
1.931008 -9.597611 1.167697 -3.360000 2.030000 1.260000
2.045863 -9.753145 1.725225 0.070000 0.560000 1.960000
2.045863 -9.753145 1.725225 0.070000 0.560000 1.960000
1.744368 -9.729217 1.751546 -24.570000 1.820000 4.200000
1.744368 -9.729217 1.751546 -24.570000 1.820000 4.200000
1.837688 -9.793823 1.418944 -38.220001 2.520000 6.230000
1.969293 -9.664611 0.476172 1.960000 10.220000 1.470000
1.990828 -9.123833 0.949951 -17.850000 10.430000 8.680000
2.122434 -10.734202 -0.825524 -30.240000 14.560000 6.930000
2.122434 -10.734202 -0.825524 -30.240000 14.560000 6.930000
2.122434 -10.734202 -0.825524 -30.240000 14.560000 6.930000
2.000400 -9.207582 0.177069 -17.219999 21.280001 6.300000
1.947758 -9.614362 -0.284746 -36.610001 26.110001 11.340000
2.057827 -9.796216 -0.122034 -33.040001 26.740000 12.460000
1.411765 -9.652647 -0.835095 -23.590000 29.540001 17.360001
1.411765 -9.652647 -0.835095 -23.590000 29.540001 17.360001
1.189233 -10.011569 -0.768096 -11.900000 25.059999 14.070000
1.560120 -9.911072 -0.306281 -4.410000 18.690001 11.900000
1.160519 -9.652647 -0.729811 0.700000 13.860000 9.940000
1.165305 -10.241282 -0.528814 13.860000 9.450000 3.920000
1.447658 -9.463614 -0.066999 18.059999 6.370000 4.900000
1.155733 -9.707682 -0.344566 9.380000 4.760000 5.320000
1.430908 -9.525827 -0.002393 4.970000 1.470000 0.700000
1.430908 -9.525827 -0.002393 4.970000 1.470000 0.700000
1.277767 -10.042676 -0.404387 3.850000 -0.350000 0.980000
1.354338 -9.719646 -0.179462 2.940000 0.140000 -0.280000
1.268196 -10.104890 -0.301496 1.400000 1.470000 0.630000
1.251446 -10.162319 -0.246461 0.980000 0.280000 1.610000
1.251446 -10.162319 -0.246461 0.980000 0.280000 1.610000
1.217947 -9.997212 -0.270389 0.980000 -0.210000 0.560000
1.320838 -9.724431 -0.229711 3.430000 -0.770000 0.630000
1.179662 -9.774680 -0.299103 5.740000 0.140000 2.100000
1.158126 -9.901501 -0.358923 5.460000 1.120000 1.680000
1.237089 -9.690931 -0.019143 2.590000 1.050000 1.190000
1.194018 -9.913465 -0.279960 4.760000 -0.770000 2.590000
1.213161 -10.092925 -0.186640 8.330000 -0.140000 2.240000
1.198804 -9.793823 -0.074178 6.860000 0.560000 1.680000
1.203590 -9.676575 0.047856 3.080000 0.280000 0.980000
1.148555 -10.018748 -0.026321 1.890000 -1.400000 0.700000
