1.715654 -9.688539 2.797210 17.290001 0.630000 -20.510000
2.431108 -8.556733 3.582055 54.740002 3.710000 -28.910000
2.431108 -8.556733 3.582055 54.740002 3.710000 -28.910000
2.629712 -9.047262 4.328616 83.300003 0.630000 -38.570000
2.629712 -9.047262 4.328616 83.300003 0.630000 -38.570000
2.524428 -9.131011 4.579862 77.209999 -6.510000 -52.150002
2.746960 -9.578469 5.048856 91.980003 -10.990000 -59.849998
3.565305 -7.984849 5.072784 72.660004 -7.000000 -73.080002
3.759124 -7.393822 5.319244 112.000000 -0.280000 -72.940002
3.759124 -6.154340 6.190232 105.629997 8.820000 -77.559998
3.759124 -6.154340 6.190232 105.629997 8.820000 -77.559998
4.467400 -5.295317 6.664011 113.050003 9.170000 -74.970001
4.024727 -5.034499 7.149754 101.639999 9.100000 -76.230003
4.692325 -3.352344 7.475177 116.340004 4.760000 -70.349998
4.962714 -1.725225 7.451250 79.379997 -6.580000 -60.970001
4.962714 -1.725225 7.451250 79.379997 -6.580000 -60.970001
5.077570 -0.236889 7.489535 73.080002 -4.270000 -52.639999
5.077570 -0.236889 7.489535 73.080002 -4.270000 -52.639999
4.977071 0.504886 7.580462 37.170002 -0.070000 -30.309999
4.977071 0.504886 7.580462 37.170002 -0.070000 -30.309999
4.972286 0.751346 8.161918 48.369999 4.550000 -19.250000
4.974678 1.067199 7.556533 13.790000 3.010000 -10.500000
4.969893 0.923629 7.836494 2.380000 -1.400000 -5.600000
5.075177 0.638884 7.996813 -5.460000 -1.190000 -3.990000
5.211568 0.538385 7.936993 -9.730000 -1.750000 -1.190000
5.120641 0.562313 7.910671 -8.540000 -0.840000 -0.630000
5.266603 0.289532 8.073383 -2.660000 -1.050000 -3.150000
4.984250 0.406780 8.061419 -8.330000 2.730000 -2.800000
4.950750 0.401994 7.987241 -8.120000 2.590000 -1.400000
4.929214 0.602991 8.243275 -0.560000 4.200000 -2.590000
5.024928 0.550349 8.224132 0.350000 0.910000 -2.520000
5.024928 0.550349 8.224132 0.350000 0.910000 -2.520000
5.017749 0.528814 8.164310 3.360000 1.610000 -1.260000
5.096712 0.681954 8.173882 -3.290000 -0.140000 -1.120000
5.067998 0.598206 8.178668 -7.910000 0.070000 2.800000
