1.615155 -9.856036 0.165105 -5.040000 6.300000 1.260000
1.674976 -9.856036 0.172283 -5.670000 6.300000 0.770000
1.670190 -9.891929 0.306281 -3.290000 5.880000 0.770000
1.780260 -9.925428 0.234497 1.260000 5.530000 0.280000
1.780260 -9.925428 0.234497 1.260000 5.530000 0.280000
1.708475 -9.798609 0.260818 -5.040000 5.180000 0.350000
1.823331 -10.344172 0.088534 27.299999 8.540000 -0.700000
1.746760 -10.258030 0.490529 81.970001 14.700000 -4.900000
1.746760 -10.258030 0.490529 81.970001 14.700000 -4.900000
1.725225 -10.059426 0.784846 90.440002 17.430000 -4.270000
1.753939 -9.521042 2.072184 120.050003 23.660000 -3.010000
1.753939 -9.521042 2.072184 120.050003 23.660000 -3.010000
1.648655 -7.558927 4.168297 226.240005 36.259998 -4.830000
1.402194 -7.324430 4.326223 192.850006 28.980000 -10.150000
1.306481 -6.946364 4.620540 221.970001 25.200001 -13.580000
1.239482 -4.362115 7.719246 255.779999 34.439999 -24.710001
1.574477 -4.292724 7.633104 196.770004 24.780001 -26.740000
1.598405 -3.318845 7.625926 218.259995 27.230000 -27.090000
1.598405 -3.318845 7.625926 218.259995 27.230000 -27.090000
1.189233 -0.531207 9.595219 203.000000 39.060001 -24.360001
1.280160 -0.873380 8.803195 148.330002 26.880001 -19.740000
1.280160 -0.873380 8.803195 148.330002 26.880001 -19.740000
1.280160 -0.873380 8.803195 148.330002 26.880001 -19.740000
1.280160 -0.873380 8.803195 148.330002 26.880001 -19.740000
1.280160 -0.873380 8.803195 148.330002 26.880001 -19.740000
-0.014357 3.117848 9.303294 24.290001 18.059999 2.940000
-0.014357 3.117848 9.303294 24.290001 18.059999 2.940000
-0.014357 3.117848 9.303294 24.290001 18.059999 2.940000
-0.014357 3.117848 9.303294 24.290001 18.059999 2.940000
-0.071785 3.266203 9.241080 -2.240000 9.730000 3.500000
-0.105284 3.450450 9.406186 -7.700000 7.070000 5.110000
-0.222532 3.266203 9.322437 -12.740000 5.180000 5.600000
-0.222532 3.266203 9.322437 -12.740000 5.180000 5.600000
-0.153141 3.091527 9.186047 -13.510000 2.800000 5.320000
0.002393 3.046063 8.951550 -9.590000 1.890000 4.200000
0.002393 3.046063 8.951550 -9.590000 1.890000 4.200000
0.052642 3.270989 8.927622 -6.230000 2.520000 4.340000
0.064606 2.995814 8.977871 -9.590000 1.750000 4.760000
