3.771089 -8.700303 2.608176 -2.380000 4.060000 3.220000
3.682554 -8.243275 2.560320 -1.470000 -3.150000 6.230000
3.682554 -8.243275 2.560320 -1.470000 -3.150000 6.230000
3.337988 -7.434500 2.352145 -3.640000 -5.740000 10.990000
3.201597 -7.118648 2.139183 -9.170000 -7.840000 14.980000
2.289931 -5.350351 1.203590 0.490000 -4.830000 38.920002
2.289931 -5.350351 1.203590 0.490000 -4.830000 38.920002
2.029114 -5.479564 0.988236 -12.880000 -2.100000 45.990002
1.911865 -6.647261 1.335195 -11.900000 6.370000 63.000000
0.705883 -6.400801 1.366302 5.600000 11.900000 71.680000
0.454636 -8.472985 1.586441 -13.860000 14.420000 91.980003
-0.847059 -8.044669 1.201197 -12.810000 15.540000 94.010002
-0.847059 -8.044669 1.201197 -12.810000 15.540000 94.010002
-1.328017 -9.214760 1.538585 -32.480000 12.670000 106.400002
-1.584049 -9.719646 1.371087 -2.940000 16.030001 105.840004
-3.393023 -10.267602 1.615155 -8.400000 21.070000 104.650002
-3.728018 -9.523434 1.483550 -15.260000 22.400000 96.529999
-4.883751 -9.564112 0.882952 -22.330000 22.680000 100.940002
-4.761717 -9.659825 1.105484 -4.200000 17.780001 108.849998
-4.761717 -9.659825 1.105484 -4.200000 17.780001 108.849998
-7.006185 -9.116654 2.031506 9.310000 11.340000 127.680000
-6.946364 -8.673983 1.148555 -25.760000 4.900000 121.870003
-9.138189 -10.569098 0.722632 -22.540001 4.690000 126.349998
-9.236296 -9.992428 0.708275 2.870000 2.310000 126.209999
-9.236296 -9.992428 0.708275 2.870000 2.310000 126.209999
-8.915657 -9.336794 1.016950 4.690000 15.400000 87.430000
-8.023134 -9.226725 0.552742 -24.639999 7.490000 74.199997
-8.023134 -9.226725 0.552742 -24.639999 7.490000 74.199997
-8.480164 -7.554141 1.138984 36.750000 17.990000 56.279999
-8.188239 -7.030113 1.227518 15.050000 14.910000 48.299999
-8.341379 -8.111670 1.033699 -11.690000 3.500000 36.540001
-8.542377 -6.355337 1.024128 -25.200001 -2.730000 16.660000
-8.274381 -6.400801 0.629312 -36.680000 -9.940000 10.990000
-8.274381 -6.400801 0.629312 -36.680000 -9.940000 10.990000
-8.599805 -5.733203 0.528814 -17.430000 -10.150000 5.950000
-8.614161 -5.288138 0.442672 -19.389999 -11.480000 4.060000
-8.422735 -5.402994 0.198604 -14.560000 -9.660000 3.570000
-8.642875 -4.847858 0.227318 5.810000 -3.990000 2.730000
-8.611769 -4.728218 0.217747 3.500000 -3.220000 2.240000
-8.810372 -4.771288 0.289532 -1.470000 -1.470000 0.070000
-8.810372 -4.608576 0.165105 -6.090000 -1.750000 -1.400000
-8.659625 -4.570292 0.093320 -6.720000 -0.980000 -0.910000
