1.785046 -7.824530 2.021935 4.410000 6.160000 18.059999
1.619941 -7.802995 1.852045 5.180000 6.720000 21.910000
1.646262 -7.704889 1.990828 15.610000 11.060000 31.150000
1.646262 -7.704889 1.990828 15.610000 11.060000 31.150000
0.909273 -6.903293 2.165504 9.800000 15.750000 33.950001
0.488136 -7.319644 2.096112 2.100000 19.670000 50.820000
0.488136 -7.319644 2.096112 2.100000 19.670000 50.820000
0.112463 -7.156933 1.909473 5.880000 23.309999 53.270000
-0.945165 -7.300502 1.954936 2.170000 29.610001 61.180000
-1.347159 -7.173682 2.019542 0.350000 30.380001 72.169998
-1.435694 -7.360322 1.923829 -0.910000 34.230000 76.580002
-1.435694 -7.360322 1.923829 -0.910000 34.230000 76.580002
-3.481557 -7.525427 2.287539 -4.060000 45.430000 93.449997
-3.481557 -7.525427 2.287539 -4.060000 45.430000 93.449997
-4.788038 -8.788837 2.553142 -8.330000 32.970001 111.160004
-5.644669 -9.475577 2.390430 -31.500000 27.650000 119.279999
-6.061020 -9.571291 2.416751 -27.580000 13.090000 124.669998
-6.283553 -9.164511 1.459622 -30.170000 15.470000 118.720001
-6.283553 -9.164511 1.459622 -30.170000 15.470000 118.720001
-7.690532 -9.372685 1.801795 -19.389999 14.070000 112.489998
-7.587641 -8.528020 1.227518 -32.200001 16.100000 107.309998
-8.449057 -9.743573 1.521835 -20.230000 19.250000 111.300003
-8.693125 -7.848458 1.172483 12.320000 26.950001 97.160004
-8.693125 -7.848458 1.172483 12.320000 26.950001 97.160004
-8.370094 -7.673782 1.313660 -4.760000 22.260000 94.919998
-9.013763 -8.011170 1.339981 0.350000 20.510000 90.930000
-8.501699 -7.377072 1.351945 -5.530000 9.310000 84.000000
-8.501699 -7.377072 1.351945 -5.530000 9.310000 84.000000
-8.501699 -7.377072 1.351945 -5.530000 9.310000 84.000000
-9.444471 -6.156733 1.387837 -13.650000 6.090000 65.309998
-9.444471 -6.156733 1.387837 -13.650000 6.090000 65.309998
-8.987441 -6.288338 1.076770 -13.930000 -4.690000 48.369999
-9.219545 -5.283352 0.686740 -21.280001 -7.000000 35.980000
-9.219545 -5.283352 0.686740 -21.280001 -7.000000 35.980000
-8.800802 -5.278566 0.598206 -7.840000 -5.670000 25.549999
-8.867801 -4.811966 0.610170 1.260000 1.820000 19.950001
-9.207582 -4.065405 0.744168 6.020000 4.200000 4.970000
-9.102298 -3.955336 0.784846 1.890000 3.500000 3.290000
-9.102298 -3.639483 0.866202 2.660000 1.330000 0.980000
-9.162118 -3.646662 0.799203 1.120000 -1.050000 -1.680000
-9.188439 -3.641876 0.851845 4.900000 -0.980000 -2.660000
