3.275774 -8.798409 2.395216 -4.830000 -2.800000 7.910000
3.175276 -8.903693 2.266003 -1.260000 -3.290000 9.730000
2.971886 -8.626125 1.986043 -2.030000 -1.470000 11.550000
2.833102 -8.489735 2.160719 0.350000 -0.770000 14.350000
2.342573 -7.690532 1.878366 -4.130000 0.700000 16.799999
2.342573 -7.690532 1.878366 -4.130000 0.700000 16.799999
2.000400 -7.228717 1.686940 -3.920000 3.290000 19.040001
1.217947 -5.668597 1.383051 -11.760000 9.730000 42.139999
0.729811 -5.568098 1.191626 -25.549999 13.300000 52.220001
1.265803 -7.216753 1.232304 2.800000 16.030001 70.209999
1.265803 -7.216753 1.232304 2.800000 16.030001 70.209999
-0.251246 -6.467800 1.804188 32.130001 26.809999 80.989998
-0.820738 -6.360123 1.698904 -3.360000 25.270000 88.059998
-2.821138 -7.341179 1.622334 -1.190000 30.870001 107.870003
-3.029313 -7.958528 1.177269 -30.170000 24.710001 111.720001
-3.627519 -9.865608 1.373480 -3.850000 27.440001 133.139999
-5.151747 -7.779066 1.296910 -12.180000 31.639999 125.510002
-5.151747 -7.779066 1.296910 -12.180000 31.639999 125.510002
-6.108876 -8.903693 0.457029 -39.549999 11.200000 135.729996
-6.814759 -9.628718 1.148555 -37.380001 4.830000 124.599998
-6.814759 -9.628718 1.148555 -37.380001 4.830000 124.599998
-7.494320 -11.085947 2.344966 -34.090000 -2.940000 120.400002
-7.494320 -11.085947 2.344966 -34.090000 -2.940000 120.400002
-8.310273 -10.636096 1.019342 -24.219999 3.570000 103.110001
-7.704889 -9.635897 1.665405 16.940001 -0.280000 93.870003
-7.925028 -9.018548 0.691526 0.140000 3.640000 82.320000
-8.338986 -9.509077 0.744168 20.860001 2.380000 78.820000
-8.338986 -9.509077 0.744168 20.860001 2.380000 78.820000
-7.999206 -7.580462 1.418944 31.500000 0.770000 64.330002
-8.269595 -7.434500 0.356531 -31.990000 -6.720000 52.009998
-8.104490 -8.279166 0.129212 -21.070000 -7.910000 50.889999
-8.305488 -6.934400 0.981057 22.049999 -1.330000 44.170002
-8.216952 -7.458428 0.425922 -36.680000 -6.650000 24.219999
-8.386844 -6.477371 0.684347 -19.670000 -6.020000 15.120000
-8.006385 -6.142376 0.459422 -30.240000 -2.940000 8.890000
-8.006385 -6.142376 0.459422 -30.240000 -2.940000 8.890000
-8.250452 -6.214160 0.533599 -22.680000 1.960000 5.600000
-8.654840 -5.154140 0.547956 -7.490000 5.670000 -0.630000
-8.190632 -5.235496 0.717847 -10.640000 7.350000 -0.840000
-8.568698 -5.426922 0.806381 -2.310000 10.010000 -3.360000
-8.719445 -4.654040 0.713061 4.760000 10.640000 -4.900000
-8.472985 -5.020142 1.045663 -3.150000 5.040000 -2.660000
