3.091527 -8.444271 3.467200 5.530000 1.960000 -7.630000
3.072384 -8.190632 3.596412 0.280000 4.060000 -4.270000
3.072384 -8.190632 3.596412 0.280000 4.060000 -4.270000
3.046063 -8.504091 3.524628 4.970000 4.060000 -2.940000
2.952743 -8.286345 3.639483 1.960000 4.690000 -3.290000
3.393023 -8.403593 3.696911 -7.140000 1.470000 -0.770000
3.275774 -8.604590 3.680161 15.330000 2.520000 -3.990000
3.275774 -8.604590 3.680161 15.330000 2.520000 -3.990000
3.194418 -8.642875 3.460021 1.120000 1.120000 -2.310000
3.132205 -8.688338 3.658626 12.950000 1.050000 -3.640000
3.132205 -8.688338 3.658626 12.950000 1.050000 -3.640000
2.890530 -8.059027 3.476771 26.040001 0.140000 -8.190000
2.998207 -8.233703 3.488736 -4.060000 -0.140000 -5.600000
2.995814 -8.573483 4.515256 -5.670000 1.260000 1.610000
2.995814 -8.573483 4.515256 -5.670000 1.260000 1.610000
3.120241 -9.090333 4.632504 -50.750000 5.530000 11.970000
3.120241 -9.090333 4.632504 -50.750000 5.530000 11.970000
3.120241 -9.090333 4.632504 -50.750000 5.530000 11.970000
3.503092 -8.257630 3.416951 -150.080002 6.090000 23.520000
2.455036 -7.231110 1.521835 -165.830002 -20.230000 56.000000
2.766103 -11.344372 -2.799603 7.280000 10.360000 3.920000
2.490928 -9.710074 1.373480 20.020000 4.550000 13.230000
2.012364 -10.162319 0.177069 -31.850000 1.470000 10.850000
2.012364 -10.162319 0.177069 -31.850000 1.470000 10.850000
1.895115 -10.645668 -0.330210 -32.200001 1.610000 7.070000
2.005185 -10.092925 0.105284 1.120000 0.280000 1.750000
1.777867 -10.243673 0.157926 -2.800000 1.260000 -0.210000
1.856830 -10.207782 0.095713 6.720000 1.400000 -0.910000
2.115255 -9.812965 0.306281 0.490000 -1.610000 -1.680000
2.115255 -9.812965 0.306281 0.490000 -1.610000 -1.680000
2.146362 -9.812965 0.241675 -1.330000 -3.570000 -2.940000
2.057827 -9.889536 0.133998 -1.960000 -5.040000 -5.250000
2.273181 -9.554541 -0.071785 -7.000000 -6.930000 -3.430000
2.045863 -9.434900 -0.155533 -2.520000 -4.410000 -2.170000
2.270789 -9.353544 0.122034 7.210000 -5.110000 -2.030000
2.160719 -9.334401 0.263210 -2.030000 -4.970000 -2.030000
2.160719 -9.334401 0.263210 -2.030000 -4.970000 -2.030000
2.210968 -9.571291 -0.208176 -7.280000 -4.760000 -0.910000
2.311467 -9.552148 -0.177069 0.630000 -4.830000 -0.490000
2.246860 -9.671788 -0.066999 -2.310000 -4.830000 -0.420000
2.364109 -9.700503 -0.366102 -2.100000 -6.020000 -0.210000
2.151148 -9.868000 -0.299103 2.170000 -4.480000 -0.280000
