2.567499 -8.822337 4.213760 90.580002 15.750000 -37.170002
2.567499 -8.822337 4.213760 90.580002 15.750000 -37.170002
2.816352 -9.238688 4.520042 100.800003 17.850000 -51.099998
2.909672 -8.319844 5.288138 98.980003 17.710001 -59.570000
3.074777 -8.075776 6.058627 100.940002 17.570000 -64.120003
3.694518 -6.654440 6.202196 107.940002 16.240000 -66.849998
3.687340 -6.180661 6.525227 106.120003 20.370001 -63.139999
3.687340 -6.180661 6.525227 106.120003 20.370001 -63.139999
3.687340 -6.180661 6.525227 106.120003 20.370001 -63.139999
3.562913 -5.063213 7.070791 112.489998 18.760000 -63.070000
3.653840 -4.366901 7.795816 125.440002 15.610000 -68.180000
3.653840 -4.366901 7.795816 125.440002 15.610000 -68.180000
3.615555 -3.938586 7.939385 122.639999 17.080000 -66.849998
3.646662 -2.703890 8.094919 101.430000 2.940000 -65.730003
4.350152 -1.567299 7.843673 90.440002 9.520000 -60.410000
4.170690 -0.289532 8.425128 67.480003 7.980000 -48.230000
4.005585 -0.277567 8.585447 52.009998 -0.210000 -45.360001
4.005585 -0.277567 8.585447 52.009998 -0.210000 -45.360001
4.086941 0.011964 8.468199 41.650002 -1.050000 -43.470001
4.055835 0.897308 8.338986 22.680000 -0.140000 -29.680000
4.096512 0.885344 8.764909 14.420000 -0.420000 -27.860001
4.096512 0.885344 8.764909 14.420000 -0.420000 -27.860001
4.228118 1.555335 8.374879 23.870001 2.240000 -15.330000
4.208975 1.538585 8.535198 6.440000 0.140000 -4.340000
3.972085 1.215554 8.568698 1.050000 2.520000 1.260000
3.972085 1.215554 8.568698 1.050000 2.520000 1.260000
3.950550 0.969093 8.748159 -7.070000 0.630000 2.380000
4.034299 0.985843 8.798409 -10.290000 -6.440000 2.660000
3.972085 1.071985 8.757731 -3.290000 -2.240000 2.030000
4.079762 0.732204 8.580662 -15.540000 -5.460000 3.500000
4.079762 0.732204 8.580662 -15.540000 -5.460000 3.500000
4.242475 0.976272 8.532805 -9.590000 -2.380000 3.150000
4.127619 1.060020 8.580662 1.400000 2.310000 3.010000
4.058227 0.835095 8.807980 -11.830000 0.070000 4.200000
