0.981057 -9.702895 2.213361 0.350000 0.070000 0.070000
0.981057 -9.702895 2.213361 0.350000 0.070000 0.070000
0.988236 -9.588040 2.172683 -0.420000 0.070000 -0.070000
0.973879 -9.662218 2.136791 -0.560000 -0.140000 -0.070000
0.973879 -9.662218 2.136791 -0.560000 -0.140000 -0.070000
1.031307 -9.640682 2.172683 2.030000 -0.140000 -0.280000
0.923629 -9.576077 2.134398 -2.590000 -0.770000 -0.280000
0.935594 -9.523434 2.184647 1.120000 0.420000 -1.120000
0.978664 -9.554541 2.153540 -0.980000 1.050000 -0.560000
0.978664 -9.554541 2.153540 -0.980000 1.050000 -0.560000
0.966700 -9.525827 2.201397 0.840000 1.260000 -0.560000
0.966700 -9.525827 2.201397 0.840000 1.260000 -0.560000
0.988236 -9.659825 2.287539 -0.490000 -0.840000 0.770000
0.981057 -9.657433 2.201397 0.140000 -1.190000 0.210000
0.997807 -9.650253 2.215754 0.140000 -0.910000 0.350000
0.997807 -9.650253 2.215754 0.140000 -0.910000 0.350000
0.954736 -9.635897 2.153540 0.840000 -0.630000 0.350000
0.954736 -9.635897 2.153540 0.840000 -0.630000 0.350000
0.954736 -9.635897 2.153540 0.840000 -0.630000 0.350000
0.954736 -9.635897 2.153540 0.840000 -0.630000 0.350000
0.954736 -9.635897 2.153540 0.840000 -0.630000 0.350000
0.954736 -9.635897 2.153540 0.840000 -0.630000 0.350000
0.954736 -9.635897 2.153540 0.840000 -0.630000 0.350000
1.079163 -9.552148 2.120041 0.560000 -1.050000 0.350000
1.079163 -9.552148 2.120041 0.560000 -1.050000 0.350000
1.079163 -9.552148 2.120041 0.560000 -1.050000 0.350000
1.079163 -9.552148 2.120041 0.560000 -1.050000 0.350000
1.079163 -9.552148 2.120041 0.560000 -1.050000 0.350000
1.050449 -9.645468 2.103291 0.770000 -0.560000 -0.070000
1.050449 -9.645468 2.103291 0.770000 -0.560000 -0.070000
1.050449 -9.645468 2.103291 0.770000 -0.560000 -0.070000
0.966700 -9.542577 2.199004 0.770000 0.350000 -0.630000
0.966700 -9.542577 2.199004 0.770000 0.350000 -0.630000
0.952343 -9.607183 2.297110 0.910000 -0.280000 0.280000
0.952343 -9.607183 2.297110 0.910000 -0.280000 0.280000
0.997807 -9.738789 2.210968 1.050000 -0.210000 0.420000
1.024128 -9.631111 2.151148 0.490000 -1.190000 -0.700000
1.024128 -9.631111 2.151148 0.490000 -1.190000 -0.700000
1.009771 -9.595219 2.151148 1.120000 -0.280000 -0.840000
1.016950 -9.542577 2.151148 1.610000 -0.070000 -0.700000
1.012164 -9.566505 2.220540 1.680000 0.140000 -0.420000
1.012164 -9.566505 2.220540 1.680000 0.140000 -0.420000
1.040878 -9.585647 2.158326 -0.210000 -0.280000 -0.070000
1.040878 -9.585647 2.158326 -0.210000 -0.280000 -0.070000
1.016950 -9.597611 2.194218 1.680000 -0.070000 -0.420000
0.988236 -9.566505 2.103291 -0.070000 0.140000 -0.350000
0.909273 -9.547362 2.218147 0.280000 0.280000 -0.350000
