2.498107 -9.449257 2.545963 20.580000 8.540000 -8.330000
2.476572 -9.166903 3.172883 31.920000 12.670000 -21.910000
2.713461 -9.442079 2.474179 29.120001 14.490000 -27.790001
2.713461 -9.442079 2.474179 29.120001 14.490000 -27.790001
2.967100 -9.676575 2.567499 84.559998 20.790001 -35.349998
2.825923 -8.961121 4.151547 123.690002 24.990000 -47.250000
3.115455 -7.927422 4.460221 86.730003 18.200001 -51.029999
3.476771 -6.821937 5.893522 74.410004 15.050000 -52.709999
3.476771 -6.821937 5.893522 74.410004 15.050000 -52.709999
3.704089 -7.338787 5.826523 44.170002 5.250000 -52.080002
4.082155 -7.300502 5.800202 78.190002 8.610000 -54.740002
3.730411 -6.044270 6.202196 86.449997 14.210000 -58.869999
3.974478 -5.706882 6.491727 85.190002 7.490000 -62.369999
3.878766 -4.644469 7.460821 110.599998 11.410000 -68.879997
4.137190 -3.512664 7.269395 93.590004 6.440000 -67.410004
4.524827 -3.290131 7.913064 119.349998 6.790000 -62.160000
4.761717 -1.962115 7.826923 84.279999 5.880000 -62.930000
5.264209 -1.268196 7.805387 79.379997 4.410000 -55.930000
4.845466 -0.870987 8.080563 93.239998 8.610000 -52.220001
5.060820 0.478565 8.250452 44.310001 -1.260000 -34.299999
4.965107 1.007378 7.850852 9.940000 -3.360000 -23.240000
4.737789 0.667598 8.271988 10.850000 0.420000 -13.160000
4.737789 0.667598 8.271988 10.850000 0.420000 -13.160000
4.606184 0.696311 8.257630 5.040000 -0.630000 -12.810000
4.790431 0.875773 8.312666 -6.090000 -1.750000 -6.650000
4.642076 0.526421 8.233703 -4.480000 -1.120000 -4.060000
4.634897 0.440279 8.379664 -3.920000 -1.750000 -3.710000
4.618148 0.605384 8.439486 -6.370000 -2.590000 -0.140000
4.831109 0.351745 8.231310 -6.650000 -2.100000 1.750000
4.898108 0.122034 8.090133 -7.000000 -1.890000 2.030000
4.852644 -0.083749 7.987241 -8.680000 0.210000 0.630000
4.852644 -0.083749 7.987241 -8.680000 0.210000 0.630000
4.852644 -0.083749 7.987241 -8.680000 0.210000 0.630000
4.838287 -0.179462 8.176274 2.800000 2.100000 -1.610000
4.838287 -0.179462 8.176274 2.800000 2.100000 -1.610000
4.795217 0.107677 8.279166 -8.820000 0.070000 -0.630000
4.843073 0.062213 8.173882 12.950000 3.570000 -1.540000
