1.095913 -9.568897 2.112862 1.120000 0.350000 -0.630000
1.138984 -9.547362 2.148755 -0.980000 -0.630000 -0.140000
1.138984 -9.547362 2.148755 -0.980000 -0.630000 -0.140000
1.000200 -9.473185 2.067399 0.350000 -0.350000 -0.420000
1.000200 -9.473185 2.067399 0.350000 -0.350000 -0.420000
1.103091 -9.458827 2.132005 -0.280000 -0.140000 0.350000
1.100698 -9.573684 2.136791 2.310000 0.560000 1.750000
1.100698 -9.643075 2.215754 1.610000 -0.700000 1.400000
1.088734 -9.717253 2.206182 -0.560000 -1.330000 0.770000
1.079163 -9.722038 2.115255 0.210000 -0.980000 -0.070000
1.079163 -9.722038 2.115255 0.210000 -0.980000 -0.070000
1.045663 -9.734003 2.132005 0.630000 -0.140000 0.210000
1.045663 -9.734003 2.132005 0.630000 -0.140000 0.210000
1.131805 -9.712467 2.177469 1.050000 0.280000 0.210000
1.131805 -9.712467 2.177469 1.050000 0.280000 0.210000
1.119841 -9.633504 2.088934 -0.490000 -1.120000 -0.560000
1.069592 -9.631111 2.103291 0.560000 -0.490000 -0.070000
1.069592 -9.631111 2.103291 0.560000 -0.490000 -0.070000
1.093520 -9.549755 2.139183 0.840000 0.210000 -0.140000
1.021735 -9.528220 2.105684 0.350000 0.350000 -0.140000
1.021735 -9.528220 2.105684 0.350000 0.350000 -0.140000
1.076770 -9.580862 2.179861 0.770000 0.350000 -0.210000
1.076770 -9.580862 2.179861 0.770000 0.350000 -0.210000
1.100698 -9.540184 2.182254 0.910000 0.210000 0.350000
1.050449 -9.480364 2.182254 0.910000 -0.280000 1.120000
1.050449 -9.623933 2.199004 0.420000 -0.560000 0.910000
1.050449 -9.623933 2.199004 0.420000 -0.560000 0.910000
1.040878 -9.540184 2.148755 -0.070000 -0.910000 -0.140000
1.031307 -9.525827 2.076970 -0.420000 -0.630000 0.280000
1.100698 -9.635897 2.146362 0.770000 0.140000 0.350000
1.057628 -9.769895 2.120041 0.630000 0.070000 0.140000
1.095913 -9.609575 2.170290 1.750000 -0.140000 -0.140000
1.036092 -9.645468 2.120041 0.210000 -0.630000 0.280000
1.036092 -9.645468 2.120041 0.210000 -0.630000 0.280000
1.074377 -9.724431 2.141576 0.350000 -0.980000 0.070000
1.052842 -9.614362 2.194218 0.700000 -0.770000 -0.490000
1.024128 -9.533006 2.062613 0.700000 -0.280000 -0.350000
1.074377 -9.523434 2.139183 -0.560000 0.070000 0.210000
1.074377 -9.523434 2.139183 -0.560000 0.070000 0.210000
1.000200 -9.523434 2.191825 0.770000 -0.280000 0.350000
1.119841 -9.528220 2.110470 -0.840000 -0.700000 0.980000
1.031307 -9.650253 2.165504 0.350000 -0.700000 0.630000
