1.818545 -9.499505 3.596412 38.500000 6.440000 -15.190001
1.933401 -9.291330 3.646662 37.099998 5.600000 -16.870001
1.966900 -8.951550 3.416951 17.290001 8.750000 -19.809999
1.966900 -8.951550 3.416951 17.290001 8.750000 -19.809999
2.268396 -8.908479 3.220739 19.250000 9.170000 -27.020000
2.289931 -8.106883 4.570292 92.680000 5.880000 -42.139999
2.493321 -8.319844 4.728218 72.730003 -0.350000 -39.970001
2.746960 -7.312466 5.261817 80.150002 7.910000 -41.090000
2.892922 -7.814958 5.450850 80.570000 7.980000 -47.880001
2.892922 -7.814958 5.450850 80.570000 7.980000 -47.880001
3.170490 -6.637690 6.690332 94.919998 12.670000 -53.760002
3.309274 -6.546762 6.185446 61.599998 13.930000 -56.490002
3.139383 -6.369694 6.312266 79.800003 15.610000 -57.330002
3.641876 -5.424529 6.982256 104.720001 18.690001 -63.630001
3.641876 -5.424529 6.982256 104.720001 18.690001 -63.630001
3.627519 -4.426722 7.731210 100.870003 17.360001 -63.420002
4.077370 -2.591427 7.934600 56.980000 -0.420000 -49.700001
4.278367 -2.055435 8.511270 94.220001 4.830000 -49.560001
3.816552 -1.947758 8.611769 95.199997 3.500000 -56.490002
3.816552 -1.947758 8.611769 95.199997 3.500000 -56.490002
3.814159 -0.638884 8.322237 89.110001 -0.210000 -49.560001
3.814159 -0.638884 8.322237 89.110001 -0.210000 -49.560001
4.206582 0.861416 8.329416 98.349998 4.480000 -46.200001
4.235296 1.490728 8.353344 15.260000 -1.960000 -28.280001
4.082155 1.557728 8.810372 10.360000 0.420000 -21.629999
4.074977 1.462015 8.882158 14.420000 -4.550000 -15.890000
4.268795 1.509871 8.595018 1.330000 -4.970000 -13.510000
4.180261 1.521835 8.477771 -15.890000 -7.070000 -7.840000
4.180261 1.521835 8.477771 -15.890000 -7.070000 -7.840000
4.151547 1.299303 8.343772 -2.240000 -2.730000 -5.810000
4.029513 1.177269 8.492127 -3.500000 -2.800000 -5.600000
4.098906 1.196411 8.389235 -4.060000 -1.050000 -3.850000
4.048656 1.143769 8.587841 -2.310000 1.470000 -1.890000
3.933800 1.110270 8.621340 -1.750000 -0.700000 0.910000
3.933800 1.110270 8.621340 -1.750000 -0.700000 0.910000
4.091727 0.971486 8.738588 -22.680000 -3.780000 2.100000
4.141976 0.966700 8.532805 -17.920000 -2.310000 2.520000
4.053442 1.083949 8.360522 1.190000 0.280000 3.010000
