1.940579 -9.817751 1.014557 -6.790000 -0.350000 -2.030000
2.086541 -9.544970 1.074377 -3.710000 4.130000 -2.590000
1.974079 -9.702895 1.196411 -3.360000 2.380000 -2.100000
1.974079 -9.702895 1.196411 -3.360000 2.380000 -2.100000
2.158326 -9.958927 0.689133 2.660000 1.750000 -3.150000
1.928615 -9.559326 1.323231 -4.060000 2.450000 -3.500000
1.885544 -9.487542 1.421337 -10.500000 2.170000 -2.800000
1.885544 -9.487542 1.421337 -10.500000 2.170000 -2.800000
1.840081 -9.812965 2.134398 -17.430000 2.030000 3.570000
1.840081 -9.812965 2.134398 -17.430000 2.030000 3.570000
1.909473 -10.444671 -0.339781 -20.650000 1.610000 -0.210000
2.172683 -9.777073 1.548156 0.630000 5.040000 -6.720000
2.172683 -9.777073 1.548156 0.630000 5.040000 -6.720000
2.194218 -10.382458 -1.127020 -55.650002 10.290000 -0.840000
2.371287 -9.023334 0.495314 -29.820000 11.900000 -3.150000
2.519642 -9.054441 0.433101 -55.860001 11.270000 -0.280000
2.177469 -9.382257 -0.880559 -77.000000 15.260000 7.280000
2.177469 -9.382257 -0.880559 -77.000000 15.260000 7.280000
2.275574 -9.710074 -1.655833 -81.340004 28.000000 14.700000
1.701297 -10.018748 -3.519842 -38.849998 48.650002 15.610000
1.792224 -9.473185 -2.325824 11.970000 33.389999 4.340000
2.208575 -8.910872 -1.155733 21.139999 21.629999 3.990000
2.208575 -8.910872 -1.155733 21.139999 21.629999 3.990000
2.201397 -9.274581 -0.837488 19.250000 13.300000 7.700000
1.902294 -9.616754 -0.988236 20.160000 6.160000 4.270000
1.792224 -9.336794 -0.820738 12.740000 5.110000 3.710000
2.007578 -9.092726 -1.136591 -3.430000 3.150000 -1.120000
2.098505 -9.951750 -1.122234 -4.620000 2.030000 -0.910000
1.907080 -9.884750 -1.414158 0.700000 2.520000 0.630000
1.868794 -9.789038 -1.454836 8.260000 1.330000 1.190000
1.931008 -9.626326 -1.280160 4.970000 1.890000 4.550000
1.785046 -9.655040 -1.198804 4.690000 1.890000 3.360000
1.844866 -9.549755 -1.067199 2.100000 0.070000 1.680000
1.844866 -9.549755 -1.067199 2.100000 0.070000 1.680000
1.907080 -9.801002 -1.009771 0.840000 -0.560000 -0.420000
1.849652 -10.183852 -1.363909 2.940000 0.980000 1.750000
1.995614 -9.475577 -1.155733 5.460000 0.630000 3.500000
1.859223 -9.695717 -1.182054 6.790000 0.630000 3.150000
1.840081 -9.710074 -0.981057 5.950000 0.840000 4.410000
1.706082 -10.145569 -0.954736 2.590000 1.190000 1.400000
1.818545 -9.372685 -0.655633 0.490000 -0.630000 -0.070000
1.734797 -9.968499 -1.031307 -3.010000 -0.140000 0.420000
