5.228317 -7.657032 3.266203 -3.360000 4.130000 0.770000
5.254639 -7.501499 3.196811 -7.490000 2.100000 1.890000
5.254639 -7.501499 3.196811 -7.490000 2.100000 1.890000
5.240282 -7.625926 3.074777 -0.700000 5.390000 3.010000
5.240282 -7.625926 3.074777 -0.700000 5.390000 3.010000
5.266603 -7.592427 3.098706 -7.420000 3.780000 3.850000
5.266603 -7.592427 3.098706 -7.420000 3.780000 3.850000
5.228317 -7.798209 2.880959 -15.260000 2.310000 4.900000
5.228317 -7.798209 2.880959 -15.260000 2.310000 4.900000
5.273781 -7.599605 3.036492 -1.960000 6.020000 4.270000
5.273781 -7.424929 3.223132 -52.290001 3.010000 7.630000
5.273781 -7.424929 3.223132 -52.290001 3.010000 7.630000
5.123034 -7.171289 2.000400 -179.199997 -3.920000 13.790000
5.123034 -7.171289 2.000400 -179.199997 -3.920000 13.790000
5.125426 -7.896315 1.146162 -100.239998 -7.140000 6.160000
4.981857 -7.532606 1.110270 -153.580002 -10.430000 5.460000
5.324030 -8.547162 -2.794817 -97.230003 -17.150000 -3.290000
5.324030 -8.547162 -2.794817 -97.230003 -17.150000 -3.290000
5.324030 -8.547162 -2.794817 -97.230003 -17.150000 -3.290000
5.168497 -7.348359 -3.163311 -155.610001 -18.340000 -0.420000
4.814359 -6.819544 -4.658825 -194.740005 -20.160000 -2.870000
4.814359 -6.819544 -4.658825 -194.740005 -20.160000 -2.870000
4.632504 -5.350351 -6.515656 -180.669998 -20.230000 -6.790000
4.632504 -5.350351 -6.515656 -180.669998 -20.230000 -6.790000
4.632504 -5.350351 -6.515656 -180.669998 -20.230000 -6.790000
4.761717 -4.017549 -7.960921 -149.869995 -21.350000 -9.450000
4.761717 -4.017549 -7.960921 -149.869995 -21.350000 -9.450000
4.625326 -2.694318 -8.489735 -58.450001 -20.719999 -13.720000
4.625326 -2.694318 -8.489735 -58.450001 -20.719999 -13.720000
4.625326 -2.694318 -8.489735 -58.450001 -20.719999 -13.720000
4.149154 -2.431108 -8.889337 -47.880001 -17.920000 -14.140000
4.149154 -2.431108 -8.889337 -47.880001 -17.920000 -14.140000
4.275974 -2.218147 -8.987441 -42.209999 -15.680000 -13.230000
4.297509 -1.758725 -8.824730 -15.050000 -4.060000 -1.330000
4.297509 -1.758725 -8.824730 -15.050000 -4.060000 -1.330000
4.058227 -1.596013 -8.946764 -5.810000 -0.910000 1.120000
4.058227 -1.596013 -8.946764 -5.810000 -0.910000 1.120000
4.125226 -1.737189 -8.999406 -5.880000 1.400000 1.610000
4.125226 -1.737189 -8.999406 -5.880000 1.400000 1.610000
4.261617 -1.753939 -8.819944 -4.690000 3.920000 3.290000
4.261617 -1.753939 -8.819944 -4.690000 3.920000 3.290000
4.244867 -1.794617 -8.776874 -2.100000 3.640000 3.850000
