2.378466 -9.547362 1.428515 2.940000 -1.050000 0.560000
2.342573 -9.789038 1.428515 11.550000 -0.350000 -1.330000
2.356930 -9.236296 1.842474 12.390000 -0.490000 -0.700000
2.356930 -9.236296 1.842474 12.390000 -0.490000 -0.700000
2.395216 -9.870394 0.964308 6.580000 -1.260000 1.330000
2.349752 -9.169296 1.873580 11.760000 -1.400000 -2.100000
2.591427 -9.588040 2.141576 -2.660000 -4.480000 -5.390000
2.591427 -9.588040 2.141576 -2.660000 -4.480000 -5.390000
2.464607 -8.944371 2.462214 0.770000 -6.230000 -1.470000
2.390430 -9.595219 2.400001 -9.380000 -13.370000 -3.220000
2.490928 -9.140583 2.098505 2.170000 -15.680000 -3.990000
2.574677 -9.856036 1.210768 -14.980000 -12.600000 -3.640000
2.557927 -9.470792 1.763510 -7.280000 -13.300000 -6.440000
2.557927 -9.470792 1.763510 -7.280000 -13.300000 -6.440000
2.742175 -8.970692 1.928615 -14.700000 -15.820000 -6.720000
2.742175 -8.970692 1.928615 -14.700000 -15.820000 -6.720000
2.694318 -9.241080 1.684547 -7.070000 -20.370001 -2.730000
2.694318 -9.241080 1.684547 -7.070000 -20.370001 -2.730000
2.749353 -9.671788 1.165305 -0.420000 -20.860001 -2.170000
2.605784 -9.382257 1.316052 -7.000000 -20.650000 -3.290000
2.701497 -9.793823 1.208375 -1.890000 -21.210001 -5.110000
2.945565 -9.377472 1.165305 0.560000 -20.930000 -3.570000
2.888137 -9.348758 1.155733 -7.210000 -19.809999 -1.890000
2.888137 -9.348758 1.155733 -7.210000 -19.809999 -1.890000
2.964707 -9.245867 0.698704 4.270000 -13.510000 -1.190000
2.995814 -9.212367 0.650848 4.830000 -10.640000 -0.700000
2.921637 -9.334401 0.447458 -0.070000 -5.810000 0.070000
2.938386 -9.274581 0.569492 0.630000 -1.330000 0.210000
2.962314 -9.265009 0.516850 2.240000 -0.560000 0.700000
2.995814 -9.454042 0.524028 -1.330000 0.490000 0.700000
3.038885 -9.420543 0.662812 0.490000 0.910000 -0.140000
2.995814 -9.432507 0.744168 -0.630000 1.260000 -0.140000
3.077170 -9.537791 0.677169 -2.450000 2.870000 -0.210000
