1.375873 -9.382257 2.572284 -7.070000 1.890000 -0.350000
1.375873 -9.382257 2.572284 -7.070000 1.890000 -0.350000
1.031307 -9.808180 2.505285 -26.740000 0.420000 0.420000
1.031307 -9.808180 2.505285 -26.740000 0.420000 0.420000
1.246661 -9.456435 2.268396 4.620000 -0.980000 -1.610000
1.320838 -9.784252 1.864009 -5.670000 0.350000 -0.280000
1.320838 -9.784252 1.864009 -5.670000 0.350000 -0.280000
1.320838 -9.784252 1.864009 -5.670000 0.350000 -0.280000
1.165305 -9.868000 2.115255 -0.980000 5.390000 -1.540000
1.093520 -9.401401 2.988636 -46.970001 -1.190000 -3.080000
1.093520 -9.401401 2.988636 -46.970001 -1.190000 -3.080000
1.299303 -10.528419 2.904887 -47.250000 -5.390000 2.170000
1.299303 -10.528419 2.904887 -47.250000 -5.390000 2.170000
1.253839 -9.693325 1.210768 -46.060001 -10.710000 11.270000
0.995414 -9.769895 -0.614955 -40.250000 9.800000 5.880000
1.076770 -9.501899 -1.026521 -46.410000 13.790000 6.790000
1.076770 -9.501899 -1.026521 -46.410000 13.790000 6.790000
1.478764 -9.887143 -0.691526 -66.709999 32.830002 9.380000
1.478764 -9.887143 -0.691526 -66.709999 32.830002 9.380000
0.885344 -10.119246 -2.225325 -34.790001 38.430000 13.160000
1.083949 -9.714860 -1.000200 17.290001 24.360001 -1.120000
1.158126 -9.530612 -0.454636 17.990000 14.140000 0.910000
1.158126 -9.530612 -0.454636 17.990000 14.140000 0.910000
1.045663 -9.846465 -0.349352 -12.110000 7.490000 -3.080000
1.045663 -9.846465 -0.349352 -12.110000 7.490000 -3.080000
0.957129 -10.308280 -0.792024 -14.420000 1.890000 -5.600000
0.957129 -10.308280 -0.792024 -14.420000 1.890000 -5.600000
1.079163 -9.784252 -0.988236 -1.120000 0.490000 -1.540000
1.079163 -9.784252 -0.988236 -1.120000 0.490000 -1.540000
1.060020 -9.623933 -0.928415 0.630000 -0.140000 -0.350000
1.138984 -9.506684 -0.894916 -5.670000 -0.280000 0.840000
1.148555 -9.413363 -0.899701 -7.560000 -0.140000 1.330000
1.048056 -10.001998 -1.004985 8.890000 1.120000 4.270000
1.048056 -10.001998 -1.004985 8.890000 1.120000 4.270000
0.949951 -9.858429 -0.997807 10.780000 2.800000 4.620000
0.949951 -9.858429 -0.997807 10.780000 2.800000 4.620000
