2.086541 -9.674182 1.256232 -7.490000 0.770000 0.280000
1.988436 -9.523434 1.447658 -0.490000 -0.280000 -0.560000
2.029114 -9.317651 1.196411 -4.550000 1.190000 -0.350000
2.215754 -9.700503 1.438086 -3.920000 1.960000 1.470000
2.215754 -9.700503 1.438086 -3.920000 1.960000 1.470000
1.935793 -9.262616 1.689333 -7.840000 0.420000 2.030000
2.100898 -9.487542 1.225125 -35.070000 0.070000 7.070000
1.990828 -10.011569 1.411765 -7.630000 1.960000 6.720000
1.990828 -10.011569 1.411765 -7.630000 1.960000 6.720000
1.775474 -9.040084 1.478764 -17.850000 0.210000 6.230000
1.856830 -9.489935 0.880559 -62.790001 1.820000 10.990000
2.086541 -10.564312 0.196211 -32.340000 2.170000 3.640000
2.086541 -10.564312 0.196211 -32.340000 2.170000 3.640000
1.935793 -10.258030 -0.363709 -21.420000 6.230000 1.680000
1.935793 -10.258030 -0.363709 -21.420000 6.230000 1.680000
1.744368 -9.643075 0.088534 -17.430000 16.730000 9.520000
1.746760 -10.047462 -0.129212 -18.900000 15.190001 9.380000
1.655833 -10.001998 -0.308674 -15.680000 15.890000 7.560000
1.655833 -10.001998 -0.308674 -15.680000 15.890000 7.560000
1.550549 -9.714860 -0.028714 -22.190001 14.840000 10.010000
1.466800 -9.915856 -0.780060 -17.639999 21.629999 14.140000
1.543371 -9.779467 -0.832702 -10.010000 23.450001 20.299999
1.270589 -9.918249 -1.016950 -0.700000 24.570000 25.410000
1.036092 -9.604790 -0.839881 20.930000 15.680000 18.340000
0.803988 -9.628718 -0.459422 21.490000 13.580000 13.440001
1.007378 -9.731609 0.320638 8.050000 5.880000 6.930000
1.016950 -10.006784 -0.133998 2.800000 1.190000 1.540000
0.937986 -10.088140 -0.172283 2.590000 0.490000 0.210000
0.937986 -10.088140 -0.172283 2.590000 0.490000 0.210000
0.897308 -9.868000 -0.129212 2.800000 0.700000 0.420000
0.765703 -9.834501 -0.102891 1.680000 0.210000 0.560000
0.882952 -10.186246 -0.212961 2.800000 1.120000 1.540000
1.019342 -9.731609 -0.028714 4.200000 -0.910000 0.280000
0.933201 -9.540184 -0.100499 5.180000 -1.540000 -0.700000
0.811167 -9.566505 0.033500 1.890000 -0.280000 0.070000
1.093520 -9.930215 -0.019143 0.350000 1.400000 0.700000
0.813560 -9.736395 -0.007178 8.330000 0.070000 -0.140000
0.906880 -9.262616 0.265603 5.320000 -0.490000 2.100000
0.902094 -9.927821 0.129212 5.320000 0.490000 1.960000
