-1.399801 -9.418150 3.421736 -1.750000 0.280000 -0.070000
-1.349552 -9.023334 3.572484 0.420000 -0.210000 0.910000
-1.402194 -9.399008 3.335595 -1.330000 -0.210000 0.420000
-1.385444 -9.403792 3.522235 -1.050000 -0.770000 -0.840000
-1.454836 -9.183653 3.230310 -3.080000 -0.070000 -0.910000
-1.454836 -9.183653 3.230310 -3.080000 -0.070000 -0.910000
-1.256232 -9.174082 3.460021 -1.050000 0.560000 -0.840000
-1.383051 -9.253045 3.294917 -2.240000 0.700000 -2.450000
-1.256232 -9.231510 3.498307 -0.210000 -0.070000 -2.870000
-1.378266 -9.152546 3.421736 -0.280000 1.680000 -1.120000
-1.378266 -9.152546 3.421736 -0.280000 1.680000 -1.120000
-1.368695 -9.296116 3.323631 0.560000 0.490000 -0.280000
-1.368695 -9.296116 3.323631 0.560000 0.490000 -0.280000
-1.296910 -9.008978 3.500700 -0.770000 -0.070000 -0.070000
-1.330409 -9.042477 3.412165 1.610000 0.560000 0.490000
-1.371087 -9.399008 3.507878 0.840000 -0.070000 1.540000
-1.371087 -9.399008 3.507878 0.840000 -0.070000 1.540000
-1.328017 -9.432507 3.462414 1.260000 -0.420000 1.750000
-1.517050 -9.176475 3.524628 2.800000 -0.560000 1.750000
-1.304088 -8.944371 3.493521 3.010000 0.490000 0.210000
-1.320838 -9.131011 3.287738 -2.940000 0.770000 -0.350000
-1.201197 -9.224331 3.385844 1.820000 -0.770000 -1.400000
-1.201197 -9.224331 3.385844 1.820000 -0.770000 -1.400000
-1.263410 -8.851050 3.378666 1.960000 1.540000 1.260000
-1.270589 -9.305687 3.361916 -1.820000 2.310000 1.050000
-1.404587 -8.874979 3.251846 -4.760000 3.500000 -0.560000
-1.404587 -8.874979 3.251846 -4.760000 3.500000 -0.560000
-1.361516 -9.274581 3.438486 2.310000 2.450000 -2.170000
-1.308874 -9.061620 3.460021 -2.030000 2.240000 0.910000
-1.378266 -9.159724 3.404987 -2.380000 2.380000 0.770000
-1.318445 -9.518648 3.443272 -0.280000 2.100000 0.210000
-1.387837 -9.008978 3.536592 -2.660000 2.380000 1.120000
-1.423729 -9.284152 3.527020 -1.960000 0.420000 -0.140000
-1.423729 -9.284152 3.527020 -1.960000 0.420000 -0.140000
-1.416551 -9.480364 3.594020 0.910000 -1.120000 -0.630000
-1.409373 -9.281759 3.177669 -0.140000 -0.070000 -0.770000
-1.409373 -9.281759 3.177669 -0.140000 -0.070000 -0.770000
-1.299303 -9.248260 3.416951 3.150000 0.350000 -1.540000
-1.215554 -9.097511 3.414558 -0.070000 -0.770000 0.210000
-1.421337 -9.415757 3.333202 -3.010000 1.050000 -0.070000
-1.244268 -9.020942 3.426522 -0.560000 1.050000 -0.070000
-1.397408 -9.245867 3.460021 0.210000 0.630000 0.840000
-1.397408 -9.245867 3.460021 0.210000 0.630000 0.840000
-1.328017 -9.138189 3.486342 -0.910000 1.400000 0.770000
-1.363909 -9.528220 3.220739 -4.480000 2.170000 0.280000
-1.268196 -9.097511 3.601198 5.600000 -0.350000 0.700000
-1.296910 -8.913264 3.460021 0.630000 0.980000 1.750000
-1.320838 -9.056834 3.460021 1.540000 1.190000 0.770000
-1.454836 -9.138189 3.251846 0.140000 0.910000 0.840000
-1.332802 -9.116654 3.448057 -0.630000 0.770000 0.700000
-1.332802 -9.116654 3.448057 -0.630000 0.770000 0.700000
-1.375873 -9.087940 3.424129 -0.980000 2.030000 1.540000
-1.375873 -9.087940 3.424129 -0.980000 2.030000 1.540000
