2.062613 -12.531212 2.727818 -9.520000 -4.480000 -64.820000
2.062613 -12.531212 2.727818 -9.520000 -4.480000 -64.820000
2.062613 -12.531212 2.727818 -9.520000 -4.480000 -64.820000
2.488536 -13.696517 2.603391 -24.430000 -2.450000 -131.880005
2.488536 -13.696517 2.603391 -24.430000 -2.450000 -131.880005
2.488536 -13.696517 2.603391 -24.430000 -2.450000 -131.880005
2.488536 -13.696517 2.603391 -24.430000 -2.450000 -131.880005
5.831308 -7.989635 2.275574 42.000000 -0.910000 -219.800003
5.268995 -7.348359 2.388037 52.290001 -3.640000 -221.339996
5.836094 -3.206382 1.976472 20.020000 -18.480000 -213.009995
5.836094 -3.206382 1.976472 20.020000 -18.480000 -213.009995
6.128019 -1.950150 1.899901 23.170000 -19.389999 -210.979996
6.623333 0.043071 2.045863 27.650000 -22.049999 -203.350006
6.441479 2.218147 1.325624 16.799999 -21.700001 -176.889999
6.441479 2.218147 1.325624 16.799999 -21.700001 -176.889999
6.709475 4.151547 1.423729 20.580000 -17.710001 -155.750000
6.738188 5.501099 0.937986 18.059999 -12.880000 -132.020004
6.939186 6.197411 0.820738 18.410000 -7.700000 -117.320000
7.640282 7.664211 1.411765 -6.020000 1.260000 -37.590000
7.642675 7.487142 1.505085 -13.510000 3.780000 -19.389999
8.157133 5.886343 1.648655 -21.070000 4.690000 5.670000
8.279166 5.075177 1.947758 -2.870000 3.010000 17.360001
8.279166 5.075177 1.947758 -2.870000 3.010000 17.360001
8.279166 4.649254 1.998007 -7.980000 -0.420000 19.460001
8.647661 3.940979 1.830509 -15.820000 -3.360000 18.480000
8.604590 3.598805 2.053042 -6.230000 -4.410000 12.740000
8.736196 3.658626 1.856830 -4.340000 -5.320000 10.220000
8.676375 3.716053 1.897508 -3.500000 -3.010000 9.100000
8.738588 3.859623 2.019542 -5.110000 -0.770000 8.610000
