2.617748 -8.949157 3.723232 -5.530000 0.980000 -1.540000
2.574677 -8.898908 3.445665 5.600000 3.780000 -6.230000
2.426322 -9.131011 3.495914 11.480000 6.510000 -11.760000
2.426322 -9.131011 3.495914 11.480000 6.510000 -11.760000
2.622534 -8.647661 3.378666 10.080000 7.140000 -14.980000
2.603391 -9.157332 3.175276 15.260000 10.360000 -25.620001
2.971886 -9.016156 4.335794 84.279999 17.430000 -64.260002
2.919244 -8.480164 4.663611 77.419998 17.920000 -72.590004
3.553342 -8.114061 5.003392 103.669998 23.730000 -76.230003
3.689733 -6.893722 5.343173 99.400002 24.780001 -79.519997
3.689733 -6.893722 5.343173 99.400002 24.780001 -79.519997
3.943372 -6.786045 6.168696 82.459999 19.809999 -75.250000
4.498507 -5.443672 6.690332 86.379997 15.190001 -68.879997
4.409972 -4.862216 6.632904 60.410000 4.060000 -63.910000
4.409972 -4.862216 6.632904 60.410000 4.060000 -63.910000
4.929214 -4.376472 6.853044 100.099998 12.250000 -61.950001
4.881358 -3.866802 6.915257 88.129997 11.690000 -60.270000
4.924429 -2.804388 7.496714 97.300003 15.680000 -50.750000
4.850252 -2.167897 7.829315 81.269997 14.280000 -49.209999
5.381458 -1.019342 8.248059 59.990002 5.040000 -41.369999
4.996214 -0.622134 8.279166 75.669998 10.850000 -32.340000
4.996214 -0.622134 8.279166 75.669998 10.850000 -32.340000
4.689932 -0.318245 8.489735 57.330002 4.970000 -30.590000
5.005785 -0.088534 8.161918 34.720001 0.280000 -19.670000
4.747360 0.007178 8.401200 33.740002 2.730000 -16.660000
4.912465 -0.208176 8.157133 -4.620000 -4.200000 -11.550000
4.912465 -0.208176 8.157133 -4.620000 -4.200000 -11.550000
4.869394 0.026321 8.279166 6.720000 -4.060000 -10.430000
5.072784 -0.033500 7.941778 9.380000 -3.010000 -10.220000
4.941179 0.023928 8.178668 6.300000 0.210000 -2.240000
4.974678 0.040678 8.240881 6.860000 1.120000 -3.150000
4.974678 0.040678 8.240881 6.860000 1.120000 -3.150000
4.900501 0.069392 8.264810 -8.540000 3.710000 -0.280000
4.902894 -0.062213 8.504091 -0.280000 1.260000 1.260000
4.972286 -0.241675 7.905886 -6.440000 -0.420000 -0.140000
4.972286 -0.241675 7.905886 -6.440000 -0.420000 -0.140000
5.034499 -0.401994 8.185846 -1.820000 2.380000 0.840000
5.034499 -0.401994 8.185846 -1.820000 2.380000 0.840000
4.974678 -0.464208 8.121240 3.570000 1.330000 -2.170000
4.969893 -0.181855 8.202596 -0.140000 2.800000 -0.280000
4.993821 0.220140 8.336594 -2.030000 3.010000 0.280000
