1.964507 -9.676575 1.935793 -2.520000 2.520000 0.490000
2.050649 -9.772287 1.962115 1.260000 2.730000 -0.210000
1.617548 -8.408379 1.734797 3.570000 2.730000 1.610000
1.622334 -7.874779 1.768296 3.290000 3.430000 3.920000
1.622334 -7.874779 1.768296 3.290000 3.430000 3.920000
1.050449 -6.537192 1.452443 -1.400000 7.140000 10.220000
0.672383 -5.623133 1.057628 -14.770000 10.920000 26.670000
-0.088534 -4.859823 1.095913 -4.900000 19.530001 54.599998
-0.088534 -4.859823 1.095913 -4.900000 19.530001 54.599998
-0.715454 -6.108876 0.911665 -12.040000 21.629999 82.529999
-0.918844 -6.994221 1.722832 5.670000 23.870001 97.370003
-2.093720 -6.544370 0.993021 4.690000 29.820000 96.250000
-3.517449 -9.662218 2.084148 -10.640000 24.710001 124.599998
-3.517449 -9.662218 2.084148 -10.640000 24.710001 124.599998
-4.498507 -9.253045 1.519442 -8.890000 27.790001 123.620003
-5.460421 -10.090532 2.249253 -5.040000 16.730000 134.050003
-5.601598 -9.597611 2.395216 -12.040000 16.379999 126.209999
-7.776673 -8.745767 1.739582 4.200000 9.030000 141.820007
-7.707282 -7.764710 1.148555 -5.950000 7.350000 136.149994
-9.040084 -9.145369 0.531207 -46.549999 2.800000 139.860001
-9.623933 -8.906086 1.342373 -5.530000 -1.750000 136.779999
-9.623933 -8.906086 1.342373 -5.530000 -1.750000 136.779999
-8.989835 -8.487342 0.792024 -16.520000 -2.030000 127.750000
-9.973285 -10.049855 0.832702 -34.020000 -4.200000 119.770004
-8.839087 -8.324631 0.574277 -44.660000 -7.140000 94.849998
-9.011370 -8.542377 0.882952 -4.690000 1.540000 68.180000
-8.851050 -7.147361 1.083949 -1.750000 -2.800000 52.920002
-8.831908 -6.984650 0.933201 -8.540000 -5.810000 49.139999
-8.831908 -6.984650 0.933201 -8.540000 -5.810000 49.139999
-8.831908 -6.984650 0.933201 -8.540000 -5.810000 49.139999
-8.889337 -5.048856 0.318245 -25.969999 -16.450001 18.410000
-8.855836 -4.345366 0.239282 -13.510000 -12.180000 14.560000
-8.872586 -4.185047 0.452243 -2.870000 -6.300000 9.170000
-8.872586 -4.185047 0.452243 -2.870000 -6.300000 9.170000
-8.872586 -4.185047 0.452243 -2.870000 -6.300000 9.170000
-9.111869 -3.811767 0.547956 10.430000 -0.910000 7.350000
-9.164511 -3.455236 0.736989 5.320000 -1.540000 7.140000
-9.243474 -3.404987 0.770489 4.690000 -1.190000 7.910000
-9.066404 -3.184847 0.739382 -0.070000 0.910000 5.670000
-9.147761 -3.524628 0.550349 -2.240000 0.770000 7.560000
-9.219545 -3.538985 0.452243 5.530000 1.400000 7.770000
-9.236296 -3.144169 1.083949 6.580000 0.840000 5.880000
