2.330609 -8.819944 4.106083 -7.980000 1.260000 3.640000
2.330609 -8.819944 4.106083 -7.980000 1.260000 3.640000
2.356930 -8.750552 3.902694 -6.720000 2.940000 4.200000
2.356930 -8.750552 3.902694 -6.720000 2.940000 4.200000
2.495714 -8.858230 3.850052 -14.350000 1.540000 3.640000
2.333002 -8.767302 4.003192 -15.190001 0.350000 0.980000
2.333002 -8.767302 4.003192 -15.190001 0.350000 0.980000
2.344966 -8.568698 3.919443 -35.070000 -1.120000 1.190000
2.344966 -8.568698 3.919443 -35.070000 -1.120000 1.190000
2.344966 -8.568698 3.919443 -35.070000 -1.120000 1.190000
2.344966 -8.568698 3.919443 -35.070000 -1.120000 1.190000
2.344966 -8.568698 3.919443 -35.070000 -1.120000 1.190000
2.483750 -8.365308 3.637090 -77.000000 -1.610000 2.940000
2.483750 -8.365308 3.637090 -77.000000 -1.610000 2.940000
2.483750 -8.365308 3.637090 -77.000000 -1.610000 2.940000
2.483750 -8.365308 3.637090 -77.000000 -1.610000 2.940000
2.287539 -9.032906 2.732604 -142.240005 -8.890000 3.500000
2.464607 -8.977871 -2.636890 -100.379997 -9.800000 -3.080000
2.464607 -8.977871 -2.636890 -100.379997 -9.800000 -3.080000
2.464607 -8.977871 -2.636890 -100.379997 -9.800000 -3.080000
2.586641 -8.209774 -3.895515 -165.339996 -11.200000 -1.400000
2.586641 -8.209774 -3.895515 -165.339996 -11.200000 -1.400000
2.761317 -8.025528 -5.185246 -127.260002 -13.650000 -9.100000
2.761317 -8.025528 -5.185246 -127.260002 -13.650000 -9.100000
2.636890 -7.515855 -6.135197 -106.540001 -17.920000 -8.680000
2.591427 -6.709475 -7.013363 -84.910004 -20.370001 -10.010000
2.591427 -6.709475 -7.013363 -84.910004 -20.370001 -10.010000
2.505285 -6.652047 -7.594819 -78.330002 -12.600000 -5.180000
2.505285 -6.652047 -7.594819 -78.330002 -12.600000 -5.180000
2.656033 -5.613562 -7.683353 -36.820000 -9.310000 -4.620000
2.323431 -5.766702 -7.341179 -64.120003 -17.430000 -7.140000
2.108077 -4.936393 -7.798209 -51.660000 -19.460001 -7.910000
2.108077 -4.936393 -7.798209 -51.660000 -19.460001 -7.910000
2.041078 -5.508278 -8.212167 -37.310001 -19.600000 -5.390000
2.041078 -5.508278 -8.212167 -37.310001 -19.600000 -5.390000
1.890330 -4.740182 -8.317451 -22.820000 -14.210000 -2.800000
1.835295 -4.517649 -8.681160 -18.059999 -12.670000 -1.890000
1.682154 -4.393222 -9.209974 -11.270000 -1.330000 -0.420000
1.682154 -4.393222 -9.209974 -11.270000 -1.330000 -0.420000
1.691726 -4.295116 -8.953942 -6.510000 1.610000 1.050000
1.691726 -4.295116 -8.953942 -6.510000 1.610000 1.050000
1.797010 -4.259224 -8.736196 -6.790000 3.990000 1.960000
1.751546 -4.431508 -8.934800 -1.540000 7.630000 3.850000
1.751546 -4.431508 -8.934800 -1.540000 7.630000 3.850000
1.837688 -4.273581 -8.626125 -5.390000 10.220000 3.360000
1.837688 -4.273581 -8.626125 -5.390000 10.220000 3.360000
1.926222 -4.469792 -8.705089 -1.610000 15.260000 5.600000
