1.730011 -9.765109 -0.241675 -5.040000 3.080000 3.290000
1.789831 -9.777073 -0.215354 -6.300000 3.850000 3.780000
1.789831 -9.777073 -0.215354 -6.300000 3.850000 3.780000
1.718047 -9.891929 -0.260818 5.740000 6.650000 3.500000
1.761117 -10.150353 -0.294317 10.220000 7.630000 4.130000
1.804188 -10.356135 -0.330210 20.370001 8.190000 4.130000
1.804188 -10.356135 -0.330210 20.370001 8.190000 4.130000
1.820938 -11.301301 -0.303888 82.320000 14.350000 4.270000
1.624727 -9.992428 0.916451 145.740005 22.049999 1.960000
1.634298 -10.035499 1.112662 145.460007 23.590000 0.840000
1.746760 -8.489735 3.361916 172.690002 31.780001 -5.460000
1.485943 -8.623734 4.082155 160.580002 28.350000 -9.240000
1.485943 -8.623734 4.082155 160.580002 28.350000 -9.240000
1.627119 -6.778866 5.381458 194.600006 27.580000 -8.750000
1.478764 -6.874579 6.187840 160.930008 28.280001 -14.770000
1.505085 -4.103691 7.623533 204.119995 30.100000 -15.190001
1.205983 -3.952943 8.417950 152.600006 24.010000 -20.650000
1.081556 -4.060620 8.085347 146.020004 10.570000 -19.809999
1.744368 -2.213361 8.523234 199.149994 26.530001 -15.820000
1.744368 -2.213361 8.523234 199.149994 26.530001 -15.820000
1.165305 -1.088734 8.913264 127.820000 17.920000 -13.230000
1.124627 1.098306 9.382257 129.009995 28.210001 -7.070000
1.124627 1.098306 9.382257 129.009995 28.210001 -7.070000
1.124627 1.098306 9.382257 129.009995 28.210001 -7.070000
1.124627 1.098306 9.382257 129.009995 28.210001 -7.070000
1.124627 1.098306 9.382257 129.009995 28.210001 -7.070000
1.124627 1.098306 9.382257 129.009995 28.210001 -7.070000
1.124627 1.098306 9.382257 129.009995 28.210001 -7.070000
0.287139 2.553142 9.066404 47.320000 16.030001 -3.710000
0.248854 3.950550 9.401401 11.690000 13.090000 1.750000
0.220140 3.797409 9.485149 -4.690000 11.270000 3.080000
0.220140 3.797409 9.485149 -4.690000 11.270000 3.080000
0.210568 3.196811 9.355937 0.280000 6.300000 2.240000
0.366102 3.383451 9.272188 3.570000 7.140000 2.870000
0.076570 2.821138 9.037691 -9.870000 1.190000 2.590000
0.330210 3.005385 8.937192 0.910000 3.220000 1.190000
0.330210 3.005385 8.937192 0.910000 3.220000 1.190000
0.330210 3.005385 8.937192 0.910000 3.220000 1.190000
0.284746 3.603590 9.174082 -8.820000 3.080000 4.340000
0.284746 3.603590 9.174082 -8.820000 3.080000 4.340000
