3.072384 -8.748159 3.507878 -1.610000 -1.610000 -0.210000
3.084348 -8.772088 3.383451 -8.820000 0.280000 2.310000
3.093920 -8.865408 3.352344 -5.740000 0.210000 2.590000
3.165704 -8.580662 3.184847 4.900000 2.380000 1.470000
3.113062 -8.913264 3.359523 -4.970000 1.120000 -0.140000
3.127419 -8.865408 3.390630 -0.210000 0.910000 -0.140000
2.986243 -8.953942 3.101098 -19.950001 3.570000 2.170000
3.182454 -8.640482 3.692125 -30.520000 3.570000 4.340000
3.182454 -8.640482 3.692125 -30.520000 3.570000 4.340000
2.876173 -9.391829 2.845066 -53.970001 4.340000 8.400000
3.175276 -9.176475 2.036292 -49.279999 5.880000 7.350000
3.254239 -5.898308 2.928815 -46.200001 8.330000 25.830000
2.792424 -10.595419 2.246860 -90.370003 -0.280000 6.860000
2.962314 -7.166504 1.840081 -108.290001 -16.100000 27.790001
2.488536 -7.824530 0.851845 -125.230003 -11.830000 38.990002
1.842474 -9.552148 -0.047856 -103.180000 -10.920000 29.469999
2.395216 -10.179067 -0.866202 25.549999 -3.570000 13.300000
1.828116 -10.033106 0.177069 -5.460000 -0.910000 15.890000
1.957329 -10.277173 -0.277567 7.630000 0.700000 11.200000
1.950150 -9.777073 -0.208176 2.590000 4.060000 10.080000
1.959722 -10.303494 -0.306281 -1.960000 4.550000 4.760000
1.959722 -10.303494 -0.306281 -1.960000 4.550000 4.760000
1.864009 -9.657433 0.284746 13.090000 1.680000 0.910000
1.940579 -9.942179 -0.363709 -5.810000 0.420000 2.660000
1.890330 -9.815358 -0.088534 8.960000 2.240000 -0.280000
1.842474 -9.516255 0.428315 1.050000 2.030000 -0.350000
1.808974 -9.734003 -0.088534 -10.080000 1.890000 -0.910000
1.808974 -9.734003 -0.088534 -10.080000 1.890000 -0.910000
1.950150 -9.781858 0.004786 0.140000 1.680000 -1.190000
1.861616 -9.832108 0.062213 -3.290000 1.680000 -0.490000
1.892723 -9.564112 0.260818 4.340000 -1.400000 -1.470000
1.761117 -9.784252 -0.086142 -3.920000 0.840000 -0.630000
1.761117 -9.784252 -0.086142 -3.920000 0.840000 -0.630000
1.890330 -9.714860 0.279960 4.130000 1.260000 -1.190000
1.890330 -9.714860 0.279960 4.130000 1.260000 -1.190000
1.849652 -9.748360 -0.009571 -2.520000 1.330000 -0.840000
1.828116 -9.734003 0.217747 0.630000 -0.630000 -2.450000
