1.775474 -9.801002 1.301696 -6.650000 3.360000 2.660000
1.713261 -9.753145 1.040878 -8.120000 3.920000 1.890000
1.756332 -9.784252 1.146162 -5.040000 4.480000 1.120000
1.799403 -9.621540 1.172483 -4.480000 4.410000 1.890000
1.820938 -9.602397 1.323231 -5.880000 4.830000 2.940000
1.820938 -9.602397 1.323231 -5.880000 4.830000 2.940000
1.820938 -9.784252 1.107877 -6.790000 4.970000 3.010000
1.820938 -9.784252 1.107877 -6.790000 4.970000 3.010000
1.820938 -9.784252 1.107877 -6.790000 4.970000 3.010000
1.818545 -10.124033 1.055235 25.270000 6.300000 2.030000
1.739582 -10.633704 1.304088 190.820007 19.950001 0.770000
1.739582 -10.633704 1.304088 190.820007 19.950001 0.770000
1.691726 -9.975677 1.471586 257.390015 25.690001 -0.700000
1.366302 -6.994221 4.500899 294.839996 33.880001 -7.420000
1.306481 -5.852845 6.989435 176.399994 18.340000 -17.639999
1.306481 -5.852845 6.989435 176.399994 18.340000 -17.639999
1.785046 -5.520242 7.862815 142.800003 13.230000 -17.219999
1.866402 -4.852644 8.465806 147.699997 20.299999 -13.790000
1.615155 -3.996014 8.059027 156.869995 23.730000 -7.980000
1.631905 -1.596013 9.075976 156.240005 28.559999 -2.310000
1.406980 -2.227718 9.578469 116.550003 20.510000 -4.900000
0.887737 0.294317 9.865608 114.730003 21.000000 0.280000
1.071985 0.181855 9.760324 87.220001 16.520000 -4.060000
1.071985 0.181855 9.760324 87.220001 16.520000 -4.060000
1.071985 0.181855 9.760324 87.220001 16.520000 -4.060000
1.071985 0.181855 9.760324 87.220001 16.520000 -4.060000
0.751346 1.663012 9.887143 13.370000 6.230000 0.630000
0.832702 1.438086 9.815358 4.200000 3.990000 0.560000
0.866202 1.454836 9.626326 -3.430000 2.100000 1.260000
0.890130 1.564906 9.722038 -7.070000 3.220000 2.590000
0.835095 1.165305 9.403792 -5.250000 2.310000 1.890000
0.930808 1.497907 9.322437 -1.890000 2.730000 3.570000
0.930808 1.497907 9.322437 -1.890000 2.730000 3.570000
0.930808 1.497907 9.322437 -1.890000 2.730000 3.570000
0.930808 1.497907 9.322437 -1.890000 2.730000 3.570000
0.801596 1.186840 9.176475 -10.500000 2.450000 4.480000
0.784846 0.961915 9.214760 -6.370000 2.240000 2.590000
0.978664 1.411765 9.152546 -9.870000 5.950000 4.760000
0.978664 1.411765 9.152546 -9.870000 5.950000 4.760000
0.961915 1.143769 9.090333 -6.300000 4.550000 3.360000
