1.000200 -9.588040 2.249253 -0.210000 0.420000 -0.770000
1.040878 -9.590433 2.230111 1.540000 -0.350000 0.070000
1.064806 -9.564112 2.256432 0.490000 -0.490000 0.210000
1.052842 -9.590433 2.203789 0.140000 0.070000 -0.280000
1.150948 -9.595219 2.117648 0.700000 0.070000 -0.070000
1.150948 -9.595219 2.117648 0.700000 0.070000 -0.070000
1.148555 -9.674182 2.199004 -0.910000 -0.420000 0.210000
1.071985 -9.456435 2.191825 0.630000 -0.350000 -0.840000
1.083949 -9.568897 2.155933 1.050000 -0.350000 0.280000
1.083949 -9.568897 2.155933 1.050000 -0.350000 0.280000
1.050449 -9.477970 2.182254 1.400000 -0.210000 0.420000
1.052842 -9.494720 2.167897 -1.610000 0.070000 0.560000
1.129412 -9.568897 2.139183 0.140000 0.420000 0.420000
1.083949 -9.681360 2.251646 1.960000 0.700000 0.770000
1.043271 -9.705289 2.175076 0.490000 0.840000 0.210000
1.048056 -9.698111 2.222932 0.840000 1.050000 -0.210000
1.002593 -9.674182 2.167897 0.210000 0.840000 -0.560000
1.002593 -9.674182 2.167897 0.210000 0.840000 -0.560000
1.045663 -9.621540 2.301895 -0.350000 0.420000 -0.770000
1.036092 -9.592826 2.254039 0.280000 0.140000 -0.840000
1.167697 -9.590433 2.258825 0.910000 0.070000 -0.770000
1.057628 -9.312866 2.232504 1.610000 -0.140000 -0.770000
1.091127 -9.521042 2.258825 0.700000 0.280000 1.470000
1.091127 -9.521042 2.258825 0.700000 0.280000 1.470000
1.036092 -9.533006 2.179861 -0.840000 -2.380000 0.210000
1.036092 -9.533006 2.179861 -0.840000 -2.380000 0.210000
1.079163 -9.528220 2.177469 -3.500000 -2.170000 1.190000
1.086342 -9.623933 2.151148 2.240000 -1.120000 1.120000
1.122234 -9.662218 2.050649 0.840000 -0.490000 1.120000
1.134198 -9.698111 2.225325 1.890000 0.070000 0.700000
1.127020 -9.729217 2.208575 0.700000 -0.210000 0.070000
1.074377 -9.652647 2.127219 -0.420000 -0.840000 -0.630000
1.021735 -9.592826 2.132005 -0.840000 -0.210000 -1.050000
1.062413 -9.564112 2.105684 -0.770000 0.350000 -0.700000
1.028914 -9.537791 2.062613 0.840000 0.770000 -0.420000
1.031307 -9.542577 2.172683 -0.280000 1.050000 0.420000
1.117448 -9.583255 2.227718 0.420000 0.560000 0.350000
1.081556 -9.540184 2.258825 -0.630000 -0.490000 0.210000
1.026521 -9.576077 2.263610 -2.660000 -0.560000 0.700000
1.050449 -9.619147 2.251646 1.750000 -0.350000 1.120000
1.050449 -9.619147 2.251646 1.750000 -0.350000 1.120000
