3.804588 -7.728817 4.835894 -2.030000 -0.770000 0.210000
3.751946 -7.525427 4.847858 0.630000 0.490000 -0.490000
3.713661 -7.618747 4.895715 -1.050000 0.490000 -0.210000
3.704089 -7.613962 5.161318 -0.910000 0.420000 0.070000
3.806981 -7.676175 4.950750 -0.980000 -0.070000 0.490000
3.806981 -7.676175 4.950750 -0.980000 -0.070000 0.490000
3.723232 -7.630712 4.922036 -0.420000 -0.420000 -0.210000
3.818945 -7.580462 4.795217 -0.420000 0.280000 -0.140000
3.732803 -7.568498 4.960321 0.560000 1.050000 1.610000
3.732803 -7.568498 4.960321 0.560000 1.050000 1.610000
3.732803 -7.568498 4.960321 0.560000 1.050000 1.610000
3.699304 -7.664211 4.965107 -0.980000 -0.560000 1.470000
3.699304 -7.664211 4.965107 -0.980000 -0.560000 1.470000
3.699304 -7.664211 4.965107 -0.980000 -0.560000 1.470000
3.699304 -7.664211 4.965107 -0.980000 -0.560000 1.470000
3.699304 -7.664211 4.965107 -0.980000 -0.560000 1.470000
3.790231 -7.647461 4.888536 0.770000 0.490000 -0.210000
3.672983 -7.680960 4.852644 0.280000 0.420000 0.700000
3.790231 -7.692925 4.826324 -0.420000 0.630000 0.280000
3.833302 -7.630712 4.974678 -1.960000 -0.420000 0.140000
3.833302 -7.630712 4.974678 -1.960000 -0.420000 0.140000
3.818945 -7.728817 4.819145 -0.700000 -0.420000 0.630000
3.687340 -7.776673 5.067998 -0.560000 0.210000 -0.280000
3.687340 -7.776673 5.067998 -0.560000 0.210000 -0.280000
3.572484 -7.822137 4.929214 0.140000 -0.420000 -0.840000
3.572484 -7.822137 4.929214 0.140000 -0.420000 -0.840000
3.699304 -7.685746 4.984250 1.470000 0.980000 -0.770000
3.814159 -7.558927 4.761717 -0.700000 0.210000 -0.630000
3.672983 -7.546963 4.993821 0.490000 1.610000 0.770000
3.620341 -7.690532 5.106283 -0.840000 0.140000 0.070000
3.620341 -7.690532 5.106283 -0.840000 0.140000 0.070000
3.778267 -7.673782 4.802395 -2.240000 -0.140000 -0.350000
3.670590 -7.692925 4.960321 1.890000 1.470000 0.140000
3.739982 -7.611568 5.048856 0.630000 -0.420000 0.210000
3.735196 -7.673782 4.730610 -1.680000 -0.350000 0.770000
3.737589 -7.640282 4.828716 0.070000 0.280000 -0.490000
3.751946 -7.609176 5.072784 -0.700000 -0.280000 -0.350000
3.845266 -7.661818 4.716253 -1.120000 0.070000 0.910000
3.845266 -7.661818 4.716253 -1.120000 0.070000 0.910000
3.845266 -7.661818 4.716253 -1.120000 0.070000 0.910000
3.845266 -7.661818 4.716253 -1.120000 0.070000 0.910000
3.845266 -7.661818 4.716253 -1.120000 0.070000 0.910000
3.845266 -7.661818 4.716253 -1.120000 0.070000 0.910000
3.845266 -7.661818 4.716253 -1.120000 0.070000 0.910000
3.845266 -7.661818 4.716253 -1.120000 0.070000 0.910000
3.845266 -7.661818 4.716253 -1.120000 0.070000 0.910000
3.845266 -7.661818 4.716253 -1.120000 0.070000 0.910000
3.756732 -7.623533 4.828716 0.630000 0.560000 0.490000
3.627519 -7.645068 4.967500 -0.980000 -0.630000 -0.140000
3.795017 -7.609176 4.919643 -0.980000 0.070000 0.280000
3.795017 -7.609176 4.919643 -0.980000 0.070000 0.280000
3.771089 -7.671390 5.106283 1.610000 0.420000 1.050000
3.675375 -7.740781 4.934000 1.120000 -0.280000 1.260000
