2.376073 -9.463614 1.952543 -0.210000 1.120000 1.750000
2.309074 -9.195618 2.273181 1.890000 0.210000 2.660000
2.182254 -9.446864 1.782653 1.470000 -1.540000 1.470000
2.182254 -9.446864 1.782653 1.470000 -1.540000 1.470000
2.311467 -9.456435 1.457229 1.960000 0.140000 0.910000
2.471786 -9.714860 1.452443 8.330000 1.750000 -1.330000
2.541178 -9.274581 2.100898 7.280000 -0.560000 -6.230000
2.589034 -9.174082 2.584249 1.330000 -1.890000 -7.630000
2.282753 -9.712467 1.811367 -15.330000 -10.220000 -3.290000
2.282753 -9.712467 1.811367 -15.330000 -10.220000 -3.290000
2.402394 -10.138390 1.071985 -2.590000 -10.570000 -3.500000
2.498107 -8.504091 2.593820 6.160000 -8.330000 0.070000
2.478964 -9.899107 1.627119 1.750000 -7.630000 -0.490000
2.689533 -8.310273 2.725425 21.210001 -5.810000 -0.070000
2.495714 -9.920642 2.234896 -13.580000 -11.550000 -0.490000
2.495714 -9.920642 2.234896 -13.580000 -11.550000 -0.490000
2.395216 -8.645268 2.904887 -3.500000 -12.180000 -3.640000
2.433501 -9.681360 2.048256 -0.910000 -13.160000 -3.570000
2.433501 -9.681360 2.048256 -0.910000 -13.160000 -3.570000
2.562713 -9.480364 1.823331 5.600000 -12.250000 -4.060000
2.636890 -9.475577 2.301895 14.840000 -14.140000 -5.810000
2.708675 -9.442079 2.141576 18.480000 -15.190001 -7.280000
2.787638 -9.300901 2.270789 11.480000 -18.620001 -7.280000
2.919244 -9.157332 2.033899 -1.750000 -16.520000 -6.860000
2.919244 -9.157332 2.033899 -1.750000 -16.520000 -6.860000
2.792424 -8.901299 2.266003 -3.500000 -16.799999 -5.950000
2.962314 -9.083155 1.782653 -5.040000 -15.820000 -6.790000
3.156133 -9.162118 1.758725 -2.800000 -12.670000 -4.970000
3.084348 -9.128618 1.995614 -1.400000 -10.220000 -0.980000
3.065206 -9.260223 1.976472 -1.330000 -8.540000 0.140000
3.139383 -9.296116 1.732404 -5.880000 -8.190000 -0.630000
3.158526 -9.107083 1.828116 -2.800000 -7.070000 -0.840000
3.158526 -9.107083 1.828116 -2.800000 -7.070000 -0.840000
3.251846 -9.250652 1.677369 1.120000 -4.550000 0.070000
3.081956 -9.300901 1.849652 -3.570000 -3.850000 0.840000
3.292524 -9.064013 1.619941 -4.410000 -0.700000 2.240000
3.046063 -9.310472 1.651048 -1.050000 1.820000 0.980000
3.046063 -9.310472 1.651048 -1.050000 1.820000 0.980000
3.103491 -9.355937 1.785046 -1.470000 2.940000 2.100000
3.122634 -9.229117 1.873580 -4.410000 3.360000 1.960000
3.093920 -9.238688 1.806581 -2.240000 1.960000 1.610000
3.005385 -9.353544 1.725225 5.320000 3.850000 2.800000
