2.744568 -8.745767 2.268396 1.260000 2.800000 4.200000
2.486143 -8.386844 2.316252 3.220000 5.460000 4.060000
2.469393 -8.245667 2.385644 7.560000 3.640000 12.040000
2.469393 -8.245667 2.385644 7.560000 3.640000 12.040000
2.067399 -7.936993 2.088934 -8.190000 3.360000 15.120000
2.067399 -7.936993 2.088934 -8.190000 3.360000 15.120000
1.969293 -7.106683 2.098505 1.260000 4.760000 30.590000
1.203590 -6.257231 2.117648 -6.230000 6.090000 44.310001
1.167697 -6.326623 1.878366 -11.900000 2.800000 66.849998
1.208375 -7.089933 1.579263 5.040000 1.190000 77.209999
-0.370888 -5.391029 0.966700 0.980000 11.200000 84.910004
-1.986043 -7.195218 1.464408 -33.389999 16.660000 101.290001
-1.986043 -7.195218 1.464408 -33.389999 16.660000 101.290001
-2.344966 -7.716853 1.763510 -13.790000 18.620001 108.779999
-4.634897 -8.386844 1.564906 -6.300000 32.830002 125.720001
-4.773681 -8.195417 1.950150 -7.700000 33.599998 130.690002
-5.922236 -8.915657 1.366302 -17.430000 31.290001 140.839996
-7.384251 -9.329616 1.469193 -18.340000 22.680000 151.270004
-6.594619 -10.231709 2.103291 -8.050000 18.690001 146.229996
-8.989835 -9.262616 1.289732 -0.840000 34.230000 146.300003
-8.989835 -9.262616 1.289732 -0.840000 34.230000 146.300003
-8.420342 -10.179067 2.414358 -8.610000 19.040001 146.930008
-9.114261 -8.980263 1.751546 -1.540000 24.219999 134.470001
-9.114261 -8.980263 1.751546 -1.540000 24.219999 134.470001
-9.073583 -9.604790 2.622534 36.750000 14.910000 116.410004
-9.535398 -7.575676 2.136791 22.330000 16.520000 103.739998
-9.458827 -8.898908 1.947758 -33.529999 0.490000 100.940002
-9.734003 -6.250053 1.507478 -3.990000 0.770000 85.260002
-9.734003 -6.250053 1.507478 -3.990000 0.770000 85.260002
-9.030513 -6.805188 1.292124 -36.259998 -15.750000 77.279999
-9.030513 -6.805188 1.292124 -36.259998 -15.750000 77.279999
-9.265009 -4.996214 0.428315 -13.720000 -12.880000 62.510002
-8.855836 -5.785845 0.971486 -3.220000 -6.230000 48.720001
-9.353544 -4.912465 1.036092 -12.390000 2.030000 31.570000
-9.262616 -4.570292 0.693919 -21.980000 1.260000 25.200001
-9.262616 -4.570292 0.693919 -21.980000 1.260000 25.200001
-9.248260 -4.687540 0.985843 -15.960000 2.240000 15.190001
-9.126225 -3.668197 0.978664 -19.950001 2.450000 7.630000
-9.382257 -3.653840 1.105484 -3.360000 1.330000 4.340000
-9.142976 -3.328416 1.098306 -1.470000 -1.120000 1.260000
-9.308081 -3.407379 1.155733 2.380000 -0.210000 -0.350000
-9.274581 -3.026921 1.225125 3.640000 -1.610000 -3.570000
-9.209974 -3.010171 1.103091 5.320000 -2.450000 -4.410000
