2.684747 -8.867801 1.617548 2.240000 0.840000 10.850000
2.414358 -8.824730 1.763510 -1.890000 2.520000 11.690000
2.414358 -8.824730 1.763510 -1.890000 2.520000 11.690000
1.916651 -8.111670 1.483550 1.120000 3.080000 15.750000
1.916651 -8.111670 1.483550 1.120000 3.080000 15.750000
1.512264 -7.125826 1.287339 0.630000 5.670000 22.120001
0.650848 -6.072984 0.918844 -14.490000 15.470000 37.240002
0.995414 -6.798009 1.280160 -14.140000 17.780001 55.369999
0.995414 -6.798009 1.280160 -14.140000 17.780001 55.369999
-0.136391 -6.716653 1.282553 -3.080000 19.180000 69.580002
-0.356531 -6.941578 1.280160 -9.590000 19.110001 79.029999
-2.347359 -7.982457 1.098306 6.300000 24.500000 98.769997
-2.672783 -8.480164 1.533799 -9.800000 19.250000 104.370003
-2.672783 -8.480164 1.533799 -9.800000 19.250000 104.370003
-4.527221 -8.829515 0.693919 -5.110000 19.809999 115.360001
-4.374080 -9.863215 1.598405 -14.140000 11.760000 122.290001
-4.374080 -9.863215 1.598405 -14.140000 11.760000 122.290001
-5.721239 -9.174082 1.028914 -1.960000 21.070000 108.360001
-6.096912 -10.928021 1.665405 -4.690000 10.360000 117.320000
-6.498906 -9.492328 1.500300 -7.280000 7.070000 102.970001
-6.498906 -9.492328 1.500300 -7.280000 7.070000 102.970001
-6.735795 -8.736196 0.736989 -31.290001 9.590000 96.180000
-7.121039 -8.317451 0.638884 -19.320000 6.160000 89.320000
-7.374680 -8.145168 0.033500 -37.170002 7.350000 86.590004
-7.374680 -8.145168 0.033500 -37.170002 7.350000 86.590004
-8.348558 -8.731410 0.356531 -21.910000 8.120000 90.230003
-7.944171 -8.204988 0.708275 -17.080000 4.970000 80.010002
-8.173882 -8.279166 0.461815 -28.840000 3.710000 74.620003
-8.516055 -8.255238 0.282353 -27.580000 -1.330000 66.779999
-8.044669 -8.092526 0.174676 -14.560000 -4.690000 55.020000
-8.690732 -6.888937 0.059821 -17.500000 -5.670000 39.480000
-8.690732 -6.888937 0.059821 -17.500000 -5.670000 39.480000
-8.164310 -6.843473 -0.126820 -36.259998 -10.220000 33.459999
-7.982457 -7.123433 -0.136391 -24.639999 -9.590000 30.240000
-8.398808 -6.259624 0.078963 15.890000 -4.830000 19.389999
-8.398808 -6.259624 0.078963 15.890000 -4.830000 19.389999
-8.664411 -5.730811 -0.026321 -12.600000 -7.070000 14.840000
-8.432307 -5.575277 -0.133998 -22.400000 -9.520000 13.370000
