1.555335 -9.841680 0.473779 0.350000 -0.630000 -1.260000
1.555335 -9.841680 0.473779 0.350000 -0.630000 -1.260000
1.526621 -9.796216 0.313460 0.070000 -1.260000 -1.330000
1.653440 -9.738789 0.392423 -0.210000 -1.890000 -0.700000
1.653440 -9.738789 0.392423 -0.210000 -1.890000 -0.700000
1.569692 -9.779467 0.358923 -1.050000 -1.540000 -0.910000
1.586441 -9.607183 0.406780 3.220000 -2.800000 -0.560000
1.529014 -9.700503 0.373280 -0.070000 -0.840000 0.560000
1.529014 -9.700503 0.373280 -0.070000 -0.840000 0.560000
1.529014 -9.700503 0.373280 -0.070000 -0.840000 0.560000
1.612763 -9.836893 0.406780 -2.030000 -3.850000 0.140000
1.509871 -9.899107 0.205783 -3.080000 -4.340000 -0.280000
1.509871 -9.899107 0.205783 -3.080000 -4.340000 -0.280000
1.493121 -9.748360 0.136391 -1.120000 -1.260000 -0.210000
1.572084 -9.834501 0.234497 -1.610000 1.050000 0.420000
1.572084 -9.834501 0.234497 -1.610000 1.050000 0.420000
1.600798 -9.839286 0.428315 -1.470000 -3.430000 -0.280000
1.600798 -9.839286 0.428315 -1.470000 -3.430000 -0.280000
1.512264 -9.667004 0.251246 -1.190000 -2.730000 -0.140000
1.512264 -9.667004 0.251246 -1.190000 -2.730000 -0.140000
1.519442 -9.863215 0.212961 -1.190000 -0.420000 0.840000
1.612763 -9.887143 0.366102 4.060000 -1.470000 -1.050000
1.612763 -9.887143 0.366102 4.060000 -1.470000 -1.050000
1.488336 -9.650253 0.363709 -0.280000 -2.800000 -0.140000
1.488336 -9.650253 0.363709 -0.280000 -2.800000 -0.140000
1.612763 -9.872787 0.468993 3.990000 -8.470000 -0.280000
1.612763 -9.872787 0.468993 3.990000 -8.470000 -0.280000
1.440479 -9.946963 0.277567 -3.220000 -7.700000 -1.050000
1.514657 -9.798609 0.275175 1.960000 -4.620000 -1.190000
1.574477 -9.652647 0.361316 0.280000 -4.620000 -0.560000
1.598405 -9.719646 0.358923 -0.070000 -4.970000 0.280000
1.598405 -9.719646 0.358923 -0.070000 -4.970000 0.280000
1.591227 -9.750752 0.301496 -2.030000 -6.160000 0.350000
1.603191 -9.738789 0.153141 -0.910000 -6.090000 0.630000
1.550549 -9.815358 0.047856 1.120000 -5.250000 0.700000
1.588834 -9.839286 0.057428 0.630000 -2.870000 0.560000
1.588834 -9.839286 0.057428 0.630000 -2.870000 0.560000
1.591227 -9.820145 0.253639 1.540000 -0.840000 -0.140000
1.591227 -9.820145 0.253639 1.540000 -0.840000 -0.140000
1.591227 -9.820145 0.253639 1.540000 -0.840000 -0.140000
1.672583 -9.903893 0.306281 -0.490000 -0.210000 -0.350000
1.600798 -9.812965 0.301496 2.240000 -1.470000 -0.630000
1.600798 -9.812965 0.301496 2.240000 -1.470000 -0.630000
