2.105684 -9.078369 2.866602 -1.960000 -0.630000 1.890000
2.096112 -9.609575 2.318645 9.240000 0.490000 2.730000
2.163112 -9.305687 3.081956 17.850000 -1.400000 2.170000
1.942972 -9.956534 2.541178 16.030001 -1.470000 3.220000
1.942972 -9.956534 2.541178 16.030001 -1.470000 3.220000
2.105684 -9.580862 2.112862 18.200001 -0.630000 3.570000
1.854438 -10.449455 2.120041 14.000000 -5.460000 -0.210000
2.292324 -8.719445 2.562713 23.170000 -7.280000 -3.150000
1.749153 -8.915657 4.331009 -9.800000 -11.410000 4.480000
2.227718 -9.702895 3.180061 -9.870000 -18.480000 -5.320000
2.227718 -9.702895 3.180061 -9.870000 -18.480000 -5.320000
2.033899 -9.241080 3.259024 -3.360000 -17.010000 -5.040000
1.952543 -8.846266 3.876373 -21.210001 -19.670000 1.680000
2.088934 -8.970692 2.629712 -16.170000 -19.670000 2.660000
2.244468 -8.999406 2.794817 -20.790001 -19.110001 1.820000
2.244468 -8.999406 2.794817 -20.790001 -19.110001 1.820000
2.227718 -9.590433 2.380858 -11.130000 -21.420000 -0.770000
2.227718 -9.590433 2.380858 -11.130000 -21.420000 -0.770000
2.254039 -9.255438 2.045863 -21.210001 -21.559999 2.170000
2.196611 -9.583255 1.904687 -24.639999 -23.379999 0.980000
2.146362 -9.461221 1.773082 -12.810000 -22.400000 -0.070000
2.352145 -9.638289 1.646262 -5.950000 -19.670000 0.560000
2.347359 -9.611969 1.584049 -4.970000 -17.219999 -0.210000
2.347359 -9.611969 1.584049 -4.970000 -17.219999 -0.210000
2.414358 -9.214760 1.639083 4.480000 -14.560000 -0.560000
2.352145 -9.549755 1.265803 -0.980000 -12.530000 0.140000
2.392823 -9.449257 1.162912 0.140000 -4.550000 -1.190000
2.366502 -9.494720 1.332802 3.850000 -2.870000 -1.330000
2.366502 -9.494720 1.332802 3.850000 -2.870000 -1.330000
2.414358 -9.353544 1.282553 1.610000 1.610000 0.490000
2.476572 -9.537791 1.471586 0.770000 2.660000 0.140000
2.476572 -9.537791 1.471586 0.770000 2.660000 0.140000
2.359323 -9.592826 1.430908 -3.080000 3.010000 0.070000
2.294717 -9.528220 1.497907 0.770000 2.170000 -0.980000
2.294717 -9.528220 1.497907 0.770000 2.170000 -0.980000
2.309074 -9.449257 1.660619 1.120000 3.150000 -0.490000
2.371287 -9.399008 1.787439 -0.770000 3.920000 -0.700000
2.275574 -9.360723 1.663012 -2.730000 3.290000 0.560000
