-1.964507 -9.243474 3.285345 0.070000 -0.280000 0.910000
-1.864009 -9.221939 3.275774 -1.540000 -0.630000 0.280000
-1.940579 -9.169296 3.275774 0.350000 -0.280000 -0.630000
-1.945365 -9.042477 3.345166 1.120000 -0.140000 -0.210000
-1.945365 -9.042477 3.345166 1.120000 -0.140000 -0.210000
-1.907080 -9.207582 3.136991 -1.890000 0.840000 0.210000
-1.916651 -9.097511 3.227918 0.420000 1.050000 -1.750000
-1.837688 -8.994620 3.156133 0.630000 1.050000 0.560000
-1.935793 -9.217153 3.165704 -0.980000 1.470000 0.700000
-1.935793 -9.217153 3.165704 -0.980000 1.470000 0.700000
-1.935793 -9.217153 3.165704 -0.980000 1.470000 0.700000
-1.983650 -9.102298 3.235096 -0.070000 0.700000 0.280000
-1.983650 -9.102298 3.235096 -0.070000 0.700000 0.280000
-1.911865 -9.164511 3.266203 -1.120000 1.540000 1.050000
-1.926222 -9.133404 3.242275 0.560000 0.910000 0.700000
-2.000400 -9.126225 3.275774 -0.980000 0.840000 1.050000
-1.947758 -9.190832 3.342773 -1.890000 0.560000 0.980000
-1.957329 -9.260223 3.134598 1.400000 2.100000 0.840000
-1.957329 -9.071191 3.359523 3.080000 1.050000 0.770000
-1.957329 -9.071191 3.359523 3.080000 1.050000 0.770000
-1.998007 -9.183653 3.196811 -0.630000 2.380000 0.490000
-1.950150 -9.243474 3.357130 1.750000 1.260000 1.330000
-1.938186 -9.248260 3.349952 1.260000 1.120000 0.840000
-2.026721 -9.188439 3.431308 2.940000 0.560000 -0.770000
-1.969293 -9.102298 3.388237 0.770000 0.910000 0.140000
-1.998007 -9.195618 3.249453 0.070000 1.610000 -0.420000
-2.060220 -9.217153 3.326023 0.980000 0.980000 -1.120000
-1.931008 -9.025726 3.311667 1.400000 0.700000 -0.420000
-2.002793 -9.083155 3.304488 -0.280000 0.770000 -0.350000
-2.002793 -9.083155 3.304488 -0.280000 0.770000 -0.350000
-1.940579 -9.020942 3.318845 0.770000 0.210000 0.630000
-1.928615 -9.097511 3.220739 0.490000 1.120000 0.490000
-1.928615 -9.097511 3.220739 0.490000 1.120000 0.490000
-1.868794 -9.032906 3.352344 0.700000 0.910000 0.840000
-1.902294 -9.114261 3.340380 0.560000 0.490000 0.280000
-1.902294 -9.114261 3.340380 0.560000 0.490000 0.280000
-1.950150 -9.001799 3.239882 -0.910000 1.260000 0.280000
-2.007578 -9.004191 3.349952 0.700000 1.050000 1.890000
-1.998007 -8.920443 3.448057 1.400000 -0.070000 1.890000
-1.998007 -8.920443 3.448057 1.400000 -0.070000 1.890000
-2.017149 -9.099905 3.256632 -0.490000 0.210000 1.120000
-2.017149 -9.099905 3.256632 -0.490000 0.210000 1.120000
