0.837488 -9.911072 -0.258425 -0.910000 0.770000 0.210000
0.760918 -9.784252 -0.052642 1.190000 0.770000 0.630000
0.784846 -9.887143 -0.114855 -1.260000 0.140000 1.260000
0.784846 -9.887143 -0.114855 -1.260000 0.140000 1.260000
0.770489 -9.951750 -0.193819 0.280000 0.840000 0.770000
0.756132 -9.939785 -0.208176 -0.070000 -0.280000 0.700000
0.748954 -9.990034 -0.279960 0.140000 0.490000 0.350000
0.696311 -9.970891 -0.055035 2.450000 0.490000 0.420000
0.782453 -9.875179 -0.117248 -0.210000 0.210000 0.070000
0.782453 -9.875179 -0.117248 -0.210000 0.210000 0.070000
0.703490 -10.035499 -0.100499 0.910000 0.840000 -0.070000
0.703490 -10.035499 -0.100499 0.910000 0.840000 -0.070000
0.765703 -10.009177 -0.040678 -0.770000 -0.070000 -0.140000
0.815953 -10.078569 -0.165105 -2.170000 -0.070000 -0.420000
0.758525 -9.908678 -0.248854 1.680000 -0.070000 -1.750000
0.758525 -9.908678 -0.248854 1.680000 -0.070000 -1.750000
0.796810 -9.777073 -0.153141 3.220000 0.420000 -1.120000
0.722632 -9.915856 -0.217747 -2.030000 -0.210000 0.560000
0.722632 -9.915856 -0.217747 -2.030000 -0.210000 0.560000
0.832702 -9.896714 -0.275175 1.820000 0.700000 0.210000
0.820738 -9.836893 -0.110070 3.360000 0.980000 0.070000
0.808774 -9.915856 -0.162712 -2.100000 0.630000 0.840000
0.818345 -10.021141 -0.212961 -0.630000 0.490000 0.280000
0.818345 -10.021141 -0.212961 -0.630000 0.490000 0.280000
0.729811 -9.946963 -0.126820 0.140000 0.770000 0.280000
0.729811 -9.946963 -0.126820 0.140000 0.770000 0.280000
0.808774 -10.066606 -0.141177 1.050000 1.050000 -0.140000
0.799203 -9.851252 -0.107677 0.070000 0.840000 0.350000
0.799203 -9.851252 -0.107677 0.070000 0.840000 0.350000
0.770489 -9.875179 -0.102891 0.980000 0.420000 0.560000
0.744168 -9.958927 -0.169890 0.630000 0.560000 0.630000
0.777667 -9.894321 -0.081356 1.050000 0.350000 0.420000
0.796810 -9.920642 -0.131605 -1.540000 0.070000 0.560000
0.787239 -9.944571 -0.117248 -0.070000 0.280000 0.070000
0.782453 -9.887143 -0.129212 0.210000 0.280000 -0.350000
0.765703 -9.879964 -0.186640 -0.560000 -0.140000 0.070000
0.820738 -9.887143 -0.157926 0.630000 0.630000 0.420000
0.792024 -9.896714 -0.150748 1.890000 -0.070000 0.210000
