2.165504 -10.181459 2.024328 -20.580000 0.980000 -14.980000
2.266003 -10.612168 1.983650 -23.450001 1.680000 -22.960001
2.352145 -11.136196 2.356930 -26.040001 3.430000 -37.520000
2.758924 -11.193624 1.923829 -22.260000 -0.070000 -55.230000
2.758924 -11.193624 1.923829 -22.260000 -0.070000 -55.230000
3.079563 -11.621940 2.124826 -18.340000 2.660000 -62.439999
3.024528 -11.425728 2.038685 -8.050000 3.430000 -83.580002
3.534199 -11.095518 1.540978 -13.650000 3.360000 -105.279999
3.699304 -10.925629 1.651048 -13.860000 6.160000 -113.820000
3.699304 -10.925629 1.651048 -13.860000 6.160000 -113.820000
4.591826 -9.918249 1.737189 9.590000 5.600000 -160.930008
4.591826 -9.918249 1.737189 9.590000 5.600000 -160.930008
4.764110 -9.147761 1.782653 17.570000 2.870000 -169.750000
5.556134 -7.733603 1.741975 20.860001 -4.480000 -178.289993
6.178268 -6.228518 1.631905 0.210000 -12.390000 -182.559998
6.802795 -5.273781 1.320838 15.050000 -14.140000 -182.979996
6.838687 -3.955336 1.584049 33.599998 -15.820000 -181.860001
7.121039 -2.115255 1.347159 34.930000 -21.490000 -181.300003
7.429714 -0.423530 1.268196 25.760000 -28.559999 -178.779999
7.429714 -0.423530 1.268196 25.760000 -28.559999 -178.779999
7.166504 1.349552 0.602991 26.530001 -28.139999 -167.720001
7.695317 5.367101 0.023928 66.919998 -23.100000 -148.050003
8.066205 7.338787 0.011964 6.300000 -21.420000 -110.809998
8.319844 6.994221 -0.124427 -9.380000 -16.799999 -87.220001
8.061419 7.367501 -0.026321 5.180000 -2.660000 -42.420002
8.372486 6.118448 0.320638 -13.230000 0.770000 -9.450000
8.635696 5.386244 0.320638 -18.340000 4.130000 1.120000
8.642875 4.216154 0.344566 -21.559999 3.920000 11.830000
8.642875 4.216154 0.344566 -21.559999 3.920000 11.830000
9.025726 3.546163 0.382852 -16.030001 2.940000 12.390000
9.245867 3.182454 0.591027 -3.010000 1.960000 5.740000
9.221939 3.440879 0.835095 -6.370000 2.940000 5.460000
9.061620 3.354738 0.837488 -5.600000 3.640000 5.880000
9.174082 3.704089 0.909273 -3.430000 3.990000 7.210000
8.867801 3.945765 1.103091 -9.450000 5.180000 14.000000
