-0.011964 -9.889536 2.057827 -6.930000 2.940000 4.270000
0.110070 -10.100104 1.940579 -8.400000 2.870000 3.010000
0.110070 -10.100104 1.940579 -8.400000 2.870000 3.010000
0.007178 -9.753145 2.017149 -4.410000 3.990000 1.820000
0.007178 -9.753145 2.017149 -4.410000 3.990000 1.820000
0.040678 -9.860823 1.964507 -6.090000 4.060000 1.470000
0.066999 -9.822537 1.895115 -5.670000 4.830000 0.840000
-0.011964 -9.695717 1.974079 -5.600000 4.970000 0.910000
0.105284 -9.595219 1.928615 -5.810000 4.340000 2.170000
0.088534 -9.650253 2.007578 -5.530000 5.600000 2.240000
0.064606 -9.659825 1.986043 -4.970000 6.020000 2.590000
0.095713 -9.688539 1.995614 -5.460000 5.390000 2.940000
0.062213 -9.820145 2.115255 -4.480000 4.200000 3.010000
0.062213 -9.820145 2.115255 -4.480000 4.200000 3.010000
0.081356 -9.915856 2.041078 -5.670000 4.340000 1.750000
0.071785 -9.779467 1.921437 -3.920000 5.040000 1.190000
0.033500 -9.762716 1.966900 -6.020000 5.740000 1.400000
-0.014357 -9.638289 2.081756 -4.340000 5.670000 1.120000
0.040678 -9.731609 2.172683 -6.370000 4.200000 2.590000
0.023928 -9.741181 2.151148 -3.850000 3.850000 1.890000
0.023928 -9.741181 2.151148 -3.850000 3.850000 1.890000
0.100499 -9.777073 1.969293 -6.860000 3.290000 2.870000
0.100499 -9.777073 1.969293 -6.860000 3.290000 2.870000
0.155533 -9.604790 2.053042 -3.710000 5.110000 1.610000
0.229711 -9.600004 2.175076 -4.620000 5.180000 1.470000
0.143569 -9.722038 1.950150 -7.000000 2.800000 3.360000
0.145962 -9.664611 2.048256 -6.160000 3.920000 3.080000
0.066999 -9.805787 1.964507 -5.040000 5.600000 2.450000
0.141177 -9.698111 2.105684 -4.900000 5.320000 2.870000
0.093320 -9.774680 2.067399 -5.040000 5.110000 2.240000
0.093320 -9.774680 2.067399 -5.040000 5.110000 2.240000
0.083749 -9.791430 2.076970 -5.460000 4.480000 2.170000
0.253639 -9.626326 2.050649 -5.110000 4.340000 2.590000
0.083749 -9.681360 2.076970 -5.040000 4.550000 3.080000
0.009571 -9.693325 2.036292 -4.340000 4.200000 3.430000
0.062213 -9.619147 2.062613 -6.720000 4.690000 2.520000
0.074178 -9.784252 2.053042 -5.040000 4.340000 3.570000
0.074178 -9.784252 2.053042 -5.040000 4.340000 3.570000
0.040678 -9.765109 2.038685 -6.440000 3.780000 3.220000
0.040678 -9.765109 2.038685 -6.440000 3.780000 3.220000
-0.007178 -9.616754 2.043471 -5.320000 5.040000 3.710000
0.050249 -9.585647 2.170290 -6.020000 4.480000 4.690000
0.093320 -9.839286 2.088934 -6.300000 4.900000 4.060000
0.093320 -9.839286 2.088934 -6.300000 4.900000 4.060000
0.011964 -9.798609 2.115255 -5.600000 3.920000 3.570000
0.011964 -9.798609 2.115255 -5.600000 3.920000 3.570000
0.026321 -9.643075 2.120041 -4.480000 4.550000 2.520000
0.026321 -9.643075 2.120041 -4.480000 4.550000 2.520000
0.007178 -9.597611 2.060220 -5.810000 3.850000 3.220000
0.007178 -9.597611 2.060220 -5.810000 3.850000 3.220000
0.002393 -9.655040 2.021935 -5.950000 3.920000 3.500000
0.002393 -9.655040 2.021935 -5.950000 3.920000 3.500000
0.028714 -9.777073 2.019542 -6.580000 4.340000 3.150000
0.028714 -9.777073 2.019542 -6.580000 4.340000 3.150000
0.033500 -9.729217 2.158326 -3.990000 4.130000 3.570000
