0.921237 -9.676575 2.215754 1.540000 0.980000 -1.190000
0.921237 -9.676575 2.215754 1.540000 0.980000 -1.190000
0.921237 -9.676575 2.215754 1.540000 0.980000 -1.190000
0.949951 -9.437292 2.282753 0.350000 -0.140000 0.070000
0.978664 -9.638289 2.167897 0.980000 -1.120000 0.280000
0.961915 -9.568897 2.199004 0.770000 -1.610000 0.140000
0.961915 -9.568897 2.199004 0.770000 -1.610000 0.140000
0.993021 -9.595219 2.132005 -0.910000 -2.170000 0.140000
0.985843 -9.595219 2.189433 2.450000 -0.910000 0.700000
1.062413 -9.619147 2.088934 -0.350000 -1.540000 0.560000
0.988236 -9.623933 2.172683 1.260000 -1.750000 1.120000
1.038485 -9.616754 2.179861 1.680000 -1.750000 1.330000
1.038485 -9.616754 2.179861 1.680000 -1.750000 1.330000
1.007378 -9.530612 2.112862 -0.350000 -2.100000 0.770000
1.002593 -9.609575 2.172683 1.260000 -1.540000 0.770000
0.954736 -9.578469 2.060220 0.350000 -0.420000 0.350000
1.016950 -9.631111 2.143969 1.260000 -0.210000 0.560000
1.016950 -9.631111 2.143969 1.260000 -0.210000 0.560000
0.918844 -9.616754 2.132005 0.280000 -0.140000 0.490000
0.918844 -9.616754 2.132005 0.280000 -0.140000 0.490000
0.906880 -9.674182 2.234896 0.700000 -0.560000 -0.210000
1.038485 -9.544970 2.053042 0.280000 -0.980000 -0.280000
0.983450 -9.549755 2.232504 0.630000 -1.050000 0.490000
0.983450 -9.549755 2.232504 0.630000 -1.050000 0.490000
1.012164 -9.638289 2.151148 -0.280000 -0.700000 -0.280000
1.012164 -9.638289 2.151148 -0.280000 -0.700000 -0.280000
0.973879 -9.525827 2.153540 -1.890000 0.070000 -0.700000
0.973879 -9.525827 2.153540 -1.890000 0.070000 -0.700000
1.086342 -9.535398 2.172683 -5.810000 -1.190000 -0.560000
1.024128 -9.600004 2.007578 -5.950000 -1.190000 0.140000
1.119841 -9.762716 2.005185 0.210000 -0.910000 0.070000
1.033699 -9.664611 2.005185 1.120000 0.070000 0.140000
1.055235 -9.556933 2.081756 1.400000 0.490000 0.630000
1.055235 -9.556933 2.081756 1.400000 0.490000 0.630000
1.009771 -9.571291 2.041078 1.610000 0.980000 0.770000
1.000200 -9.583255 2.084148 1.400000 1.190000 0.630000
1.000200 -9.583255 2.084148 1.400000 1.190000 0.630000
0.959522 -9.623933 2.189433 1.470000 1.120000 0.490000
