0.212961 0.468993 9.336794 -6.160000 5.740000 4.760000
0.193819 0.595813 9.602397 -6.370000 6.160000 4.060000
0.052642 0.665205 9.664611 -4.900000 4.550000 5.040000
0.184247 0.591027 9.578469 -5.600000 4.060000 3.780000
0.184247 0.591027 9.578469 -5.600000 4.060000 3.780000
0.263210 0.509671 9.542577 -6.720000 4.060000 3.290000
0.131605 0.583849 9.566505 -2.380000 2.660000 3.360000
0.143569 0.559920 9.365508 -6.510000 3.920000 3.990000
0.076570 0.433101 8.228917 -7.630000 9.030000 2.590000
0.076570 0.433101 8.228917 -7.630000 9.030000 2.590000
0.148355 0.184247 8.032705 -8.680000 10.220000 0.490000
0.124427 0.083749 7.097112 -21.980000 16.799999 -0.140000
0.248854 -0.215354 6.764510 -25.830000 29.820000 -2.100000
-0.366102 0.045464 7.207181 -26.110001 50.470001 0.560000
-0.538385 -0.476172 7.123433 -38.990002 59.010002 1.400000
-0.538385 -0.476172 7.123433 -38.990002 59.010002 1.400000
-2.139183 -0.547956 8.252845 -19.040001 73.849998 2.730000
-2.139183 -0.547956 8.252845 -19.040001 73.849998 2.730000
-2.139183 -0.547956 8.252845 -19.040001 73.849998 2.730000
-3.570091 0.179462 9.769895 -11.270000 65.449997 -9.800000
-3.761517 -0.066999 9.899107 -5.880000 66.570000 -6.300000
-4.560720 0.418744 9.489935 -14.980000 63.209999 0.420000
-4.560720 0.418744 9.489935 -14.980000 63.209999 0.420000
-4.046263 -0.571885 9.190832 -17.920000 65.940002 3.360000
-4.871787 -0.038285 9.164511 -5.600000 68.809998 8.750000
-4.654040 -0.358923 9.303294 -34.160000 60.689999 10.360000
-5.797810 -0.234497 9.119047 -17.639999 59.290001 12.810000
-6.171089 -0.981057 8.429914 -11.270000 42.700001 2.870000
-6.171089 -0.981057 8.429914 -11.270000 42.700001 2.870000
-5.986843 -1.119841 8.738588 -17.290001 39.970001 0.490000
-6.218946 -1.064806 9.305687 -12.530000 39.759998 -0.210000
-6.233303 -1.040878 9.207582 -6.930000 22.190001 1.190000
-6.427122 -0.581456 9.075976 -3.640000 13.160000 -0.210000
-6.544370 -0.808774 8.740981 -6.440000 4.410000 2.240000
-6.544370 -0.808774 8.740981 -6.440000 4.410000 2.240000
-6.271588 -0.921237 8.236095 -6.370000 3.220000 2.030000
-6.123233 -0.882952 7.700103 -9.940000 1.680000 0.280000
-6.123233 -0.882952 7.700103 -9.940000 1.680000 0.280000
-6.025128 -1.000200 6.917650 -7.560000 3.430000 4.970000
-5.912664 -0.954736 7.051648 -7.350000 2.380000 4.130000
-6.238089 -1.136591 7.226324 -9.450000 6.860000 5.740000
