2.170290 -9.714860 0.815953 -1.680000 4.690000 4.550000
2.201397 -9.757930 0.916451 -6.370000 3.430000 2.870000
2.225325 -9.693325 0.729811 -4.970000 4.340000 3.500000
2.225325 -9.693325 0.729811 -4.970000 4.340000 3.500000
2.151148 -9.779467 0.780060 -4.480000 4.620000 3.640000
2.108077 -9.870394 0.756132 -6.160000 4.270000 1.680000
2.108077 -9.870394 0.756132 -6.160000 4.270000 1.680000
2.220540 -9.714860 0.801596 3.920000 6.650000 2.380000
2.177469 -9.980463 0.794417 11.270000 8.400000 1.260000
2.122434 -10.009177 0.897308 23.940001 11.200000 2.590000
2.122434 -10.009177 0.897308 23.940001 11.200000 2.590000
2.098505 -9.896714 1.734797 81.269997 17.990000 -0.210000
2.098505 -9.896714 1.734797 81.269997 17.990000 -0.210000
2.218147 -9.925428 1.380659 114.169998 23.660000 2.170000
2.194218 -9.150154 2.758924 163.800003 30.940001 -3.430000
1.847259 -7.791030 4.302295 168.699997 29.750000 -8.050000
1.847259 -7.791030 4.302295 168.699997 29.750000 -8.050000
1.945365 -7.587641 5.027320 167.649994 28.210001 -10.500000
1.890330 -7.219146 5.804988 153.789993 27.930000 -14.350000
1.797010 -5.070391 6.826723 176.750000 21.840000 -13.370000
2.249253 -5.448457 7.367501 204.680008 23.940001 -15.120000
1.313660 -2.349752 8.006385 204.330002 24.780001 -10.220000
1.445265 -2.316252 8.762517 183.820007 22.820000 -14.420000
1.574477 -1.019342 9.066404 136.220001 24.639999 -9.940000
1.574477 -1.019342 9.066404 136.220001 24.639999 -9.940000
1.469193 -0.387637 9.064013 114.800003 21.910000 -7.840000
1.383051 -0.215354 9.159724 116.059998 24.360001 -7.630000
1.383051 -0.215354 9.159724 116.059998 24.360001 -7.630000
1.383051 -0.215354 9.159724 116.059998 24.360001 -7.630000
1.383051 -0.215354 9.159724 116.059998 24.360001 -7.630000
1.383051 -0.215354 9.159724 116.059998 24.360001 -7.630000
1.383051 -0.215354 9.159724 116.059998 24.360001 -7.630000
1.383051 -0.215354 9.159724 116.059998 24.360001 -7.630000
1.383051 -0.215354 9.159724 116.059998 24.360001 -7.630000
0.547956 2.809174 10.001998 21.210001 12.460000 1.610000
0.653241 2.263610 9.427721 -5.600000 4.760000 4.270000
0.835095 2.256432 9.544970 -7.630000 4.970000 2.730000
0.835095 2.256432 9.544970 -7.630000 4.970000 2.730000
0.835095 2.361716 9.468399 -11.410000 5.180000 3.990000
0.768096 2.069792 9.245867 -1.190000 3.710000 2.800000
0.768096 2.069792 9.245867 -1.190000 3.710000 2.800000
0.768096 2.069792 9.245867 -1.190000 3.710000 2.800000
0.768096 2.069792 9.245867 -1.190000 3.710000 2.800000
0.803988 2.215754 9.305687 -6.020000 4.340000 3.780000
0.772882 2.108077 9.255438 -4.410000 5.250000 4.270000
0.748954 2.206182 9.365508 -7.840000 5.740000 4.830000
