1.349552 1.466800 9.406186 1.470000 1.190000 -1.190000
1.349552 1.466800 9.406186 1.470000 1.190000 -1.190000
1.229911 1.371087 9.303294 -0.280000 0.490000 -0.560000
1.232304 1.471586 9.233903 1.540000 1.750000 -1.120000
1.316052 1.533799 9.477970 -0.140000 0.910000 -0.490000
1.316052 1.533799 9.477970 -0.140000 0.910000 -0.490000
1.316052 1.533799 9.477970 -0.140000 0.910000 -0.490000
1.194018 1.421337 9.351151 -0.770000 0.140000 0.840000
1.194018 1.421337 9.351151 -0.770000 0.140000 0.840000
1.225125 1.311267 9.360723 -0.490000 -0.910000 -0.630000
1.225125 1.311267 9.360723 -0.490000 -0.910000 -0.630000
1.292124 1.562513 9.363115 0.910000 0.490000 -0.770000
1.261017 1.588834 9.363115 1.820000 0.490000 0.420000
1.217947 1.627119 9.379865 -1.120000 0.490000 0.560000
1.268196 1.423729 9.269794 0.560000 0.280000 0.420000
1.292124 1.404587 9.370294 -0.910000 0.490000 -0.140000
1.292124 1.404587 9.370294 -0.910000 0.490000 -0.140000
1.198804 1.521835 9.363115 1.400000 0.280000 -0.210000
1.201197 1.473979 9.169296 -0.840000 -0.210000 -0.770000
1.241875 1.495514 9.195618 0.140000 0.630000 -0.070000
1.296910 1.428515 9.286544 -0.280000 0.980000 0.420000
1.311267 1.612763 9.346365 -0.700000 1.050000 0.630000
1.375873 1.332802 9.317651 -0.560000 -0.210000 0.280000
1.375873 1.332802 9.317651 -0.560000 -0.210000 0.280000
1.375873 1.332802 9.317651 -0.560000 -0.210000 0.280000
1.306481 1.531406 9.358330 0.700000 0.350000 -0.140000
1.270589 1.473979 9.274581 0.070000 -0.070000 0.560000
1.280160 1.316052 9.128618 0.350000 -0.070000 -0.210000
1.280160 1.316052 9.128618 0.350000 -0.070000 -0.210000
1.253839 1.457229 9.212367 1.470000 0.700000 -0.700000
1.253839 1.457229 9.212367 1.470000 0.700000 -0.700000
1.270589 1.438086 9.138189 -0.420000 0.910000 -0.910000
1.270589 1.438086 9.138189 -0.420000 0.910000 -0.910000
1.270589 1.438086 9.138189 -0.420000 0.910000 -0.910000
1.275374 1.490728 9.288938 1.260000 2.100000 -0.420000
1.261017 1.505085 9.396614 -0.210000 1.260000 0.770000
1.261017 1.505085 9.396614 -0.210000 1.260000 0.770000
1.244268 1.502693 9.288938 -1.470000 0.700000 0.280000
1.253839 1.526621 9.262616 0.210000 0.980000 0.630000
1.217947 1.442872 9.360723 -0.910000 0.420000 0.140000
1.217947 1.442872 9.360723 -0.910000 0.420000 0.140000
1.246661 1.490728 9.300901 1.050000 1.120000 0.490000
1.246661 1.490728 9.300901 1.050000 1.120000 0.490000
1.261017 1.462015 9.403792 0.350000 0.560000 0.560000
1.261017 1.462015 9.403792 0.350000 0.560000 0.560000
1.261017 1.414158 9.269794 -0.700000 0.280000 0.140000
1.263410 1.471586 9.293723 2.240000 0.700000 0.070000
1.263410 1.471586 9.293723 2.240000 0.700000 0.070000
1.270589 1.533799 9.209974 -0.420000 0.280000 0.210000
1.342373 1.493121 9.243474 -0.070000 1.050000 0.770000
1.265803 1.342373 9.217153 0.280000 0.980000 0.280000
1.241875 1.416551 9.157332 0.210000 0.770000 0.070000
