2.694318 -9.607183 1.131805 -6.440000 -0.070000 0.700000
2.711068 -9.588040 0.658026 3.080000 0.490000 0.630000
2.770889 -9.518648 1.270589 -10.220000 0.910000 1.330000
2.641676 -9.915856 0.454636 -11.550000 0.700000 -0.420000
2.624927 -9.851252 0.617348 -2.940000 1.260000 -2.100000
2.624927 -9.851252 0.617348 -2.940000 1.260000 -2.100000
2.699104 -9.446864 1.500300 -15.610000 1.610000 -1.400000
2.455036 -9.889536 0.847059 -37.450001 1.540000 1.610000
2.543570 -10.229317 0.516850 -26.950001 1.540000 1.470000
2.586641 -8.908479 0.689133 -16.799999 0.140000 3.990000
2.785245 -9.832108 -0.930808 -43.959999 11.480000 9.800000
2.720639 -10.425529 -1.227518 -19.320000 13.510000 7.280000
2.804388 -9.324830 -0.007178 -33.250000 17.710001 12.180000
2.603391 -9.655040 -0.315853 -44.310001 20.090000 12.600000
2.603391 -9.655040 -0.315853 -44.310001 20.090000 12.600000
2.431108 -9.506684 -1.069592 -44.170002 30.799999 18.410000
2.459821 -9.724431 -1.184447 -35.630001 28.700001 20.510000
2.117648 -9.674182 -1.153341 -8.750000 20.160000 18.620001
2.117648 -9.674182 -1.153341 -8.750000 20.160000 18.620001
2.117648 -9.674182 -1.153341 -8.750000 20.160000 18.620001
1.916651 -9.791430 -0.784846 12.950000 8.610000 9.520000
1.878366 -9.975677 -0.830309 3.500000 4.480000 7.350000
1.878366 -9.975677 -0.830309 3.500000 4.480000 7.350000
1.988436 -9.769895 -0.555135 7.840000 2.730000 0.560000
1.849652 -9.743573 -0.660419 2.310000 2.590000 2.870000
1.849652 -9.743573 -0.660419 2.310000 2.590000 2.870000
1.801795 -10.033106 -0.801596 6.090000 2.030000 1.260000
1.974079 -9.382257 -0.457029 9.170000 -0.350000 -0.490000
1.974079 -9.382257 -0.457029 9.170000 -0.350000 -0.490000
1.808974 -9.765109 -0.614955 4.200000 1.400000 1.960000
1.923829 -9.638289 -0.457029 0.910000 0.770000 -0.140000
1.923829 -9.638289 -0.457029 0.910000 0.770000 -0.140000
1.801795 -9.851252 -0.571885 2.310000 1.470000 1.540000
1.931008 -9.743573 -0.514457 2.030000 1.120000 1.330000
