3.675375 -7.712067 4.895715 2.170000 0.070000 0.140000
3.675375 -7.712067 4.895715 2.170000 0.070000 0.140000
3.795017 -7.673782 4.692325 -0.980000 -0.140000 -1.120000
3.797409 -7.587641 4.744967 -2.800000 -0.420000 -0.490000
3.797409 -7.587641 4.744967 -2.800000 -0.420000 -0.490000
3.684947 -7.515855 4.823930 1.400000 -0.280000 0.070000
3.684947 -7.515855 4.823930 1.400000 -0.280000 0.070000
3.795017 -7.628319 4.831109 0.630000 0.070000 -0.490000
3.716053 -7.637890 4.878965 -1.260000 -0.840000 0.350000
3.763910 -7.709675 4.867002 -1.120000 -1.190000 0.280000
3.763910 -7.709675 4.867002 -1.120000 -1.190000 0.280000
3.747160 -7.762317 4.704289 -0.560000 -0.280000 -0.070000
3.670590 -7.585248 4.945964 1.400000 1.190000 -0.700000
3.751946 -7.728817 4.855037 0.280000 1.190000 -0.980000
3.751946 -7.728817 4.855037 0.280000 1.190000 -0.980000
3.751946 -7.728817 4.855037 0.280000 1.190000 -0.980000
3.737589 -7.566105 4.893322 2.170000 0.630000 -0.420000
3.799802 -7.740781 4.893322 -1.470000 -0.840000 0.910000
3.663411 -7.664211 4.969893 -0.280000 -0.630000 0.070000
3.778267 -7.714460 4.809574 -0.280000 1.050000 0.490000
3.692125 -7.494320 4.945964 0.700000 0.140000 0.560000
3.735196 -7.714460 5.022535 -1.470000 -0.140000 0.630000
3.926622 -7.671390 4.742575 1.190000 0.350000 0.840000
3.926622 -7.671390 4.742575 1.190000 0.350000 0.840000
3.926622 -7.671390 4.742575 1.190000 0.350000 0.840000
3.926622 -7.671390 4.742575 1.190000 0.350000 0.840000
3.744767 -7.881958 4.706682 -1.190000 -0.770000 0.070000
3.809374 -7.690532 4.907679 -0.070000 -0.630000 -1.610000
3.809374 -7.690532 4.907679 -0.070000 -0.630000 -1.610000
3.730411 -7.654640 4.905287 2.170000 0.770000 -1.120000
3.730411 -7.654640 4.905287 2.170000 0.770000 -1.120000
3.730411 -7.654640 4.905287 2.170000 0.770000 -1.120000
3.730411 -7.654640 4.905287 2.170000 0.770000 -1.120000
3.725625 -7.518249 5.041678 2.450000 1.540000 -0.490000
3.725625 -7.518249 5.041678 2.450000 1.540000 -0.490000
3.785445 -7.518249 5.063213 1.470000 -0.140000 -0.140000
3.716053 -7.633104 4.917251 -0.980000 -0.280000 0.420000
3.828516 -7.590034 4.847858 0.070000 0.210000 0.140000
3.828516 -7.590034 4.847858 0.070000 0.210000 0.140000
3.756732 -7.554141 4.898108 -0.490000 0.350000 0.420000
3.756732 -7.599605 4.905287 1.540000 1.470000 0.910000
3.792624 -7.704889 5.053641 -1.330000 -0.490000 0.420000
3.792624 -7.704889 5.053641 -1.330000 -0.490000 0.420000
3.804588 -7.625926 4.764110 -1.610000 -0.490000 0.560000
3.924229 -7.621140 4.828716 -2.170000 -0.980000 -0.070000
3.694518 -7.707282 4.847858 -0.630000 0.140000 -0.070000
3.768696 -7.439285 4.945964 -0.840000 -0.560000 0.210000
3.768696 -7.439285 4.945964 -0.840000 -0.560000 0.210000
3.835695 -7.465607 4.965107 -2.030000 -0.770000 0.560000
3.661019 -7.721639 4.852644 -3.080000 -2.030000 1.120000
3.840480 -7.666604 4.953143 -2.310000 -2.030000 1.050000
3.840480 -7.666604 4.953143 -2.310000 -2.030000 1.050000
3.840480 -7.666604 4.953143 -2.310000 -2.030000 1.050000
3.840480 -7.666604 4.953143 -2.310000 -2.030000 1.050000
3.840480 -7.666604 4.953143 -2.310000 -2.030000 1.050000
