3.828516 -7.726424 4.608576 -1.050000 -0.490000 0.280000
3.821337 -7.752745 4.706682 -2.030000 -1.050000 -0.140000
3.821337 -7.752745 4.706682 -2.030000 -1.050000 -0.140000
3.684947 -7.606783 5.113462 0.210000 0.630000 -0.140000
3.684947 -7.606783 5.113462 0.210000 0.630000 -0.140000
3.653840 -7.860423 4.831109 0.070000 0.350000 0.280000
3.653840 -7.860423 4.831109 0.070000 0.350000 0.280000
3.754339 -7.544570 4.922036 1.050000 0.280000 -1.120000
3.754339 -7.544570 4.922036 1.050000 0.280000 -1.120000
3.754339 -7.544570 4.922036 1.050000 0.280000 -1.120000
3.754339 -7.544570 4.922036 1.050000 0.280000 -1.120000
3.754339 -7.544570 4.922036 1.050000 0.280000 -1.120000
3.751946 -7.525427 4.910072 1.120000 -0.980000 1.190000
3.751946 -7.525427 4.910072 1.120000 -0.980000 1.190000
3.751946 -7.525427 4.910072 1.120000 -0.980000 1.190000
3.754339 -7.716853 4.785645 -0.980000 0.070000 0.280000
3.754339 -7.716853 4.785645 -0.980000 0.070000 0.280000
3.754339 -7.716853 4.785645 -0.980000 0.070000 0.280000
3.828516 -7.606783 4.800002 -1.540000 -0.280000 0.840000
3.828516 -7.606783 4.800002 -1.540000 -0.280000 0.840000
3.833302 -7.661818 4.768896 -3.640000 0.070000 1.260000
3.833302 -7.661818 4.768896 -3.640000 0.070000 1.260000
3.692125 -7.700103 4.953143 4.760000 1.540000 -0.140000
3.692125 -7.700103 4.953143 4.760000 1.540000 -0.140000
3.718446 -7.508677 4.950750 3.640000 1.120000 -0.280000
3.718446 -7.508677 4.950750 3.640000 1.120000 -0.280000
3.718446 -7.508677 4.950750 3.640000 1.120000 -0.280000
3.785445 -7.898707 5.032106 -0.770000 0.560000 -0.490000
3.785445 -7.898707 5.032106 -0.770000 0.560000 -0.490000
3.704089 -7.707282 4.852644 -1.470000 -1.120000 -1.330000
3.704089 -7.707282 4.852644 -1.470000 -1.120000 -1.330000
3.620341 -7.733603 4.914857 1.750000 0.350000 -2.100000
3.620341 -7.733603 4.914857 1.750000 0.350000 -2.100000
3.620341 -7.733603 4.914857 1.750000 0.350000 -2.100000
3.857230 -7.652246 4.814359 -1.610000 -0.350000 -0.630000
3.857230 -7.652246 4.814359 -1.610000 -0.350000 -0.630000
3.809374 -7.432107 4.862216 1.960000 1.190000 1.330000
3.809374 -7.432107 4.862216 1.960000 1.190000 1.330000
3.680161 -7.625926 5.051248 -0.140000 -0.140000 1.400000
3.680161 -7.625926 5.051248 -0.140000 -0.140000 1.400000
3.680161 -7.625926 5.051248 -0.140000 -0.140000 1.400000
3.675375 -7.611568 5.044070 -0.140000 0.910000 2.170000
