-0.686740 1.663012 9.485149 -6.300000 -0.420000 0.070000
-0.686740 1.663012 9.485149 -6.300000 -0.420000 0.070000
-0.602991 1.756332 9.769895 -7.490000 -4.060000 -0.840000
-0.818345 1.569692 9.970891 -0.980000 -8.890000 -2.310000
-0.818345 1.569692 9.970891 -0.980000 -8.890000 -2.310000
-0.851845 2.093720 11.416157 -32.900002 -56.000000 -11.550000
-0.803988 1.430908 11.834900 -54.250000 -88.970001 -9.030000
-0.803988 1.430908 11.834900 -54.250000 -88.970001 -9.030000
-0.162712 0.842274 11.870793 -45.570000 -105.629997 -7.980000
-0.162712 0.842274 11.870793 -45.570000 -105.629997 -7.980000
1.777867 1.024128 11.382657 -24.290001 -141.820007 -1.470000
2.132005 1.024128 11.408978 -20.930000 -144.199997 -0.280000
2.132005 1.024128 11.408978 -20.930000 -144.199997 -0.280000
3.448057 0.136391 8.496914 -8.820000 -156.729996 -7.280000
4.031906 0.296710 8.346166 1.820000 -161.979996 -8.680000
4.814359 0.674776 7.046863 -1.610000 -161.979996 -9.590000
4.814359 0.674776 7.046863 -1.610000 -161.979996 -9.590000
4.814359 0.674776 7.046863 -1.610000 -161.979996 -9.590000
4.814359 0.674776 7.046863 -1.610000 -161.979996 -9.590000
4.814359 0.674776 7.046863 -1.610000 -161.979996 -9.590000
6.242875 0.880559 4.658825 -10.500000 -152.250000 0.490000
6.242875 0.880559 4.658825 -10.500000 -152.250000 0.490000
6.515656 0.478565 3.282953 3.990000 -158.899994 -2.380000
6.515656 0.478565 3.282953 3.990000 -158.899994 -2.380000
6.515656 0.478565 3.282953 3.990000 -158.899994 -2.380000
6.515656 0.478565 3.282953 3.990000 -158.899994 -2.380000
6.515656 0.478565 3.282953 3.990000 -158.899994 -2.380000
6.515656 0.478565 3.282953 3.990000 -158.899994 -2.380000
8.070991 0.368495 1.028914 12.670000 -143.990005 -2.310000
9.054441 1.746760 -4.656433 -6.230000 -32.130001 -10.920000
9.245867 1.158126 -4.297509 -10.920000 -16.170000 -5.250000
9.245867 1.158126 -4.297509 -10.920000 -16.170000 -5.250000
9.320045 1.222732 -3.976871 -8.610000 -10.220000 -3.500000
9.312866 1.361516 -4.271189 -18.480000 1.470000 -3.570000
9.394222 1.517050 -3.897908 -15.260000 7.910000 -3.080000
9.401401 1.725225 -3.601198 -12.810000 10.500000 -2.380000
