-0.823131 -9.884750 2.081756 -9.310000 3.360000 4.900000
-0.904487 -9.918249 1.959722 -5.950000 3.710000 3.290000
-0.887737 -9.891929 1.923829 -6.160000 3.500000 2.520000
-0.887737 -9.891929 1.923829 -6.160000 3.500000 2.520000
-1.028914 -9.848858 1.820938 -8.330000 2.940000 1.260000
-0.973879 -9.793823 1.825724 -7.490000 3.710000 0.700000
-1.000200 -9.798609 1.777867 -8.540000 4.410000 0.070000
-0.952343 -9.568897 1.914258 -3.850000 8.260000 -0.770000
-0.902094 -9.664611 1.875973 -5.670000 8.470000 -0.280000
-0.837488 -9.540184 2.000400 -4.620000 7.490000 1.330000
-0.875773 -9.678967 2.026721 -4.760000 5.530000 2.310000
-0.875773 -9.678967 2.026721 -4.760000 5.530000 2.310000
-0.875773 -9.678967 2.026721 -4.760000 5.530000 2.310000
-0.868595 -9.757930 2.053042 -5.180000 4.410000 2.590000
-0.859023 -9.678967 1.962115 -4.620000 2.940000 3.710000
-0.859023 -9.678967 1.962115 -4.620000 2.940000 3.710000
-0.856631 -9.741181 2.009971 -4.340000 3.430000 3.010000
-0.813560 -9.695717 1.959722 -5.110000 2.940000 2.660000
-0.839881 -9.614362 1.911865 -4.690000 4.270000 3.780000
-0.851845 -9.662218 1.950150 -5.180000 4.830000 3.150000
-0.851845 -9.662218 1.950150 -5.180000 4.830000 3.150000
-0.851845 -9.662218 1.950150 -5.180000 4.830000 3.150000
-0.851845 -9.662218 1.950150 -5.180000 4.830000 3.150000
-0.851845 -9.662218 1.950150 -5.180000 4.830000 3.150000
-0.851845 -9.662218 1.950150 -5.180000 4.830000 3.150000
-0.851845 -9.662218 1.950150 -5.180000 4.830000 3.150000
-0.863809 -9.717253 1.974079 -3.990000 4.830000 3.290000
-0.863809 -9.717253 1.974079 -3.990000 4.830000 3.290000
-0.863809 -9.717253 1.974079 -3.990000 4.830000 3.290000
-0.863809 -9.717253 1.974079 -3.990000 4.830000 3.290000
-0.863809 -9.717253 1.974079 -3.990000 4.830000 3.290000
-0.859023 -9.714860 2.036292 -4.480000 4.340000 3.430000
-0.859023 -9.714860 2.036292 -4.480000 4.340000 3.430000
-0.815953 -9.729217 1.990828 -5.530000 3.850000 3.290000
-0.892523 -9.891929 1.969293 -4.760000 3.640000 3.010000
-0.904487 -9.872787 1.909473 -7.910000 4.060000 1.750000
-0.904487 -9.872787 1.909473 -7.910000 4.060000 1.750000
-0.904487 -9.872787 1.909473 -7.910000 4.060000 1.750000
-0.870987 -9.638289 1.926222 -6.230000 4.550000 1.330000
-0.918844 -9.588040 1.947758 -6.300000 4.480000 1.820000
-0.849452 -9.544970 1.938186 -5.180000 3.780000 2.450000
-0.849452 -9.544970 1.938186 -5.180000 3.780000 2.450000
-0.866202 -9.501899 1.998007 -5.390000 3.570000 3.430000
-0.937986 -9.717253 1.861616 -5.810000 3.290000 3.290000
-0.875773 -9.755538 1.986043 -7.280000 3.080000 2.870000
-0.909273 -9.829715 1.966900 -3.500000 5.040000 3.150000
-0.914058 -9.729217 1.964507 -5.040000 5.040000 2.450000
-0.803988 -9.643075 1.978864 -4.690000 5.250000 2.310000
-0.803988 -9.643075 1.978864 -4.690000 5.250000 2.310000
-0.885344 -9.791430 2.002793 -2.940000 5.040000 2.870000
-0.937986 -9.667004 2.017149 -2.170000 3.850000 3.220000
-0.880559 -9.734003 1.945365 -4.970000 3.080000 2.590000
-0.847059 -9.554541 1.995614 -5.670000 3.220000 2.940000
-0.847059 -9.554541 1.995614 -5.670000 3.220000 2.940000
-0.894916 -9.731609 1.947758 -3.850000 3.710000 3.850000
-0.894916 -9.731609 1.947758 -3.850000 3.710000 3.850000
-0.789631 -9.674182 1.947758 -4.550000 3.500000 3.080000
