1.179662 1.502693 9.351151 -0.770000 0.630000 0.280000
1.201197 1.521835 9.348758 1.260000 1.190000 0.630000
1.227518 1.519442 9.336794 -0.210000 -0.070000 0.490000
1.227518 1.519442 9.336794 -0.210000 -0.070000 0.490000
1.227518 1.519442 9.336794 -0.210000 -0.070000 0.490000
1.203590 1.402194 9.355937 0.420000 0.140000 0.490000
1.268196 1.438086 9.126225 -0.420000 0.630000 -0.420000
1.244268 1.378266 9.188439 0.910000 0.630000 -0.560000
1.244268 1.378266 9.188439 0.910000 0.630000 -0.560000
1.186840 1.442872 9.238688 -0.490000 0.280000 -0.420000
1.217947 1.485943 9.171689 1.120000 1.050000 -0.560000
1.229911 1.483550 9.207582 0.210000 1.120000 -0.070000
1.229911 1.483550 9.207582 0.210000 1.120000 -0.070000
1.191626 1.533799 9.303294 0.210000 0.980000 0.070000
1.225125 1.500300 9.169296 -0.560000 0.350000 -0.070000
1.323231 1.505085 9.327222 0.070000 0.490000 -0.280000
1.229911 1.469193 9.250652 0.070000 0.700000 -0.070000
1.229911 1.469193 9.250652 0.070000 0.700000 -0.070000
1.210768 1.462015 9.262616 -0.840000 0.560000 0.210000
1.232304 1.387837 9.265009 -0.630000 0.280000 -0.070000
1.258625 1.423729 9.265009 -0.910000 0.630000 -0.490000
1.301696 1.385444 9.245867 1.820000 1.540000 -1.120000
1.258625 1.481157 9.353544 2.590000 1.190000 -1.400000
1.241875 1.550549 9.245867 0.210000 0.280000 -1.120000
1.241875 1.550549 9.245867 0.210000 0.280000 -1.120000
1.306481 1.586441 9.351151 0.840000 0.350000 -0.420000
1.306481 1.586441 9.351151 0.840000 0.350000 -0.420000
1.182054 1.572084 9.322437 1.400000 0.840000 0.070000
1.198804 1.596013 9.255438 1.190000 1.400000 -0.770000
1.198804 1.596013 9.255438 1.190000 1.400000 -0.770000
1.325624 1.471586 9.212367 -0.070000 0.910000 -0.770000
1.220340 1.624727 9.370294 -0.490000 0.980000 0.280000
1.220340 1.624727 9.370294 -0.490000 0.980000 0.280000
1.220340 1.624727 9.370294 -0.490000 0.980000 0.280000
1.249053 1.591227 9.396614 -0.910000 0.700000 0.420000
1.186840 1.519442 9.250652 0.280000 -0.560000 0.140000
1.186840 1.519442 9.250652 0.280000 -0.560000 0.140000
1.272982 1.447658 9.183653 -0.420000 0.140000 0.420000
1.272982 1.447658 9.183653 -0.420000 0.140000 0.420000
1.304088 1.488336 9.248260 -0.700000 0.140000 0.140000
1.304088 1.488336 9.248260 -0.700000 0.140000 0.140000
1.227518 1.502693 9.207582 0.560000 0.910000 0.350000
1.227518 1.502693 9.207582 0.560000 0.910000 0.350000
1.201197 1.548156 9.176475 -0.420000 0.910000 0.280000
1.308874 1.502693 9.236296 -0.420000 1.330000 0.070000
1.229911 1.574477 9.358330 1.820000 1.470000 0.140000
