1.119841 -9.559326 2.160719 -1.960000 -0.770000 2.030000
1.189233 -9.791430 2.242075 0.420000 -0.070000 1.750000
1.091127 -9.798609 2.218147 1.190000 -0.770000 1.260000
1.091127 -9.798609 2.218147 1.190000 -0.770000 1.260000
1.091127 -9.798609 2.218147 1.190000 -0.770000 1.260000
1.093520 -9.640682 2.096112 0.420000 -1.330000 0.630000
1.081556 -9.533006 2.117648 -1.260000 -0.210000 0.210000
1.028914 -9.702895 2.074577 3.500000 0.980000 0.490000
1.028914 -9.702895 2.074577 3.500000 0.980000 0.490000
1.083949 -9.523434 2.187040 2.240000 0.490000 0.630000
1.124627 -9.590433 2.251646 -1.260000 -0.210000 0.350000
1.095913 -9.468399 2.225325 0.980000 -0.980000 0.070000
1.095913 -9.468399 2.225325 0.980000 -0.980000 0.070000
1.093520 -9.439686 2.234896 -1.470000 -1.260000 0.070000
1.048056 -9.489935 2.117648 1.400000 -0.350000 0.700000
1.045663 -9.635897 2.306681 0.560000 -0.280000 0.490000
1.045663 -9.635897 2.306681 0.560000 -0.280000 0.490000
1.093520 -9.631111 2.203789 -5.320000 -2.100000 0.490000
1.093520 -9.631111 2.203789 -5.320000 -2.100000 0.490000
1.007378 -9.678967 2.201397 0.420000 -1.960000 1.750000
1.019342 -9.597611 2.158326 -0.350000 -1.680000 0.490000
1.019342 -9.597611 2.158326 -0.350000 -1.680000 0.490000
1.050449 -9.714860 2.242075 3.710000 -0.350000 1.330000
0.990629 -9.710074 2.232504 2.380000 -1.050000 0.070000
1.060020 -9.554541 2.170290 1.260000 -1.190000 -0.420000
1.060020 -9.554541 2.170290 1.260000 -1.190000 -0.420000
1.071985 -9.458827 2.151148 3.360000 -0.980000 0.070000
1.004985 -9.643075 2.273181 2.520000 -0.210000 0.280000
1.052842 -9.700503 2.127219 -3.150000 -0.840000 -0.770000
1.052842 -9.700503 2.127219 -3.150000 -0.840000 -0.770000
1.067199 -9.511470 2.184647 0.490000 -0.140000 -0.280000
1.050449 -9.595219 2.182254 1.050000 0.280000 0.070000
1.048056 -9.561719 2.184647 0.910000 0.980000 -0.070000
1.052842 -9.600004 2.237289 1.120000 0.840000 -0.210000
1.052842 -9.600004 2.237289 1.120000 0.840000 -0.210000
1.052842 -9.600004 2.237289 1.120000 0.840000 -0.210000
1.045663 -9.643075 2.184647 -0.420000 0.350000 -1.050000
