-1.694118 -9.303294 3.383451 -0.140000 -0.070000 -0.630000
-1.713261 -9.221939 3.211168 -2.170000 0.140000 -0.560000
-1.684547 -8.910872 3.318845 -0.070000 -0.210000 -0.980000
-1.684547 -8.910872 3.318845 -0.070000 -0.210000 -0.980000
-1.684547 -8.910872 3.318845 -0.070000 -0.210000 -0.980000
-1.730011 -9.272188 3.199204 -0.910000 0.770000 0.630000
-1.686940 -9.075976 3.407379 -0.490000 0.070000 0.490000
-1.679761 -9.126225 3.369094 -0.490000 -0.140000 1.120000
-1.744368 -9.312866 3.268596 -0.210000 0.910000 0.910000
-1.706082 -9.183653 3.378666 0.280000 0.560000 0.770000
-1.706082 -9.183653 3.378666 0.280000 0.560000 0.770000
-1.777867 -9.250652 3.299703 -0.280000 0.770000 -0.070000
-1.706082 -9.159724 3.290131 -1.610000 0.560000 0.490000
-1.794617 -9.212367 3.364309 0.700000 0.350000 -0.280000
-1.794617 -9.212367 3.364309 0.700000 0.350000 -0.280000
-1.686940 -9.104690 3.275774 -0.840000 0.350000 0.420000
-1.741975 -9.202796 3.242275 -0.280000 -0.210000 0.980000
-1.753939 -9.092726 3.287738 0.770000 -0.210000 -0.700000
-1.730011 -9.102298 3.342773 -1.680000 0.980000 -0.070000
-1.730011 -9.102298 3.342773 -1.680000 0.980000 -0.070000
-1.737189 -9.305687 3.247060 -1.680000 0.700000 0.070000
-1.758725 -8.951550 3.450450 1.680000 -0.420000 0.070000
-1.686940 -9.262616 3.340380 2.240000 -0.350000 0.700000
-1.708475 -9.336794 3.328416 0.980000 -0.350000 0.070000
-1.744368 -9.367901 3.208775 -3.920000 1.330000 -1.820000
-1.744368 -9.367901 3.208775 -3.920000 1.330000 -1.820000
-1.770689 -9.293723 3.203990 -1.680000 1.400000 -2.590000
-1.634298 -8.879765 3.364309 0.560000 1.050000 -1.610000
-1.617548 -8.997013 3.330809 -0.910000 0.630000 0.420000
-1.648655 -9.013763 3.237489 -1.050000 0.770000 0.280000
-1.634298 -9.011370 3.479164 0.840000 -0.140000 1.470000
-1.672583 -8.925228 3.239882 0.770000 -0.280000 2.940000
-1.782653 -9.083155 3.299703 0.910000 -0.630000 2.240000
-1.749153 -9.169296 3.400201 0.140000 -0.350000 2.240000
-1.686940 -9.351151 3.326023 -2.030000 -0.070000 2.520000
-1.674976 -9.339187 3.335595 0.840000 -0.280000 0.420000
-1.777867 -9.217153 3.400201 -0.210000 0.140000 0.070000
-1.761117 -9.320045 3.311667 -0.560000 0.700000 0.350000
-1.710868 -9.291330 3.345166 -0.420000 0.140000 -0.210000
-1.741975 -9.109475 3.337988 0.280000 -0.210000 0.070000
-1.667797 -9.133404 3.270989 -1.750000 0.140000 -0.560000
-1.701297 -9.068797 3.378666 1.120000 0.630000 -0.070000
-1.744368 -9.123833 3.416951 -0.070000 0.210000 0.630000
