1.038485 -9.623933 2.263610 0.840000 0.700000 -0.560000
1.038485 -9.623933 2.263610 0.840000 0.700000 -0.560000
0.904487 -9.528220 2.199004 0.490000 0.280000 -1.190000
1.004985 -9.418150 2.246860 0.420000 -0.280000 -0.630000
1.007378 -9.439686 2.199004 0.630000 -0.700000 -0.210000
1.002593 -9.556933 2.261217 0.700000 -0.910000 0.910000
1.002593 -9.556933 2.261217 0.700000 -0.910000 0.910000
1.057628 -9.607183 2.258825 0.280000 -1.400000 0.140000
0.952343 -9.619147 2.220540 -0.630000 -1.470000 -0.210000
1.031307 -9.573684 2.134398 -0.210000 -0.770000 -0.070000
1.031307 -9.573684 2.134398 -0.210000 -0.770000 -0.070000
1.062413 -9.645468 2.177469 1.260000 -0.070000 0.140000
1.012164 -9.499505 2.163112 1.050000 -0.140000 0.140000
1.083949 -9.602397 2.242075 0.210000 -0.140000 0.770000
1.083949 -9.602397 2.242075 0.210000 -0.140000 0.770000
1.016950 -9.638289 2.187040 0.840000 0.350000 0.420000
0.978664 -9.530612 2.184647 0.770000 0.490000 -0.140000
0.978664 -9.530612 2.184647 0.770000 0.490000 -0.140000
0.973879 -9.580862 2.208575 -0.140000 0.560000 -0.910000
0.966700 -9.547362 2.220540 0.700000 1.330000 -0.350000
0.966700 -9.547362 2.220540 0.700000 1.330000 -0.350000
0.985843 -9.499505 2.273181 0.630000 0.770000 -0.140000
0.995414 -9.576077 2.220540 -0.210000 -0.280000 -0.140000
0.995414 -9.576077 2.220540 -0.210000 -0.280000 -0.140000
0.904487 -9.463614 2.254039 -0.140000 -0.210000 -0.140000
1.019342 -9.568897 2.215754 0.140000 -0.140000 0.700000
0.914058 -9.707682 2.237289 -0.840000 -1.330000 -0.420000
0.914058 -9.707682 2.237289 -0.840000 -1.330000 -0.420000
0.940379 -9.573684 2.091327 -1.400000 -1.540000 -0.630000
1.016950 -9.576077 2.084148 0.210000 -1.470000 -0.210000
0.911665 -9.609575 2.167897 1.890000 0.350000 0.350000
0.911665 -9.609575 2.167897 1.890000 0.350000 0.350000
1.000200 -9.516255 2.194218 1.330000 -0.210000 0.420000
0.988236 -9.635897 2.196611 0.210000 -0.980000 0.840000
0.959522 -9.683753 2.206182 0.140000 -0.840000 0.700000
0.959522 -9.683753 2.206182 0.140000 -0.840000 0.700000
0.995414 -9.693325 2.167897 0.350000 0.070000 -0.070000
0.971486 -9.700503 2.182254 0.630000 0.420000 -0.770000
0.971486 -9.700503 2.182254 0.630000 0.420000 -0.770000
0.988236 -9.664611 2.244468 0.980000 0.350000 -0.910000
0.916451 -9.568897 2.230111 1.540000 0.280000 -0.840000
0.916451 -9.568897 2.230111 1.540000 0.280000 -0.840000
