2.038685 -9.645468 1.160519 -15.610000 0.980000 -0.630000
2.036292 -9.525827 1.280160 1.820000 2.800000 1.540000
2.036292 -9.525827 1.280160 1.820000 2.800000 1.540000
1.971686 -9.765109 1.524228 -13.300000 3.570000 0.910000
2.127219 -9.590433 1.146162 -3.010000 2.100000 2.660000
2.072184 -9.580862 0.598206 -3.780000 3.710000 2.660000
2.072184 -9.580862 0.598206 -3.780000 3.710000 2.660000
1.981257 -9.927821 1.653440 -16.100000 6.790000 3.430000
2.081756 -9.700503 1.198804 -10.080000 3.220000 5.740000
1.966900 -9.958927 1.048056 -9.380000 6.230000 4.480000
1.852045 -9.772287 0.337388 -19.740000 7.770000 6.090000
2.043471 -9.492328 1.031307 -15.820000 7.140000 3.640000
1.950150 -9.738789 0.165105 -32.480000 7.070000 7.770000
1.866402 -9.913465 -0.535992 -20.510000 16.030001 7.140000
1.883151 -9.571291 0.004786 -27.860001 19.670000 9.730000
2.053042 -9.690931 -0.074178 -33.810001 18.129999 8.050000
1.780260 -9.829715 0.155533 -40.040001 24.990000 10.920000
1.746760 -10.088140 -0.502493 -42.910000 33.599998 17.010000
1.581656 -10.121639 -1.258625 -37.520000 37.869999 19.320000
1.349552 -9.860823 -1.488336 -7.840000 34.369999 17.290001
1.316052 -9.865608 -0.617348 22.400000 23.520000 12.460000
1.371087 -9.138189 0.502493 27.650000 13.160000 7.070000
1.215554 -9.963714 0.318245 3.360000 10.500000 5.180000
1.138984 -10.124033 0.313460 1.400000 7.840000 1.260000
1.138984 -10.124033 0.313460 1.400000 7.840000 1.260000
1.036092 -10.078569 0.071785 0.070000 0.140000 0.280000
1.036092 -10.078569 0.071785 0.070000 0.140000 0.280000
1.229911 -9.731609 0.270389 -0.420000 -1.540000 -0.980000
1.165305 -9.769895 0.033500 2.170000 -2.170000 0.700000
1.339981 -9.719646 0.066999 4.060000 -1.470000 0.770000
1.280160 -9.540184 0.033500 0.700000 -1.610000 1.610000
1.280160 -9.540184 0.033500 0.700000 -1.610000 1.610000
1.306481 -9.810574 0.102891 0.490000 -0.140000 1.400000
1.339981 -9.829715 0.023928 2.800000 -0.490000 2.660000
1.339981 -9.829715 0.023928 2.800000 -0.490000 2.660000
1.229911 -9.999605 0.267996 -0.420000 -0.700000 2.660000
1.229911 -9.999605 0.267996 -0.420000 -0.700000 2.660000
1.189233 -9.832108 0.229711 1.680000 -1.400000 2.100000
1.316052 -10.109675 0.179462 1.260000 -0.910000 2.170000
