2.050649 -9.107083 2.794817 -5.390000 -2.450000 1.470000
2.127219 -9.298509 2.543570 4.760000 -0.420000 1.330000
2.127219 -9.298509 2.543570 4.760000 -0.420000 1.330000
2.160719 -9.224331 2.904887 -2.870000 -1.050000 1.610000
2.194218 -9.437292 2.675175 -2.310000 -1.330000 1.960000
2.201397 -9.202796 2.538785 7.770000 -0.980000 0.560000
2.019542 -9.822537 2.371287 -7.490000 -2.590000 1.610000
2.189433 -8.989835 2.718246 9.870000 -3.360000 -0.770000
2.189433 -8.989835 2.718246 9.870000 -3.360000 -0.770000
2.096112 -9.810574 3.036492 -11.410000 -5.250000 1.750000
2.096112 -9.810574 3.036492 -11.410000 -5.250000 1.750000
2.160719 -8.161918 3.483950 -0.070000 -11.900000 1.750000
2.127219 -10.080962 2.165504 14.140000 -12.110000 -0.210000
2.127219 -10.080962 2.165504 14.140000 -12.110000 -0.210000
2.287539 -8.231310 3.594020 14.490000 -13.160000 3.220000
2.206182 -9.949356 2.584249 -1.890000 -17.010000 1.190000
2.141576 -9.049655 3.170490 -30.660000 -21.210001 5.460000
2.110470 -9.982857 2.388037 -6.580000 -18.690001 3.570000
1.981257 -8.750552 3.101098 -3.080000 -16.940001 4.620000
1.981257 -8.750552 3.101098 -3.080000 -16.940001 4.620000
2.179861 -10.013963 2.167897 -18.410000 -16.799999 2.590000
2.160719 -9.528220 2.100898 -6.860000 -12.810000 4.200000
2.321038 -9.683753 2.053042 -11.690000 -13.090000 -0.630000
2.294717 -9.358330 1.909473 -5.670000 -15.470000 -4.480000
2.294717 -9.358330 1.909473 -5.670000 -15.470000 -4.480000
2.392823 -9.437292 1.820938 -1.190000 -16.030001 -3.990000
2.383251 -9.485149 1.952543 0.980000 -17.150000 -3.990000
2.076970 -9.336794 1.959722 0.770000 -14.560000 -2.870000
2.277967 -8.999406 1.885544 -5.810000 -8.750000 -2.170000
2.323431 -9.035298 1.820938 2.170000 -3.850000 -0.840000
2.323431 -9.035298 1.820938 2.170000 -3.850000 -0.840000
2.450250 -9.348758 1.883151 2.870000 -2.800000 0.280000
2.505285 -9.499505 2.024328 -3.430000 -3.500000 0.350000
2.411965 -9.406186 1.904687 -2.380000 -5.950000 0.420000
2.371287 -9.568897 1.713261 2.380000 -3.990000 -0.070000
2.371287 -9.568897 1.713261 2.380000 -3.990000 -0.070000
2.371287 -9.516255 1.847259 -3.710000 1.540000 0.560000
2.371287 -9.516255 1.847259 -3.710000 1.540000 0.560000
2.452643 -9.343972 1.899901 3.290000 0.980000 -0.840000
2.543570 -9.552148 1.830509 1.820000 1.190000 0.210000
