1.741975 -9.726824 0.157926 0.700000 -0.070000 1.050000
1.722832 -10.030712 0.126820 0.070000 -1.750000 -0.420000
1.701297 -9.870394 0.062213 1.750000 -1.050000 -0.980000
1.701297 -9.870394 0.062213 1.750000 -1.050000 -0.980000
1.677369 -9.846465 0.110070 1.330000 -0.910000 -0.980000
1.636691 -9.786645 0.174676 1.470000 0.140000 -1.400000
1.667797 -9.743573 0.157926 1.540000 0.280000 -1.400000
1.667797 -9.743573 0.157926 1.540000 0.280000 -1.400000
1.725225 -9.729217 0.198604 2.030000 -0.700000 -1.190000
1.612763 -9.698111 0.157926 2.030000 -0.280000 -0.840000
1.663012 -9.824929 0.133998 2.170000 -0.490000 -0.210000
1.663012 -9.824929 0.133998 2.170000 -0.490000 -0.210000
1.727618 -9.724431 0.153141 4.200000 -0.070000 -0.280000
1.665405 -9.796216 0.241675 4.410000 0.630000 -0.070000
1.720440 -9.832108 0.263210 0.490000 -0.770000 -0.140000
1.684547 -9.796216 0.241675 2.100000 -0.910000 -1.050000
1.689333 -9.741181 0.220140 3.500000 -0.350000 -0.770000
1.689333 -9.745967 0.318245 2.380000 -0.420000 -0.700000
1.715654 -9.765109 0.299103 -0.420000 -0.140000 -0.420000
1.715654 -9.765109 0.299103 -0.420000 -0.140000 -0.420000
1.703690 -9.650253 0.248854 1.890000 -0.980000 -0.420000
1.739582 -9.745967 0.325424 -0.700000 -1.750000 -0.140000
1.660619 -9.717253 0.294317 0.980000 -1.470000 -0.140000
1.775474 -9.707682 0.337388 1.190000 -1.190000 0.280000
1.775474 -9.707682 0.337388 1.190000 -1.190000 0.280000
1.691726 -9.824929 0.299103 -1.260000 -0.770000 0.280000
1.741975 -9.822537 0.308674 2.380000 -0.910000 -1.120000
1.670190 -9.762716 0.308674 0.700000 -0.490000 -0.280000
1.639083 -9.736395 0.234497 -0.770000 -0.140000 0.210000
1.677369 -9.688539 0.370888 -2.520000 0.210000 0.070000
1.691726 -9.686146 0.306281 0.350000 -0.490000 0.210000
1.715654 -9.736395 0.378066 -0.910000 -0.980000 0.840000
1.677369 -9.774680 0.277567 -1.610000 -0.770000 0.840000
1.694118 -9.805787 0.232104 0.840000 -0.980000 0.350000
1.789831 -9.884750 0.303888 0.210000 -0.700000 0.280000
1.789831 -9.884750 0.303888 0.210000 -0.700000 0.280000
1.749153 -9.853643 0.253639 1.400000 -1.050000 -0.490000
1.749153 -9.853643 0.253639 1.400000 -1.050000 -0.490000
