2.926422 -8.583055 4.082155 2.240000 -1.260000 -0.910000
2.792424 -8.420342 4.074977 -0.700000 -0.910000 -1.540000
2.770889 -8.520842 4.043870 -1.330000 -1.890000 -2.730000
2.780460 -8.417950 4.137190 -1.120000 -0.210000 -0.490000
2.790031 -8.554340 4.055835 -7.140000 -0.280000 0.420000
2.790031 -8.554340 4.055835 -7.140000 -0.280000 0.420000
2.780460 -8.729016 3.795017 -2.380000 -0.910000 -0.420000
2.924029 -8.365308 4.230510 5.180000 0.210000 -1.470000
2.794817 -8.793623 4.079762 -2.380000 0.700000 -0.140000
2.794817 -8.793623 4.079762 -2.380000 0.700000 -0.140000
2.837888 -8.494520 4.003192 6.790000 0.350000 -1.960000
2.713461 -8.456236 4.307081 1.750000 1.330000 -2.450000
2.730211 -8.860621 4.197011 -29.400000 0.910000 5.600000
2.730211 -8.860621 4.197011 -29.400000 0.910000 5.600000
2.830709 -8.166703 3.845266 -42.840000 -0.070000 10.430000
2.823531 -9.497113 3.316452 -104.860001 3.360000 10.360000
2.634498 -7.867601 2.852244 -143.009995 -5.810000 30.100000
2.478964 -8.539984 1.119841 -149.449997 -17.500000 28.350000
2.478964 -8.539984 1.119841 -149.449997 -17.500000 28.350000
1.545763 -10.083356 -1.363909 -92.540001 -8.960000 28.420000
2.088934 -11.129018 -2.182254 -31.219999 -3.640000 7.000000
2.249253 -9.834501 0.701097 8.050000 -3.010000 3.710000
1.983650 -10.157533 0.239282 -1.540000 -2.380000 3.990000
1.983650 -10.157533 0.239282 -1.540000 -2.380000 3.990000
2.005185 -10.277173 -0.004786 0.280000 -1.470000 -0.210000
2.038685 -9.994821 0.428315 9.870000 -4.060000 -1.890000
2.038685 -9.994821 0.428315 9.870000 -4.060000 -1.890000
2.038685 -9.994821 0.428315 9.870000 -4.060000 -1.890000
1.959722 -9.784252 0.318245 2.030000 -0.420000 -4.060000
2.098505 -9.693325 0.138784 2.660000 -0.980000 -2.730000
2.120041 -9.473185 0.191426 1.120000 -0.630000 -1.330000
2.043471 -9.384650 0.442672 1.470000 -0.560000 -1.540000
2.000400 -9.669396 0.277567 2.590000 0.070000 -0.420000
2.191825 -9.805787 0.131605 3.150000 0.210000 0.840000
2.167897 -9.542577 0.583849 2.870000 -1.260000 -0.630000
2.184647 -9.712467 0.366102 0.630000 -1.190000 0.770000
2.124826 -9.722038 0.433101 5.390000 0.420000 -0.490000
2.189433 -9.607183 0.215354 1.470000 0.280000 -0.140000
2.158326 -9.628718 0.239282 0.980000 -0.490000 -0.420000
