3.046063 -9.095119 2.947958 -10.640000 3.080000 2.660000
3.172883 -9.087940 2.813959 -14.280000 3.850000 3.570000
3.144169 -8.999406 2.902494 -5.250000 4.900000 2.380000
3.261417 -8.659625 3.022135 -30.170000 2.800000 3.850000
3.117848 -8.956335 2.565106 -61.110001 1.540000 4.830000
3.117848 -8.956335 2.565106 -61.110001 1.540000 4.830000
3.002992 -8.946764 2.227718 -74.129997 -1.960000 5.180000
3.282953 -9.303294 1.521835 -69.580002 -3.990000 5.390000
3.079563 -8.999406 1.586441 -79.870003 -1.190000 3.220000
3.134598 -9.061620 1.103091 -97.860001 -3.010000 5.320000
3.201597 -9.748360 0.043071 -89.389999 -4.760000 3.010000
3.201597 -9.748360 0.043071 -89.389999 -4.760000 3.010000
3.058028 -9.114261 0.208176 -102.410004 -3.290000 1.190000
3.058028 -9.296116 -0.480957 -112.629997 -5.740000 2.730000
3.058028 -9.296116 -0.480957 -112.629997 -5.740000 2.730000
2.991028 -8.903693 -1.301696 -93.309998 -1.890000 2.730000
2.991028 -8.903693 -1.301696 -93.309998 -1.890000 2.730000
3.251846 -9.820145 -2.050649 -93.660004 -4.620000 2.240000
3.251846 -9.820145 -2.050649 -93.660004 -4.620000 2.240000
3.026921 -8.652447 -2.153540 -107.800003 -2.030000 2.940000
3.349952 -8.731410 -3.172883 -45.920002 -4.620000 -2.940000
3.089134 -8.164310 -3.203990 -99.540001 -7.630000 2.170000
3.089134 -8.164310 -3.203990 -99.540001 -7.630000 2.170000
3.273381 -8.740981 -3.984050 -105.699997 -9.940000 0.980000
3.263810 -8.149954 -4.687540 -109.550003 -10.640000 -3.570000
3.263810 -8.149954 -4.687540 -109.550003 -10.640000 -3.570000
3.038885 -7.255038 -5.192425 -90.019997 -12.390000 -5.390000
3.218346 -7.305287 -6.039484 -126.349998 -16.870001 -4.270000
3.218346 -7.305287 -6.039484 -126.349998 -16.870001 -4.270000
3.218346 -7.305287 -6.039484 -126.349998 -16.870001 -4.270000
3.218346 -7.305287 -6.039484 -126.349998 -16.870001 -4.270000
3.218346 -7.305287 -6.039484 -126.349998 -16.870001 -4.270000
3.218346 -7.305287 -6.039484 -126.349998 -16.870001 -4.270000
3.043670 -5.697310 -7.774280 -70.000000 -9.590000 -3.360000
3.034099 -5.108676 -8.420342 -55.020000 -4.690000 -3.010000
3.019742 -4.735396 -8.516055 -35.490002 -3.080000 -3.990000
3.019742 -4.735396 -8.516055 -35.490002 -3.080000 -3.990000
2.943172 -4.414758 -8.197811 -38.290001 -2.380000 -2.310000
2.902494 -4.273581 -8.597411 -33.529999 -1.190000 -2.940000
2.902494 -4.273581 -8.597411 -33.529999 -1.190000 -2.940000
2.902494 -4.273581 -8.597411 -33.529999 -1.190000 -2.940000
2.883351 -3.759124 -8.685946 -28.700001 0.560000 -4.550000
3.101098 -3.895515 -8.927622 -24.010000 0.770000 -1.470000
2.871387 -3.302095 -8.764909 -12.740000 3.430000 -1.260000
2.871387 -3.302095 -8.764909 -12.740000 3.430000 -1.260000
2.895315 -3.318845 -8.693125 -10.990000 3.220000 1.540000
2.828316 -3.546163 -8.700303 -7.840000 4.410000 4.060000
2.890530 -3.469593 -8.834301 -3.220000 5.390000 3.360000
2.914458 -3.730411 -8.810372 -0.910000 5.390000 5.320000
2.969493 -3.766303 -8.568698 -2.730000 4.970000 3.710000
2.969493 -3.766303 -8.568698 -2.730000 4.970000 3.710000
2.974278 -3.505485 -8.683553 -1.540000 3.780000 2.450000
2.813959 -3.388237 -8.700303 -1.750000 3.220000 2.660000
2.845066 -3.361916 -8.726624 -2.030000 3.360000 3.220000
