1.591227 -9.236296 3.749553 -5.320000 7.070000 -7.350000
1.598405 -9.159724 3.605984 7.770000 9.170000 -14.420000
1.665405 -9.571291 3.512664 56.770000 8.540000 -28.139999
1.665405 -9.571291 3.512664 56.770000 8.540000 -28.139999
1.895115 -9.200402 3.766303 77.000000 10.710000 -32.900002
1.660619 -9.016156 5.379066 72.800003 6.160000 -47.389999
2.227718 -8.099705 5.331209 82.739998 6.090000 -57.470001
2.227718 -8.099705 5.331209 82.739998 6.090000 -57.470001
2.598605 -8.271988 6.211767 68.389999 3.500000 -60.480000
3.318845 -7.173682 5.852845 62.299999 -1.750000 -60.830002
2.892922 -6.793223 6.991827 65.870003 6.370000 -67.900002
2.892922 -6.793223 6.991827 65.870003 6.370000 -67.900002
3.498307 -6.319445 6.427122 58.660000 1.750000 -72.029999
3.603590 -6.034698 6.960721 76.930000 3.920000 -75.599998
3.909872 -4.721039 7.207181 74.340004 3.570000 -75.389999
4.541577 -3.002992 7.211967 57.610001 6.020000 -68.389999
4.541577 -3.002992 7.211967 57.610001 6.020000 -68.389999
4.883751 -2.603391 7.570890 51.799999 7.630000 -62.790001
4.907679 -2.117648 7.451250 41.580002 6.510000 -57.610001
4.859823 -1.129412 8.164310 42.070000 -0.280000 -43.189999
5.039285 -0.870987 7.891530 43.119999 -2.310000 -38.990002
4.721039 -0.775275 7.786245 27.440001 -3.780000 -29.889999
4.721039 -0.775275 7.786245 27.440001 -3.780000 -29.889999
4.785645 -0.736989 8.173882 16.450001 -7.840000 -23.240000
4.948357 -0.736989 7.987241 21.840000 -3.290000 -21.350000
4.869394 -0.394816 7.956135 2.520000 -4.270000 -15.960000
5.134997 -0.622134 8.142776 3.150000 2.240000 -10.360000
4.895715 -0.318245 8.178668 19.040001 6.160000 -5.880000
4.974678 -0.899701 8.188239 -4.130000 3.430000 -2.030000
4.974678 -0.899701 8.188239 -4.130000 3.430000 -2.030000
4.792823 -0.512064 8.420342 -13.370000 2.310000 0.140000
4.967500 -0.636491 8.405986 2.030000 0.840000 0.490000
5.082355 -0.337388 7.671390 -5.250000 -0.980000 2.380000
4.881358 -0.703490 8.166703 -7.630000 1.050000 3.640000
4.768896 -0.672383 8.501699 0.070000 2.870000 2.310000
4.955536 -1.208375 7.968100 -4.340000 2.520000 1.890000
4.914857 -0.930808 8.269595 -4.970000 0.140000 2.870000
4.914857 -0.930808 8.269595 -4.970000 0.140000 2.870000
