1.907080 -10.322637 3.103491 -24.570000 -0.910000 -18.410000
2.187040 -12.289536 2.933600 -10.920000 -2.870000 -60.689999
2.335395 -12.540783 2.900101 -32.549999 -6.160000 -95.900002
2.335395 -12.540783 2.900101 -32.549999 -6.160000 -95.900002
3.017349 -12.282358 1.883151 -19.740000 -4.970000 -154.070007
3.481557 -11.078769 1.914258 0.070000 -4.550000 -181.789993
4.086941 -10.272388 1.706082 -2.660000 -3.150000 -191.940002
4.086941 -10.272388 1.706082 -2.660000 -3.150000 -191.940002
5.015356 -8.585447 1.952543 8.540000 -2.030000 -204.330002
5.015356 -8.585447 1.952543 8.540000 -2.030000 -204.330002
5.831308 -5.745167 1.849652 13.020000 -10.150000 -209.649994
6.422336 -3.546163 1.507478 -1.960000 -14.000000 -205.660004
6.592227 -2.641676 1.208375 18.200001 -10.570000 -200.550003
6.592227 -2.641676 1.208375 18.200001 -10.570000 -200.550003
6.764510 -0.775275 1.311267 23.660000 -7.630000 -195.369995
6.764510 -0.775275 1.311267 23.660000 -7.630000 -195.369995
7.044470 5.223531 0.437887 49.700001 -21.139999 -155.259995
7.310073 7.750352 0.555135 28.980000 -17.360001 -115.989998
7.494320 7.920243 0.524028 -4.410000 -15.330000 -95.059998
7.685746 7.355537 0.074178 -20.230000 -3.290000 -50.470001
7.774280 6.922436 0.643669 0.490000 6.580000 -14.420000
8.379664 5.312066 0.952343 -30.380001 5.110000 15.050000
8.415558 4.345366 0.806381 -17.360001 3.150000 20.650000
8.673983 4.484150 1.117448 -11.620000 -0.140000 18.340000
8.956335 3.680161 1.208375 -22.400000 -3.080000 15.820000
8.920443 3.450450 1.213161 -12.180000 -2.450000 13.580000
8.736196 3.251846 1.198804 -9.590000 -2.380000 11.270000
8.898908 3.275774 1.328017 -3.780000 0.420000 7.560000
8.985049 3.402594 1.576870 -2.310000 2.100000 6.440000
8.985049 3.402594 1.576870 -2.310000 2.100000 6.440000
8.908479 3.656233 1.667797 -5.250000 1.890000 4.760000
8.829515 3.589234 1.452443 -3.640000 2.380000 5.110000
8.803195 4.144369 1.564906 5.040000 3.710000 9.870000
