2.995814 -8.472985 3.809374 -6.230000 4.060000 2.030000
2.995814 -8.472985 3.809374 -6.230000 4.060000 2.030000
3.012564 -8.647661 3.718446 -11.830000 3.640000 2.730000
2.919244 -8.616554 3.704089 -12.040000 3.430000 1.960000
2.940779 -8.152347 3.687340 -34.930000 3.570000 3.220000
2.940779 -8.152347 3.687340 -34.930000 3.570000 3.220000
2.983850 -8.755339 3.103491 -78.050003 0.420000 6.580000
2.878566 -8.563912 3.115455 -48.160000 4.340000 5.950000
2.871387 -8.726624 2.541178 -120.750000 0.560000 7.910000
2.871387 -8.726624 2.541178 -120.750000 0.560000 7.910000
2.957529 -8.989835 1.887937 -139.020004 -3.290000 9.030000
2.904887 -9.552148 1.222732 -123.900002 -7.280000 5.460000
3.046063 -10.155140 -0.540778 -82.180000 -5.600000 4.130000
3.046063 -10.155140 -0.540778 -82.180000 -5.600000 4.130000
2.940779 -9.348758 -0.342174 -57.610001 -3.360000 3.500000
2.854637 -9.449257 -1.208375 -51.869999 -3.430000 2.380000
2.880959 -9.178867 -1.091127 -54.110001 -2.170000 1.260000
3.103491 -10.537991 -2.995814 -77.629997 -11.620000 1.610000
3.184847 -9.016156 -2.390430 -30.240000 -6.230000 -4.060000
2.955136 -8.472985 -2.143969 -109.340004 -10.010000 1.540000
3.053242 -8.843873 -3.653840 -125.510002 -15.050000 0.350000
3.091527 -8.815158 -4.266403 -112.419998 -16.379999 -4.130000
3.091527 -8.815158 -4.266403 -112.419998 -16.379999 -4.130000
2.868994 -7.805387 -4.118048 -119.139999 -17.500000 -2.450000
2.837888 -7.018148 -6.049056 -148.820007 -20.230000 -1.540000
2.821138 -7.252645 -6.733403 -130.690002 -22.400000 -2.590000
2.581856 -6.561120 -7.374680 -84.070000 -18.480000 -0.840000
2.720639 -6.558727 -7.800602 -59.080002 -15.610000 -0.980000
2.720639 -6.558727 -7.800602 -59.080002 -15.610000 -0.980000
2.720639 -6.558727 -7.800602 -59.080002 -15.610000 -0.980000
2.543570 -5.367101 -8.307880 -64.330002 -6.440000 -2.240000
2.543570 -5.367101 -8.307880 -64.330002 -6.440000 -2.240000
2.579463 -4.931608 -8.389235 -70.000000 -4.060000 -3.080000
2.560320 -4.878965 -8.133204 -70.699997 -4.480000 -5.040000
2.510071 -4.890929 -8.291130 -59.500000 -6.020000 -7.000000
2.409572 -4.106083 -8.645268 -40.950001 -5.040000 -6.650000
2.383251 -3.682554 -8.583055 -17.780001 -1.750000 -0.910000
2.397608 -3.873980 -9.272188 -10.150000 -0.350000 3.850000
2.361716 -3.838088 -9.006584 -5.110000 1.400000 3.640000
2.361716 -3.838088 -9.006584 -5.110000 1.400000 3.640000
2.404787 -4.022335 -8.851050 -8.680000 1.750000 2.170000
2.445465 -3.852444 -9.056834 -4.900000 2.030000 2.310000
2.318645 -3.809374 -9.040084 -3.430000 4.620000 3.010000
2.318645 -3.809374 -9.040084 -3.430000 4.620000 3.010000
2.318645 -3.809374 -9.040084 -3.430000 4.620000 3.010000
2.318645 -3.809374 -9.040084 -3.430000 4.620000 3.010000
2.328217 -3.790231 -8.863015 -2.730000 5.950000 3.010000
