3.031706 -9.018548 2.794817 -1.750000 -0.910000 -0.210000
3.079563 -9.152546 2.541178 4.620000 0.700000 -1.050000
3.079563 -9.152546 2.541178 4.620000 0.700000 -1.050000
3.223132 -8.815158 2.792424 4.760000 -0.350000 -0.770000
3.005385 -8.958728 2.526821 -4.060000 0.560000 -1.050000
3.115455 -8.932407 2.809174 3.780000 0.210000 -0.910000
3.074777 -9.061620 2.684747 -1.540000 2.450000 -0.280000
3.096312 -9.008978 2.780460 -2.100000 1.190000 0.490000
3.096312 -9.008978 2.780460 -2.100000 1.190000 0.490000
3.148954 -8.874979 2.670390 3.640000 0.630000 0.700000
3.065206 -9.341579 2.653640 -1.750000 1.610000 0.280000
3.060420 -8.774480 2.900101 -3.220000 0.700000 5.180000
3.060420 -8.774480 2.900101 -3.220000 0.700000 5.180000
3.043670 -8.882158 2.524428 -25.549999 1.680000 5.110000
3.079563 -10.071390 2.072184 -64.120003 4.480000 8.190000
3.079563 -10.071390 2.072184 -64.120003 4.480000 8.190000
2.321038 -8.099705 1.368695 -113.959999 -15.750000 32.410000
1.976472 -8.599805 0.483350 -107.520004 -16.170000 32.970001
2.270789 -9.468399 -1.253839 -32.619999 -9.310000 17.710001
2.294717 -10.121639 -0.066999 -10.150000 -5.600000 10.640000
2.574677 -10.499706 -0.071785 11.550000 -9.520000 11.340000
2.069792 -9.348758 -0.071785 4.270000 -8.750000 11.760000
2.069792 -9.348758 -0.071785 4.270000 -8.750000 11.760000
2.036292 -10.344172 -0.179462 11.550000 -4.200000 8.120000
1.866402 -9.891929 -0.050249 4.620000 -1.890000 5.110000
1.866402 -9.891929 -0.050249 4.620000 -1.890000 5.110000
2.002793 -10.131211 -0.222532 1.050000 -1.540000 3.220000
1.942972 -10.183852 -0.093320 4.200000 -0.350000 3.010000
1.988436 -10.004392 -0.114855 -1.890000 0.210000 0.840000
1.959722 -9.958927 -0.009571 -0.420000 -0.350000 0.560000
1.765903 -9.738789 -0.282353 -4.060000 -1.120000 0.770000
1.806581 -9.870394 -0.277567 -2.310000 0.980000 0.560000
1.849652 -9.789038 -0.165105 0.210000 1.330000 -0.700000
1.978864 -9.748360 -0.102891 -8.680000 -0.420000 -0.210000
1.818545 -9.676575 -0.162712 -4.060000 0.210000 0.210000
1.820938 -9.901501 -0.040678 -1.190000 0.420000 0.910000
1.820938 -9.901501 -0.040678 -1.190000 0.420000 0.910000
1.749153 -9.745967 -0.064606 -6.020000 -0.210000 -0.070000
1.854438 -9.748360 0.028714 0.980000 0.910000 -0.420000
1.875973 -9.875179 -0.155533 -3.570000 0.070000 0.420000
