0.535992 -5.438886 -8.207381 0.910000 -0.420000 -0.210000
0.535992 -5.438886 -8.207381 0.910000 -0.420000 -0.210000
0.598206 -5.520242 -8.274381 1.610000 -0.700000 -0.140000
0.598206 -5.520242 -8.274381 1.610000 -0.700000 -0.140000
0.598206 -5.520242 -8.274381 1.610000 -0.700000 -0.140000
0.598206 -5.520242 -8.274381 1.610000 -0.700000 -0.140000
0.598206 -5.520242 -8.274381 1.610000 -0.700000 -0.140000
0.598206 -5.520242 -8.274381 1.610000 -0.700000 -0.140000
0.631705 -5.539384 -8.176274 0.700000 -0.350000 0.350000
0.631705 -5.539384 -8.176274 0.700000 -0.350000 0.350000
0.631705 -5.539384 -8.176274 0.700000 -0.350000 0.350000
0.631705 -5.539384 -8.176274 0.700000 -0.350000 0.350000
0.586242 -5.460421 -8.169096 1.820000 -0.560000 -0.420000
0.586242 -5.460421 -8.169096 1.820000 -0.560000 -0.420000
0.550349 -5.589634 -8.341379 -0.560000 -0.560000 -0.140000
0.550349 -5.589634 -8.341379 -0.560000 -0.560000 -0.140000
0.583849 -5.680561 -8.319844 -0.070000 0.630000 -0.070000
0.583849 -5.680561 -8.319844 -0.070000 0.630000 -0.070000
0.579063 -5.515456 -8.188239 1.330000 0.140000 -0.350000
0.579063 -5.515456 -8.188239 1.330000 0.140000 -0.350000
0.579063 -5.515456 -8.188239 1.330000 0.140000 -0.350000
0.579063 -5.515456 -8.188239 1.330000 0.140000 -0.350000
0.576670 -5.407779 -8.149954 -0.980000 1.260000 0.350000
0.576670 -5.407779 -8.149954 -0.980000 1.260000 0.350000
0.567099 -5.383851 -8.111670 -0.070000 0.770000 -0.210000
0.567099 -5.383851 -8.111670 -0.070000 0.770000 -0.210000
0.567099 -5.383851 -8.111670 -0.070000 0.770000 -0.210000
0.567099 -5.383851 -8.111670 -0.070000 0.770000 -0.210000
0.634098 -5.615955 -8.216952 -0.210000 0.770000 0.070000
0.634098 -5.615955 -8.216952 -0.210000 0.770000 0.070000
0.595813 -5.546563 -8.142776 1.330000 0.210000 0.280000
0.595813 -5.546563 -8.142776 1.330000 0.210000 0.280000
0.610170 -5.587241 -8.142776 1.050000 0.070000 0.350000
0.610170 -5.587241 -8.142776 1.050000 0.070000 0.350000
0.610170 -5.587241 -8.142776 1.050000 0.070000 0.350000
0.610170 -5.587241 -8.142776 1.050000 0.070000 0.350000
0.569492 -5.577669 -8.159525 -0.070000 -0.490000 0.210000
0.569492 -5.577669 -8.159525 -0.070000 -0.490000 0.210000
0.600598 -5.699703 -8.315059 1.610000 -0.700000 0.210000
0.600598 -5.699703 -8.315059 1.610000 -0.700000 0.210000
0.660419 -5.714060 -8.236095 1.820000 -0.560000 -0.210000
0.660419 -5.714060 -8.236095 1.820000 -0.560000 -0.210000
0.576670 -5.673382 -8.193025 1.400000 0.210000 -0.770000
0.547956 -5.587241 -8.123632 1.470000 0.210000 -0.630000
0.547956 -5.587241 -8.123632 1.470000 0.210000 -0.630000
0.643669 -5.668597 -8.157133 1.610000 -0.840000 -0.420000
0.643669 -5.668597 -8.157133 1.610000 -0.840000 -0.420000
0.567099 -5.525027 -8.224132 -0.070000 -0.070000 0.070000
0.567099 -5.525027 -8.224132 -0.070000 -0.070000 0.070000
0.636491 -5.690133 -8.257630 0.490000 0.490000 -0.140000
0.636491 -5.690133 -8.257630 0.490000 0.490000 -0.140000
0.612563 -5.656632 -8.188239 -0.630000 -0.420000 -0.210000
0.612563 -5.656632 -8.188239 -0.630000 -0.420000 -0.210000
0.612563 -5.656632 -8.188239 -0.630000 -0.420000 -0.210000
0.612563 -5.656632 -8.188239 -0.630000 -0.420000 -0.210000
0.543171 -5.625526 -8.164310 -1.190000 -0.140000 0.070000
0.543171 -5.625526 -8.164310 -1.190000 -0.140000 0.070000
0.483350 -5.687739 -8.288737 0.630000 0.140000 0.070000
0.483350 -5.687739 -8.288737 0.630000 0.140000 0.070000
0.619741 -5.608776 -8.147561 0.840000 0.560000 0.350000
0.619741 -5.608776 -8.147561 0.840000 0.560000 0.350000
0.543171 -5.733203 -8.176274 0.560000 0.630000 -0.070000
0.543171 -5.733203 -8.176274 0.560000 0.630000 -0.070000
0.610170 -5.656632 -8.023134 1.470000 -0.140000 -0.280000
0.610170 -5.656632 -8.023134 1.470000 -0.140000 -0.280000
0.610170 -5.656632 -8.023134 1.470000 -0.140000 -0.280000
0.610170 -5.656632 -8.023134 1.470000 -0.140000 -0.280000
0.720240 -5.620740 -8.190632 1.820000 -0.980000 -0.560000
0.720240 -5.620740 -8.190632 1.820000 -0.980000 -0.560000
0.598206 -5.644669 -8.035098 2.030000 -0.910000 -0.070000
0.598206 -5.644669 -8.035098 2.030000 -0.910000 -0.070000
0.581456 -5.630312 -8.082954 1.260000 -1.260000 0.070000
0.581456 -5.630312 -8.082954 1.260000 -1.260000 0.070000
0.629312 -5.704489 -8.178668 -0.350000 -1.470000 0.070000
0.629312 -5.704489 -8.178668 -0.350000 -1.470000 0.070000
0.602991 -5.764310 -8.193025 1.540000 -1.750000 -0.700000
0.602991 -5.764310 -8.193025 1.540000 -1.750000 -0.700000
0.519243 -5.611169 -8.245667 0.700000 0.070000 -0.630000
0.519243 -5.611169 -8.245667 0.700000 0.070000 -0.630000
0.531207 -5.544170 -8.207381 1.750000 -0.630000 -0.420000
0.531207 -5.544170 -8.207381 1.750000 -0.630000 -0.420000
0.531207 -5.544170 -8.207381 1.750000 -0.630000 -0.420000
0.531207 -5.544170 -8.207381 1.750000 -0.630000 -0.420000
0.617348 -5.642276 -8.224132 -1.400000 0.560000 0.140000
0.617348 -5.642276 -8.224132 -1.400000 0.560000 0.140000
0.571885 -5.721239 -8.274381 0.070000 0.700000 0.280000
0.571885 -5.721239 -8.274381 0.070000 0.700000 0.280000
0.588634 -5.644669 -8.164310 -0.420000 1.120000 0.280000
0.588634 -5.644669 -8.164310 -0.420000 1.120000 0.280000
0.574277 -5.797810 -8.126025 0.910000 0.980000 0.140000
0.574277 -5.797810 -8.126025 0.910000 0.980000 0.140000
