2.411965 -8.977871 3.419343 -7.630000 2.660000 2.450000
2.385644 -8.894121 3.582055 -10.010000 2.590000 1.890000
2.385644 -8.894121 3.582055 -10.010000 2.590000 1.890000
2.455036 -8.616554 3.352344 -35.209999 2.940000 0.700000
2.476572 -7.956135 3.194418 -152.320007 1.190000 6.440000
2.476572 -7.956135 3.194418 -152.320007 1.190000 6.440000
2.471786 -8.796017 1.615155 -224.279999 -9.450000 8.820000
2.292324 -8.997013 -1.304088 -257.739990 -17.430000 2.660000
2.292324 -8.997013 -1.304088 -257.739990 -17.430000 2.660000
2.450250 -8.556733 -4.589434 -202.649994 -22.680000 -8.050000
2.459821 -8.207381 -5.245068 -185.500000 -20.790001 -7.980000
2.459821 -8.207381 -5.245068 -185.500000 -20.790001 -7.980000
2.390430 -7.774280 -6.364908 -155.330002 -19.809999 -9.940000
2.400001 -6.833901 -7.219146 -133.699997 -21.490000 -12.880000
2.366502 -5.769095 -7.829315 -128.100006 -21.000000 -13.860000
2.428715 -5.458029 -8.013563 -118.020004 -20.860001 -14.420000
2.256432 -4.953143 -8.602197 -92.680000 -16.730000 -13.790000
2.256432 -4.953143 -8.602197 -92.680000 -16.730000 -13.790000
2.297110 -4.589434 -8.453842 -82.809998 -16.309999 -13.230000
2.462214 -4.577469 -8.583055 -67.199997 -17.360001 -13.790000
2.050649 -3.869194 -9.303294 -7.070000 -10.570000 -2.450000
2.074577 -3.579663 -9.257831 -7.910000 -8.330000 -0.700000
2.007578 -3.979264 -9.437292 -10.080000 -2.170000 -0.490000
2.067399 -3.828516 -9.128618 -7.350000 1.610000 0.140000
2.067399 -3.828516 -9.128618 -7.350000 1.610000 0.140000
2.045863 -3.897908 -9.183653 -5.390000 2.590000 0.700000
2.045863 -3.897908 -9.183653 -5.390000 2.590000 0.700000
2.038685 -3.627519 -9.193225 -4.480000 3.360000 1.680000
1.942972 -3.749553 -8.982656 -3.150000 4.270000 2.170000
1.942972 -3.749553 -8.982656 -3.150000 4.270000 2.170000
1.942972 -3.749553 -8.982656 -3.150000 4.270000 2.170000
2.079363 -3.864408 -8.925228 -2.590000 4.620000 3.010000
