0.775275 -10.109675 -0.117248 0.210000 -0.280000 -0.840000
0.729811 -9.954143 -0.203390 0.910000 0.350000 -1.470000
0.760918 -9.765109 -0.157926 0.070000 0.910000 -1.120000
0.796810 -9.848858 -0.138784 1.050000 0.140000 -0.770000
0.796810 -9.848858 -0.138784 1.050000 0.140000 -0.770000
0.803988 -9.743573 -0.088534 0.350000 -0.140000 -0.280000
0.794417 -9.908678 -0.236889 -0.210000 0.280000 0.560000
0.837488 -9.901501 -0.246461 1.330000 0.560000 0.280000
0.808774 -9.982857 -0.043071 -0.210000 1.190000 1.400000
0.808774 -9.982857 -0.043071 -0.210000 1.190000 1.400000
0.796810 -10.016356 -0.016750 0.980000 0.420000 0.490000
0.796810 -10.016356 -0.016750 0.980000 0.420000 0.490000
0.789631 -9.985250 -0.066999 0.560000 0.350000 0.140000
0.794417 -9.963714 -0.143569 0.980000 0.560000 -0.560000
0.792024 -9.982857 -0.117248 1.400000 0.980000 -0.840000
0.782453 -9.992428 -0.167498 0.840000 0.980000 -0.420000
0.782453 -9.992428 -0.167498 0.840000 0.980000 -0.420000
0.854238 -9.903893 0.052642 -0.980000 0.700000 -0.070000
0.763310 -9.901501 -0.045464 -0.490000 0.630000 -0.350000
0.844666 -9.934999 -0.081356 -1.050000 1.330000 -0.210000
0.835095 -9.911072 -0.081356 0.630000 0.210000 -0.140000
0.803988 -9.877571 -0.145962 -2.170000 0.980000 0.420000
0.787239 -9.970891 -0.138784 -2.380000 1.120000 0.420000
0.859023 -9.903893 -0.110070 0.840000 1.260000 0.210000
0.859023 -9.903893 -0.110070 0.840000 1.260000 0.210000
0.835095 -9.927821 -0.122034 -2.240000 1.890000 0.560000
0.844666 -9.982857 -0.117248 -2.590000 0.280000 0.630000
0.756132 -9.942179 -0.229711 -1.540000 1.820000 0.770000
0.772882 -9.846465 -0.119641 -0.070000 2.030000 0.280000
0.868595 -9.990034 -0.014357 2.940000 0.770000 0.280000
0.823131 -10.040283 -0.064606 -1.540000 0.490000 0.910000
0.739382 -9.951750 -0.062213 1.190000 -0.280000 -0.070000
0.770489 -9.884750 -0.138784 0.490000 0.490000 0.140000
0.770489 -9.884750 -0.138784 0.490000 0.490000 0.140000
0.815953 -9.899107 -0.124427 0.420000 0.350000 -0.070000
0.782453 -9.961320 -0.198604 0.070000 0.280000 0.140000
0.806381 -9.932607 -0.172283 -0.630000 0.280000 0.700000
0.806381 -9.932607 -0.172283 -0.630000 0.280000 0.700000
0.751346 -9.956534 -0.045464 2.030000 0.910000 0.210000
0.751346 -9.956534 -0.045464 2.030000 0.910000 0.210000
