3.007778 -9.068797 3.199204 -1.260000 0.210000 0.140000
2.962314 -8.817552 3.074777 -2.800000 -0.560000 0.980000
2.962314 -8.817552 3.074777 -2.800000 -0.560000 0.980000
2.919244 -9.066404 2.907279 -3.150000 0.770000 0.980000
2.955136 -8.551948 3.266203 5.530000 0.630000 1.540000
2.983850 -8.939585 2.962314 3.220000 3.080000 1.820000
3.002992 -9.241080 3.321238 -35.910000 3.500000 5.810000
2.617748 -9.894321 3.314059 -49.209999 3.780000 13.720000
2.617748 -9.894321 3.314059 -49.209999 3.780000 13.720000
2.892922 -10.238889 2.873780 -64.889999 0.140000 9.450000
2.938386 -7.599605 3.038885 -172.270004 -11.270000 33.670002
2.431108 -7.566105 1.440479 -164.149994 -23.590000 48.720001
2.744568 -11.399406 -2.433501 13.230000 2.450000 -1.190000
2.510071 -9.755538 1.660619 23.799999 -0.630000 6.090000
2.510071 -9.755538 1.660619 23.799999 -0.630000 6.090000
2.361716 -10.334601 1.162912 2.100000 -3.430000 6.440000
1.902294 -10.755738 -0.363709 -18.830000 -1.680000 -0.630000
2.249253 -9.978070 -0.145962 5.600000 -2.520000 -4.410000
2.141576 -9.726824 -0.215354 -4.830000 0.840000 -1.680000
2.048256 -9.231510 0.777667 12.600000 0.700000 -1.960000
2.048256 -9.231510 0.777667 12.600000 0.700000 -1.960000
2.108077 -9.291330 0.337388 -8.190000 -2.310000 -1.050000
2.067399 -9.523434 -0.220140 -7.140000 -0.280000 0.490000
2.213361 -9.372685 0.133998 7.350000 -0.560000 0.840000
2.277967 -9.683753 0.313460 -7.840000 -1.540000 2.030000
2.029114 -9.961320 0.093320 7.280000 1.400000 1.330000
2.067399 -9.652647 0.141177 -5.320000 0.420000 1.610000
2.067399 -9.652647 0.141177 -5.320000 0.420000 1.610000
2.203789 -9.791430 0.112463 -2.800000 -0.210000 2.030000
2.196611 -10.023535 0.212961 1.960000 0.490000 -0.070000
2.151148 -9.848858 0.110070 1.050000 0.350000 -0.560000
2.065006 -9.887143 0.272782 5.600000 -0.210000 -1.120000
2.038685 -9.946963 0.193819 0.210000 0.630000 -1.820000
