2.270789 -10.370493 2.009971 -7.560000 0.700000 -15.610000
2.359323 -11.162518 2.304288 -6.580000 0.700000 -34.650002
2.261217 -11.466407 2.364109 -20.230000 -0.840000 -48.369999
2.261217 -11.466407 2.364109 -20.230000 -0.840000 -48.369999
2.809174 -12.870994 1.945365 -29.680000 3.360000 -116.970001
2.809174 -12.870994 1.945365 -29.680000 3.360000 -116.970001
3.598805 -12.019149 1.335195 -26.670000 6.790000 -169.190002
4.390830 -10.839487 1.529014 3.220000 7.140000 -193.339996
4.462614 -9.908678 1.660619 12.950000 7.630000 -206.009995
4.462614 -9.908678 1.660619 12.950000 7.630000 -206.009995
5.362316 -6.087341 1.363909 22.260000 -1.120000 -231.979996
5.362316 -6.087341 1.363909 22.260000 -1.120000 -231.979996
5.874380 -2.469393 1.485943 46.970001 -12.670000 -230.089996
6.470192 -0.002393 1.038485 32.410000 -25.830000 -217.910004
6.302694 0.315853 0.722632 34.720001 -25.270000 -212.169998
6.338587 2.313859 0.684347 11.480000 -29.469999 -203.490005
6.714260 3.579663 0.055035 16.100000 -21.770000 -186.130005
6.714260 3.579663 0.055035 16.100000 -21.770000 -186.130005
6.853044 9.521042 0.646062 15.960000 -5.250000 -128.800003
7.640282 9.114261 0.301496 -16.799999 -2.310000 -75.110001
7.668997 8.099705 0.717847 -17.360001 4.830000 -14.000000
7.668997 8.099705 0.717847 -17.360001 4.830000 -14.000000
7.762317 6.044270 0.713061 -22.049999 4.130000 14.700000
7.913064 5.347959 0.650848 -21.210001 1.750000 19.180000
8.212167 4.364508 0.940379 -24.500000 -1.890000 20.650000
8.413164 4.187439 1.251446 4.410000 -2.310000 16.799999
8.487342 4.225725 1.146162 -7.700000 -4.340000 13.300000
8.939585 4.173083 0.983450 -9.800000 -3.150000 10.080000
8.599805 3.835695 0.909273 -2.870000 -0.980000 8.820000
