2.845066 -9.265009 3.072384 -5.810000 -0.840000 3.360000
2.828316 -9.805787 2.591427 5.670000 2.100000 5.180000
2.806781 -8.934800 3.347559 33.180000 2.730000 6.230000
2.806781 -8.934800 3.347559 33.180000 2.730000 6.230000
2.615355 -8.518449 3.763910 26.250000 7.000000 3.010000
2.615355 -8.518449 3.763910 26.250000 7.000000 3.010000
2.533999 -8.611769 4.266403 -17.219999 3.290000 3.080000
2.555535 -10.298709 3.302095 -88.830002 3.920000 7.350000
2.852244 -8.647661 3.744767 -102.620003 -0.700000 11.410000
2.608176 -9.956534 2.462214 -206.149994 -5.250000 23.379999
2.608176 -9.956534 2.462214 -206.149994 -5.250000 23.379999
2.531606 -7.089933 2.065006 -173.600006 -27.440001 39.689999
2.531606 -7.089933 2.065006 -173.600006 -27.440001 39.689999
1.203590 -9.753145 -2.646462 -76.019997 -25.410000 17.080000
2.017149 -9.511470 -0.227318 14.560000 -11.200000 9.380000
1.658226 -9.891929 -0.619741 0.420000 -11.060000 18.480000
1.658226 -9.891929 -0.619741 0.420000 -11.060000 18.480000
1.265803 -9.913465 -0.600598 13.230000 -14.560000 13.300000
1.265803 -9.913465 -0.600598 13.230000 -14.560000 13.300000
1.301696 -9.482756 -0.102891 21.000000 -16.170000 17.639999
1.430908 -9.614362 -0.272782 6.440000 -13.720000 17.639999
1.220340 -10.009177 -0.385244 -4.060000 -10.220000 15.050000
0.930808 -9.803394 -0.033500 8.540000 1.540000 6.510000
0.930808 -9.803394 -0.033500 8.540000 1.540000 6.510000
1.117448 -10.140782 -0.346959 1.050000 -0.350000 3.220000
1.117448 -10.140782 -0.346959 1.050000 -0.350000 3.220000
1.127020 -10.387242 -0.200997 -1.540000 -0.350000 1.820000
0.933201 -9.853643 -0.052642 0.560000 0.350000 -2.800000
0.971486 -9.949356 -0.069392 -1.610000 -0.350000 -2.590000
1.124627 -9.903893 -0.217747 0.280000 0.070000 -3.430000
1.124627 -9.903893 -0.217747 0.280000 0.070000 -3.430000
1.263410 -9.868000 -0.349352 -1.470000 -0.070000 -3.080000
1.263410 -9.868000 -0.349352 -1.470000 -0.070000 -3.080000
1.203590 -9.667004 -0.248854 -0.840000 -0.560000 -3.220000
1.134198 -9.664611 -0.016750 1.470000 -1.120000 -2.940000
1.184447 -9.793823 -0.299103 1.960000 -1.610000 -0.210000
1.184447 -9.793823 -0.299103 1.960000 -1.610000 -0.210000
1.241875 -9.894321 -0.320638 -6.650000 -1.680000 -0.420000
1.265803 -10.107283 -0.241675 -0.770000 -0.630000 -1.400000
