3.086741 -8.439486 3.850052 -8.610000 0.490000 -0.280000
3.089134 -8.683553 3.716053 -7.490000 0.770000 -0.350000
3.177669 -8.269595 3.876373 -10.990000 0.420000 0.980000
3.081956 -8.700303 3.594020 -13.160000 0.490000 2.590000
3.081956 -8.700303 3.594020 -13.160000 0.490000 2.590000
3.177669 -8.530413 3.608376 -6.930000 0.210000 3.780000
2.797210 -8.252845 4.074977 -29.960001 -2.310000 4.060000
3.337988 -8.480164 3.122634 -46.619999 0.210000 17.780001
3.012564 -9.279366 2.763710 -105.769997 1.470000 23.309999
3.012564 -9.279366 2.763710 -105.769997 1.470000 23.309999
3.103491 -8.910872 2.813959 -131.740005 -4.690000 24.710001
1.832902 -8.851050 0.581456 -120.470001 -19.389999 35.910000
1.832902 -8.851050 0.581456 -120.470001 -19.389999 35.910000
1.895115 -8.951550 -1.138984 -81.269997 -14.910000 31.639999
2.242075 -9.899107 0.658026 16.660000 -1.960000 13.510000
2.261217 -10.293922 0.287139 15.610000 -3.710000 12.600000
2.043471 -10.435099 0.081356 -2.590000 -4.620000 3.780000
1.933401 -10.231709 0.052642 -2.310000 -4.410000 2.590000
1.933401 -10.231709 0.052642 -2.310000 -4.410000 2.590000
1.969293 -10.085747 0.138784 3.290000 -1.260000 -1.190000
1.969293 -10.085747 0.138784 3.290000 -1.260000 -1.190000
1.993221 -9.530612 0.224925 0.980000 -1.120000 -2.240000
1.916651 -9.678967 0.299103 -1.820000 -1.120000 -2.730000
1.916651 -9.678967 0.299103 -1.820000 -1.120000 -2.730000
1.916651 -9.678967 0.299103 -1.820000 -1.120000 -2.730000
2.041078 -9.518648 0.150748 1.050000 -0.630000 -0.840000
2.041078 -9.518648 0.150748 1.050000 -0.630000 -0.840000
2.041078 -9.518648 0.150748 1.050000 -0.630000 -0.840000
2.041078 -9.518648 0.150748 1.050000 -0.630000 -0.840000
2.041078 -9.518648 0.150748 1.050000 -0.630000 -0.840000
2.036292 -9.757930 0.296710 2.240000 -1.120000 -1.890000
2.017149 -9.832108 0.088534 0.070000 0.280000 -0.770000
2.017149 -9.839286 0.186640 -3.360000 -0.280000 -1.470000
2.017149 -9.839286 0.186640 -3.360000 -0.280000 -1.470000
1.952543 -9.748360 0.375673 -3.010000 -0.770000 -2.240000
1.950150 -9.528220 0.291924 1.050000 -1.330000 -1.890000
