1.966900 -9.832108 -0.131605 -3.360000 5.110000 2.940000
2.009971 -9.667004 -0.078963 -2.800000 5.250000 3.290000
2.062613 -9.834501 -0.234497 -3.220000 4.480000 2.800000
2.062613 -9.834501 -0.234497 -3.220000 4.480000 2.800000
1.902294 -9.607183 -0.095713 3.220000 5.880000 2.660000
2.012364 -9.851252 -0.090927 -1.470000 6.930000 4.270000
2.012364 -9.851252 -0.090927 -1.470000 6.930000 4.270000
2.170290 -9.923036 -0.107677 4.410000 8.190000 3.640000
2.000400 -10.315458 -0.150748 34.230000 11.340000 2.870000
1.928615 -9.954143 0.358923 51.939999 14.700000 0.560000
1.928615 -9.954143 0.358923 51.939999 14.700000 0.560000
1.986043 -10.583455 0.543171 131.460007 22.540001 3.710000
1.986043 -10.583455 0.543171 131.460007 22.540001 3.710000
1.859223 -8.973085 2.423929 171.149994 29.400000 -6.440000
1.895115 -8.415558 3.151347 116.270004 30.660000 -2.590000
1.780260 -8.161918 4.476971 118.930000 28.210001 -8.400000
1.770689 -8.563912 4.673182 116.480003 27.230000 -10.850000
1.698904 -7.666604 5.326423 151.759995 25.900000 -10.220000
1.698904 -7.666604 5.326423 151.759995 25.900000 -10.220000
1.722832 -6.520442 5.797810 190.750000 24.990000 -15.820000
1.631905 -6.541977 6.407979 203.979996 19.250000 -19.530001
1.127020 -2.512464 8.403593 214.830002 31.990000 -17.710001
0.820738 -2.586641 8.449057 185.850006 26.180000 -20.650000
1.363909 -0.552742 8.640482 192.080002 33.320000 -12.390000
1.304088 0.796810 9.432507 185.149994 38.500000 -11.900000
0.830309 1.832902 9.915856 145.110001 34.509998 -10.990000
0.830309 1.832902 9.915856 145.110001 34.509998 -10.990000
0.830309 1.832902 9.915856 145.110001 34.509998 -10.990000
0.830309 1.832902 9.915856 145.110001 34.509998 -10.990000
0.830309 1.832902 9.915856 145.110001 34.509998 -10.990000
0.830309 1.832902 9.915856 145.110001 34.509998 -10.990000
0.830309 1.832902 9.915856 145.110001 34.509998 -10.990000
0.830309 1.832902 9.915856 145.110001 34.509998 -10.990000
0.215354 2.548356 9.401401 -17.290001 3.080000 2.800000
0.411566 2.651247 9.257831 -8.050000 3.360000 2.240000
0.411566 2.651247 9.257831 -8.050000 3.360000 2.240000
0.435494 2.644069 9.284152 -8.400000 3.010000 3.570000
0.435494 2.644069 9.284152 -8.400000 3.010000 3.570000
0.545564 2.646462 9.150154 -9.940000 2.660000 1.750000
0.559920 2.555535 9.198010 -7.560000 1.540000 1.260000
