2.017149 -9.466006 1.789831 -2.240000 1.820000 0.210000
1.974079 -9.401401 1.799403 -4.830000 0.490000 1.400000
1.974079 -9.401401 1.799403 -4.830000 0.490000 1.400000
1.976472 -9.791430 2.337788 -5.740000 0.210000 -0.840000
1.976472 -9.791430 2.337788 -5.740000 0.210000 -0.840000
1.923829 -9.853643 2.055435 -50.820000 -4.760000 0.210000
1.923829 -9.853643 2.055435 -50.820000 -4.760000 0.210000
1.923829 -9.853643 2.055435 -50.820000 -4.760000 0.210000
2.239682 -10.200603 -0.421137 -36.049999 4.060000 -1.610000
2.239682 -10.200603 -0.421137 -36.049999 4.060000 -1.610000
2.383251 -8.930015 -0.279960 -26.670000 10.290000 -0.700000
2.359323 -9.657433 0.301496 -67.129997 12.880000 5.670000
2.359323 -9.657433 0.301496 -67.129997 12.880000 5.670000
2.474179 -10.267602 -0.308674 -65.029999 10.990000 8.330000
1.607977 -10.499706 -2.940779 -17.219999 43.820000 16.309999
1.607977 -10.499706 -2.940779 -17.219999 43.820000 16.309999
1.607977 -10.499706 -2.940779 -17.219999 43.820000 16.309999
1.607977 -10.499706 -2.940779 -17.219999 43.820000 16.309999
1.660619 -9.425328 -0.311067 9.240000 5.950000 4.060000
1.763510 -9.736395 -0.461815 1.470000 4.550000 1.120000
1.756332 -9.616754 -0.485743 0.630000 3.360000 1.050000
1.756332 -9.616754 -0.485743 0.630000 3.360000 1.050000
1.689333 -9.762716 -0.552742 3.780000 2.450000 2.520000
1.648655 -9.949356 -0.562313 2.590000 2.660000 1.960000
1.684547 -9.736395 -0.483350 2.240000 2.590000 1.050000
1.835295 -9.856036 -0.356531 -1.890000 1.050000 1.960000
1.653440 -9.961320 -0.660419 1.050000 -1.400000 2.030000
1.653440 -9.961320 -0.660419 1.050000 -1.400000 2.030000
1.737189 -9.327222 -0.576670 0.210000 -0.700000 0.420000
1.737189 -9.327222 -0.576670 0.210000 -0.700000 0.420000
1.797010 -9.810574 -0.653241 -2.100000 0.770000 2.520000
1.706082 -9.836893 -0.598206 5.180000 1.750000 3.360000
1.679761 -9.765109 -0.416351 0.700000 2.310000 0.420000
1.679761 -9.765109 -0.416351 0.700000 2.310000 0.420000
1.679761 -9.817751 -0.401994 -1.890000 1.120000 0.560000
1.679761 -9.817751 -0.401994 -1.890000 1.120000 0.560000
1.715654 -10.088140 -0.492921 0.490000 0.280000 -1.330000
1.746760 -9.643075 -0.449851 4.200000 -0.490000 -0.280000
