1.569692 -4.484150 -8.563912 -41.230000 -6.510000 -6.650000
1.569692 -4.484150 -8.563912 -41.230000 -6.510000 -6.650000
1.406980 -4.503292 -8.602197 -15.050000 -9.310000 -2.870000
1.406980 -4.503292 -8.602197 -15.050000 -9.310000 -2.870000
1.392623 -4.218546 -8.901299 -21.700001 -5.390000 -1.750000
1.392623 -4.218546 -8.901299 -21.700001 -5.390000 -1.750000
1.385444 -4.400401 -8.891729 -10.850000 -1.400000 0.910000
1.316052 -4.364508 -8.973085 -5.110000 -2.100000 0.280000
1.332802 -4.072584 -8.934800 -5.460000 -0.490000 2.380000
1.332802 -4.072584 -8.934800 -5.460000 -0.490000 2.380000
1.332802 -4.072584 -8.934800 -5.460000 -0.490000 2.380000
1.253839 -4.156333 -8.781659 -8.400000 1.610000 2.450000
1.253839 -4.156333 -8.781659 -8.400000 1.610000 2.450000
1.253839 -4.156333 -8.781659 -8.400000 1.610000 2.450000
1.189233 -4.546363 -8.874979 -3.010000 3.290000 3.500000
1.189233 -4.546363 -8.874979 -3.010000 3.290000 3.500000
1.198804 -4.314260 -8.736196 -2.450000 4.270000 3.500000
1.198804 -4.314260 -8.736196 -2.450000 4.270000 3.500000
1.359123 -4.527221 -8.803195 3.150000 3.780000 4.410000
