3.634698 -7.465607 5.369494 -0.630000 -1.330000 -0.770000
3.668197 -7.221539 5.125426 0.070000 -0.420000 -0.770000
3.754339 -7.142576 5.273781 -0.700000 0.350000 -0.490000
3.613162 -7.290931 5.292924 -3.920000 -0.700000 -0.630000
3.613162 -7.290931 5.292924 -3.920000 -0.700000 -0.630000
3.553342 -7.365108 5.233103 0.700000 0.490000 0.280000
3.553342 -7.365108 5.233103 0.700000 0.490000 0.280000
3.412165 -7.420143 5.694918 0.560000 1.400000 1.120000
3.412165 -7.420143 5.694918 0.560000 1.400000 1.120000
3.653840 -7.467999 5.414958 0.770000 0.280000 0.560000
3.751946 -7.424929 5.213961 -1.890000 -0.280000 1.260000
3.515057 -7.590034 5.556134 1.190000 0.420000 1.260000
3.589234 -7.506285 5.264209 1.190000 0.140000 -0.210000
3.632305 -7.523034 5.364708 -0.350000 -0.770000 0.350000
3.632305 -7.523034 5.364708 -0.350000 -0.770000 0.350000
3.632305 -7.523034 5.364708 -0.350000 -0.770000 0.350000
3.632305 -7.523034 5.364708 -0.350000 -0.770000 0.350000
3.632305 -7.523034 5.364708 -0.350000 -0.770000 0.350000
3.668197 -7.355537 5.405386 -0.210000 -1.120000 -0.700000
3.668197 -7.355537 5.405386 -0.210000 -1.120000 -0.700000
3.668197 -7.355537 5.405386 -0.210000 -1.120000 -0.700000
3.646662 -7.427321 5.352744 -0.280000 0.420000 -0.560000
3.749553 -7.350751 5.347959 -1.330000 -1.470000 -0.630000
3.749553 -7.350751 5.347959 -1.330000 -1.470000 -0.630000
3.749553 -7.350751 5.347959 -1.330000 -1.470000 -0.630000
3.749553 -7.350751 5.347959 -1.330000 -1.470000 -0.630000
3.582055 -7.255038 5.448457 0.560000 -0.140000 -0.560000
3.591627 -7.283752 5.474778 -1.120000 0.140000 1.400000
3.596412 -7.334002 5.419744 -2.520000 -0.420000 0.630000
3.596412 -7.334002 5.419744 -2.520000 -0.420000 0.630000
3.634698 -7.389036 5.333601 1.960000 0.490000 0.350000
3.708875 -7.233503 5.331209 1.190000 1.120000 0.910000
3.555735 -7.549356 5.321638 -2.940000 -1.400000 0.420000
3.725625 -7.458428 5.154140 -0.350000 -0.280000 0.350000
3.694518 -7.410572 5.302495 0.490000 0.560000 0.070000
3.629912 -7.451250 5.340781 -0.560000 0.280000 0.140000
3.675375 -7.465607 5.424529 -0.840000 -0.350000 -0.280000
3.672983 -7.345965 5.419744 -1.750000 -0.630000 -0.700000
3.672983 -7.345965 5.419744 -1.750000 -0.630000 -0.700000
3.586841 -7.532606 5.436492 -1.330000 -0.770000 -0.700000
3.761517 -7.549356 5.221139 0.420000 -2.030000 -1.610000
3.723232 -7.267002 5.367101 0.280000 -1.400000 -1.890000
3.701697 -7.202396 5.233103 0.420000 -1.610000 -0.630000
3.548556 -7.350751 5.173282 -2.170000 -2.100000 -0.350000
3.684947 -7.350751 5.178068 0.420000 0.700000 0.140000
3.601198 -7.434500 5.335995 -0.350000 0.350000 -0.280000
3.665804 -7.379465 5.324030 -1.820000 -0.840000 -0.490000
3.665804 -7.379465 5.324030 -1.820000 -0.840000 -0.490000
3.663411 -7.381857 5.290531 -1.540000 -0.280000 0.070000
3.663411 -7.381857 5.290531 -1.540000 -0.280000 0.070000
3.629912 -7.372287 5.271388 1.610000 0.630000 -0.210000
3.663411 -7.401000 5.335995 -1.540000 0.070000 0.070000
3.663411 -7.401000 5.335995 -1.540000 0.070000 0.070000
3.672983 -7.305287 5.082355 0.980000 0.420000 0.280000
3.672983 -7.305287 5.082355 0.980000 0.420000 0.280000
3.613162 -7.345965 5.364708 0.560000 1.680000 1.190000
