9.226725 0.516850 2.962314 0.700000 -0.700000 -0.700000
9.226725 0.516850 2.962314 0.700000 -0.700000 -0.700000
9.138189 0.540778 2.955136 0.420000 0.210000 -0.980000
9.174082 0.545564 2.888137 0.560000 -0.350000 -1.330000
9.236296 0.636491 2.950350 -0.070000 -0.560000 -0.980000
9.157332 0.528814 2.902494 0.280000 -0.070000 -0.070000
9.157332 0.528814 2.902494 0.280000 -0.070000 -0.070000
9.169296 0.567099 2.943172 -0.630000 -0.560000 -0.070000
9.123833 0.502493 2.969493 0.420000 -0.280000 0.070000
9.207582 0.545564 3.002992 0.420000 -0.280000 0.210000
9.327222 0.567099 3.072384 0.490000 -0.560000 -0.420000
9.157332 0.492921 3.012564 -0.280000 -0.490000 0.560000
9.157332 0.492921 3.012564 -0.280000 -0.490000 0.560000
9.276974 0.614955 3.019742 1.120000 0.070000 0.490000
9.276974 0.614955 3.019742 1.120000 0.070000 0.490000
9.195618 0.459422 2.983850 0.770000 -0.700000 -0.910000
9.198010 0.595813 2.909672 0.980000 -0.770000 -1.610000
9.154939 0.631705 2.962314 0.840000 -0.560000 -0.420000
9.154939 0.631705 2.962314 0.840000 -0.560000 -0.420000
9.300901 0.715454 3.014957 1.190000 -0.350000 0.770000
9.159724 0.559920 2.950350 -0.560000 -0.210000 1.470000
9.236296 0.483350 2.964707 0.910000 -0.140000 0.490000
9.265009 0.521635 2.959922 0.140000 -0.420000 -0.140000
9.248260 0.531207 2.964707 0.910000 0.070000 -0.630000
9.174082 0.574277 3.062813 0.910000 0.210000 -0.070000
9.174082 0.574277 3.062813 0.910000 0.210000 -0.070000
9.195618 0.600598 2.868994 -0.350000 -0.560000 0.350000
9.183653 0.543171 2.926422 0.700000 0.280000 0.490000
9.217153 0.524028 2.983850 0.210000 0.420000 0.280000
9.217153 0.524028 2.983850 0.210000 0.420000 0.280000
9.231510 0.567099 2.964707 0.560000 -0.280000 1.050000
9.231510 0.531207 2.967100 0.210000 -0.770000 1.260000
9.171689 0.507278 2.950350 0.070000 -0.280000 1.190000
9.171689 0.507278 2.950350 0.070000 -0.280000 1.190000
9.202796 0.547956 2.945565 1.050000 0.630000 0.420000
