3.821337 -9.109475 2.072184 -5.670000 3.570000 2.520000
3.806981 -8.731410 2.000400 -4.480000 4.340000 1.610000
3.806981 -8.731410 2.000400 -4.480000 4.340000 1.610000
3.967300 -8.714661 2.196611 -6.720000 3.080000 3.500000
3.873980 -8.772088 2.158326 -8.120000 2.450000 3.570000
3.771089 -8.860621 2.117648 -10.220000 1.120000 3.360000
3.771089 -8.860621 2.117648 -10.220000 1.120000 3.360000
3.818945 -8.604590 2.196611 -35.910000 1.470000 3.990000
4.024727 -7.688138 2.206182 -92.330002 6.860000 9.100000
3.515057 -8.578269 0.564706 -234.919998 -14.350000 15.540000
3.515057 -8.578269 0.564706 -234.919998 -14.350000 15.540000
3.809374 -9.997212 -0.978664 -213.430008 -16.940001 13.160000
3.562913 -8.128418 -0.811167 -188.580002 -9.030000 2.310000
3.507878 -8.726624 -3.029313 -241.850006 -22.049999 2.800000
3.531806 -8.202596 -5.553742 -209.789993 -26.740000 -8.610000
3.531806 -8.202596 -5.553742 -209.789993 -26.740000 -8.610000
3.627519 -7.262216 -6.295516 -141.470001 -21.350000 -10.430000
3.565305 -6.637690 -6.640083 -133.559998 -20.650000 -9.590000
3.500700 -5.668597 -8.008778 -116.900002 -22.120001 -12.110000
3.462414 -4.761717 -7.896315 -110.389999 -20.790001 -13.230000
3.438486 -4.357330 -8.422735 -123.830002 -22.260000 -13.090000
3.359523 -4.237689 -9.001799 -101.570000 -19.460001 -14.070000
3.359523 -4.237689 -9.001799 -101.570000 -19.460001 -14.070000
3.373880 -3.591627 -8.578269 -83.019997 -17.850000 -14.350000
2.995814 -2.589034 -9.588040 -28.980000 -13.020000 -8.540000
3.065206 -2.311467 -9.300901 -26.740000 -9.380000 -6.300000
3.041277 -2.533999 -9.805787 -12.110000 -3.850000 1.050000
3.041277 -2.452643 -9.506684 -0.770000 2.590000 1.610000
3.172883 -2.574677 -9.276974 -0.560000 3.430000 1.680000
3.132205 -2.706282 -9.174082 -1.680000 5.530000 3.010000
3.132205 -2.706282 -9.174082 -1.680000 5.530000 3.010000
2.971886 -2.773281 -9.138189 -2.730000 4.970000 2.450000
2.940779 -2.699104 -9.090333 -5.320000 5.040000 2.100000
