1.914258 -8.717053 3.957729 -8.330000 3.850000 1.470000
1.974079 -8.834301 3.940979 -20.160000 4.200000 0.700000
1.974079 -8.834301 3.940979 -20.160000 4.200000 0.700000
1.974079 -8.834301 3.940979 -20.160000 4.200000 0.700000
1.931008 -8.563912 3.945765 -9.870000 3.360000 1.540000
1.931008 -8.563912 3.945765 -9.870000 3.360000 1.540000
2.041078 -8.573483 3.708875 -23.520000 1.540000 2.450000
2.041078 -8.573483 3.708875 -23.520000 1.540000 2.450000
2.124826 -9.540184 2.392823 -144.059998 -4.130000 5.180000
2.289931 -9.865608 1.976472 -125.930000 -4.830000 3.360000
2.289931 -9.865608 1.976472 -125.930000 -4.830000 3.360000
2.069792 -9.377472 0.189033 -156.309998 -9.380000 0.630000
2.069792 -9.377472 0.189033 -156.309998 -9.380000 0.630000
2.210968 -10.042676 -1.715654 -131.949997 -11.550000 -3.570000
2.210968 -10.042676 -1.715654 -131.949997 -11.550000 -3.570000
2.210968 -9.288938 -2.447858 -117.459999 -8.960000 -4.620000
2.263610 -9.487542 -4.108476 -128.589996 -11.970000 -6.860000
2.266003 -8.118847 -4.132405 -67.410004 -7.070000 -7.210000
2.266003 -8.118847 -4.132405 -67.410004 -7.070000 -7.210000
2.474179 -7.980063 -5.599205 -77.840004 -11.480000 -4.060000
2.474179 -7.980063 -5.599205 -77.840004 -11.480000 -4.060000
2.445465 -7.494320 -5.886343 -70.559998 -10.780000 -6.230000
2.313859 -6.805188 -6.262017 -85.050003 -12.040000 -5.950000
2.309074 -6.738188 -6.618547 -103.739998 -11.410000 -4.340000
2.321038 -6.723832 -7.164111 -86.519997 -9.450000 -6.020000
2.311467 -5.551349 -7.092326 -98.070000 -10.570000 -3.150000
2.340181 -5.685347 -7.647461 -59.990002 -18.059999 -9.520000
1.902294 -4.881358 -8.099705 -56.349998 -15.680000 -13.300000
1.928615 -5.144568 -8.516055 -64.750000 -14.490000 -13.790000
1.909473 -4.579862 -8.760124 -50.540001 -11.060000 -14.420000
2.088934 -4.177868 -8.726624 -41.580002 -8.890000 -12.740000
2.088934 -4.177868 -8.726624 -41.580002 -8.890000 -12.740000
2.088934 -4.177868 -8.726624 -41.580002 -8.890000 -12.740000
1.983650 -3.704089 -8.865408 -30.100000 -7.630000 -8.470000
1.971686 -3.924229 -8.908479 -36.540001 -7.490000 -8.470000
1.868794 -3.661019 -8.925228 -20.930000 -7.000000 -5.600000
1.588834 -3.488736 -8.851050 -17.150000 -5.250000 -1.260000
1.835295 -3.589234 -8.992228 -2.520000 -3.220000 1.680000
1.835295 -3.589234 -8.992228 -2.520000 -3.220000 1.680000
1.813759 -3.778267 -8.980263 -7.840000 -2.940000 2.030000
1.634298 -3.596412 -9.035298 -2.030000 -2.030000 1.680000
1.634298 -3.596412 -9.035298 -2.030000 -2.030000 1.680000
1.722832 -3.634698 -9.229117 0.630000 -1.190000 2.660000
1.722832 -3.634698 -9.229117 0.630000 -1.190000 2.660000
1.670190 -3.613162 -9.095119 -7.070000 2.030000 2.380000
1.636691 -3.883551 -9.145369 -4.480000 2.240000 1.890000
1.660619 -3.773481 -9.052048 -0.280000 3.640000 3.850000
1.660619 -3.773481 -9.052048 -0.280000 3.640000 3.850000
1.593620 -3.768696 -9.049655 -3.220000 3.080000 2.520000
1.593620 -3.749553 -9.071191 -5.880000 3.430000 1.960000
