2.029114 -9.226725 3.653840 36.119999 4.900000 -26.180000
2.175076 -8.934800 4.232903 71.959999 4.410000 -39.619999
2.459821 -8.796017 4.467400 83.650002 1.960000 -43.959999
3.079563 -8.173882 4.984250 94.919998 -0.630000 -53.689999
2.823531 -8.149954 5.254639 103.040001 0.280000 -61.810001
2.957529 -7.776673 5.601598 95.129997 5.460000 -62.720001
3.404987 -6.774081 6.568298 76.930000 8.190000 -65.590004
3.304488 -6.910471 6.939186 82.040001 9.310000 -69.720001
3.304488 -6.910471 6.939186 82.040001 9.310000 -69.720001
3.625126 -5.678168 6.687939 50.959999 1.960000 -68.459999
3.873980 -5.505885 7.341179 82.320000 3.010000 -76.019997
4.414758 -4.019942 6.391229 47.459999 -2.380000 -74.690002
4.414758 -4.019942 6.391229 47.459999 -2.380000 -74.690002
4.575077 -3.656233 7.848458 103.809998 9.450000 -74.760002
4.689932 -2.407180 7.881958 103.040001 8.890000 -74.900002
5.489135 -1.658226 7.042077 50.189999 -2.310000 -63.209999
4.790431 -1.464408 7.889136 24.430000 -3.570000 -51.099998
5.367101 -1.004985 7.623533 46.970001 -6.930000 -48.439999
5.436492 -0.390030 7.762317 25.270000 -5.530000 -41.580002
5.379066 0.133998 7.307681 1.400000 -4.480000 -34.160000
5.379066 0.133998 7.307681 1.400000 -4.480000 -34.160000
5.249853 -0.002393 7.680960 18.480000 0.700000 -21.350000
5.295317 -0.028714 8.066205 11.900000 2.240000 -17.990000
5.295317 -0.028714 8.066205 11.900000 2.240000 -17.990000
5.295317 -0.028714 8.066205 11.900000 2.240000 -17.990000
5.216353 -0.129212 8.350951 -1.820000 3.850000 -3.500000
5.199604 -0.320638 7.891530 -4.270000 -1.260000 0.630000
5.268995 -0.526421 7.764710 -1.750000 0.560000 2.310000
5.048856 -0.732204 8.097312 0.350000 0.700000 0.840000
5.108676 -0.732204 8.027920 -14.630000 0.980000 1.470000
5.108676 -0.732204 8.027920 -14.630000 0.980000 1.470000
5.245068 -0.758525 7.903493 -14.770000 0.840000 2.170000
5.022535 -0.770489 8.231310 9.590000 3.500000 1.260000
5.139783 -0.480957 7.922636 -21.840000 0.490000 4.970000
5.166104 -0.667598 8.051848 -12.180000 -0.630000 7.840000
5.221139 -0.842274 7.843673 -4.340000 0.910000 8.960000
5.221139 -0.842274 7.843673 -4.340000 0.910000 8.960000
5.393422 -0.643669 7.745567 -11.130000 5.180000 11.690000
5.156533 -0.519243 8.245667 -23.170000 10.710000 17.150000
5.257031 -0.832702 8.334201 -35.770000 6.300000 25.270000
5.254639 -0.897308 8.226524 -44.310001 6.860000 32.759998
5.067998 -1.194018 8.614161 -51.380001 7.910000 42.139999
