1.887937 -8.181061 2.591427 7.350000 3.080000 9.170000
1.720440 -8.001599 2.600998 7.210000 4.060000 11.900000
1.509871 -7.472785 2.376073 -1.610000 6.650000 18.200001
0.904487 -6.869793 1.981257 -3.150000 12.180000 26.740000
0.021535 -6.235696 1.871187 3.780000 19.740000 44.590000
-0.179462 -6.391229 1.983650 -11.970000 23.100000 56.279999
-0.117248 -6.953543 1.995614 -7.980000 27.860001 64.050003
-0.117248 -6.953543 1.995614 -7.980000 27.860001 64.050003
-1.292124 -7.130611 2.249253 9.100000 33.880001 77.629997
-2.368894 -7.389036 1.825724 1.540000 39.200001 93.870003
-3.684947 -7.470392 1.861616 3.220000 43.119999 106.190002
-3.684947 -7.470392 1.861616 3.220000 43.119999 106.190002
-4.460221 -8.109276 1.899901 -16.590000 46.830002 113.959999
-5.367101 -8.420342 1.543371 -9.310000 49.209999 117.949997
-6.498906 -9.255438 2.177469 -25.830000 47.810001 124.250000
-7.489535 -8.807980 1.890330 -26.600000 47.740002 126.349998
-7.877172 -9.032906 1.773082 -27.650000 34.509998 136.360001
-7.877172 -9.032906 1.773082 -27.650000 34.509998 136.360001
-7.877172 -9.032906 1.773082 -27.650000 34.509998 136.360001
-9.109475 -9.011370 2.002793 19.040001 22.400000 143.710007
-9.927821 -8.578269 2.333002 -11.690000 20.370001 129.639999
-9.506684 -8.817552 1.811367 -25.410000 17.570000 119.209999
-9.291330 -9.863215 2.818745 27.860001 19.180000 90.930000
-9.291330 -9.863215 2.818745 27.860001 19.180000 90.930000
-9.332008 -7.168896 2.390430 -7.210000 21.840000 65.870003
-8.695518 -7.520642 2.505285 -29.469999 -0.140000 47.320000
-8.760124 -5.656632 1.631905 -39.130001 -11.550000 38.920002
-8.760124 -5.656632 1.631905 -39.130001 -11.550000 38.920002
-8.724231 -5.460421 1.320838 -31.500000 -14.700000 35.070000
-8.934800 -5.125426 1.107877 -18.129999 -13.230000 30.380001
-9.037691 -4.524827 0.909273 -3.990000 -11.550000 22.400000
-9.418150 -3.957729 0.902094 3.290000 -3.290000 7.840000
-9.418150 -3.957729 0.902094 3.290000 -3.290000 7.840000
-9.221939 -3.498307 0.985843 -6.440000 1.050000 -1.680000
-9.221939 -3.498307 0.985843 -6.440000 1.050000 -1.680000
-9.147761 -3.646662 0.949951 1.050000 1.750000 -3.220000
-9.274581 -3.311667 1.215554 7.700000 2.240000 -3.080000
-9.085547 -3.440879 1.323231 1.120000 1.330000 -3.990000
