9.329616 0.748954 2.780460 0.210000 0.350000 0.140000
9.329616 0.748954 2.780460 0.210000 0.350000 0.140000
9.293723 0.796810 2.682354 0.140000 0.910000 0.420000
9.241080 0.617348 2.672783 -0.840000 0.840000 -0.490000
9.109475 0.669990 2.711068 0.980000 0.490000 -0.980000
9.109475 0.669990 2.711068 0.980000 0.490000 -0.980000
9.221939 0.782453 2.782853 0.630000 0.070000 -0.840000
9.298509 0.756132 2.715853 -0.280000 0.070000 1.750000
9.298509 0.756132 2.715853 -0.280000 0.070000 1.750000
9.233903 0.569492 2.751746 -1.120000 -0.910000 0.840000
9.233903 0.569492 2.751746 -1.120000 -0.910000 0.840000
9.322437 0.693919 2.699104 0.070000 -0.700000 -0.140000
9.322437 0.693919 2.699104 0.070000 -0.700000 -0.140000
9.504292 0.729811 2.780460 -1.190000 -0.140000 0.140000
9.399008 0.557528 2.778067 0.560000 0.350000 -0.140000
9.377472 0.686740 2.816352 0.630000 1.050000 -1.190000
9.265009 0.739382 2.605784 0.980000 1.820000 -1.400000
9.142976 0.772882 2.524428 -0.770000 2.100000 -0.840000
9.030513 0.717847 2.785245 -3.010000 1.050000 3.080000
9.138189 0.636491 2.878566 -3.430000 -0.210000 2.800000
9.138189 0.636491 2.878566 -3.430000 -0.210000 2.800000
9.138189 0.636491 2.878566 -3.430000 -0.210000 2.800000
9.200402 0.567099 2.986243 -2.590000 -3.010000 1.820000
9.454042 0.497707 2.890530 -1.190000 -3.500000 0.350000
9.358330 0.631705 2.727818 1.470000 0.980000 0.280000
9.157332 0.607777 2.730211 1.820000 1.120000 0.140000
9.157332 0.607777 2.730211 1.820000 1.120000 0.140000
9.152546 0.571885 2.703890 0.770000 1.120000 -0.140000
9.219545 0.614955 2.653640 0.420000 -0.210000 -0.070000
9.190832 0.641276 2.739782 -0.280000 -0.140000 0.700000
9.190832 0.641276 2.739782 -0.280000 -0.140000 0.700000
9.190832 0.641276 2.739782 -0.280000 -0.140000 0.700000
9.200402 0.669990 2.670390 0.070000 0.280000 1.120000
9.200402 0.669990 2.670390 0.070000 0.280000 1.120000
9.303294 0.574277 2.718246 -0.070000 0.420000 1.750000
9.358330 0.569492 2.744568 -0.140000 0.630000 1.890000
