1.933401 -9.877571 1.311267 -5.460000 4.690000 -0.490000
2.122434 -9.832108 1.622334 2.590000 1.610000 -1.400000
2.122434 -9.832108 1.622334 2.590000 1.610000 -1.400000
2.009971 -9.391829 1.294517 1.750000 2.800000 0.910000
1.971686 -9.908678 2.093720 -0.490000 2.590000 -2.940000
1.971686 -9.908678 2.093720 -0.490000 2.590000 -2.940000
1.971686 -9.908678 2.093720 -0.490000 2.590000 -2.940000
1.813759 -9.549755 1.895115 -33.950001 3.990000 -4.340000
1.813759 -9.549755 1.895115 -33.950001 3.990000 -4.340000
1.916651 -9.064013 0.404387 -107.660004 -0.210000 3.430000
1.933401 -8.939585 -1.110270 -119.279999 3.430000 10.080000
2.163112 -10.727024 -1.395016 -68.949997 6.860000 -1.400000
1.974079 -9.609575 -1.347159 -42.630001 5.320000 -2.590000
1.974079 -9.609575 -1.347159 -42.630001 5.320000 -2.590000
2.203789 -9.750752 -2.100898 -21.280001 19.670000 4.760000
2.017149 -9.231510 -2.289931 -17.219999 25.969999 10.360000
2.191825 -9.099905 -2.297110 -2.940000 38.360001 20.860001
1.976472 -9.762716 -2.562713 9.520000 38.990002 21.420000
1.808974 -9.600004 -1.083949 32.830002 23.940001 11.060000
1.828116 -9.391829 -0.531207 23.170000 16.520000 5.810000
1.596013 -9.676575 -0.535992 18.129999 14.630000 4.060000
1.686940 -9.643075 -0.356531 8.820000 8.470000 -0.420000
1.651048 -9.973285 -0.524028 1.400000 6.020000 2.870000
1.462015 -10.006784 -0.744168 5.460000 3.850000 2.030000
1.732404 -9.542577 -0.308674 10.220000 0.980000 -0.350000
1.509871 -9.590433 -0.480957 1.960000 0.140000 2.800000
1.531406 -9.848858 -0.650848 0.910000 -0.420000 2.240000
1.768296 -9.621540 -0.418744 5.110000 -1.540000 2.870000
1.612763 -9.664611 -0.612563 3.080000 -0.350000 3.010000
1.617548 -9.978070 -0.591027 0.770000 -0.490000 1.890000
1.660619 -10.025927 -0.729811 -0.630000 0.840000 1.260000
1.684547 -9.702895 -0.502493 -0.140000 -0.210000 -1.190000
1.641476 -9.705289 -0.677169 -7.490000 2.450000 1.470000
1.689333 -10.011569 -0.701097 -5.740000 1.750000 2.940000
1.639083 -10.001998 -0.509671 3.640000 0.910000 1.890000
1.529014 -9.671788 -0.437887 4.200000 -0.140000 1.120000
