1.481157 -9.657433 1.646262 -7.770000 4.410000 2.660000
1.617548 -9.781858 1.701297 -6.720000 4.760000 2.590000
1.471586 -9.621540 1.720440 -8.050000 4.270000 1.890000
1.588834 -9.566505 1.627119 -7.560000 4.760000 3.360000
1.462015 -9.525827 1.797010 -12.740000 4.900000 2.660000
1.462015 -9.525827 1.797010 -12.740000 4.900000 2.660000
1.440479 -9.052048 1.691726 -53.549999 3.360000 0.280000
1.593620 -10.030712 0.658026 -95.480003 -2.800000 1.260000
1.567299 -9.734003 0.062213 -114.590004 -0.350000 -0.910000
1.567299 -9.734003 0.062213 -114.590004 -0.350000 -0.910000
1.737189 -9.681360 -0.794417 -118.860001 1.330000 -1.820000
1.682154 -9.824929 -1.258625 -135.800003 -1.540000 -3.150000
1.682154 -9.824929 -1.258625 -135.800003 -1.540000 -3.150000
1.682154 -9.824929 -1.258625 -135.800003 -1.540000 -3.150000
1.921437 -9.946963 -3.486342 -136.779999 -6.300000 -5.040000
2.045863 -8.941978 -4.622933 -88.129997 -7.140000 -2.100000
1.741975 -8.195417 -4.682754 -89.110001 -6.790000 -5.320000
1.741975 -8.195417 -4.682754 -89.110001 -6.790000 -5.320000
1.823331 -7.613962 -6.214160 -77.419998 -5.810000 -3.850000
2.005185 -7.276574 -6.664011 -58.240002 -2.380000 -2.100000
2.005185 -7.276574 -6.664011 -58.240002 -2.380000 -2.100000
2.005185 -7.276574 -6.664011 -58.240002 -2.380000 -2.100000
2.041078 -6.628119 -6.881758 -75.949997 -6.090000 -8.190000
2.041078 -6.628119 -6.881758 -75.949997 -6.090000 -8.190000
2.053042 -6.967900 -7.204789 -69.790001 -7.350000 -8.120000
2.053042 -6.967900 -7.204789 -69.790001 -7.350000 -8.120000
1.818545 -6.214160 -7.417750 -49.980000 -7.070000 -7.490000
1.706082 -5.613562 -7.874779 -44.029999 -6.230000 -5.390000
1.706082 -5.613562 -7.874779 -44.029999 -6.230000 -5.390000
1.741975 -5.309673 -7.951349 -44.730000 -6.440000 -6.300000
1.741975 -5.309673 -7.951349 -44.730000 -6.440000 -6.300000
1.741975 -5.309673 -7.951349 -44.730000 -6.440000 -6.300000
1.689333 -4.697111 -8.128418 -45.290001 -9.240000 -5.530000
1.615155 -4.620540 -8.578269 -23.870001 -10.150000 -2.590000
1.615155 -4.620540 -8.578269 -23.870001 -10.150000 -2.590000
1.615155 -4.620540 -8.578269 -23.870001 -10.150000 -2.590000
1.493121 -4.402793 -8.791230 -1.260000 -9.730000 1.890000
1.493121 -4.402793 -8.791230 -1.260000 -9.730000 1.890000
1.375873 -4.666004 -8.858230 -8.680000 -6.020000 1.540000
1.375873 -4.666004 -8.858230 -8.680000 -6.020000 1.540000
1.335195 -4.701896 -8.946764 -4.760000 -0.140000 2.730000
1.406980 -4.622933 -9.025726 -9.730000 2.520000 2.660000
1.406980 -4.622933 -9.025726 -9.730000 2.520000 2.660000
1.452443 -4.646862 -8.896514 -6.230000 1.540000 2.240000
1.452443 -4.646862 -8.896514 -6.230000 1.540000 2.240000
1.406980 -4.419543 -8.786445 0.280000 4.690000 3.290000
1.466800 -4.728218 -8.738588 -8.260000 4.970000 1.750000
