2.713461 -9.712467 0.744168 -7.980000 1.470000 1.750000
2.706282 -9.461221 1.055235 14.070000 0.630000 -0.560000
2.565106 -9.310472 0.890130 5.110000 0.700000 -1.190000
2.691926 -9.707682 1.354338 -6.440000 1.680000 -0.420000
2.691926 -9.707682 1.354338 -6.440000 1.680000 -0.420000
2.620141 -9.183653 1.308874 4.900000 -1.890000 -1.750000
2.565106 -9.303294 1.057628 -8.960000 0.350000 -0.210000
2.641676 -10.186246 1.631905 -26.180000 2.450000 4.270000
2.708675 -9.030513 1.062413 -7.910000 -3.990000 2.800000
2.677568 -7.977671 0.346959 -33.110001 0.070000 10.010000
2.663212 -9.059227 -0.373280 -37.380001 10.570000 7.980000
2.663212 -9.059227 -0.373280 -37.380001 10.570000 7.980000
2.629712 -8.642875 -1.064806 -59.570000 15.960000 12.180000
2.502892 -9.987641 -1.024128 -68.599998 28.420000 13.160000
2.840281 -9.705289 -1.182054 -46.270000 30.799999 12.880000
2.261217 -9.920642 -2.158326 -21.840000 29.820000 15.960000
2.306681 -9.480364 -1.670190 10.570000 21.559999 11.340000
2.481357 -9.212367 -1.323231 14.630000 14.770000 11.970000
2.177469 -9.200402 -0.947558 11.060000 10.290000 9.730000
2.289931 -9.628718 -0.768096 2.100000 7.980000 7.770000
2.021935 -9.889536 -0.837488 3.290000 6.930000 5.600000
2.093720 -9.475577 -0.909273 6.580000 2.240000 1.540000
2.222932 -9.427721 -0.954736 1.820000 1.750000 0.490000
2.325824 -9.683753 -0.902094 -1.470000 2.310000 0.910000
2.325824 -9.683753 -0.902094 -1.470000 2.310000 0.910000
2.096112 -9.738789 -1.040878 0.490000 2.730000 -0.630000
2.096112 -9.738789 -1.040878 0.490000 2.730000 -0.630000
2.151148 -9.674182 -0.914058 0.770000 1.540000 0.280000
2.151148 -9.674182 -0.914058 0.770000 1.540000 0.280000
2.120041 -9.745967 -0.935594 -0.210000 0.910000 1.400000
2.017149 -9.384650 -0.873380 4.970000 -0.210000 1.260000
