-0.062213 -9.659825 2.117648 -4.760000 3.710000 3.640000
-0.074178 -9.820145 2.038685 -7.140000 5.320000 2.870000
-0.074178 -9.820145 2.038685 -7.140000 5.320000 2.870000
-0.131605 -9.729217 2.127219 -6.160000 7.560000 1.610000
-0.131605 -9.729217 2.127219 -6.160000 7.560000 1.610000
-0.093320 -9.681360 2.065006 -6.930000 5.670000 2.450000
-0.105284 -9.657433 1.993221 -6.930000 5.460000 2.870000
-0.095713 -9.681360 2.055435 -7.070000 6.020000 2.660000
-0.105284 -9.686146 2.122434 -4.200000 7.280000 2.870000
-0.105284 -9.686146 2.122434 -4.200000 7.280000 2.870000
-0.126820 -9.690931 2.237289 -3.500000 7.000000 3.710000
-0.181855 -9.671788 2.158326 -6.160000 3.780000 3.570000
-0.141177 -9.604790 2.120041 -5.740000 3.780000 4.200000
-0.141177 -9.604790 2.120041 -5.740000 3.780000 4.200000
-0.141177 -9.604790 2.120041 -5.740000 3.780000 4.200000
-0.193819 -9.695717 2.115255 -4.410000 5.110000 2.940000
-0.136391 -9.767502 2.067399 -6.300000 4.970000 3.150000
-0.133998 -9.827322 2.124826 -5.740000 4.480000 2.940000
-0.155533 -9.872787 2.084148 -6.230000 4.060000 2.380000
-0.155533 -9.872787 2.084148 -6.230000 4.060000 2.380000
-0.208176 -9.870394 2.098505 -6.300000 3.780000 1.960000
-0.133998 -9.844072 2.081756 -5.810000 3.850000 1.400000
-0.131605 -9.846465 2.088934 -5.530000 4.690000 0.210000
-0.093320 -9.604790 2.033899 -7.140000 2.940000 0.350000
-0.105284 -9.676575 2.084148 -6.300000 3.990000 1.120000
-0.069392 -9.623933 2.081756 -4.970000 4.340000 1.190000
-0.069392 -9.623933 2.081756 -4.970000 4.340000 1.190000
-0.050249 -9.568897 2.002793 -4.760000 3.780000 2.940000
-0.045464 -9.590433 2.036292 -5.950000 3.570000 3.710000
-0.023928 -9.736395 1.942972 -5.810000 3.640000 2.730000
-0.112463 -9.755538 1.942972 -5.740000 5.110000 2.800000
-0.090927 -9.688539 2.029114 -5.810000 5.110000 2.450000
-0.071785 -9.678967 2.031506 -5.320000 4.900000 3.850000
-0.040678 -9.671788 2.100898 -5.670000 4.620000 3.360000
-0.040678 -9.671788 2.100898 -5.670000 4.620000 3.360000
-0.038285 -9.714860 2.012364 -5.320000 5.040000 3.920000
-0.038285 -9.714860 2.012364 -5.320000 5.040000 3.920000
-0.102891 -9.765109 2.017149 -5.250000 4.690000 3.290000
-0.102891 -9.765109 2.017149 -5.250000 4.690000 3.290000
-0.040678 -9.877571 2.091327 -5.950000 5.040000 2.590000
-0.040678 -9.877571 2.091327 -5.950000 5.040000 2.590000
-0.086142 -9.741181 2.048256 -4.900000 4.480000 2.870000
-0.057428 -9.760324 2.129612 -5.040000 4.480000 3.010000
-0.057428 -9.760324 2.129612 -5.040000 4.480000 3.010000
-0.093320 -9.477970 2.120041 -4.760000 4.270000 3.150000
-0.093320 -9.477970 2.120041 -4.760000 4.270000 3.150000
