1.892723 -9.695717 1.311267 -5.530000 5.530000 2.730000
1.897508 -9.829715 1.339981 -5.810000 5.460000 2.520000
1.935793 -9.710074 1.368695 -4.060000 4.900000 1.820000
1.919044 -9.734003 1.244268 -3.990000 5.250000 1.120000
1.919044 -9.734003 1.244268 -3.990000 5.250000 1.120000
1.911865 -9.789038 1.399801 1.050000 5.600000 1.050000
1.902294 -9.750752 1.356731 7.840000 6.160000 0.070000
1.923829 -9.937392 1.373480 16.030001 7.490000 -0.490000
1.990828 -10.298709 1.708475 48.790001 10.920000 -1.960000
2.033899 -10.253245 0.990629 103.879997 16.730000 -3.360000
2.033899 -10.253245 0.990629 103.879997 16.730000 -3.360000
2.033899 -10.253245 0.990629 103.879997 16.730000 -3.360000
2.033899 -10.253245 0.990629 103.879997 16.730000 -3.360000
1.909473 -9.767502 1.981257 130.690002 21.420000 -5.110000
1.909473 -9.767502 1.981257 130.690002 21.420000 -5.110000
1.909473 -9.767502 1.981257 130.690002 21.420000 -5.110000
2.009971 -2.909672 7.984849 227.850006 23.240000 -21.559999
2.009971 -2.909672 7.984849 227.850006 23.240000 -21.559999
1.820938 -2.849852 8.384450 191.380005 17.360001 -22.049999
1.986043 -1.730011 8.068598 202.440002 21.629999 -18.549999
1.986043 -1.730011 8.068598 202.440002 21.629999 -18.549999
1.538585 1.301696 9.332008 168.419998 28.139999 -9.590000
1.538585 1.301696 9.332008 168.419998 28.139999 -9.590000
1.538585 1.301696 9.332008 168.419998 28.139999 -9.590000
1.538585 1.301696 9.332008 168.419998 28.139999 -9.590000
1.538585 1.301696 9.332008 168.419998 28.139999 -9.590000
1.538585 1.301696 9.332008 168.419998 28.139999 -9.590000
0.926022 2.768496 9.418150 31.360001 19.320000 3.500000
1.016950 2.775674 9.674182 21.350000 16.590000 2.730000
1.016950 2.775674 9.674182 21.350000 16.590000 2.730000
0.906880 3.129812 9.475577 2.940000 13.020000 4.620000
0.906880 3.129812 9.475577 2.940000 13.020000 4.620000
0.799203 2.641676 9.384650 -10.920000 7.700000 5.250000
0.808774 2.445465 9.284152 -13.860000 5.180000 3.570000
0.744168 2.280360 9.181261 -8.960000 4.200000 2.800000
0.856631 2.526821 9.226725 -6.720000 5.250000 4.060000
0.765703 2.201397 9.064013 -12.600000 2.870000 3.710000
0.765703 2.201397 9.064013 -12.600000 2.870000 3.710000
0.923629 2.452643 9.176475 -9.450000 3.990000 2.940000
0.983450 2.481357 9.233903 -7.000000 4.340000 3.570000
