1.990828 -8.477771 2.309074 5.670000 1.750000 8.190000
1.598405 -7.451250 1.947758 -4.270000 4.270000 9.660000
1.014557 -6.640083 1.892723 4.130000 10.640000 23.660000
0.770489 -6.202196 1.610370 -15.050000 12.740000 36.889999
0.770489 -6.202196 1.610370 -15.050000 12.740000 36.889999
0.686740 -6.372087 1.674976 -6.160000 15.750000 48.790001
-0.373280 -7.068398 1.799403 -6.580000 23.030001 83.300003
-0.964308 -7.939385 2.289931 4.060000 25.900000 87.220001
-2.222932 -7.319644 1.758725 -5.600000 30.660000 89.250000
-2.969493 -7.745567 1.780260 -16.799999 29.330000 103.320000
-2.969493 -7.745567 1.780260 -16.799999 29.330000 103.320000
-3.428915 -7.702496 1.713261 -16.379999 32.830002 107.099998
-5.608776 -8.676375 1.607977 0.280000 36.470001 134.610001
-5.893522 -8.903693 1.390230 -9.170000 36.189999 136.430008
-6.970293 -8.683553 0.947558 -4.690000 28.350000 157.570007
-7.255038 -9.980463 1.931008 -4.550000 9.940000 143.149994
-7.712067 -9.205189 1.505085 -17.360001 12.600000 135.169998
-8.815158 -10.411172 1.622334 -27.160000 17.850000 133.979996
-8.815158 -10.411172 1.622334 -27.160000 17.850000 133.979996
-8.939585 -9.360723 3.058028 7.210000 22.469999 119.980003
-9.480364 -9.147761 1.481157 -33.110001 16.379999 98.000000
-8.903693 -7.044470 1.648655 22.820000 16.730000 90.720001
-8.903693 -7.044470 1.648655 22.820000 16.730000 90.720001
-9.116654 -7.721639 1.404587 43.330002 20.650000 81.550003
-9.293723 -5.910272 1.313660 23.660000 16.730000 67.199997
-9.075976 -6.879365 1.320838 18.620001 8.960000 47.670002
-8.846266 -5.821737 1.306481 -22.960001 1.260000 34.020000
-8.616554 -6.072984 1.416551 -35.279999 -2.380000 26.530001
-9.016156 -5.436492 1.227518 -40.180000 -6.790000 10.290000
-9.016156 -5.436492 1.227518 -40.180000 -6.790000 10.290000
-8.901299 -5.005785 0.782453 -23.940001 -5.530000 5.320000
-8.901299 -5.005785 0.782453 -23.940001 -5.530000 5.320000
-8.949157 -4.163511 0.772882 1.610000 2.310000 -2.940000
-9.303294 -3.747160 0.751346 3.430000 3.710000 -5.110000
-9.181261 -3.689733 0.847059 8.890000 2.870000 -4.970000
-9.102298 -3.354738 0.976272 15.680000 2.380000 -3.850000
-9.176475 -3.431308 0.926022 13.860000 1.260000 -5.110000
