1.696511 -9.779467 0.014357 0.070000 -1.050000 -0.910000
1.660619 -9.846465 0.064606 0.350000 -1.190000 -1.190000
1.600798 -9.688539 0.064606 1.260000 -1.260000 -1.190000
1.600798 -9.688539 0.064606 1.260000 -1.260000 -1.190000
1.631905 -9.731609 0.066999 0.490000 -0.910000 -0.630000
1.631905 -9.731609 0.066999 0.490000 -0.910000 -0.630000
1.624727 -9.698111 0.019143 0.210000 -0.280000 -0.070000
1.624727 -9.698111 0.019143 0.210000 -0.280000 -0.070000
1.691726 -9.786645 -0.035892 -0.980000 0.140000 0.490000
1.691726 -9.786645 -0.035892 -0.980000 0.140000 0.490000
1.677369 -9.702895 0.031107 -2.240000 0.280000 0.630000
1.679761 -9.903893 0.002393 0.070000 -0.140000 -0.630000
1.679761 -9.903893 0.002393 0.070000 -0.140000 -0.630000
1.679761 -9.903893 0.002393 0.070000 -0.140000 -0.630000
1.658226 -9.853643 0.021535 0.350000 -0.490000 -0.910000
1.710868 -9.772287 0.009571 0.210000 -0.350000 -0.560000
1.612763 -9.609575 -0.007178 0.350000 0.420000 -0.980000
1.600798 -9.796216 0.016750 -0.280000 -1.680000 0.280000
1.600798 -9.796216 0.016750 -0.280000 -1.680000 0.280000
1.550549 -9.698111 -0.081356 1.540000 -1.050000 -0.070000
1.694118 -9.678967 -0.045464 2.170000 -1.120000 0.630000
1.655833 -9.793823 0.023928 -0.630000 -1.120000 0.700000
1.655833 -9.793823 0.023928 -0.630000 -1.120000 0.700000
1.713261 -9.827322 0.002393 1.330000 -1.610000 0.280000
1.689333 -9.863215 -0.004786 1.050000 -1.120000 0.420000
1.689333 -9.863215 -0.004786 1.050000 -1.120000 0.420000
1.689333 -9.863215 -0.004786 1.050000 -1.120000 0.420000
1.689333 -9.863215 -0.004786 1.050000 -1.120000 0.420000
1.689333 -9.863215 -0.004786 1.050000 -1.120000 0.420000
1.552942 -9.595219 -0.009571 0.560000 0.560000 -0.420000
1.627119 -9.683753 0.019143 0.210000 0.420000 0.700000
1.596013 -9.868000 0.136391 0.840000 -0.280000 0.560000
1.694118 -9.774680 0.086142 0.840000 -0.630000 0.560000
1.660619 -9.827322 0.064606 1.540000 -0.910000 0.490000
1.660619 -9.827322 0.064606 1.540000 -0.910000 0.490000
1.653440 -9.868000 0.055035 1.120000 -1.330000 -0.280000
1.586441 -9.839286 -0.047856 1.820000 -0.840000 0.700000
1.682154 -9.844072 0.004786 2.030000 -1.610000 0.140000
1.663012 -9.863215 -0.031107 1.260000 -1.470000 0.070000
1.663012 -9.863215 -0.031107 1.260000 -1.470000 0.070000
1.629512 -9.858429 0.100499 0.140000 -1.050000 -0.140000
1.591227 -9.853643 0.040678 1.120000 -0.140000 -0.140000
