0.306281 -9.734003 2.108077 -6.090000 3.850000 2.380000
0.306281 -9.734003 2.108077 -6.090000 3.850000 2.380000
0.296710 -10.057034 1.808974 -5.880000 3.080000 1.750000
0.256032 -9.793823 1.816152 -4.200000 3.710000 0.700000
0.327817 -9.693325 1.763510 -6.440000 3.710000 1.470000
0.334995 -9.566505 1.840081 -4.760000 5.320000 1.680000
0.334995 -9.566505 1.840081 -4.760000 5.320000 1.680000
0.332602 -9.592826 1.933401 -6.580000 5.180000 1.540000
0.332602 -9.540184 2.007578 -5.530000 5.040000 4.690000
0.332602 -9.540184 2.007578 -5.530000 5.040000 4.690000
0.260818 -9.798609 1.947758 -5.390000 5.110000 4.760000
0.260818 -9.798609 1.947758 -5.390000 5.110000 4.760000
0.349352 -9.934999 1.962115 -7.560000 3.150000 4.130000
0.349352 -9.934999 1.962115 -7.560000 3.150000 4.130000
0.284746 -10.100104 1.938186 -5.040000 4.550000 2.590000
0.382852 -9.834501 1.993221 -5.600000 2.940000 0.980000
0.382852 -9.834501 1.993221 -5.600000 2.940000 0.980000
0.382852 -9.834501 1.993221 -5.600000 2.940000 0.980000
0.382852 -9.834501 1.993221 -5.600000 2.940000 0.980000
0.382852 -9.834501 1.993221 -5.600000 2.940000 0.980000
0.382852 -9.834501 1.993221 -5.600000 2.940000 0.980000
0.382852 -9.834501 1.993221 -5.600000 2.940000 0.980000
0.382852 -9.834501 1.993221 -5.600000 2.940000 0.980000
0.382852 -9.834501 1.993221 -5.600000 2.940000 0.980000
0.406780 -9.525827 1.837688 -5.530000 3.290000 2.450000
0.339781 -9.631111 1.842474 -6.090000 3.500000 4.200000
0.311067 -9.633504 1.780260 -5.180000 3.990000 4.060000
0.490529 -9.769895 1.897508 -6.300000 4.270000 4.340000
0.382852 -9.848858 1.911865 -5.530000 5.180000 3.430000
0.363709 -9.757930 1.883151 -4.340000 4.970000 3.710000
0.399601 -9.896714 1.976472 -7.280000 3.640000 3.500000
0.368495 -9.958927 1.969293 -3.780000 5.530000 2.100000
0.265603 -9.793823 1.964507 -4.270000 5.320000 1.750000
0.354138 -9.717253 1.904687 -6.370000 4.200000 2.520000
0.375673 -9.769895 1.969293 -3.920000 5.530000 1.400000
0.401994 -9.552148 1.933401 -7.700000 3.150000 2.800000
0.320638 -9.645468 1.940579 -3.710000 4.620000 3.430000
0.253639 -9.688539 1.895115 -3.780000 5.110000 3.430000
0.366102 -9.600004 1.942972 -6.300000 4.620000 4.200000
0.294317 -9.736395 2.007578 -4.340000 5.250000 3.710000
0.282353 -9.731609 1.990828 -4.620000 6.090000 2.450000
0.334995 -9.671788 1.871187 -5.040000 5.810000 2.520000
0.272782 -9.750752 2.000400 -5.110000 5.670000 3.640000
0.272782 -9.750752 2.000400 -5.110000 5.670000 3.640000
0.370888 -9.829715 2.036292 -6.090000 4.900000 3.500000
0.370888 -9.829715 2.036292 -6.090000 4.900000 3.500000
0.370888 -9.829715 2.036292 -6.090000 4.900000 3.500000
0.301496 -9.820145 2.050649 -6.300000 4.340000 2.800000
0.191426 -9.719646 1.971686 -3.640000 5.250000 1.680000
0.313460 -9.655040 1.969293 -5.880000 3.850000 2.520000
0.330210 -9.561719 2.031506 -5.250000 3.780000 2.520000
0.330210 -9.561719 2.031506 -5.250000 3.780000 2.520000
0.239282 -9.635897 1.950150 -5.530000 4.340000 3.080000
0.239282 -9.635897 1.950150 -5.530000 4.340000 3.080000
0.425922 -9.879964 1.816152 -8.750000 3.780000 2.730000
0.425922 -9.879964 1.816152 -8.750000 3.780000 2.730000
0.334995 -9.676575 1.971686 -6.230000 5.390000 3.710000
0.334995 -9.676575 1.971686 -6.230000 5.390000 3.710000
0.361316 -9.889536 1.885544 -6.720000 4.200000 2.800000
0.313460 -9.891929 2.012364 -4.480000 5.250000 2.310000
0.313460 -9.891929 2.012364 -4.480000 5.250000 2.310000
0.224925 -9.540184 1.852045 -5.880000 4.830000 1.540000
0.224925 -9.540184 1.852045 -5.880000 4.830000 1.540000
0.358923 -9.602397 2.098505 -4.760000 6.440000 3.500000
0.358923 -9.602397 2.098505 -4.760000 6.440000 3.500000
