1.696511 -9.860823 0.224925 -6.790000 3.570000 1.260000
1.773082 -9.657433 0.351745 -1.610000 3.990000 2.660000
1.773082 -9.657433 0.351745 -1.610000 3.990000 2.660000
1.856830 -9.607183 0.354138 -3.150000 4.620000 2.940000
1.732404 -9.803394 0.260818 -7.490000 5.880000 2.380000
1.737189 -9.700503 0.375673 -2.590000 5.600000 2.100000
1.730011 -9.784252 0.315853 1.750000 6.020000 3.080000
1.730011 -10.382458 -0.191426 32.130001 9.800000 5.740000
1.825724 -11.150554 0.064606 146.509995 16.450001 4.830000
1.627119 -10.667203 0.373280 214.970001 25.690001 3.500000
1.502693 -9.475577 1.832902 343.209991 32.689999 3.080000
1.323231 -5.761917 4.706682 386.890015 45.570000 -14.350000
0.993021 -4.969893 6.862615 318.149994 44.170002 -20.510000
1.146162 -4.835894 7.936993 209.369995 28.770000 -21.629999
1.789831 -3.215954 8.346166 229.600006 30.380001 -14.490000
1.789831 -3.215954 8.346166 229.600006 30.380001 -14.490000
0.837488 0.215354 9.623933 104.370003 24.850000 -3.150000
0.483350 -0.045464 9.506684 71.820000 12.810000 -3.290000
0.861416 0.157926 9.908678 73.849998 14.210000 -0.770000
0.861416 0.157926 9.908678 73.849998 14.210000 -0.770000
0.861416 0.157926 9.908678 73.849998 14.210000 -0.770000
0.861416 0.157926 9.908678 73.849998 14.210000 -0.770000
0.861416 0.157926 9.908678 73.849998 14.210000 -0.770000
0.861416 0.157926 9.908678 73.849998 14.210000 -0.770000
0.660419 1.426122 9.497113 -0.770000 0.770000 -0.630000
0.638884 0.904487 9.360723 -9.240000 0.630000 -0.770000
0.638884 0.904487 9.360723 -9.240000 0.630000 -0.770000
0.741775 1.308874 9.238688 0.070000 1.190000 -0.070000
0.658026 1.514657 9.355937 -9.730000 4.410000 1.400000
0.658026 1.514657 9.355937 -9.730000 4.410000 1.400000
0.500100 0.911665 9.209974 -15.610000 1.960000 0.630000
0.646062 1.215554 9.346365 -10.430000 4.410000 2.940000
0.646062 0.937986 9.279366 -2.030000 3.500000 1.610000
0.646062 0.937986 9.279366 -2.030000 3.500000 1.610000
0.646062 0.937986 9.279366 -2.030000 3.500000 1.610000
0.646062 0.937986 9.279366 -2.030000 3.500000 1.610000
0.646062 0.937986 9.279366 -2.030000 3.500000 1.610000
0.748954 1.263410 9.375079 3.290000 4.830000 1.960000
