3.857230 -7.606783 4.931608 1.050000 0.910000 0.210000
3.940979 -7.633104 4.893322 -0.210000 -0.490000 -0.070000
3.823731 -7.798209 4.840680 -0.070000 0.140000 -0.350000
3.895515 -7.527820 5.010571 1.400000 -0.630000 -0.770000
3.852444 -7.568498 4.914857 -1.610000 -1.680000 -0.770000
3.852444 -7.568498 4.914857 -1.610000 -1.680000 -0.770000
3.787838 -7.601997 4.694718 0.910000 0.350000 -0.210000
3.735196 -7.477571 4.800002 0.840000 0.700000 -0.770000
3.857230 -7.594819 4.991428 -0.980000 0.070000 -0.140000
3.857230 -7.594819 4.991428 -0.980000 0.070000 -0.140000
3.979264 -7.633104 4.857430 -0.630000 -0.210000 0.070000
3.840480 -7.726424 4.962714 1.680000 -0.420000 0.490000
3.766303 -7.642675 5.034499 0.420000 -0.770000 -0.420000
3.766303 -7.642675 5.034499 0.420000 -0.770000 -0.420000
3.854837 -7.623533 4.627719 -0.700000 -0.140000 1.050000
3.905087 -7.566105 4.768896 -4.900000 -0.840000 0.840000
3.905087 -7.566105 4.768896 -4.900000 -0.840000 0.840000
4.043870 -7.508677 4.761717 -2.940000 -0.910000 0.770000
3.821337 -7.702496 4.709075 -1.820000 1.330000 1.190000
3.905087 -7.716853 4.898108 1.680000 2.170000 0.700000
3.905087 -7.716853 4.898108 1.680000 2.170000 0.700000
3.895515 -7.745567 5.010571 -1.050000 -0.280000 -0.210000
3.986443 -7.678568 4.900501 -0.560000 0.910000 -0.770000
3.917051 -7.719246 4.795217 1.400000 0.490000 -0.840000
3.850052 -7.580462 4.838287 0.350000 -0.280000 -0.630000
3.850052 -7.580462 4.838287 0.350000 -0.280000 -0.630000
3.783052 -7.515855 4.807181 0.140000 0.700000 -1.120000
3.783052 -7.515855 4.807181 0.140000 0.700000 -1.120000
3.783052 -7.515855 4.807181 0.140000 0.700000 -1.120000
3.850052 -7.640282 4.795217 -1.890000 -0.630000 0.490000
3.850052 -7.640282 4.795217 -1.890000 -0.630000 0.490000
3.893122 -7.642675 4.893322 0.980000 0.630000 -0.420000
3.830909 -7.673782 4.838287 0.700000 0.280000 -0.070000
3.921836 -7.652246 4.910072 3.430000 1.190000 -0.700000
4.005585 -7.539784 4.871787 -1.260000 -0.490000 -0.280000
3.847659 -7.702496 4.807181 0.910000 -0.560000 -1.400000
3.955336 -7.623533 4.867002 0.210000 -0.350000 -0.980000
3.890730 -7.513463 4.771288 -1.400000 0.210000 -0.420000
3.890730 -7.513463 4.771288 -1.400000 0.210000 -0.420000
3.821337 -7.587641 4.905287 -0.770000 -0.280000 -1.330000
3.821337 -7.587641 4.905287 -0.770000 -0.280000 -1.330000
3.763910 -7.740781 4.878965 -3.640000 -0.140000 -0.910000
3.835695 -7.556533 4.809574 1.190000 1.540000 -0.350000
4.082155 -7.554141 4.974678 0.630000 1.330000 0.980000
3.943372 -7.673782 4.943572 -2.030000 -0.630000 1.330000
