1.459622 -9.882358 0.334995 0.070000 -0.140000 0.420000
1.500300 -9.846465 0.246461 0.910000 -0.420000 -0.980000
1.500300 -9.846465 0.246461 0.910000 -0.420000 -0.980000
1.509871 -9.817751 0.212961 1.890000 -0.490000 -0.910000
1.452443 -9.846465 0.246461 -0.210000 -0.490000 -0.420000
1.507478 -9.803394 0.200997 -1.120000 -0.070000 -0.560000
1.574477 -9.786645 0.258425 -0.560000 -1.260000 -0.840000
1.399801 -9.803394 0.136391 -1.470000 -1.050000 -0.700000
1.399801 -9.803394 0.136391 -1.470000 -1.050000 -0.700000
1.521835 -9.722038 0.251246 1.400000 -0.980000 -1.190000
1.526621 -9.633504 0.263210 1.120000 0.070000 -0.350000
1.567299 -9.803394 0.265603 1.120000 0.420000 0.070000
1.636691 -9.820145 0.421137 0.700000 -2.030000 0.420000
1.636691 -9.820145 0.421137 0.700000 -2.030000 0.420000
1.636691 -9.820145 0.421137 0.700000 -2.030000 0.420000
1.548156 -9.899107 0.186640 1.050000 -1.820000 0.070000
1.562513 -9.872787 0.181855 0.420000 -1.750000 -0.350000
1.533799 -9.734003 0.177069 0.560000 -0.910000 -0.140000
1.490728 -9.803394 0.155533 -1.120000 -0.420000 0.210000
1.557728 -9.815358 0.167498 1.050000 -0.700000 -0.140000
1.557728 -9.815358 0.167498 1.050000 -0.700000 -0.140000
1.552942 -9.798609 0.203390 2.030000 -0.910000 -0.140000
1.548156 -9.834501 0.212961 -1.470000 -0.350000 -0.210000
1.502693 -9.822537 0.263210 0.980000 0.840000 0.140000
1.624727 -9.923036 0.196211 -0.420000 -0.210000 -0.350000
1.478764 -9.719646 0.222532 0.420000 -0.280000 -0.630000
1.576870 -9.722038 0.303888 0.910000 -1.260000 -0.070000
1.483550 -9.734003 0.234497 -2.450000 -1.260000 0.980000
1.483550 -9.734003 0.234497 -2.450000 -1.260000 0.980000
1.538585 -9.856036 0.177069 -0.350000 -1.540000 1.540000
1.500300 -9.798609 0.165105 2.030000 0.140000 0.980000
1.500300 -9.798609 0.165105 2.030000 0.140000 0.980000
1.466800 -9.934999 0.165105 0.770000 -0.280000 0.770000
1.488336 -9.899107 0.133998 -0.140000 -1.050000 0.560000
1.519442 -9.987641 0.217747 1.050000 -0.630000 0.420000
1.485943 -9.882358 0.287139 0.350000 -1.260000 -0.070000
1.435694 -9.815358 0.325424 0.280000 -3.500000 -0.210000
1.426122 -9.817751 0.157926 -0.840000 -2.590000 -0.140000
