1.411765 -9.872787 -0.133998 -1.540000 7.000000 2.590000
1.411765 -9.872787 -0.133998 -1.540000 7.000000 2.590000
1.445265 -10.033106 -0.136391 3.290000 5.250000 2.590000
1.445265 -10.033106 -0.136391 3.290000 5.250000 2.590000
1.406980 -10.432706 -0.267996 29.540001 7.630000 2.450000
1.406980 -10.432706 -0.267996 29.540001 7.630000 2.450000
1.275374 -10.167104 1.483550 192.850006 19.740000 -0.840000
1.249053 -9.171689 2.490928 242.270004 29.049999 -7.350000
1.249053 -9.171689 2.490928 242.270004 29.049999 -7.350000
1.186840 -9.030513 3.232704 236.529999 31.570000 -10.640000
1.282553 -6.912865 6.321837 205.240005 19.600000 -16.730000
1.428515 -6.403193 6.305088 205.380005 20.090000 -17.010000
1.442872 -4.058227 6.886543 240.449997 24.150000 -14.490000
0.830309 -1.725225 8.465806 211.330002 28.770000 -12.180000
0.830309 -1.725225 8.465806 211.330002 28.770000 -12.180000
0.751346 -1.849652 8.616554 171.850006 21.770000 -15.190001
0.959522 -0.595813 8.949157 153.160004 25.270000 -8.890000
0.959522 -0.595813 8.949157 153.160004 25.270000 -8.890000
0.959522 -0.595813 8.949157 153.160004 25.270000 -8.890000
0.358923 0.863809 10.066606 77.000000 22.330000 -3.220000
0.358923 0.863809 10.066606 77.000000 22.330000 -3.220000
0.358923 0.863809 10.066606 77.000000 22.330000 -3.220000
0.358923 0.863809 10.066606 77.000000 22.330000 -3.220000
0.327817 0.449851 9.987641 -2.240000 4.830000 2.590000
0.483350 0.177069 9.848858 -5.250000 3.640000 2.170000
0.380459 0.191426 9.736395 -6.160000 3.920000 2.940000
0.380459 0.191426 9.736395 -6.160000 3.920000 2.940000
0.411566 0.370888 9.717253 -9.380000 2.870000 3.500000
0.368495 0.066999 9.535398 -14.000000 1.750000 3.290000
0.354138 -0.217747 9.470792 -7.070000 0.560000 1.120000
0.442672 0.296710 9.408579 -4.760000 2.450000 1.120000
