-0.210568 -9.779467 1.852045 -5.180000 3.850000 3.710000
-0.210568 -9.779467 1.852045 -5.180000 3.850000 3.710000
-0.394816 -9.729217 1.832902 -7.140000 3.990000 2.800000
-0.394816 -9.729217 1.832902 -7.140000 3.990000 2.800000
-0.275175 -9.717253 1.789831 -4.620000 5.880000 2.240000
-0.267996 -9.621540 1.852045 -4.760000 6.020000 2.730000
-0.267996 -9.621540 1.852045 -4.760000 6.020000 2.730000
-0.423530 -9.824929 1.801795 -5.110000 4.900000 3.850000
-0.303888 -9.956534 1.708475 -8.890000 3.080000 4.270000
-0.303888 -9.956534 1.708475 -8.890000 3.080000 4.270000
-0.385244 -9.858429 1.679761 -6.160000 7.000000 1.470000
-0.385244 -9.858429 1.679761 -6.160000 7.000000 1.470000
-0.327817 -9.853643 1.974079 -3.640000 10.570000 0.980000
-0.387637 -9.726824 1.923829 -3.080000 10.360000 1.190000
-0.294317 -9.573684 1.981257 -4.410000 5.950000 3.080000
-0.294317 -9.573684 1.981257 -4.410000 5.950000 3.080000
-0.334995 -9.619147 2.045863 -7.420000 4.480000 3.500000
-0.390030 -9.870394 1.828116 -7.490000 3.920000 3.010000
-0.390030 -9.870394 1.828116 -7.490000 3.920000 3.010000
-0.351745 -9.925428 1.897508 -5.530000 6.790000 1.680000
-0.315853 -9.856036 2.038685 -5.110000 4.760000 1.960000
-0.315853 -9.856036 2.038685 -5.110000 4.760000 1.960000
-0.416351 -9.793823 1.854438 -4.760000 2.590000 2.100000
-0.346959 -9.652647 1.871187 -2.520000 2.800000 2.800000
-0.346959 -9.652647 1.871187 -2.520000 2.800000 2.800000
-0.421137 -9.702895 1.806581 -5.670000 1.680000 3.570000
-0.349352 -9.714860 1.820938 -5.670000 1.330000 2.800000
-0.349352 -9.714860 1.820938 -5.670000 1.330000 2.800000
-0.349352 -9.714860 1.820938 -5.670000 1.330000 2.800000
-0.311067 -9.824929 1.797010 -5.250000 1.610000 3.780000
-0.311067 -9.824929 1.797010 -5.250000 1.610000 3.780000
-0.311067 -9.824929 1.797010 -5.250000 1.610000 3.780000
-0.311067 -9.824929 1.797010 -5.250000 1.610000 3.780000
-0.311067 -9.824929 1.797010 -5.250000 1.610000 3.780000
-0.311067 -9.824929 1.797010 -5.250000 1.610000 3.780000
-0.260818 -9.681360 1.966900 -4.760000 3.150000 1.050000
-0.239282 -9.614362 1.816152 -5.670000 3.010000 1.890000
-0.239282 -9.614362 1.816152 -5.670000 3.010000 1.890000
-0.306281 -9.564112 1.840081 -6.580000 3.360000 2.520000
-0.344566 -9.556933 1.787439 -3.640000 4.690000 3.640000
-0.366102 -9.554541 1.880759 -4.760000 4.900000 4.060000
-0.308674 -9.659825 1.935793 -5.460000 4.340000 4.550000
-0.291924 -9.836893 1.993221 -4.830000 3.710000 5.670000
