2.136791 -9.525827 3.108276 -10.220000 6.160000 -10.220000
2.227718 -8.719445 3.383451 6.510000 8.470000 -17.080000
2.476572 -9.209974 3.682554 52.779999 6.790000 -24.219999
2.476572 -9.209974 3.682554 52.779999 6.790000 -24.219999
2.409572 -9.090333 3.787838 92.889999 10.990000 -44.450001
2.550749 -9.269794 5.501099 80.779999 5.180000 -55.439999
3.046063 -8.238488 4.699504 86.029999 7.000000 -55.369999
3.046063 -8.238488 4.699504 86.029999 7.000000 -55.369999
3.227918 -8.386844 5.328816 113.959999 14.700000 -58.170002
3.146562 -6.728617 6.372087 92.050003 16.309999 -59.990002
3.859623 -6.257231 6.369694 96.739998 10.290000 -58.869999
3.641876 -5.819345 7.302894 110.110001 12.670000 -58.660000
3.890730 -4.960321 6.958328 53.900002 3.360000 -57.119999
3.924229 -4.704289 8.073383 102.480003 1.610000 -56.209999
3.924229 -4.704289 8.073383 102.480003 1.610000 -56.209999
4.007978 -3.663411 7.238289 71.820000 -1.330000 -53.410000
4.027121 -3.125026 7.999206 68.389999 -2.730000 -46.480000
4.572684 -1.574477 8.080563 59.920002 -1.820000 -36.470001
4.436293 -1.488336 8.516055 63.980000 -0.210000 -36.610001
4.436293 -1.488336 8.516055 63.980000 -0.210000 -36.610001
4.967500 -1.014557 7.791030 39.689999 -2.240000 -34.720001
4.754539 -0.358923 8.006385 55.580002 1.890000 -26.530001
4.922036 -0.141177 7.858029 6.930000 -0.630000 -16.940001
4.843073 -0.033500 8.300702 15.680000 2.240000 -11.620000
4.843073 -0.033500 8.300702 15.680000 2.240000 -11.620000
4.900501 0.047856 8.197811 -14.280000 -3.080000 -6.300000
4.718646 0.007178 8.401200 8.820000 -1.120000 -1.680000
4.649254 -0.074178 8.195417 -10.570000 1.680000 0.210000
4.522435 -0.244068 8.561519 -8.820000 -3.500000 1.680000
4.613362 -0.425922 8.595018 7.840000 -2.590000 -0.350000
4.613362 -0.425922 8.595018 7.840000 -2.590000 -0.350000
4.699504 -0.189033 8.286345 -5.110000 -0.630000 -1.190000
4.606184 -0.363709 8.638089 -7.210000 -1.820000 -0.420000
4.666004 -0.224925 8.341379 -0.490000 -0.770000 -1.190000
4.666004 -0.224925 8.341379 -0.490000 -0.770000 -1.190000
4.766503 -0.318245 8.307880 -7.700000 -1.260000 -1.050000
4.627719 -0.392423 8.468199 0.490000 -1.750000 -1.260000
4.673182 -0.275175 8.183454 4.830000 0.140000 -1.750000
4.711468 -0.399601 8.334201 -14.840000 -0.630000 1.400000
