1.808974 -9.717253 1.564906 -8.470000 -1.610000 -0.210000
1.782653 -9.482756 1.356731 2.380000 -1.330000 -0.140000
1.718047 -9.626326 1.261017 1.050000 0.700000 1.610000
1.718047 -9.626326 1.261017 1.050000 0.700000 1.610000
1.660619 -9.458827 1.686940 -1.820000 2.450000 2.030000
1.660619 -9.458827 1.686940 -1.820000 2.450000 2.030000
1.713261 -9.906286 2.191825 -25.340000 2.730000 7.910000
1.677369 -10.037891 0.667598 -20.299999 4.270000 10.570000
1.677369 -10.432706 0.318245 -13.720000 6.860000 6.720000
1.677369 -10.432706 0.318245 -13.720000 6.860000 6.720000
1.677369 -10.432706 0.318245 -13.720000 6.860000 6.720000
1.548156 -9.745967 0.868595 1.330000 15.750000 9.730000
1.519442 -9.688539 0.198604 -10.220000 19.950001 9.170000
1.404587 -9.875179 0.569492 -12.110000 21.280001 7.560000
1.404587 -9.875179 0.569492 -12.110000 21.280001 7.560000
1.404587 -9.875179 0.569492 -12.110000 21.280001 7.560000
1.052842 -9.882358 0.110070 -44.520000 29.820000 20.370001
1.052842 -9.882358 0.110070 -44.520000 29.820000 20.370001
0.196211 -9.824929 -0.052642 -2.870000 25.129999 16.660000
0.196211 -9.824929 -0.052642 -2.870000 25.129999 16.660000
0.758525 -9.798609 0.885344 8.190000 12.600000 6.860000
0.758525 -9.798609 0.885344 8.190000 12.600000 6.860000
0.540778 -10.183852 0.629312 1.050000 0.070000 1.750000
0.521635 -10.131211 0.535992 2.310000 -0.840000 0.910000
0.504886 -9.801002 0.605384 3.780000 -0.840000 0.910000
0.504886 -9.801002 0.605384 3.780000 -0.840000 0.910000
0.593420 -9.846465 0.586242 0.490000 0.350000 -0.210000
0.593420 -9.846465 0.586242 0.490000 0.350000 -0.210000
0.696311 -10.028319 0.617348 1.050000 0.910000 1.050000
0.586242 -9.621540 0.641276 3.710000 -1.260000 2.380000
0.586242 -9.621540 0.641276 3.710000 -1.260000 2.380000
0.540778 -9.757930 0.466600 0.210000 0.840000 1.260000
0.540778 -9.757930 0.466600 0.210000 0.840000 1.260000
0.734596 -9.817751 0.703490 -0.700000 -1.470000 1.960000
0.734596 -9.817751 0.703490 -0.700000 -1.470000 1.960000
0.734596 -9.817751 0.703490 -0.700000 -1.470000 1.960000
0.734596 -9.817751 0.703490 -0.700000 -1.470000 1.960000
0.540778 -10.083356 0.669990 -1.330000 -0.980000 1.680000
