0.418744 -6.084948 1.660619 -12.110000 7.140000 30.520000
-0.186640 -5.587241 1.378266 -0.840000 15.680000 60.270000
-0.186640 -5.587241 1.378266 -0.840000 15.680000 60.270000
-0.870987 -5.632704 1.665405 -10.920000 15.470000 80.779999
-1.538585 -6.757331 1.610370 -4.480000 19.879999 98.699997
-2.426322 -7.336394 1.761117 3.780000 25.059999 107.379997
-4.749753 -8.231310 1.840081 -31.570000 26.600000 127.540001
-4.878965 -8.805587 1.859223 -24.500000 24.010000 132.369995
-4.878965 -8.805587 1.859223 -24.500000 24.010000 132.369995
-6.262017 -8.037491 0.875773 -20.510000 30.240000 136.779999
-7.740781 -9.664611 1.825724 19.740000 35.000000 150.570007
-8.717053 -8.269595 1.426122 -6.020000 34.160000 147.630005
-8.717053 -8.269595 1.426122 -6.020000 34.160000 147.630005
-9.633504 -10.889735 1.718047 -32.410000 22.750000 154.910004
-9.954143 -10.600205 2.160719 -4.410000 24.080000 145.110001
-10.035499 -10.119246 1.189233 -28.070000 6.720000 127.050003
-9.190832 -9.377472 1.557728 5.110000 9.520000 116.270004
-9.171689 -8.915657 1.737189 27.650000 17.080000 94.010002
-9.698111 -6.821937 1.907080 -11.970000 19.530001 71.959999
-9.698111 -6.821937 1.907080 -11.970000 19.530001 71.959999
-9.755538 -6.192625 1.363909 -53.619999 8.330000 64.820000
-9.217153 -5.709275 0.952343 12.880000 4.900000 48.930000
-9.217153 -5.709275 0.952343 12.880000 4.900000 48.930000
-9.128618 -5.010571 1.024128 8.680000 3.360000 42.560001
-9.083155 -5.400600 1.115055 -24.150000 -5.740000 37.590000
-9.171689 -4.637290 0.964308 -24.500000 -5.320000 27.020000
-9.212367 -4.419543 0.873380 -16.030001 -2.100000 11.900000
-9.212367 -4.419543 0.873380 -16.030001 -2.100000 11.900000
-9.408579 -3.878766 0.904487 2.170000 0.280000 5.810000
-9.432507 -3.376273 0.981057 3.220000 -0.210000 2.310000
-9.382257 -3.058028 1.038485 4.690000 -1.330000 0.280000
-9.432507 -2.656033 1.004985 6.860000 -3.360000 1.190000
-9.473185 -2.529213 0.832702 -1.750000 -5.320000 1.610000
-9.396614 -2.684747 0.722632 1.400000 -5.950000 3.290000
-9.396614 -2.684747 0.722632 1.400000 -5.950000 3.290000
-9.260223 -3.215954 0.626920 1.540000 -5.390000 3.640000
-9.260223 -3.215954 0.626920 1.540000 -5.390000 3.640000
-9.190832 -3.342773 0.665205 2.660000 -4.830000 2.590000
