-0.933201 -9.018548 3.871587 -0.140000 0.140000 -0.420000
-1.009771 -9.064013 3.857230 -0.140000 0.070000 -0.070000
-1.040878 -8.973085 3.739982 0.280000 0.420000 0.210000
-1.016950 -8.970692 3.766303 -0.420000 0.140000 0.420000
-1.028914 -8.997013 3.816552 1.540000 0.630000 0.630000
-0.945165 -8.784052 3.962514 -0.350000 0.280000 1.050000
-0.973879 -9.171689 3.804588 0.840000 0.070000 2.170000
-0.973879 -9.171689 3.804588 0.840000 0.070000 2.170000
-0.954736 -9.044869 3.967300 0.210000 -0.420000 2.100000
-1.062413 -9.178867 3.795017 1.960000 0.210000 0.910000
-1.019342 -9.166903 3.730411 0.070000 1.330000 0.700000
-1.062413 -9.052048 3.723232 1.540000 1.190000 0.490000
-1.067199 -9.028119 3.967300 -0.840000 0.910000 0.490000
-1.067199 -9.028119 3.967300 -0.840000 0.910000 0.490000
-1.040878 -9.193225 3.754339 -0.140000 0.770000 -0.560000
-1.031307 -9.104690 3.799802 0.070000 0.840000 -1.120000
-1.052842 -8.932407 3.845266 1.050000 0.770000 0.700000
-1.095913 -9.052048 3.730411 0.490000 1.260000 0.630000
-0.990629 -8.884550 3.785445 -0.630000 0.210000 -0.280000
-0.990629 -8.884550 3.785445 -0.630000 0.210000 -0.280000
-1.014557 -9.054441 3.888337 -0.280000 0.910000 1.820000
-1.014557 -9.054441 3.888337 -0.280000 0.910000 1.820000
-1.014557 -9.054441 3.888337 -0.280000 0.910000 1.820000
-1.002593 -9.071191 4.027121 0.140000 0.630000 1.330000
-1.091127 -9.169296 3.792624 -1.190000 0.980000 0.770000
-1.103091 -9.102298 3.739982 -0.770000 1.260000 -0.630000
-1.079163 -9.104690 3.979264 1.120000 0.630000 -0.280000
-1.050449 -8.855836 3.964907 1.820000 0.210000 0.910000
-1.062413 -9.042477 3.739982 -3.850000 1.610000 -0.770000
-1.002593 -8.963513 3.948158 2.870000 -0.490000 0.700000
-1.000200 -8.743374 3.991228 1.540000 -0.490000 1.330000
-1.074377 -9.054441 3.775874 -2.730000 1.680000 0.210000
-1.057628 -8.867801 3.919443 0.210000 0.700000 1.470000
-1.036092 -9.348758 3.921836 -0.490000 -0.630000 1.400000
-1.079163 -9.286544 3.783052 -3.640000 1.190000 -1.190000
-1.064806 -9.071191 4.055835 -3.500000 0.700000 -1.400000
-1.055235 -8.903693 3.763910 0.280000 0.420000 0.210000
-1.055235 -8.903693 3.763910 0.280000 0.420000 0.210000
-1.098306 -9.047262 3.763910 -10.290000 1.260000 -1.120000
-0.954736 -8.889337 3.780660 -6.020000 0.770000 -0.490000
-1.036092 -9.286544 3.483950 -4.480000 2.450000 0.700000
-1.036092 -9.286544 3.483950 -4.480000 2.450000 0.700000
-0.990629 -8.738588 3.859623 3.080000 0.700000 0.560000
-1.004985 -9.257831 3.634698 -4.270000 1.260000 1.050000
-1.064806 -9.097511 3.632305 1.540000 0.070000 3.360000
-1.115055 -9.243474 3.510271 -2.380000 0.140000 0.420000
-1.004985 -8.965906 3.763910 -7.280000 0.700000 1.190000
-1.083949 -9.267403 3.692125 -12.250000 1.260000 1.470000
-1.134198 -9.509077 3.254239 -11.130000 2.590000 0.980000
-1.038485 -8.903693 3.871587 -3.080000 -0.280000 0.210000
