1.598405 -9.281759 2.914458 -16.590000 4.200000 0.560000
1.663012 -9.186047 2.900101 -32.130001 2.380000 -1.470000
1.663012 -9.186047 2.900101 -32.130001 2.380000 -1.470000
1.761117 -9.236296 2.773281 -43.820000 0.840000 0.210000
1.768296 -9.174082 2.478964 -60.130001 0.280000 0.630000
1.797010 -9.049655 1.040878 -192.710007 -6.790000 -0.140000
2.043471 -10.234102 -0.394816 -180.949997 -11.550000 -1.820000
2.012364 -9.583255 -1.119841 -150.009995 -13.510000 -3.780000
1.885544 -9.920642 -2.129612 -145.250000 -13.020000 -2.170000
1.885544 -9.920642 -2.129612 -145.250000 -13.020000 -2.170000
1.942972 -9.588040 -3.438486 -107.099998 -11.550000 -5.530000
1.990828 -9.420543 -3.993621 -92.889999 -10.500000 -6.370000
2.062613 -8.233703 -5.012963 -123.690002 -13.510000 -7.770000
2.062613 -8.233703 -5.012963 -123.690002 -13.510000 -7.770000
2.062613 -8.233703 -5.012963 -123.690002 -13.510000 -7.770000
2.100898 -7.401000 -6.410372 -116.340004 -19.879999 -10.360000
2.036292 -7.451250 -6.999006 -86.730003 -18.200001 -9.310000
2.036292 -7.451250 -6.999006 -86.730003 -18.200001 -9.310000
2.036292 -7.451250 -6.999006 -86.730003 -18.200001 -9.310000
1.734797 -6.173482 -6.750153 -68.739998 -17.150000 -10.360000
1.734797 -6.173482 -6.750153 -68.739998 -17.150000 -10.360000
1.734797 -6.173482 -6.750153 -68.739998 -17.150000 -10.360000
1.880759 -5.412565 -8.116454 -36.820000 -5.110000 -8.470000
1.792224 -4.953143 -7.680960 -58.310001 -12.950000 -9.590000
1.749153 -5.257031 -8.032705 -47.389999 -16.660000 -7.490000
1.749153 -5.257031 -8.032705 -47.389999 -16.660000 -7.490000
1.488336 -4.543970 -8.463413 -21.700001 -20.719999 -5.740000
1.115055 -4.857430 -8.171489 -12.950000 -19.879999 -2.800000
1.115055 -4.857430 -8.171489 -12.950000 -19.879999 -2.800000
1.093520 -4.161119 -9.119047 -11.760000 -12.950000 0.070000
1.043271 -4.682754 -8.587841 -9.660000 -1.610000 3.500000
1.076770 -4.522435 -9.056834 -13.020000 1.680000 1.890000
1.076770 -4.522435 -9.056834 -13.020000 1.680000 1.890000
0.952343 -4.675575 -8.937192 -6.020000 3.360000 2.590000
1.217947 -4.503292 -8.939585 -5.390000 4.970000 4.690000
1.083949 -4.730610 -8.803195 -5.180000 9.870000 4.270000
1.076770 -4.524827 -8.772088 -1.890000 9.170000 4.340000
1.356731 -4.718646 -8.786445 3.640000 6.510000 3.080000
1.105484 -4.575077 -8.623734 1.540000 6.230000 3.080000
