3.744767 -7.185646 5.625526 0.560000 0.140000 -0.420000
3.854837 -7.010970 5.379066 -1.750000 0.350000 0.280000
3.821337 -7.269395 5.508278 -0.070000 0.490000 1.050000
3.658626 -7.300502 5.520242 -1.470000 -0.770000 -0.280000
3.852444 -7.089933 5.438886 -2.240000 -0.350000 -0.630000
3.883551 -6.989435 5.489135 0.140000 0.700000 1.330000
3.761517 -7.180861 5.513064 0.910000 0.700000 1.470000
3.761517 -7.180861 5.513064 0.910000 0.700000 1.470000
3.761517 -7.180861 5.513064 0.910000 0.700000 1.470000
3.761517 -7.180861 5.513064 0.910000 0.700000 1.470000
3.866802 -7.334002 5.467600 -1.050000 -0.280000 -0.070000
3.929015 -7.290931 5.580062 -0.490000 -1.540000 -0.630000
3.929015 -7.290931 5.580062 -0.490000 -1.540000 -0.630000
3.818945 -7.197611 5.458029 1.120000 -0.490000 -1.750000
3.830909 -7.147361 5.479564 0.350000 -0.070000 -1.890000
3.873980 -7.042077 5.395815 -0.070000 0.350000 -1.470000
3.854837 -7.018148 5.450850 0.490000 0.350000 -1.120000
3.945765 -7.324430 5.611169 1.820000 1.890000 -0.770000
3.869194 -7.446464 5.651847 0.910000 0.980000 -1.610000
3.873980 -7.360322 5.553742 -1.960000 -1.540000 -3.990000
3.888337 -7.068398 5.446064 -1.750000 -1.120000 -4.480000
3.888337 -7.068398 5.446064 -1.750000 -1.120000 -4.480000
3.850052 -6.963113 5.359922 -0.070000 0.280000 -3.710000
3.850052 -6.963113 5.359922 -0.070000 0.280000 -3.710000
3.850052 -6.963113 5.359922 -0.070000 0.280000 -3.710000
3.850052 -6.963113 5.359922 -0.070000 0.280000 -3.710000
3.850052 -6.963113 5.359922 -0.070000 0.280000 -3.710000
3.850052 -6.963113 5.359922 -0.070000 0.280000 -3.710000
3.718446 -6.953543 5.527420 2.240000 0.980000 -0.140000
3.888337 -7.008578 5.522634 1.820000 1.610000 1.960000
3.888337 -7.008578 5.522634 1.820000 1.610000 1.960000
3.888337 -7.008578 5.522634 1.820000 1.610000 1.960000
3.888337 -7.008578 5.522634 1.820000 1.610000 1.960000
3.888337 -7.008578 5.522634 1.820000 1.610000 1.960000
3.888337 -7.008578 5.522634 1.820000 1.610000 1.960000
3.907479 -7.293324 5.687739 0.070000 0.560000 0.560000
3.929015 -6.982256 5.448457 0.840000 0.420000 -0.210000
3.739982 -7.118648 5.551349 3.640000 0.700000 -0.840000
3.739982 -7.118648 5.551349 3.640000 0.700000 -0.840000
3.943372 -6.845865 5.458029 0.840000 0.630000 -0.140000
3.943372 -6.845865 5.458029 0.840000 0.630000 -0.140000
3.943372 -6.845865 5.458029 0.840000 0.630000 -0.140000
3.943372 -6.845865 5.458029 0.840000 0.630000 -0.140000
3.943372 -6.845865 5.458029 0.840000 0.630000 -0.140000
3.967300 -6.876972 5.486742 -1.190000 0.770000 1.400000
3.967300 -6.876972 5.486742 -1.190000 0.770000 1.400000
3.835695 -7.085148 5.575277 -0.280000 0.700000 0.980000
3.835695 -7.085148 5.575277 -0.280000 0.700000 0.980000
