1.998007 -10.755738 2.526821 -12.180000 -2.170000 -12.040000
2.112862 -11.196017 2.352145 -19.180000 -3.780000 -22.190001
2.445465 -12.325430 2.490928 -26.670000 -2.870000 -84.489998
2.658426 -12.437892 2.100898 -30.870001 -1.540000 -101.500000
2.658426 -12.437892 2.100898 -30.870001 -1.540000 -101.500000
2.462214 -11.923435 1.990828 -31.710001 -1.680000 -133.839996
2.608176 -10.772489 1.428515 -16.870001 -0.140000 -159.669998
4.603791 -8.214561 1.057628 6.160000 10.920000 -175.839996
4.603791 -8.214561 1.057628 6.160000 10.920000 -175.839996
5.163712 -8.080563 1.359123 36.889999 4.970000 -180.600006
6.417551 -6.429514 1.409373 43.400002 1.330000 -182.699997
6.960721 -5.446064 1.785046 -11.060000 -3.290000 -180.740005
7.427321 -4.541577 1.552942 -8.400000 -1.260000 -175.000000
7.121039 -3.089134 1.380659 22.540001 3.080000 -177.940002
7.262216 -1.043271 1.476372 27.650000 -0.490000 -179.759995
6.441479 -0.634098 1.289732 17.010000 -1.750000 -178.080002
6.936793 1.127020 1.490728 15.050000 -1.190000 -176.119995
6.936793 1.127020 1.490728 15.050000 -1.190000 -176.119995
6.860222 3.582055 1.351945 80.570000 0.980000 -161.350006
6.860222 3.582055 1.351945 80.570000 0.980000 -161.350006
6.860222 3.582055 1.351945 80.570000 0.980000 -161.350006
8.250452 7.420143 2.254039 -49.279999 -8.330000 -50.610001
8.226524 7.207181 1.837688 -38.360001 -7.420000 -34.860001
8.379664 6.094519 1.861616 -24.639999 -1.120000 -6.300000
8.587841 5.379066 1.919044 -27.930000 -2.520000 6.930000
8.379664 4.668397 1.753939 -27.090000 -1.120000 22.610001
8.293523 3.476771 1.483550 -22.889999 -1.540000 28.559999
8.781659 3.199204 1.588834 -12.320000 -2.590000 28.420000
8.731410 2.806781 1.926222 -5.810000 -0.840000 26.880001
9.078369 2.220540 1.895115 -11.270000 -4.060000 21.910000
9.078369 2.220540 1.895115 -11.270000 -4.060000 21.910000
9.078369 2.220540 1.895115 -11.270000 -4.060000 21.910000
9.090333 2.172683 1.648655 -7.140000 -4.410000 20.299999
9.090333 2.172683 1.648655 -7.140000 -4.410000 20.299999
9.090333 2.172683 1.648655 -7.140000 -4.410000 20.299999
9.090333 2.172683 1.648655 -7.140000 -4.410000 20.299999
9.090333 2.172683 1.648655 -7.140000 -4.410000 20.299999
9.384650 3.383451 2.187040 18.480000 1.260000 19.180000
