2.098505 -8.757731 3.608376 -2.590000 0.630000 -1.400000
2.033899 -9.348758 3.414558 -13.790000 0.490000 -5.180000
2.301895 -9.190832 3.141776 5.390000 4.550000 -8.960000
2.038685 -9.245867 3.617948 -9.310000 7.490000 -18.760000
2.230111 -9.559326 3.165704 28.070000 11.970000 -32.130001
2.230111 -9.559326 3.165704 28.070000 11.970000 -32.130001
2.407180 -9.276974 3.574877 55.580002 12.740000 -39.549999
2.318645 -8.662018 4.512863 67.129997 7.490000 -50.330002
3.091527 -8.848659 4.283153 66.150002 5.950000 -58.869999
3.074777 -8.721838 5.874380 66.709999 -4.060000 -74.410004
3.816552 -8.181061 5.190032 93.519997 -0.840000 -85.889999
3.823731 -7.417750 5.740381 79.449997 3.640000 -87.220001
4.082155 -6.568298 5.704489 68.389999 -1.890000 -88.550003
4.517649 -5.809773 6.132804 64.190002 6.650000 -91.769997
4.807181 -4.900501 6.226124 47.389999 4.200000 -88.760002
5.266603 -4.311867 5.927022 89.669998 11.410000 -81.760002
5.266603 -4.311867 5.927022 89.669998 11.410000 -81.760002
5.230711 -2.763710 6.731010 61.320000 5.390000 -67.269997
5.230711 -2.763710 6.731010 61.320000 5.390000 -67.269997
5.335995 -1.904687 7.570890 33.389999 2.240000 -44.450001
5.335995 -1.904687 7.570890 33.389999 2.240000 -44.450001
5.606383 -1.552942 7.247860 37.520000 3.150000 -41.790001
5.345565 -1.208375 7.781459 39.970001 1.120000 -39.340000
5.788238 -0.708275 7.721639 18.690001 -2.870000 -37.520000
5.647062 -0.545564 7.774280 9.240000 -1.890000 -29.469999
5.687739 -0.500100 7.630712 22.260000 2.310000 -25.549999
5.881558 -0.071785 7.628319 0.560000 0.770000 -12.460000
5.881558 -0.071785 7.628319 0.560000 0.770000 -12.460000
5.501099 -0.198604 7.692925 23.240000 3.360000 -11.060000
5.769095 -0.198604 7.582855 9.660000 3.010000 -7.910000
5.661418 -0.052642 7.649854 -13.300000 1.750000 0.560000
5.436492 -0.387637 7.956135 2.870000 2.590000 4.900000
5.747560 -0.466600 7.936993 -11.340000 4.060000 6.650000
5.393422 -0.902094 8.078169 -0.280000 6.370000 6.580000
5.393422 -0.902094 8.078169 -0.280000 6.370000 6.580000
5.864808 -0.811167 7.513463 -10.220000 4.690000 4.620000
5.446064 -0.870987 8.444271 -16.309999 1.120000 5.040000
5.572884 -1.055235 8.085347 10.500000 2.660000 3.500000
5.682954 -0.806381 7.757531 7.560000 3.080000 1.540000
