5.259424 -8.118847 2.122434 -7.420000 3.990000 2.800000
5.395815 -8.027920 2.182254 -8.400000 3.290000 3.220000
5.395815 -8.027920 2.182254 -8.400000 3.290000 3.220000
5.376673 -7.936993 1.971686 -13.930000 2.450000 3.290000
5.376673 -7.936993 1.971686 -13.930000 2.450000 3.290000
5.237889 -7.982457 2.120041 -44.450001 0.560000 4.410000
5.237889 -7.982457 2.120041 -44.450001 0.560000 4.410000
5.367101 -7.721639 1.371087 -93.239998 -1.330000 5.320000
5.249853 -8.149954 0.650848 -124.599998 -4.830000 6.160000
5.249853 -8.149954 0.650848 -124.599998 -4.830000 6.160000
5.240282 -8.104490 0.004786 -145.180008 -8.260000 5.320000
5.180461 -8.793623 -2.311467 -144.759995 -15.680000 0.560000
5.180461 -8.793623 -2.311467 -144.759995 -15.680000 0.560000
5.276174 -7.144968 -3.256632 -199.500000 -22.049999 -1.260000
5.247460 -7.788638 -4.785645 -179.479996 -21.000000 -3.430000
5.247460 -7.788638 -4.785645 -179.479996 -21.000000 -3.430000
5.218746 -6.826723 -5.046463 -127.889999 -18.480000 -13.650000
5.398208 -6.149554 -6.350551 -82.250000 -14.840000 -9.800000
5.099105 -4.862216 -6.065805 -82.389999 -14.070000 -9.800000
5.020142 -5.309673 -6.766902 -114.940002 -16.030001 -8.680000
5.168497 -4.957928 -7.269395 -103.879997 -17.290001 -10.290000
5.168497 -4.957928 -7.269395 -103.879997 -17.290001 -10.290000
5.108676 -4.053442 -7.185646 -92.540001 -15.470000 -11.060000
5.101498 -4.185047 -7.841280 -83.930000 -16.030001 -13.650000
5.139783 -3.737589 -8.118847 -77.349998 -16.240000 -14.700000
5.029713 -2.895315 -8.303094 -55.439999 -20.860001 -17.290001
5.029713 -2.895315 -8.303094 -55.439999 -20.860001 -17.290001
4.567898 -2.175076 -8.023134 -37.730000 -24.010000 -19.809999
4.362115 -2.239682 -8.539984 -50.259998 -25.690001 -17.430000
4.362115 -2.239682 -8.539984 -50.259998 -25.690001 -17.430000
4.342973 -2.038685 -8.941978 -40.599998 -23.309999 -14.560000
4.094120 -0.854238 -9.047262 -29.330000 -14.490000 -6.440000
4.218546 -1.442872 -9.592826 -25.620001 -8.050000 2.870000
4.381258 -1.194018 -9.961320 -7.630000 -3.220000 4.830000
4.658825 -1.390230 -8.968300 -1.540000 1.680000 4.970000
4.476971 -1.782653 -9.212367 -4.830000 3.220000 3.640000
4.476971 -1.782653 -9.212367 -4.830000 3.220000 3.640000
4.476971 -1.782653 -9.212367 -4.830000 3.220000 3.640000
4.369294 -1.715654 -8.949157 -2.310000 5.250000 3.220000
4.261617 -1.586441 -8.812766 0.350000 8.680000 4.200000
4.173083 -1.591227 -8.688338 -3.920000 8.050000 4.480000
4.173083 -1.591227 -8.688338 -3.920000 8.050000 4.480000
4.230510 -1.591227 -8.587841 -8.680000 7.280000 4.830000
