2.644069 -9.042477 2.727818 76.440002 9.870000 -21.980000
2.644069 -9.042477 2.727818 76.440002 9.870000 -21.980000
2.644069 -9.042477 2.727818 76.440002 9.870000 -21.980000
3.010171 -8.647661 3.976871 127.050003 11.760000 -41.439999
3.010171 -8.647661 3.976871 127.050003 11.760000 -41.439999
3.010171 -8.647661 3.976871 127.050003 11.760000 -41.439999
3.010171 -8.647661 3.976871 127.050003 11.760000 -41.439999
3.704089 -5.659025 7.293324 93.029999 9.730000 -64.330002
3.704089 -5.659025 7.293324 93.029999 9.730000 -64.330002
3.677768 -5.273781 7.391429 78.540001 5.110000 -65.590004
4.153940 -4.283153 7.410572 101.570000 4.900000 -65.309998
4.094120 -3.639483 7.604390 105.489998 7.000000 -66.220001
4.560720 -2.165504 8.403593 110.250000 6.720000 -55.650002
4.515256 -1.634298 8.056634 90.300003 7.980000 -54.110001
4.515256 -1.634298 8.056634 90.300003 7.980000 -54.110001
4.759324 -0.904487 7.867601 81.129997 5.950000 -48.439999
4.208975 -0.222532 9.004191 91.139999 5.530000 -41.160000
4.407579 0.370888 7.941778 47.250000 -2.380000 -38.360001
4.443472 0.770489 8.094919 8.820000 -2.940000 -27.370001
4.541577 0.899701 8.463413 29.889999 -4.620000 -21.700001
4.651647 0.966700 8.128418 34.650002 -2.380000 -20.299999
4.536791 1.105484 8.183454 16.240000 -0.280000 -15.610000
4.565506 1.349552 8.025528 20.930000 1.050000 -9.730000
4.565506 1.349552 8.025528 20.930000 1.050000 -9.730000
4.290331 1.148555 8.394022 25.549999 2.730000 -9.240000
4.326223 1.462015 8.315059 11.900000 5.390000 -5.950000
4.254438 1.186840 8.331808 -3.290000 4.130000 -1.680000
4.419543 1.124627 8.664411 -8.330000 2.170000 -1.120000
4.419543 1.124627 8.664411 -8.330000 2.170000 -1.120000
4.515256 1.170090 8.652447 -4.340000 -2.240000 0.420000
4.579862 1.095913 8.508877 -7.350000 -1.260000 1.960000
4.472186 0.942772 8.666803 -18.129999 -1.750000 2.520000
4.357330 0.854238 8.662018 -14.420000 -4.340000 2.380000
4.534399 0.815953 8.214561 -11.130000 -2.100000 1.330000
4.716253 0.894916 8.226524 -8.470000 3.010000 -0.350000
4.512863 1.045663 8.719445 -15.540000 3.360000 2.240000
