3.783052 -7.743174 5.029713 0.840000 0.350000 -0.210000
3.783052 -7.743174 5.029713 0.840000 0.350000 -0.210000
3.783052 -7.743174 5.029713 0.840000 0.350000 -0.210000
3.783052 -7.743174 5.029713 0.840000 0.350000 -0.210000
3.783052 -7.743174 5.029713 0.840000 0.350000 -0.210000
3.833302 -7.441679 4.981857 0.070000 -0.070000 -0.350000
3.847659 -7.556533 4.831109 2.310000 1.750000 0.700000
3.893122 -7.499106 5.020142 -0.770000 0.560000 0.210000
3.890730 -7.508677 4.943572 -0.140000 0.140000 0.420000
3.890730 -7.508677 4.943572 -0.140000 0.140000 0.420000
3.816552 -7.549356 5.000999 -0.630000 0.140000 0.700000
3.742374 -7.343572 5.020142 -1.330000 -0.070000 0.910000
3.821337 -7.570890 4.895715 2.240000 1.400000 2.240000
3.821337 -7.570890 4.895715 2.240000 1.400000 2.240000
3.921836 -7.666604 5.084748 1.330000 0.490000 1.120000
3.921836 -7.666604 5.084748 1.330000 0.490000 1.120000
3.921836 -7.666604 5.084748 1.330000 0.490000 1.120000
3.979264 -7.621140 4.934000 0.700000 0.630000 -0.070000
3.979264 -7.621140 4.934000 0.700000 0.630000 -0.070000
3.991228 -7.592427 5.089533 1.190000 0.560000 -0.070000
3.981657 -7.386643 5.077570 0.840000 -0.560000 -1.330000
3.771089 -7.372287 4.955536 -2.240000 -1.400000 -1.050000
3.771089 -7.372287 4.955536 -2.240000 -1.400000 -1.050000
3.759124 -7.386643 4.900501 2.170000 1.750000 1.890000
3.759124 -7.386643 4.900501 2.170000 1.750000 1.890000
3.778267 -7.398607 5.020142 -0.630000 0.980000 2.940000
3.830909 -7.561320 5.067998 -2.730000 0.210000 3.150000
3.806981 -7.714460 5.041678 3.220000 1.120000 3.500000
3.869194 -7.690532 5.029713 -3.290000 -2.100000 0.560000
3.869194 -7.690532 5.029713 -3.290000 -2.100000 0.560000
3.869194 -7.690532 5.029713 -3.290000 -2.100000 0.560000
3.806981 -7.616355 5.003392 1.190000 0.350000 -0.140000
3.857230 -7.668997 5.029713 4.550000 2.170000 -1.120000
3.857230 -7.668997 5.029713 4.550000 2.170000 -1.120000
3.988836 -7.472785 4.852644 -1.120000 -0.980000 -0.630000
3.759124 -7.372287 4.945964 -0.210000 0.070000 -0.630000
3.909872 -7.420143 4.907679 -0.350000 0.560000 -0.070000
3.909872 -7.420143 4.907679 -0.350000 0.560000 -0.070000
3.804588 -7.561320 5.168497 1.120000 0.140000 0.210000
3.897908 -7.556533 4.886144 -1.400000 -0.420000 0.140000
3.713661 -7.570890 4.962714 0.490000 -0.070000 -0.210000
3.768696 -7.434500 5.139783 -0.140000 0.770000 0.140000
3.768696 -7.558927 5.022535 1.260000 1.120000 0.770000
3.883551 -7.501499 5.134997 1.120000 0.700000 0.560000
3.771089 -7.415358 5.084748 -1.400000 -1.050000 0.910000
3.826123 -7.477571 4.938786 -2.940000 -1.330000 0.980000
3.826123 -7.477571 4.938786 -2.940000 -1.330000 0.980000
3.826123 -7.477571 4.938786 -2.940000 -1.330000 0.980000
3.826123 -7.477571 4.938786 -2.940000 -1.330000 0.980000
3.826123 -7.477571 4.938786 -2.940000 -1.330000 0.980000
3.766303 -7.668997 5.005785 -0.910000 -0.280000 1.120000
3.706482 -7.501499 5.044070 -0.070000 0.490000 1.330000
3.706482 -7.501499 5.044070 -0.070000 0.490000 1.330000
3.885944 -7.539784 4.778467 -2.380000 -0.280000 1.610000
3.914658 -7.695317 4.835894 -0.630000 0.910000 1.400000
