2.464607 -9.456435 1.799403 -3.920000 1.470000 -0.700000
2.557927 -9.169296 2.132005 5.670000 1.680000 -0.630000
2.541178 -9.011370 2.433501 2.520000 1.050000 0.280000
2.505285 -9.604790 1.818545 -1.540000 -0.070000 -0.910000
2.584249 -8.915657 2.215754 8.330000 0.070000 0.420000
2.505285 -8.898908 2.598605 7.490000 -0.070000 0.770000
2.804388 -9.389436 1.732404 -6.860000 -1.540000 0.490000
2.804388 -9.389436 1.732404 -6.860000 -1.540000 0.490000
2.754139 -9.092726 1.722832 2.030000 0.140000 0.980000
2.857030 -10.234102 1.112662 -2.940000 3.850000 -8.120000
3.038885 -8.384450 3.005385 15.190001 -1.260000 -8.680000
2.749353 -8.446664 3.203990 -7.840000 -5.250000 -8.610000
2.749353 -8.446664 3.203990 -7.840000 -5.250000 -8.610000
2.749353 -8.446664 3.203990 -7.840000 -5.250000 -8.610000
2.294717 -6.786045 3.895515 3.850000 -13.370000 -3.920000
2.115255 -9.899107 2.514857 -22.330000 -19.460001 0.700000
2.612962 -8.523234 2.431108 -11.970000 -15.190001 -0.700000
2.459821 -9.375079 2.148755 -20.299999 -14.420000 0.840000
2.459821 -9.375079 2.148755 -20.299999 -14.420000 0.840000
3.122634 -9.054441 0.911665 -1.960000 -8.540000 -1.330000
2.959922 -9.286544 2.065006 0.700000 -8.330000 -1.820000
2.914458 -9.078369 2.624927 14.840000 -16.170000 -11.550000
3.086741 -9.449257 2.464607 30.450001 -28.350000 -20.160000
3.211168 -9.042477 2.213361 31.990000 -27.299999 -18.340000
3.431308 -8.819944 1.584049 -0.490000 -20.160000 -8.750000
3.431308 -8.819944 1.584049 -0.490000 -20.160000 -8.750000
3.469593 -8.772088 1.313660 -17.780001 -9.100000 -0.560000
3.323631 -8.846266 1.761117 -8.260000 -8.120000 0.910000
3.424129 -9.171689 1.899901 4.410000 -8.050000 -2.520000
3.457629 -9.176475 1.856830 -2.030000 -5.740000 -1.540000
3.457629 -9.176475 1.856830 -2.030000 -5.740000 -1.540000
3.495914 -9.030513 1.756332 -7.700000 -4.690000 -0.070000
3.393023 -8.815158 1.548156 -0.350000 -1.400000 1.960000
3.361916 -9.147761 1.418944 -6.370000 0.840000 3.500000
3.481557 -9.513863 1.524228 -12.110000 3.220000 3.430000
3.452843 -9.217153 1.847259 5.390000 -1.190000 -1.470000
3.452843 -9.207582 1.797010 4.200000 1.400000 0.070000
3.491128 -8.985049 1.438086 -0.630000 3.640000 2.590000
3.491128 -8.985049 1.438086 -0.630000 3.640000 2.590000
3.235096 -8.989835 1.981257 0.980000 1.120000 2.310000
3.400201 -9.296116 1.964507 2.800000 -0.210000 0.560000
3.287738 -8.975478 1.780260 1.540000 1.330000 1.750000
