1.167697 -9.317651 3.780660 -3.430000 1.960000 -10.080000
1.186840 -8.824730 3.818945 16.100000 4.550000 -12.460000
1.189233 -9.164511 3.469593 33.950001 6.650000 -22.820000
1.332802 -8.798409 3.637090 46.759998 9.100000 -26.880001
1.411765 -8.781659 4.620540 56.980000 10.850000 -33.529999
1.844866 -9.052048 4.850252 67.199997 5.600000 -45.639999
1.775474 -8.867801 5.216353 84.559998 7.210000 -51.939999
1.871187 -8.269595 5.807381 90.580002 9.170000 -55.860001
2.050649 -7.398607 5.881558 63.560001 10.990000 -51.730000
2.155933 -7.343572 5.505885 66.010002 11.270000 -53.200001
2.787638 -6.709475 5.989235 98.910004 17.710001 -58.520000
3.048456 -6.053841 6.695118 82.529999 16.660000 -53.900002
3.263810 -5.757132 6.618547 66.849998 17.080000 -50.259998
3.184847 -5.508278 7.831708 84.139999 17.150000 -50.049999
3.467200 -4.620540 7.721639 92.190002 16.590000 -50.470001
3.115455 -3.876373 8.626125 78.540001 12.110000 -45.290001
3.194418 -3.761517 8.348558 80.080002 7.490000 -44.029999
3.194418 -3.761517 8.348558 80.080002 7.490000 -44.029999
2.993421 -2.988636 8.793623 78.330002 5.950000 -42.279999
2.943172 -2.579463 8.784052 82.599998 0.140000 -42.420002
3.347559 -1.265803 8.602197 75.250000 1.890000 -44.730000
3.349952 -0.538385 8.683553 67.550003 1.680000 -40.740002
3.548556 0.033500 8.949157 62.510002 3.290000 -36.259998
3.548556 0.033500 8.949157 62.510002 3.290000 -36.259998
3.548556 0.033500 8.949157 62.510002 3.290000 -36.259998
3.548556 0.033500 8.949157 62.510002 3.290000 -36.259998
3.548556 0.033500 8.949157 62.510002 3.290000 -36.259998
3.548556 0.033500 8.949157 62.510002 3.290000 -36.259998
3.548556 0.033500 8.949157 62.510002 3.290000 -36.259998
3.548556 0.033500 8.949157 62.510002 3.290000 -36.259998
3.548556 0.033500 8.949157 62.510002 3.290000 -36.259998
3.548556 0.033500 8.949157 62.510002 3.290000 -36.259998
3.548556 0.033500 8.949157 62.510002 3.290000 -36.259998
3.548556 0.033500 8.949157 62.510002 3.290000 -36.259998
3.337988 0.488136 9.198010 5.180000 -0.070000 -0.910000
3.381058 0.222532 8.779266 4.970000 -0.140000 -0.210000
3.381058 0.222532 8.779266 4.970000 -0.140000 -0.210000
3.371487 0.370888 9.174082 4.060000 2.450000 1.190000
3.519842 0.212961 9.030513 6.650000 -0.140000 -0.560000
3.361916 0.409173 9.303294 7.140000 -0.560000 0.770000
3.361916 0.409173 9.303294 7.140000 -0.560000 0.770000
