1.954936 -9.444471 2.550749 1.260000 -1.820000 -0.280000
1.998007 -9.343972 2.383251 -1.120000 -2.520000 -1.050000
1.998007 -9.343972 2.383251 -1.120000 -2.520000 -1.050000
2.012364 -9.458827 2.172683 -1.050000 -2.170000 -1.120000
2.024328 -9.296116 1.610370 2.940000 -1.540000 -0.840000
2.167897 -9.119047 2.069792 2.170000 -1.540000 -3.500000
2.201397 -8.750552 2.842674 -0.700000 -8.540000 -0.490000
1.959722 -9.394222 2.852244 -7.140000 -8.190000 -1.610000
1.959722 -9.394222 2.852244 -7.140000 -8.190000 -1.610000
2.189433 -10.128819 2.074577 6.650000 -11.900000 -3.150000
1.962115 -8.621340 3.371487 -3.430000 -11.690000 -0.350000
2.208575 -10.085747 2.055435 -8.400000 -18.059999 -2.520000
2.208575 -10.085747 2.055435 -8.400000 -18.059999 -2.520000
1.957329 -8.891729 2.634498 -35.560001 -16.730000 1.470000
2.031506 -10.054641 2.258825 -38.430000 -18.969999 -1.330000
2.301895 -9.698111 1.363909 -6.440000 -18.340000 -3.780000
2.172683 -9.126225 1.787439 -17.710001 -18.969999 -1.960000
2.313859 -9.104690 1.887937 1.260000 -22.330000 -5.600000
2.333002 -9.700503 1.665405 0.910000 -24.920000 -4.830000
2.435893 -9.509077 1.469193 5.600000 -24.570000 -4.060000
2.435893 -9.509077 1.469193 5.600000 -24.570000 -4.060000
2.380858 -9.351151 1.627119 3.990000 -25.620001 -3.010000
2.634498 -9.525827 1.490728 6.370000 -24.710001 -2.520000
2.533999 -9.382257 1.404587 8.890000 -20.860001 -1.820000
2.493321 -9.425328 1.045663 -0.910000 -13.720000 -0.910000
2.493321 -9.425328 1.045663 -0.910000 -13.720000 -0.910000
2.572284 -9.451650 0.918844 -0.910000 -7.910000 0.070000
2.589034 -9.521042 0.957129 -0.070000 -0.840000 -0.070000
2.605784 -9.241080 1.138984 1.120000 0.840000 -0.210000
2.675175 -9.396614 1.014557 3.500000 2.660000 -0.070000
2.742175 -9.320045 1.225125 0.350000 4.340000 -0.490000
2.732604 -9.367901 1.308874 0.700000 4.340000 0.770000
2.687140 -9.336794 1.505085 -1.330000 4.690000 1.680000
2.545963 -9.561719 1.562513 -0.560000 3.640000 -0.070000
2.545963 -9.561719 1.562513 -0.560000 3.640000 -0.070000
2.634498 -9.303294 1.686940 1.120000 3.990000 0.700000
2.696711 -9.568897 1.619941 0.910000 3.780000 0.490000
