-0.102891 -9.985250 1.916651 -6.300000 2.870000 2.870000
-0.122034 -9.705289 1.983650 -5.460000 5.250000 1.050000
-0.122034 -9.705289 1.983650 -5.460000 5.250000 1.050000
-0.110070 -9.638289 1.976472 -4.690000 4.410000 2.590000
-0.119641 -9.662218 1.923829 -6.440000 3.430000 2.520000
-0.119641 -9.662218 1.923829 -6.440000 3.430000 2.520000
-0.160319 -9.741181 1.847259 -6.160000 4.340000 2.450000
-0.117248 -9.750752 1.904687 -5.880000 4.550000 2.730000
-0.117248 -9.750752 1.904687 -5.880000 4.550000 2.730000
-0.136391 -9.915856 1.950150 -6.160000 4.830000 2.380000
-0.093320 -9.827322 1.971686 -5.530000 4.270000 1.680000
-0.071785 -9.822537 1.974079 -5.810000 3.990000 1.750000
-0.114855 -9.521042 1.933401 -5.530000 4.340000 2.940000
-0.110070 -9.506684 1.974079 -4.900000 4.060000 3.080000
-0.050249 -9.542577 1.986043 -5.110000 3.570000 3.990000
-0.126820 -9.808180 1.954936 -5.600000 3.080000 4.760000
-0.083749 -9.839286 1.861616 -5.600000 2.800000 4.060000
-0.160319 -9.846465 1.789831 -6.440000 3.010000 3.990000
-0.160319 -9.846465 1.789831 -6.440000 3.010000 3.990000
-0.112463 -9.841680 1.887937 -5.320000 5.320000 2.310000
-0.112463 -9.841680 1.887937 -5.320000 5.320000 2.310000
-0.167498 -9.595219 1.861616 -6.090000 4.900000 2.730000
-0.117248 -9.693325 1.902294 -6.160000 4.410000 3.080000
-0.117248 -9.693325 1.902294 -6.160000 4.410000 3.080000
-0.126820 -9.702895 1.909473 -5.950000 4.480000 3.570000
-0.160319 -9.796216 1.792224 -5.600000 4.480000 2.940000
-0.138784 -9.791430 1.840081 -5.600000 4.760000 3.080000
-0.133998 -9.870394 1.868794 -4.620000 5.810000 3.220000
-0.093320 -9.765109 1.998007 -5.110000 5.740000 2.450000
-0.093320 -9.765109 1.998007 -5.110000 5.740000 2.450000
-0.153141 -9.647861 2.038685 -3.990000 4.760000 3.220000
-0.141177 -9.793823 1.983650 -4.130000 3.290000 3.780000
-0.150748 -9.801002 1.959722 -5.320000 3.430000 3.080000
-0.172283 -9.777073 1.808974 -4.550000 4.340000 3.360000
-0.172283 -9.777073 1.808974 -4.550000 4.340000 3.360000
-0.126820 -9.760324 1.883151 -3.920000 4.340000 3.640000
-0.126820 -9.760324 1.883151 -3.920000 4.340000 3.640000
-0.126820 -9.760324 1.883151 -3.920000 4.340000 3.640000
-0.126820 -9.760324 1.883151 -3.920000 4.340000 3.640000
-0.220140 -9.750752 1.933401 -5.880000 6.300000 2.170000
-0.126820 -9.743573 2.012364 -5.950000 5.460000 2.520000
-0.282353 -9.717253 2.132005 -4.900000 4.900000 3.570000
-0.282353 -9.717253 2.132005 -4.900000 4.900000 3.570000
-0.102891 -9.812965 2.065006 -4.830000 3.780000 3.220000
