2.234896 -9.147761 2.414358 0.070000 1.190000 3.430000
2.184647 -8.879765 2.172683 3.570000 -0.700000 7.700000
1.868794 -8.379664 1.938186 -3.150000 -1.120000 10.990000
1.868794 -8.379664 1.938186 -3.150000 -1.120000 10.990000
1.466800 -6.972685 1.710868 -1.260000 3.010000 23.030001
1.466800 -6.972685 1.710868 -1.260000 3.010000 23.030001
0.593420 -6.266802 1.478764 -0.980000 11.200000 51.170002
0.641276 -7.001399 1.703690 -1.540000 12.670000 58.660000
-0.464208 -6.625726 1.552942 1.470000 22.049999 68.110001
-0.760918 -7.836494 1.363909 -12.600000 14.490000 82.389999
-0.760918 -7.836494 1.363909 -12.600000 14.490000 82.389999
-0.969093 -8.279166 1.674976 -4.130000 13.720000 88.550003
-2.514857 -7.463214 1.342373 -5.250000 19.740000 95.480003
-3.354738 -9.080762 1.751546 1.330000 19.670000 116.900002
-4.407579 -7.726424 1.404587 7.840000 25.410000 110.809998
-4.407579 -7.726424 1.404587 7.840000 25.410000 110.809998
-5.503492 -9.879964 1.785046 -33.110001 15.750000 125.090004
-5.670990 -11.047661 2.701497 -1.540000 12.950000 134.960007
-6.199803 -7.566105 1.131805 -11.830000 22.049999 111.930000
-6.199803 -7.566105 1.131805 -11.830000 22.049999 111.930000
-6.199803 -7.566105 1.131805 -11.830000 22.049999 111.930000
-7.800602 -10.715059 2.452643 18.480000 14.350000 138.110001
-8.262416 -6.831509 1.167697 3.010000 22.610001 103.459999
-8.262416 -6.831509 1.167697 3.010000 22.610001 103.459999
-8.772088 -8.051848 0.543171 4.550000 16.240000 84.349998
-8.772088 -8.051848 0.543171 4.550000 16.240000 84.349998
-9.198010 -6.848258 0.552742 -25.129999 10.780000 74.900002
-8.635696 -6.836295 0.356531 -40.599998 -3.990000 69.580002
-8.807980 -6.872187 0.313460 -28.280001 -7.700000 69.510002
-8.807980 -6.872187 0.313460 -28.280001 -7.700000 69.510002
-9.288938 -6.027520 0.617348 -6.580000 -16.100000 68.320000
-8.939585 -6.044270 0.191426 -4.200000 -21.840000 69.720001
-8.961121 -6.309873 0.457029 5.670000 -20.930000 67.199997
-9.300901 -5.678168 0.602991 25.620001 -11.200000 47.320000
-9.571291 -4.979464 0.677169 5.180000 -11.200000 31.780001
-9.571291 -4.979464 0.677169 5.180000 -11.200000 31.780001
-9.052048 -4.340580 0.638884 -10.990000 -5.810000 16.240000
-9.052048 -4.340580 0.638884 -10.990000 -5.810000 16.240000
-9.083155 -4.173083 0.591027 -6.160000 -2.380000 7.490000
-9.209974 -3.952943 0.607777 1.960000 -1.190000 4.970000
-9.190832 -3.302095 0.741775 0.070000 -2.870000 2.590000
-9.207582 -3.594020 0.770489 3.850000 -3.080000 0.840000
