1.024128 -9.604790 2.328217 -0.910000 -0.070000 -0.350000
0.995414 -9.623933 2.306681 0.490000 -0.070000 0.420000
0.916451 -9.623933 2.175076 -0.280000 -0.280000 -0.840000
0.952343 -9.523434 2.263610 -0.490000 0.770000 -0.280000
0.952343 -9.523434 2.263610 -0.490000 0.770000 -0.280000
0.904487 -9.628718 2.249253 0.980000 0.910000 -0.070000
0.990629 -9.655040 2.306681 0.770000 -0.140000 0.210000
0.921237 -9.609575 2.285146 -0.840000 -0.980000 -0.420000
1.002593 -9.580862 2.175076 -0.210000 -0.840000 -0.770000
0.954736 -9.521042 2.206182 -0.490000 -0.560000 -0.770000
0.985843 -9.497113 2.227718 1.050000 -0.210000 0.350000
0.952343 -9.535398 2.273181 0.980000 -0.350000 0.490000
0.952343 -9.535398 2.273181 0.980000 -0.350000 0.490000
0.952343 -9.535398 2.273181 0.980000 -0.350000 0.490000
0.973879 -9.571291 2.266003 -1.050000 -1.260000 0.210000
1.074377 -9.635897 2.239682 -0.770000 -0.840000 0.140000
1.074377 -9.635897 2.239682 -0.770000 -0.840000 0.140000
1.024128 -9.662218 2.244468 0.630000 -0.770000 0.140000
1.024128 -9.662218 2.244468 0.630000 -0.770000 0.140000
1.024128 -9.662218 2.244468 0.630000 -0.770000 0.140000
1.009771 -9.583255 2.187040 0.700000 0.630000 -0.210000
1.002593 -9.530612 2.239682 0.210000 0.700000 0.140000
1.002593 -9.530612 2.239682 0.210000 0.700000 0.140000
0.947558 -9.454042 2.210968 -0.350000 0.350000 0.210000
0.947558 -9.454042 2.210968 -0.350000 0.350000 0.210000
0.947558 -9.662218 2.182254 -0.490000 -0.420000 1.960000
0.993021 -9.745967 2.158326 -0.630000 -1.120000 1.190000
0.993021 -9.745967 2.158326 -0.630000 -1.120000 1.190000
0.947558 -9.729217 2.172683 -0.770000 -0.980000 0.770000
1.026521 -9.738789 2.179861 1.120000 -1.050000 0.350000
0.942772 -9.712467 2.237289 -0.980000 -0.840000 -0.420000
1.043271 -9.678967 2.160719 -1.190000 -0.420000 -0.700000
1.004985 -9.631111 2.127219 1.540000 0.140000 -0.490000
1.004985 -9.631111 2.127219 1.540000 0.140000 -0.490000
1.004985 -9.631111 2.127219 1.540000 0.140000 -0.490000
