2.251646 -9.535398 1.720440 28.210001 9.100000 -13.300000
2.323431 -9.317651 1.933401 77.489998 6.720000 -31.430000
2.447858 -8.843873 4.283153 119.629997 14.280000 -56.700001
2.447858 -8.843873 4.283153 119.629997 14.280000 -56.700001
2.478964 -8.968300 3.988836 83.440002 16.309999 -64.820000
2.478964 -8.968300 3.988836 83.440002 16.309999 -64.820000
3.110669 -8.078169 5.245068 68.669998 23.870001 -59.920002
3.275774 -8.233703 5.036892 61.389999 17.290001 -56.139999
3.584448 -6.577869 6.056234 47.320000 12.180000 -53.410000
3.584448 -6.577869 6.056234 47.320000 12.180000 -53.410000
3.881158 -6.561120 6.089733 39.830002 7.910000 -50.470001
4.170690 -6.364908 6.675975 74.410004 8.540000 -53.270000
4.436293 -5.690133 6.769295 60.200001 4.340000 -47.110001
4.436293 -5.690133 6.769295 60.200001 4.340000 -47.110001
4.302295 -4.677969 7.530212 91.629997 9.520000 -48.090000
4.515256 -4.197011 7.164111 31.780001 -5.390000 -39.410000
4.680361 -4.091727 7.233503 44.939999 -4.410000 -36.119999
5.582455 -3.098706 6.699903 7.210000 -1.750000 -29.049999
5.015356 -3.199204 7.551748 38.150002 3.430000 -22.960001
4.888536 -3.318845 7.802995 18.969999 -0.630000 -26.670000
5.297709 -2.500499 7.168896 -21.559999 1.750000 -15.050000
5.101498 -2.658426 7.728817 2.800000 2.310000 -11.970000
5.101498 -2.658426 7.728817 2.800000 2.310000 -11.970000
5.168497 -2.785245 7.929814 12.250000 1.330000 -13.860000
5.041678 -3.110669 7.513463 -12.530000 -7.910000 -1.050000
4.981857 -3.062813 7.628319 5.740000 -3.360000 -1.610000
4.857430 -3.089134 7.767102 -32.759998 -1.120000 2.940000
5.072784 -2.971886 6.991827 -31.780001 -5.460000 5.250000
4.965107 -3.048456 7.779066 12.880000 5.250000 1.050000
4.950750 -3.232704 7.506285 -0.770000 7.770000 3.080000
4.929214 -3.105884 7.558927 2.660000 10.500000 6.720000
4.902894 -3.500700 7.944171 -30.520000 1.540000 7.420000
5.015356 -3.448057 7.645068 -48.230000 1.050000 9.380000
5.015356 -3.448057 7.645068 -48.230000 1.050000 9.380000
4.749753 -4.058227 7.494320 -11.200000 -0.210000 10.780000
4.776074 -3.818945 7.609176 -15.750000 1.330000 9.100000
4.979464 -3.783052 7.245467 -39.340000 1.190000 11.830000
