1.950150 -9.604790 1.091127 -5.670000 5.670000 0.070000
1.964507 -9.566505 1.179662 -3.080000 6.300000 0.350000
1.964507 -9.566505 1.179662 -3.080000 6.300000 0.350000
2.041078 -9.647861 1.344766 2.100000 5.670000 1.680000
2.074577 -9.729217 1.225125 9.940000 7.490000 1.190000
1.981257 -9.645468 1.756332 14.980000 9.240000 0.070000
1.981257 -9.645468 1.756332 14.980000 9.240000 0.070000
1.938186 -9.437292 1.536192 8.960000 10.150000 0.140000
1.995614 -9.396614 1.667797 9.100000 10.430000 1.190000
1.995614 -9.396614 1.667797 9.100000 10.430000 1.190000
2.048256 -9.475577 1.428515 17.570000 12.530000 5.250000
1.921437 -9.753145 1.962115 27.160000 13.230000 2.730000
2.041078 -9.676575 2.421536 34.299999 11.270000 -0.560000
1.962115 -9.877571 2.438286 45.290001 15.330000 -0.560000
1.962115 -9.877571 2.438286 45.290001 15.330000 -0.560000
2.050649 -9.868000 2.517249 66.360001 17.500000 -0.350000
2.033899 -9.145369 3.610770 98.699997 17.850000 -3.150000
1.804188 -9.253045 4.051049 81.059998 18.969999 -5.460000
1.871187 -8.169096 4.778467 105.559998 14.770000 -11.270000
2.024328 -7.779066 5.359922 131.740005 12.950000 -11.410000
2.060220 -7.707282 5.536992 139.860001 17.710001 -13.720000
1.988436 -6.470192 5.900701 162.399994 16.730000 -12.250000
1.988436 -6.470192 5.900701 162.399994 16.730000 -12.250000
1.938186 -5.139783 7.042077 202.720001 20.790001 -13.930000
1.770689 -3.627519 8.061419 179.690002 17.360001 -16.940001
1.868794 -1.663012 8.784052 197.820007 17.920000 -18.690001
1.868794 -1.663012 8.784052 197.820007 17.920000 -18.690001
1.686940 -0.770489 9.119047 155.050003 22.960001 -18.200001
1.847259 -0.406780 9.068797 130.899994 20.090000 -11.480000
1.847259 -0.406780 9.068797 130.899994 20.090000 -11.480000
1.402194 0.629312 9.231510 110.320000 21.280001 -9.590000
1.402194 0.629312 9.231510 110.320000 21.280001 -9.590000
1.402194 0.629312 9.231510 110.320000 21.280001 -9.590000
1.402194 0.629312 9.231510 110.320000 21.280001 -9.590000
0.921237 3.079563 9.621540 39.060001 13.860000 -4.690000
0.971486 3.053242 9.425328 -5.880000 4.900000 0.210000
0.971486 3.053242 9.425328 -5.880000 4.900000 0.210000
1.060020 2.895315 9.205189 -8.540000 4.130000 0.490000
1.033699 3.029313 9.176475 -8.820000 4.900000 3.500000
1.055235 2.421536 8.961121 -4.970000 4.060000 2.030000
1.055235 2.421536 8.961121 -4.970000 4.060000 2.030000
1.055235 2.421536 8.961121 -4.970000 4.060000 2.030000
1.067199 2.679961 8.987441 -0.700000 5.250000 2.170000
0.961915 2.275574 8.630912 -15.680000 5.740000 3.850000
0.961915 2.275574 8.630912 -15.680000 5.740000 3.850000
0.961915 2.275574 8.630912 -15.680000 5.740000 3.850000
0.961915 2.275574 8.630912 -15.680000 5.740000 3.850000
0.961915 2.275574 8.630912 -15.680000 5.740000 3.850000
