9.434900 0.105284 2.294717 0.840000 0.350000 -2.240000
9.434900 0.105284 2.294717 0.840000 0.350000 -2.240000
9.401401 0.224925 2.323431 0.210000 0.210000 -1.750000
9.401401 0.224925 2.323431 0.210000 0.210000 -1.750000
9.415757 0.263210 2.304288 2.170000 0.770000 -0.840000
9.410972 0.265603 2.323431 0.490000 0.490000 -0.420000
9.410972 0.265603 2.323431 0.490000 0.490000 -0.420000
9.437292 0.344566 2.299503 1.890000 -0.420000 0.210000
9.549755 0.258425 2.242075 1.050000 -1.050000 0.210000
9.571291 0.138784 2.251646 2.660000 -0.630000 -1.120000
9.408579 0.272782 2.251646 1.260000 0.420000 -2.100000
9.408579 0.272782 2.251646 1.260000 0.420000 -2.100000
9.449257 0.332602 2.225325 1.470000 0.980000 -1.890000
9.449257 0.332602 2.225325 1.470000 0.980000 -1.890000
9.399008 0.425922 2.270789 1.050000 0.630000 -0.280000
9.451650 0.349352 2.342573 0.560000 -0.280000 0.280000
9.451650 0.349352 2.342573 0.560000 -0.280000 0.280000
9.473185 0.342174 2.251646 0.490000 -0.980000 -0.840000
9.432507 0.332602 2.206182 0.350000 -0.420000 -0.420000
9.485149 0.277567 2.297110 1.190000 0.700000 -0.560000
9.449257 0.334995 2.306681 -0.140000 0.840000 -0.490000
9.468399 0.363709 2.347359 0.700000 -0.140000 -0.560000
9.365508 0.165105 2.397608 -0.420000 -0.280000 -0.560000
9.375079 0.239282 2.273181 0.840000 0.070000 -0.350000
9.375079 0.239282 2.273181 0.840000 0.070000 -0.350000
9.418150 0.303888 2.313859 -0.070000 0.490000 -0.140000
9.379865 0.313460 2.361716 -0.280000 0.910000 0.420000
9.375079 0.236889 2.380858 0.070000 0.070000 0.490000
9.375079 0.236889 2.380858 0.070000 0.070000 0.490000
9.501899 0.272782 2.359323 -0.280000 -0.770000 0.490000
9.504292 0.315853 2.335395 0.350000 -0.770000 0.210000
9.504292 0.315853 2.335395 0.350000 -0.770000 0.210000
9.504292 0.315853 2.335395 0.350000 -0.770000 0.210000
9.504292 0.315853 2.335395 0.350000 -0.770000 0.210000
9.504292 0.315853 2.335395 0.350000 -0.770000 0.210000
9.504292 0.315853 2.335395 0.350000 -0.770000 0.210000
9.504292 0.315853 2.335395 0.350000 -0.770000 0.210000
9.504292 0.315853 2.335395 0.350000 -0.770000 0.210000
9.504292 0.315853 2.335395 0.350000 -0.770000 0.210000
9.468399 0.394816 2.254039 -0.070000 0.980000 1.540000
9.628718 0.258425 2.452643 -1.470000 -0.700000 0.350000
