3.850052 -7.264609 5.582455 -2.030000 -0.210000 -0.140000
3.761517 -7.269395 5.395815 -1.540000 -0.070000 -0.350000
3.761517 -7.269395 5.395815 -1.540000 -0.070000 -0.350000
3.828516 -7.200003 5.491528 0.840000 1.050000 0.630000
3.663411 -7.343572 5.539384 -0.280000 -1.050000 0.070000
3.663411 -7.343572 5.539384 -0.280000 -1.050000 0.070000
3.768696 -7.379465 5.508278 0.910000 0.420000 0.140000
3.842873 -7.329216 5.446064 0.210000 -0.770000 -0.560000
3.842873 -7.329216 5.446064 0.210000 -0.770000 -0.560000
3.842873 -7.329216 5.446064 0.210000 -0.770000 -0.560000
3.701697 -7.341179 5.446064 1.890000 0.910000 -1.400000
3.828516 -7.209574 5.520242 -0.490000 -0.280000 0.070000
3.828516 -7.209574 5.520242 -0.490000 -0.280000 0.070000
3.828516 -7.209574 5.520242 -0.490000 -0.280000 0.070000
3.864408 -7.221539 5.350351 0.350000 -0.280000 -0.420000
3.864408 -7.221539 5.350351 0.350000 -0.280000 -0.420000
3.864408 -7.221539 5.350351 0.350000 -0.280000 -0.420000
3.830909 -7.200003 5.383851 0.700000 0.910000 -0.980000
3.790231 -7.049256 5.486742 1.540000 1.120000 -0.560000
3.775874 -7.310073 5.568098 -2.100000 0.140000 1.050000
3.775874 -7.310073 5.568098 -2.100000 0.140000 1.050000
3.775874 -7.310073 5.568098 -2.100000 0.140000 1.050000
3.771089 -7.267002 5.438886 -1.680000 -0.840000 -0.140000
3.878766 -7.121039 5.362316 0.140000 -0.420000 -0.420000
3.878766 -7.121039 5.362316 0.140000 -0.420000 -0.420000
3.718446 -7.123433 5.505885 0.280000 1.050000 0.420000
3.718446 -7.123433 5.505885 0.280000 1.050000 0.420000
3.763910 -7.168896 5.572884 -0.070000 -0.070000 -0.070000
3.797409 -7.207181 5.532206 -1.260000 -0.560000 0.630000
3.797409 -7.207181 5.532206 -1.260000 -0.560000 0.630000
3.797409 -7.207181 5.532206 -1.260000 -0.560000 0.630000
3.797409 -7.207181 5.532206 -1.260000 -0.560000 0.630000
3.742374 -7.283752 5.412565 -1.190000 -0.560000 -0.350000
3.885944 -7.238289 5.340781 0.770000 0.980000 0.630000
3.885944 -7.238289 5.340781 0.770000 0.980000 0.630000
3.821337 -7.188039 5.460421 -1.890000 -0.770000 -0.280000
3.821337 -7.188039 5.460421 -1.890000 -0.770000 -0.280000
3.728018 -7.235896 5.371887 -0.350000 0.770000 0.840000
3.766303 -7.264609 5.606383 -1.470000 -1.540000 -0.420000
3.766303 -7.264609 5.606383 -1.470000 -1.540000 -0.420000
3.756732 -7.257431 5.489135 -3.080000 -2.240000 -0.280000
3.756732 -7.257431 5.489135 -3.080000 -2.240000 -0.280000
3.775874 -7.214360 5.565705 0.700000 0.280000 0.280000
3.775874 -7.214360 5.565705 0.700000 0.280000 0.280000
3.775874 -7.214360 5.565705 0.700000 0.280000 0.280000
3.761517 -7.331609 5.551349 -1.960000 -1.190000 0.140000
3.761517 -7.331609 5.551349 -1.960000 -1.190000 0.140000
3.761517 -7.331609 5.551349 -1.960000 -1.190000 0.140000
3.830909 -7.300502 5.400600 -1.470000 -1.330000 -0.280000
3.830909 -7.300502 5.400600 -1.470000 -1.330000 -0.280000
3.816552 -7.357929 5.374279 -3.080000 -0.980000 -0.210000
