1.050449 1.629512 9.391829 -2.870000 0.700000 0.350000
0.976272 1.751546 9.511470 0.980000 0.350000 0.630000
1.004985 1.737189 9.367901 -1.050000 -0.980000 0.070000
1.004985 1.737189 9.367901 -1.050000 -0.980000 0.070000
1.002593 1.617548 9.300901 0.350000 -0.560000 -0.280000
1.014557 1.706082 9.162118 1.470000 0.630000 -0.280000
1.050449 1.751546 9.176475 -0.140000 0.140000 -0.350000
1.050449 1.751546 9.176475 -0.140000 0.140000 -0.350000
1.024128 1.694118 9.131011 -1.190000 0.350000 0.490000
1.028914 1.579263 9.154939 -1.960000 1.400000 0.070000
0.988236 1.691726 9.341579 0.840000 1.260000 0.070000
0.988236 1.691726 9.341579 0.840000 1.260000 0.070000
1.076770 1.775474 9.343972 1.050000 1.400000 -1.190000
1.105484 1.849652 9.477970 2.100000 1.330000 1.050000
1.105484 1.849652 9.477970 2.100000 1.330000 1.050000
1.105484 1.849652 9.477970 2.100000 1.330000 1.050000
0.976272 1.780260 9.410972 -3.640000 -0.630000 1.050000
0.985843 1.696511 9.265009 1.050000 0.280000 0.350000
1.119841 1.682154 9.023334 0.910000 0.350000 0.490000
1.119841 1.682154 9.023334 0.910000 0.350000 0.490000
1.119841 1.682154 9.023334 0.910000 0.350000 0.490000
0.940379 1.715654 9.145369 -0.210000 0.070000 0.070000
1.057628 1.684547 9.176475 -0.350000 0.070000 0.280000
1.014557 1.722832 9.154939 0.280000 0.420000 0.140000
1.014557 1.722832 9.154939 0.280000 0.420000 0.140000
1.045663 1.720440 9.226725 -0.070000 1.050000 0.140000
1.062413 1.686940 9.298509 -0.070000 1.050000 0.210000
1.083949 1.775474 9.339187 0.770000 0.910000 0.420000
1.083949 1.775474 9.339187 0.770000 0.910000 0.420000
1.091127 1.634298 9.250652 0.420000 0.700000 0.070000
0.988236 1.703690 9.260223 1.260000 1.610000 0.420000
1.069592 1.545763 9.317651 1.260000 1.050000 0.420000
0.957129 1.660619 9.308081 1.610000 0.910000 -0.630000
1.076770 1.698904 9.265009 1.610000 0.140000 -1.750000
1.002593 1.730011 9.238688 1.470000 0.490000 -1.260000
1.002593 1.730011 9.238688 1.470000 0.490000 -1.260000
0.961915 1.749153 9.315259 -0.070000 0.560000 -0.490000
1.050449 1.744368 9.382257 0.560000 0.560000 -0.350000
0.926022 1.741975 9.142976 -0.560000 -0.630000 -0.840000
1.071985 1.746760 9.154939 2.380000 -0.070000 -0.840000
1.002593 1.842474 9.154939 1.400000 0.140000 -0.350000
1.002593 1.842474 9.154939 1.400000 0.140000 -0.350000
1.091127 1.737189 9.056834 -1.190000 0.700000 -0.280000
1.076770 1.775474 9.164511 1.540000 2.100000 -0.210000
1.033699 1.842474 9.267403 1.820000 1.890000 0.210000
1.100698 1.773082 9.284152 0.770000 1.260000 -0.420000
0.935594 1.840081 9.324830 -0.210000 1.050000 -0.420000
0.935594 1.840081 9.324830 -0.210000 1.050000 -0.420000
0.935594 1.840081 9.324830 -0.210000 1.050000 -0.420000
