2.117648 -8.724231 4.780859 16.520000 -0.770000 -9.450000
2.234896 -8.520842 4.955536 20.160000 1.540000 -15.470000
2.244468 -8.317451 5.123034 41.090000 0.490000 -23.799999
2.244468 -8.317451 5.123034 41.090000 0.490000 -23.799999
2.270789 -8.611769 5.879165 56.490002 -2.870000 -32.759998
2.864209 -8.049455 5.924629 55.230000 -7.210000 -44.240002
2.830709 -7.755138 6.675975 60.410000 -9.380000 -51.240002
3.086741 -7.434500 6.618547 62.720001 -10.500000 -53.549999
3.086741 -7.434500 6.618547 62.720001 -10.500000 -53.549999
3.567699 -6.865008 5.994020 71.680000 -6.440000 -55.160000
3.498307 -6.106483 6.862615 62.790001 -8.050000 -58.590000
3.847659 -5.611169 7.058826 58.730000 -8.330000 -65.169998
4.398008 -4.953143 7.374680 68.739998 -10.640000 -70.489998
4.398008 -4.953143 7.374680 68.739998 -10.640000 -70.489998
4.398008 -4.953143 7.374680 68.739998 -10.640000 -70.489998
4.476971 -3.917051 7.475177 90.019997 -10.990000 -74.690002
4.883751 -2.660819 7.355537 68.529999 -14.350000 -70.769997
4.969893 -2.526821 7.331609 74.129997 -10.850000 -68.529999
5.056034 -1.543371 7.470392 74.129997 -7.630000 -67.129997
5.032106 -0.717847 7.786245 59.500000 -11.760000 -60.480000
5.319244 0.466600 7.398607 49.000000 -12.040000 -47.040001
5.288138 0.598206 7.403394 63.630001 -7.980000 -35.770000
5.395815 1.007378 7.678568 60.760002 -8.190000 -31.920000
5.395815 1.007378 7.678568 60.760002 -8.190000 -31.920000
5.611169 1.605584 7.259824 49.980000 -5.460000 -25.129999
5.577669 2.062613 7.209574 27.230000 -5.880000 -21.000000
5.577669 2.160719 7.389036 -5.740000 -6.790000 -11.060000
5.577669 2.160719 7.389036 -5.740000 -6.790000 -11.060000
5.675776 1.775474 7.520642 24.780001 -0.420000 -8.610000
5.699703 1.749153 7.501499 21.000000 -0.560000 -8.750000
5.441278 1.521835 7.668997 -7.910000 -1.470000 -2.800000
5.441278 1.521835 7.668997 -7.910000 -1.470000 -2.800000
5.546563 1.507478 7.539784 -4.690000 -1.190000 -3.430000
5.479564 1.258625 7.575676 2.240000 -1.400000 -2.520000
5.479564 1.258625 7.575676 2.240000 -1.400000 -2.520000
5.603990 1.392623 7.575676 1.120000 -0.210000 -4.060000
5.529813 1.514657 7.506285 -13.440001 -0.350000 -1.750000
5.572884 1.378266 7.585248 2.590000 3.080000 -2.380000
