0.997807 -9.652647 2.177469 1.470000 -0.280000 -0.070000
0.997807 -9.652647 2.177469 1.470000 -0.280000 -0.070000
0.954736 -9.683753 2.158326 -3.010000 -0.630000 -0.140000
0.954736 -9.683753 2.158326 -3.010000 -0.630000 -0.140000
0.978664 -9.714860 2.072184 1.050000 -0.140000 -0.840000
0.978664 -9.714860 2.072184 1.050000 -0.140000 -0.840000
1.026521 -9.623933 2.084148 1.050000 0.980000 -0.560000
0.976272 -9.525827 2.199004 1.960000 0.910000 -0.350000
1.057628 -9.549755 2.263610 0.560000 0.350000 -0.140000
1.057628 -9.549755 2.263610 0.560000 0.350000 -0.140000
1.057628 -9.549755 2.263610 0.560000 0.350000 -0.140000
0.993021 -9.626326 2.234896 0.910000 -0.280000 0.630000
0.961915 -9.513863 2.191825 1.330000 -0.070000 0.420000
0.981057 -9.576077 2.179861 1.750000 0.070000 0.700000
0.961915 -9.501899 2.239682 1.400000 -0.420000 1.050000
1.004985 -9.568897 2.210968 -0.490000 -0.840000 1.680000
1.004985 -9.568897 2.210968 -0.490000 -0.840000 1.680000
0.985843 -9.688539 2.196611 -0.070000 -1.120000 1.260000
0.902094 -9.511470 2.163112 1.750000 -1.330000 0.280000
1.009771 -9.731609 2.014757 0.140000 -0.350000 1.890000
0.976272 -9.662218 2.261217 2.590000 -0.630000 1.400000
1.019342 -9.621540 2.148755 -1.400000 -1.330000 0.490000
1.019342 -9.621540 2.148755 -1.400000 -1.330000 0.490000
1.000200 -9.707682 2.153540 -0.840000 -1.260000 0.700000
0.973879 -9.767502 2.098505 2.450000 -0.980000 0.700000
0.973879 -9.767502 2.098505 2.450000 -0.980000 0.700000
0.863809 -9.573684 2.120041 -0.420000 -0.560000 -0.700000
0.863809 -9.573684 2.120041 -0.420000 -0.560000 -0.700000
0.930808 -9.578469 2.079363 3.430000 0.700000 -0.350000
0.928415 -9.511470 2.134398 0.350000 0.350000 -0.210000
1.009771 -9.542577 2.112862 0.280000 0.420000 0.140000
1.009771 -9.542577 2.112862 0.280000 0.420000 0.140000
1.009771 -9.542577 2.112862 0.280000 0.420000 0.140000
0.851845 -9.556933 2.184647 0.560000 0.700000 0.700000
0.952343 -9.628718 2.256432 0.420000 0.770000 0.770000
0.933201 -9.564112 2.285146 1.260000 0.770000 1.190000
0.911665 -9.638289 2.313859 0.840000 -0.420000 1.610000
0.911665 -9.638289 2.313859 0.840000 -0.420000 1.610000
0.933201 -9.695717 2.268396 0.490000 -1.540000 0.420000
