1.890330 -9.750752 3.086741 15.820000 2.940000 -14.280000
1.974079 -9.674182 2.998207 26.110001 2.800000 -17.360001
1.974079 -9.674182 2.998207 26.110001 2.800000 -17.360001
2.000400 -8.008778 3.038885 26.180000 5.180000 -18.969999
2.148755 -10.394422 2.672783 41.369999 0.910000 -37.099998
2.679961 -9.284152 3.235096 68.669998 0.070000 -55.650002
2.426322 -9.190832 3.883551 65.239998 8.610000 -59.639999
2.979064 -8.516055 4.582255 61.670002 4.410000 -66.290001
2.979064 -8.516055 4.582255 61.670002 4.410000 -66.290001
3.565305 -8.102098 5.015356 117.110001 10.710000 -73.779999
4.163511 -7.020542 6.319445 119.139999 7.840000 -79.309998
4.517649 -6.020342 6.269196 80.709999 -1.750000 -73.849998
4.565506 -5.362316 6.809973 76.930000 -3.220000 -65.660004
4.565506 -5.362316 6.809973 76.930000 -3.220000 -65.660004
4.673182 -5.051248 6.525227 71.260002 -2.590000 -65.239998
4.914857 -4.350152 6.307480 45.709999 -9.030000 -59.010002
4.907679 -3.775874 6.252446 56.070000 -1.120000 -54.320000
4.907679 -3.775874 6.252446 56.070000 -1.120000 -54.320000
4.759324 -3.584448 7.247860 76.720001 2.520000 -49.139999
5.017749 -2.880959 7.594819 63.840000 -0.840000 -52.360001
5.075177 -2.378466 7.676175 57.189999 -4.060000 -51.520000
5.697310 -0.617348 7.247860 63.139999 3.920000 -37.799999
5.613562 -0.339781 7.604390 26.180000 1.890000 -20.790001
5.613562 -0.339781 7.604390 26.180000 1.890000 -20.790001
5.718846 -0.052642 7.616355 16.730000 3.850000 -15.120000
5.510671 -0.098106 7.697710 4.830000 1.820000 -10.640000
5.563312 -0.267996 7.623533 -1.890000 -0.280000 -0.630000
5.596812 -0.346959 7.712067 2.310000 1.470000 0.980000
5.611169 -0.748954 7.752745 -16.940001 -0.350000 1.610000
5.548956 -0.782453 7.929814 -3.080000 -0.070000 2.660000
5.627919 -0.961915 7.764710 10.570000 2.940000 0.210000
5.565705 -0.710668 7.795816 -15.120000 2.730000 1.120000
5.508278 -0.859023 7.972885 -6.230000 0.770000 2.800000
5.462814 -1.083949 7.721639 6.230000 1.960000 0.910000
5.536992 -0.784846 7.599605 -9.590000 -0.280000 2.030000
5.424529 -0.847059 7.874779 -21.350000 -0.840000 5.810000
