2.316252 -11.724831 2.617748 -22.260000 -0.700000 -36.119999
2.612962 -12.043077 2.579463 -24.290001 -0.070000 -60.340000
3.335595 -12.148360 2.165504 -24.639999 -1.120000 -95.269997
3.304488 -12.031113 2.220540 -28.210001 -2.380000 -123.620003
3.622734 -11.760723 1.998007 -24.639999 -0.490000 -136.779999
3.622734 -11.760723 1.998007 -24.639999 -0.490000 -136.779999
3.921836 -11.062018 1.651048 -13.160000 1.960000 -161.699997
4.414758 -9.987641 1.842474 -1.680000 3.780000 -180.809998
5.919843 -6.898508 1.964507 21.139999 -1.120000 -199.149994
5.919843 -6.898508 1.964507 21.139999 -1.120000 -199.149994
6.606583 -4.871787 1.907080 16.450001 -8.540000 -198.240005
6.915257 -3.773481 1.691726 30.799999 -8.120000 -195.020004
6.879365 -2.553142 1.873580 10.920000 -13.930000 -185.710007
7.240681 -0.780060 1.457229 23.100000 -16.309999 -172.970001
7.240681 -0.780060 1.457229 23.100000 -16.309999 -172.970001
7.463214 0.394816 1.194018 36.119999 -13.860000 -164.149994
6.948757 1.423729 0.784846 7.210000 -10.080000 -150.779999
6.989435 3.266203 1.153341 18.900000 -6.020000 -138.180008
6.989435 3.266203 1.153341 18.900000 -6.020000 -138.180008
7.147361 5.680561 0.691526 15.120000 -2.450000 -116.129997
7.405786 7.113862 0.973879 -8.890000 -0.630000 -88.690002
6.989435 7.487142 0.782453 -11.970000 -1.470000 -57.400002
7.362715 7.733603 1.098306 -5.950000 3.850000 -43.189999
7.362715 7.733603 1.098306 -5.950000 3.850000 -43.189999
7.640282 7.168896 1.380659 -15.120000 5.600000 -13.370000
7.781459 6.321837 1.526621 -20.790001 3.430000 3.710000
8.001599 5.867201 1.517050 -19.110001 0.980000 9.730000
