2.232504 -9.384650 2.486143 0.350000 -0.840000 1.400000
2.122434 -9.473185 2.222932 2.940000 -0.280000 0.840000
2.055435 -9.511470 2.175076 -8.190000 -2.240000 0.560000
2.175076 -9.822537 1.880759 8.540000 -1.400000 -0.910000
2.175076 -9.822537 1.880759 8.540000 -1.400000 -0.910000
2.244468 -8.855836 2.981457 1.820000 -5.180000 0.140000
2.060220 -9.980463 2.122434 -15.120000 -3.920000 1.540000
2.431108 -9.166903 1.969293 13.930000 -5.740000 -1.470000
2.167897 -10.047462 1.875973 -17.290001 -9.030000 0.280000
2.167897 -10.047462 1.875973 -17.290001 -9.030000 0.280000
2.419144 -8.592626 3.287738 19.320000 -10.780000 -2.730000
1.923829 -9.844072 2.749353 -15.330000 -14.490000 0.910000
2.213361 -10.791630 1.514657 1.960000 -11.480000 -0.560000
2.421536 -11.018949 1.847259 -36.750000 -18.620001 -0.840000
2.390430 -10.566705 1.339981 7.700000 -15.050000 -4.060000
2.266003 -7.685746 3.026921 -5.880000 -12.040000 0.840000
2.187040 -9.930215 2.440679 -9.030000 -19.180000 -2.870000
2.187040 -9.930215 2.440679 -9.030000 -19.180000 -2.870000
2.287539 -9.241080 1.988436 -3.710000 -20.230000 -1.050000
2.251646 -9.365508 2.268396 -4.060000 -22.400000 -0.770000
2.330609 -9.229117 1.816152 -3.430000 -19.879999 1.960000
2.201397 -9.501899 1.694118 -9.940000 -16.520000 1.890000
2.392823 -9.674182 1.435694 -6.650000 -14.840000 -0.630000
2.316252 -9.559326 1.605584 0.630000 -11.480000 -0.700000
2.316252 -9.559326 1.605584 0.630000 -11.480000 -0.700000
2.507678 -9.722038 1.392623 -11.130000 -6.090000 -1.470000
2.579463 -9.406186 1.311267 -3.570000 -7.420000 2.240000
2.400001 -9.616754 1.380659 1.960000 -7.070000 3.080000
2.426322 -9.544970 1.320838 1.750000 -7.140000 1.400000
2.519642 -9.702895 1.172483 1.190000 -1.050000 0.840000
2.519642 -9.702895 1.172483 1.190000 -1.050000 0.840000
2.347359 -9.473185 1.469193 2.030000 0.350000 0.350000
2.373680 -9.525827 1.294517 -1.050000 1.750000 0.140000
2.464607 -9.360723 1.383051 -0.630000 2.520000 -0.070000
2.404787 -9.583255 1.428515 -0.210000 2.660000 0.770000
2.428715 -9.585647 1.490728 -2.660000 2.310000 0.350000
2.390430 -9.549755 1.466800 4.480000 2.170000 -0.910000
