9.284152 0.452243 2.888137 0.840000 0.350000 -0.280000
9.257831 0.433101 2.909672 0.770000 0.630000 -0.210000
9.279366 0.433101 2.907279 0.490000 0.630000 -1.190000
9.260223 0.485743 2.995814 0.910000 0.140000 -1.400000
9.260223 0.485743 2.995814 0.910000 0.140000 -1.400000
9.260223 0.485743 2.995814 0.910000 0.140000 -1.400000
9.260223 0.485743 2.995814 0.910000 0.140000 -1.400000
9.260223 0.485743 2.995814 0.910000 0.140000 -1.400000
9.186047 0.514457 2.912065 1.120000 -0.420000 -1.610000
9.186047 0.514457 2.912065 1.120000 -0.420000 -1.610000
9.186047 0.514457 2.912065 1.120000 -0.420000 -1.610000
9.186047 0.514457 2.912065 1.120000 -0.420000 -1.610000
9.150154 0.464208 2.943172 0.770000 -0.560000 0.700000
9.255438 0.461815 2.909672 1.050000 0.140000 -0.140000
9.293723 0.488136 2.931208 0.350000 0.140000 -0.420000
9.265009 0.440279 2.983850 0.420000 0.210000 -0.910000
9.265009 0.440279 2.983850 0.420000 0.210000 -0.910000
9.212367 0.567099 2.947958 1.260000 0.630000 -0.420000
9.109475 0.552742 2.983850 0.280000 0.630000 0.350000
9.159724 0.531207 2.988636 0.980000 0.280000 0.630000
9.202796 0.547956 3.007778 -0.630000 -0.210000 0.700000
9.286544 0.480957 2.964707 0.770000 0.280000 -0.140000
9.286544 0.480957 2.964707 0.770000 0.280000 -0.140000
9.202796 0.471386 2.983850 0.280000 0.070000 -0.420000
9.202796 0.471386 2.983850 0.280000 0.070000 -0.420000
9.224331 0.562313 3.000600 0.350000 0.350000 -0.630000
9.157332 0.516850 2.940779 -0.350000 -0.280000 0.350000
9.202796 0.502493 2.979064 -0.210000 0.350000 -0.140000
9.157332 0.507278 3.014957 -0.420000 0.140000 0.210000
9.157332 0.507278 3.014957 -0.420000 0.140000 0.210000
9.159724 0.512064 3.022135 0.770000 -0.210000 0.700000
9.305687 0.547956 3.019742 0.140000 -0.420000 0.980000
9.308081 0.418744 2.979064 -0.070000 -0.910000 1.330000
9.233903 0.325424 2.981457 1.190000 -0.280000 -0.140000
9.238688 0.471386 2.995814 1.120000 0.490000 -0.840000
9.207582 0.555135 3.007778 0.490000 -0.700000 -0.630000
9.243474 0.550349 2.991028 0.490000 -0.560000 -0.140000
9.243474 0.550349 2.991028 0.490000 -0.560000 -0.140000
9.243474 0.550349 2.991028 0.490000 -0.560000 -0.140000
9.238688 0.445065 2.981457 1.120000 -0.420000 0.700000
9.238688 0.445065 2.981457 1.120000 -0.420000 0.700000
