1.552942 -8.908479 4.548756 21.210001 4.480000 -15.470000
1.500300 -8.827123 3.962514 23.309999 10.010000 -25.900000
1.770689 -9.932607 4.816752 87.360001 11.550000 -44.660000
1.770689 -9.932607 4.816752 87.360001 11.550000 -44.660000
1.615155 -8.968300 5.331209 94.779999 14.140000 -52.849998
2.402394 -8.279166 6.565905 117.529999 4.060000 -83.440002
2.572284 -8.011170 6.530013 118.720001 6.370000 -89.180000
2.572284 -8.011170 6.530013 118.720001 6.370000 -89.180000
3.625126 -6.230910 7.372287 95.690002 -2.660000 -89.809998
3.625126 -6.230910 7.372287 95.690002 -2.660000 -89.809998
3.426522 -5.726025 7.369894 79.239998 -2.380000 -86.239998
3.426522 -5.726025 7.369894 79.239998 -2.380000 -86.239998
3.426522 -5.726025 7.369894 79.239998 -2.380000 -86.239998
3.577270 -4.730610 7.168896 60.270000 3.780000 -83.650002
4.275974 -3.538985 7.329216 63.490002 11.830000 -80.290001
4.275974 -3.538985 7.329216 63.490002 11.830000 -80.290001
4.689932 -1.610370 8.152347 77.489998 9.100000 -72.449997
4.426722 -1.014557 7.910671 58.730000 3.500000 -67.340004
4.426722 -1.014557 7.910671 58.730000 3.500000 -67.340004
4.910072 -0.406780 7.673782 12.740000 -1.750000 -50.889999
4.874180 -0.076570 7.956135 34.439999 4.550000 -39.480000
4.881358 -0.160319 8.173882 47.459999 2.450000 -34.790001
5.058427 0.399601 8.013563 26.040001 -0.210000 -30.940001
4.890929 0.500100 8.047063 25.900000 0.770000 -22.889999
4.890929 0.500100 8.047063 25.900000 0.770000 -22.889999
4.838287 0.701097 8.386844 27.160000 0.210000 -19.389999
5.118248 0.452243 7.872386 0.910000 0.700000 -15.470000
4.835894 0.435494 8.484949 -6.300000 -2.870000 -4.550000
4.756931 0.270389 8.377272 -8.190000 -5.740000 -0.910000
4.687540 0.244068 8.161918 8.750000 -2.100000 -1.540000
4.687540 0.244068 8.161918 8.750000 -2.100000 -1.540000
4.792823 0.291924 8.133204 -4.130000 -1.680000 -1.470000
4.864608 0.454636 8.243275 -29.260000 -1.330000 2.310000
4.807181 -0.095713 8.111670 6.930000 2.660000 1.750000
4.910072 0.131605 8.300702 -14.070000 4.760000 5.110000
4.620540 0.169890 8.348558 -12.740000 3.290000 5.670000
4.709075 0.071785 8.394022 4.830000 1.330000 4.970000
4.938786 0.208176 8.257630 -20.090000 0.420000 7.980000
4.938786 0.208176 8.257630 -20.090000 0.420000 7.980000
4.809574 -0.086142 8.190632 -13.650000 0.560000 12.180000
4.809574 -0.086142 8.190632 -13.650000 0.560000 12.180000
4.886144 -0.040678 8.506484 -23.730000 0.630000 16.240000
