1.933401 -9.322437 1.007378 -2.520000 2.870000 4.480000
2.098505 -9.470792 1.138984 0.070000 3.360000 6.720000
2.098505 -9.470792 1.138984 0.070000 3.360000 6.720000
2.041078 -9.918249 1.196411 -6.160000 5.320000 6.440000
1.828116 -9.456435 1.682154 4.270000 3.150000 6.230000
1.679761 -10.174281 1.548156 -4.970000 2.940000 5.740000
1.679761 -10.174281 1.548156 -4.970000 2.940000 5.740000
1.780260 -9.961320 1.524228 -8.820000 0.910000 3.360000
1.490728 -9.911072 1.641476 5.390000 -0.070000 2.240000
1.859223 -9.966106 1.605584 1.890000 -1.400000 3.290000
1.792224 -9.690931 1.531406 -0.840000 -0.840000 3.010000
1.792224 -9.690931 1.531406 -0.840000 -0.840000 3.010000
1.818545 -9.789038 1.493121 3.010000 -3.010000 -0.770000
1.818545 -9.789038 1.493121 3.010000 -3.010000 -0.770000
1.715654 -9.564112 1.253839 2.100000 -1.260000 -0.980000
1.799403 -9.595219 1.485943 1.960000 -1.470000 -1.610000
1.775474 -9.399008 1.509871 0.420000 -1.470000 -0.910000
1.797010 -9.588040 1.361516 2.520000 -2.030000 0.140000
1.797010 -9.588040 1.361516 2.520000 -2.030000 0.140000
1.751546 -9.628718 1.294517 -0.420000 0.210000 -1.260000
1.751546 -9.628718 1.294517 -0.420000 0.210000 -1.260000
1.840081 -9.750752 1.421337 5.530000 1.120000 0.070000
1.840081 -9.750752 1.421337 5.530000 1.120000 0.070000
1.763510 -9.700503 1.457229 -0.490000 1.540000 0.560000
1.813759 -10.066606 1.330409 -2.800000 -1.050000 -1.190000
1.921437 -9.535398 1.526621 1.610000 -1.120000 -1.610000
1.713261 -9.906286 1.198804 -4.480000 0.490000 -1.120000
1.713261 -9.906286 1.198804 -4.480000 0.490000 -1.120000
1.852045 -9.726824 1.205983 3.780000 0.140000 -1.470000
1.921437 -9.738789 1.428515 2.310000 0.560000 -1.120000
1.933401 -9.769895 1.332802 -1.330000 1.050000 -1.260000
1.897508 -9.571291 1.366302 5.320000 1.120000 -0.980000
1.842474 -9.736395 1.588834 -1.050000 0.630000 0.280000
1.902294 -9.741181 1.301696 5.810000 0.350000 0.140000
1.902294 -9.741181 1.301696 5.810000 0.350000 0.140000
1.974079 -9.657433 1.562513 -0.140000 2.450000 -0.070000
1.739582 -9.547362 1.672583 3.150000 1.330000 0.070000
1.758725 -9.535398 1.533799 2.940000 1.610000 0.910000
1.873580 -9.944571 1.701297 1.120000 -0.910000 -0.280000
1.873580 -9.944571 1.701297 1.120000 -0.910000 -0.280000
1.902294 -9.688539 1.792224 3.990000 -0.420000 0.210000
1.859223 -9.726824 1.576870 0.140000 0.980000 -0.280000
1.871187 -9.525827 1.610370 2.450000 0.770000 -1.400000
1.921437 -9.568897 1.691726 4.340000 0.420000 -1.400000
1.921437 -9.568897 1.691726 4.340000 0.420000 -1.400000
1.818545 -9.623933 1.596013 0.350000 0.420000 -0.140000
1.749153 -9.621540 1.569692 -0.420000 1.190000 -0.070000
1.866402 -9.513863 1.694118 -4.550000 0.700000 0.770000
1.816152 -9.619147 1.665405 -7.840000 1.050000 0.350000
1.933401 -9.461221 1.710868 3.080000 0.420000 0.700000
1.933401 -9.461221 1.710868 3.080000 0.420000 0.700000
1.880759 -9.231510 1.811367 3.150000 2.170000 0.770000
1.849652 -9.370294 1.682154 0.980000 -0.560000 4.130000
1.837688 -9.535398 1.871187 -13.020000 -4.970000 4.200000
