3.589234 -7.412964 5.388636 -0.070000 -0.490000 0.070000
3.457629 -7.621140 5.249853 1.050000 -0.280000 0.490000
3.457629 -7.621140 5.249853 1.050000 -0.280000 0.490000
3.656233 -7.460821 5.024928 -2.170000 -0.280000 -0.490000
3.696911 -7.367501 5.156533 -1.330000 -0.280000 -0.140000
3.570091 -7.456036 5.235496 -1.260000 -0.280000 0.350000
3.696911 -7.501499 5.211568 -1.190000 0.770000 0.210000
3.720839 -7.405786 5.170890 -0.700000 0.700000 0.420000
3.720839 -7.405786 5.170890 -0.700000 0.700000 0.420000
3.558127 -7.487142 5.118248 -2.870000 -0.280000 0.700000
3.548556 -7.578069 5.137390 0.910000 0.700000 -0.070000
3.548556 -7.578069 5.137390 0.910000 0.700000 -0.070000
3.548556 -7.578069 5.137390 0.910000 0.700000 -0.070000
3.548556 -7.578069 5.137390 0.910000 0.700000 -0.070000
3.589234 -7.549356 5.376673 2.030000 0.350000 -0.490000
3.625126 -7.446464 5.340781 -0.140000 -0.560000 0.070000
3.625126 -7.446464 5.340781 -0.140000 -0.560000 0.070000
3.617948 -7.420143 5.113462 -1.260000 -0.280000 0.490000
3.565305 -7.520642 5.142176 1.190000 0.490000 -0.630000
3.668197 -7.381857 5.142176 -0.700000 0.140000 -0.700000
3.668197 -7.381857 5.142176 -0.700000 0.140000 -0.700000
3.668197 -7.381857 5.142176 -0.700000 0.140000 -0.700000
3.668197 -7.381857 5.142176 -0.700000 0.140000 -0.700000
3.584448 -7.503892 5.225924 -0.840000 0.280000 0.210000
3.572484 -7.575676 5.173282 -0.770000 0.630000 0.140000
3.572484 -7.575676 5.173282 -0.770000 0.630000 0.140000
3.572484 -7.575676 5.173282 -0.770000 0.630000 0.140000
3.694518 -7.391429 5.304887 0.840000 0.770000 -0.770000
3.694518 -7.391429 5.304887 0.840000 0.770000 -0.770000
3.627519 -7.511070 5.309673 -0.700000 0.560000 0.840000
3.591627 -7.544570 5.242674 -0.350000 -0.070000 0.770000
3.598805 -7.534998 5.070391 1.470000 0.700000 -0.070000
3.613162 -7.544570 5.173282 0.490000 0.630000 -0.630000
3.613162 -7.544570 5.173282 0.490000 0.630000 -0.630000
3.613162 -7.544570 5.173282 0.490000 0.630000 -0.630000
3.582055 -7.415358 5.254639 0.980000 0.630000 -0.910000
3.696911 -7.491928 5.182854 1.260000 1.120000 0.140000
3.601198 -7.436893 5.230711 1.050000 0.910000 0.070000
3.582055 -7.499106 5.326423 0.560000 1.050000 -0.140000
3.589234 -7.489535 5.206782 -0.700000 0.490000 -0.560000
3.704089 -7.472785 5.206782 -0.700000 0.350000 0.070000
3.704089 -7.472785 5.206782 -0.700000 0.350000 0.070000
3.634698 -7.467999 5.268995 -0.700000 0.140000 0.420000
3.634698 -7.467999 5.268995 -0.700000 0.140000 0.420000
3.639483 -7.412964 5.230711 -0.140000 -0.350000 -0.070000
3.658626 -7.479963 5.166104 -0.910000 0.070000 0.630000
3.627519 -7.408179 5.273781 -0.910000 0.770000 1.050000
3.627519 -7.408179 5.273781 -0.910000 0.770000 1.050000
3.474378 -7.587641 5.139783 1.470000 1.120000 1.540000
3.474378 -7.587641 5.139783 1.470000 1.120000 1.540000
3.474378 -7.587641 5.139783 1.470000 1.120000 1.540000
3.603590 -7.630712 5.261817 0.420000 0.070000 0.210000
3.548556 -7.597212 5.235496 -0.420000 -0.350000 0.070000
3.548556 -7.597212 5.235496 -0.420000 -0.350000 0.070000
3.701697 -7.513463 5.285746 -0.770000 0.700000 0.070000
3.701697 -7.513463 5.285746 -0.770000 0.700000 0.070000
3.649055 -7.604390 5.230711 0.700000 0.280000 -0.490000
