3.742374 -7.657032 5.288138 0.140000 -0.630000 -0.420000
3.754339 -7.511070 5.190032 1.680000 0.070000 -0.770000
3.754339 -7.511070 5.190032 1.680000 0.070000 -0.770000
3.718446 -7.377072 5.316852 -1.260000 -0.700000 1.050000
3.651447 -7.549356 5.283352 2.520000 0.490000 0.910000
3.651447 -7.549356 5.283352 2.520000 0.490000 0.910000
3.651447 -7.549356 5.283352 2.520000 0.490000 0.910000
3.845266 -7.465607 5.190032 -1.190000 -1.820000 -0.420000
3.845266 -7.465607 5.190032 -1.190000 -1.820000 -0.420000
3.778267 -7.506285 5.206782 0.840000 0.210000 0.280000
3.661019 -7.537392 5.156533 0.490000 0.840000 0.140000
3.661019 -7.537392 5.156533 0.490000 0.840000 0.140000
3.713661 -7.446464 5.190032 1.120000 0.980000 -0.210000
3.814159 -7.429714 5.254639 -0.630000 -0.140000 -0.280000
3.814159 -7.429714 5.254639 -0.630000 -0.140000 -0.280000
3.737589 -7.410572 5.268995 1.330000 1.330000 0.910000
3.737589 -7.410572 5.268995 1.330000 1.330000 0.910000
3.737589 -7.410572 5.268995 1.330000 1.330000 0.910000
3.728018 -7.427321 5.106283 -2.240000 -0.560000 -0.630000
3.665804 -7.441679 5.137390 1.400000 0.840000 -0.770000
3.665804 -7.441679 5.137390 1.400000 0.840000 -0.770000
3.718446 -7.379465 5.225924 -1.050000 0.490000 -0.280000
3.718446 -7.379465 5.225924 -1.050000 0.490000 -0.280000
3.725625 -7.472785 5.357530 -1.750000 -1.330000 0.490000
3.766303 -7.482357 5.187639 0.770000 0.140000 0.420000
3.766303 -7.482357 5.187639 0.770000 0.140000 0.420000
3.766303 -7.482357 5.187639 0.770000 0.140000 0.420000
3.716053 -7.389036 5.173282 -1.680000 0.490000 0.840000
3.716053 -7.389036 5.173282 -1.680000 0.490000 0.840000
3.665804 -7.534998 5.292924 -2.310000 -1.820000 -0.070000
3.665804 -7.534998 5.292924 -2.310000 -1.820000 -0.070000
3.792624 -7.427321 4.981857 -2.450000 -1.400000 0.070000
3.792624 -7.427321 4.981857 -2.450000 -1.400000 0.070000
3.747160 -7.494320 5.297709 3.570000 1.960000 -0.210000
3.830909 -7.479963 5.077570 -2.870000 -1.120000 -0.700000
3.830909 -7.479963 5.077570 -2.870000 -1.120000 -0.700000
3.708875 -7.448857 5.091926 1.120000 0.630000 0.630000
3.708875 -7.448857 5.091926 1.120000 0.630000 0.630000
3.708875 -7.448857 5.091926 1.120000 0.630000 0.630000
3.704089 -7.568498 5.304887 0.700000 0.420000 0.420000
3.704089 -7.568498 5.304887 0.700000 0.420000 0.420000
3.771089 -7.424929 5.268995 -1.330000 -0.980000 0.490000
3.771089 -7.424929 5.268995 -1.330000 -0.980000 0.490000
3.725625 -7.582855 5.230711 3.220000 0.700000 -0.140000
3.725625 -7.582855 5.230711 3.220000 0.700000 -0.140000
3.699304 -7.623533 5.199604 2.590000 0.700000 -0.280000
3.699304 -7.623533 5.199604 2.590000 0.700000 -0.280000
3.768696 -7.515855 5.261817 0.140000 0.280000 0.630000
3.768696 -7.515855 5.261817 0.140000 0.280000 0.630000
