1.694118 -11.234302 2.761317 -34.160000 -1.120000 -34.439999
2.041078 -12.308680 2.505285 -59.360001 -0.910000 -87.290001
2.316252 -13.239488 1.421337 -63.420002 3.010000 -118.090004
2.986243 -13.138988 1.454836 -26.180000 8.260000 -151.899994
2.986243 -13.138988 1.454836 -26.180000 8.260000 -151.899994
3.962514 -11.511869 0.935594 -18.969999 14.070000 -199.009995
3.962514 -11.511869 0.935594 -18.969999 14.070000 -199.009995
3.962514 -11.511869 0.935594 -18.969999 14.070000 -199.009995
3.962514 -11.511869 0.935594 -18.969999 14.070000 -199.009995
5.012963 -8.183454 1.509871 6.930000 11.410000 -222.600006
5.869594 -4.287938 1.926222 6.790000 -5.180000 -233.449997
5.869594 -4.287938 1.926222 6.790000 -5.180000 -233.449997
6.013163 -1.710868 1.296910 63.980000 -14.770000 -227.990005
6.276374 1.368695 0.933201 61.599998 -25.620001 -214.479996
6.419943 2.014757 0.849452 55.299999 -29.190001 -203.279999
6.419943 2.014757 0.849452 55.299999 -29.190001 -203.279999
6.999006 6.838687 -0.035892 -13.090000 -23.240000 -120.750000
7.149754 6.819544 -0.191426 -7.980000 -10.990000 -76.510002
7.625926 7.097112 0.098106 3.500000 -0.560000 -48.160000
7.618747 6.695118 0.227318 -8.260000 2.100000 -32.759998
8.750552 5.472386 0.732204 -8.330000 5.950000 0.630000
8.798409 5.242674 0.727418 -3.500000 5.530000 3.360000
8.724231 5.027320 0.758525 -3.150000 4.200000 7.770000
8.714661 4.560720 0.756132 -14.700000 -0.630000 8.540000
8.676375 4.307081 0.957129 -8.610000 0.980000 8.260000
8.599805 4.237689 0.861416 -2.520000 0.560000 6.440000
8.532805 4.170690 0.880559 -1.820000 2.450000 7.000000
8.439486 4.287938 0.835095 -0.980000 3.010000 7.560000
8.439486 4.287938 0.835095 -0.980000 3.010000 7.560000
