2.981457 -9.131011 3.199204 -3.710000 -1.190000 0.070000
2.778067 -8.556733 2.993421 11.830000 0.840000 -0.630000
2.778067 -8.556733 2.993421 11.830000 0.840000 -0.630000
2.912065 -8.683553 3.299703 -2.170000 -0.280000 -0.420000
2.897708 -8.992228 2.971886 7.420000 -0.140000 0.350000
2.900101 -8.769694 3.067599 13.580000 0.980000 0.980000
2.847459 -9.030513 3.256632 19.950001 1.260000 -1.750000
2.847459 -8.865408 3.512664 16.940001 2.240000 -3.920000
2.847459 -8.865408 3.512664 16.940001 2.240000 -3.920000
2.900101 -8.855836 3.256632 -12.180000 3.920000 0.070000
3.065206 -9.260223 3.536592 -10.780000 4.480000 2.170000
2.907279 -8.573483 2.993421 -92.959999 4.550000 12.670000
2.907279 -8.573483 2.993421 -92.959999 4.550000 12.670000
2.962314 -7.716853 2.859423 -123.690002 -1.050000 24.780001
2.737389 -8.233703 2.672783 -141.610001 -5.530000 28.420000
2.182254 -7.625926 0.543171 -130.270004 -19.600000 39.340000
2.136791 -9.994821 -0.227318 10.010000 1.400000 8.470000
2.313859 -10.157533 0.696311 -1.960000 1.610000 9.450000
1.957329 -10.332209 0.361316 -4.900000 0.560000 7.980000
1.952543 -10.473385 0.047856 -4.620000 0.840000 4.830000
1.952543 -10.473385 0.047856 -4.620000 0.840000 4.830000
2.021935 -10.578669 0.215354 -6.370000 -0.140000 1.400000
2.009971 -9.932607 0.437887 0.210000 -0.910000 -1.820000
1.986043 -10.090532 0.409173 -1.260000 -0.700000 -1.610000
1.983650 -9.738789 0.490529 1.680000 -0.560000 -3.640000
2.132005 -9.669396 0.440279 -0.210000 -2.520000 -4.620000
2.175076 -9.291330 0.076570 -0.700000 -3.080000 -3.640000
2.175076 -9.291330 0.076570 -0.700000 -3.080000 -3.640000
2.175076 -9.291330 0.076570 -0.700000 -3.080000 -3.640000
2.105684 -9.434900 0.308674 8.540000 -0.560000 -0.700000
2.105684 -9.434900 0.308674 8.540000 -0.560000 -0.700000
2.220540 -9.382257 0.442672 -1.960000 -1.960000 -0.280000
2.165504 -9.439686 0.256032 0.840000 -1.890000 -1.190000
2.165504 -9.439686 0.256032 0.840000 -1.890000 -1.190000
2.069792 -9.523434 0.399601 4.340000 -1.680000 0.770000
1.998007 -9.801002 0.270389 -3.080000 -1.890000 0.210000
2.187040 -9.882358 0.057428 -2.100000 -2.450000 0.350000
2.182254 -9.963714 0.184247 0.630000 -2.870000 1.190000
