1.962115 -11.662617 3.122634 -26.040001 -9.030000 -36.400002
1.986043 -12.313466 2.560320 -28.280001 -14.280000 -74.129997
2.529213 -13.227524 2.486143 -22.330000 -13.650000 -132.580002
2.529213 -13.227524 2.486143 -22.330000 -13.650000 -132.580002
3.366701 -11.923435 1.794617 -10.780000 -14.630000 -169.539993
4.103691 -10.645668 2.012364 -2.940000 -11.550000 -189.210007
4.890929 -9.736395 1.722832 5.670000 -9.520000 -194.460007
5.551349 -6.161518 1.146162 12.530000 -10.010000 -209.369995
5.900701 -5.127820 1.277767 17.360001 -11.900000 -211.119995
5.900701 -5.127820 1.277767 17.360001 -11.900000 -211.119995
5.522634 -3.742374 0.971486 32.130001 -12.950000 -214.759995
6.434300 -1.311267 1.203590 14.420000 -18.200001 -209.440002
6.338587 -0.894916 0.646062 30.240000 -15.260000 -204.539993
6.845865 4.240082 0.899701 35.279999 -17.920000 -161.910004
7.374680 5.046463 0.772882 20.230000 -19.320000 -146.720001
7.666604 6.163911 0.842274 -1.540000 -12.810000 -105.000000
8.224132 6.398407 0.770489 -3.920000 -7.280000 -69.650002
8.224132 6.398407 0.770489 -3.920000 -7.280000 -69.650002
8.367701 6.534799 0.693919 3.640000 -5.740000 -52.150002
8.484949 6.352944 0.739382 2.030000 -1.820000 -21.420000
8.573483 5.257031 1.055235 -15.050000 -0.350000 5.040000
8.997013 3.586841 0.859023 -20.020000 -1.400000 15.610000
8.994620 3.273381 1.081556 0.070000 -1.540000 14.560000
9.037691 2.845066 1.313660 -5.810000 -2.450000 12.320000
8.949157 2.254039 1.402194 -12.390000 -0.560000 6.300000
9.279366 2.557927 1.179662 7.140000 -0.700000 -0.840000
9.245867 3.314059 1.229911 13.300000 0.770000 -2.030000
9.190832 3.536592 1.392623 -12.880000 0.070000 0.420000
9.198010 3.608376 1.354338 3.150000 3.290000 7.140000
9.154939 3.718446 1.540978 6.790000 2.590000 11.340000
9.154939 3.718446 1.540978 6.790000 2.590000 11.340000
9.073583 3.553342 1.473979 -7.910000 -0.980000 17.850000
9.169296 3.639483 1.380659 -2.310000 -0.350000 20.790001
