2.574677 -8.697910 3.696911 1.750000 3.010000 -1.470000
2.603391 -8.772088 3.541377 -15.470000 0.770000 -0.070000
2.543570 -8.920443 3.637090 0.840000 0.910000 -1.260000
2.550749 -9.183653 3.804588 3.080000 0.910000 -0.350000
2.550749 -9.183653 3.804588 3.080000 0.910000 -0.350000
2.550749 -9.183653 3.804588 3.080000 0.910000 -0.350000
2.550749 -9.183653 3.804588 3.080000 0.910000 -0.350000
2.462214 -8.609376 3.907479 -15.120000 2.030000 2.170000
2.462214 -8.609376 3.907479 -15.120000 2.030000 2.170000
2.462214 -8.609376 3.907479 -15.120000 2.030000 2.170000
2.462214 -8.609376 3.907479 -15.120000 2.030000 2.170000
2.462214 -8.609376 3.907479 -15.120000 2.030000 2.170000
2.213361 -9.497113 2.124826 -56.070000 -3.430000 8.680000
2.696711 -9.544970 0.909273 -43.889999 -0.560000 10.850000
1.911865 -7.680960 2.478964 -0.140000 1.750000 26.110001
2.517249 -11.069198 1.256232 -64.889999 -8.400000 3.850000
2.517249 -11.069198 1.256232 -64.889999 -8.400000 3.850000
2.354537 -8.752945 1.548156 -51.590000 -9.870000 36.750000
1.600798 -10.370493 -0.827917 -50.049999 -16.100000 7.840000
1.639083 -9.702895 0.823131 -10.990000 -6.860000 4.830000
1.639083 -9.702895 0.823131 -10.990000 -6.860000 4.830000
1.543371 -10.327423 -0.028714 -19.740000 -7.840000 6.300000
1.634298 -10.253245 -0.169890 -5.180000 -2.800000 1.750000
1.567299 -9.836893 -0.325424 10.990000 -0.700000 1.470000
1.691726 -9.578469 0.184247 7.000000 1.680000 2.590000
1.691726 -9.578469 0.184247 7.000000 1.680000 2.590000
1.502693 -9.796216 0.433101 0.770000 1.400000 1.960000
1.596013 -10.104890 -0.076570 -0.490000 1.120000 0.910000
1.543371 -9.305687 0.547956 18.620001 1.260000 -1.610000
1.552942 -9.777073 0.512064 -0.490000 1.120000 -0.840000
1.655833 -9.853643 0.069392 -2.100000 -0.210000 -1.470000
1.509871 -9.958927 0.098106 5.110000 0.140000 -1.330000
1.567299 -9.509077 0.327817 3.430000 -1.330000 0.700000
1.648655 -9.755538 0.014357 -3.010000 0.630000 0.280000
1.507478 -9.903893 0.167498 0.910000 1.120000 0.210000
1.524228 -9.949356 0.215354 13.650000 0.840000 0.490000
1.490728 -9.533006 0.461815 19.320000 2.800000 -0.490000
