1.203590 -9.757930 -0.083749 -1.750000 0.350000 -0.140000
1.323231 -9.966106 -0.220140 -0.280000 0.350000 0.280000
1.270589 -9.891929 -0.193819 -1.190000 -0.210000 0.210000
1.301696 -9.951750 -0.256032 0.140000 -0.070000 0.070000
1.301696 -9.951750 -0.256032 0.140000 -0.070000 0.070000
1.217947 -9.815358 -0.071785 1.820000 0.980000 -0.560000
1.239482 -9.899107 -0.232104 0.070000 0.420000 -0.140000
1.256232 -9.896714 -0.198604 -1.680000 -0.070000 -0.280000
1.201197 -9.891929 -0.267996 -0.560000 0.560000 -0.490000
1.272982 -9.879964 -0.205783 -0.770000 1.190000 -0.350000
1.272982 -9.879964 -0.205783 -0.770000 1.190000 -0.350000
1.210768 -9.846465 -0.248854 -4.830000 1.050000 0.140000
1.234696 -9.834501 -0.191426 0.350000 0.140000 0.210000
1.251446 -9.784252 -0.153141 0.910000 0.490000 0.420000
1.251446 -9.784252 -0.153141 0.910000 0.490000 0.420000
1.275374 -9.932607 -0.112463 0.980000 0.210000 0.700000
1.301696 -9.942179 -0.208176 0.280000 0.630000 0.840000
1.205983 -9.848858 -0.167498 -0.490000 0.490000 0.980000
1.203590 -9.879964 -0.215354 0.070000 0.070000 1.190000
1.203590 -9.879964 -0.215354 0.070000 0.070000 1.190000
1.284946 -9.987641 -0.210568 -1.190000 -0.140000 0.910000
1.205983 -9.872787 -0.153141 -1.680000 -0.070000 -0.140000
1.172483 -9.824929 -0.126820 1.820000 -0.070000 -0.140000
1.172483 -9.824929 -0.126820 1.820000 -0.070000 -0.140000
1.232304 -9.925428 -0.167498 0.140000 0.280000 -0.070000
1.246661 -9.853643 -0.210568 -0.840000 0.140000 0.140000
1.275374 -9.832108 -0.172283 -0.070000 0.560000 -0.350000
1.284946 -9.927821 -0.150748 -0.700000 0.700000 0.490000
1.301696 -9.899107 -0.244068 -2.380000 0.140000 -0.070000
1.246661 -9.856036 -0.251246 -0.980000 0.140000 -0.280000
1.246661 -9.856036 -0.251246 -0.980000 0.140000 -0.280000
1.215554 -9.710074 -0.193819 0.420000 0.140000 -0.070000
1.210768 -9.836893 -0.155533 1.750000 0.420000 0.700000
1.208375 -9.925428 -0.210568 -1.330000 -0.070000 0.630000
1.289732 -9.946963 -0.279960 -1.470000 -0.140000 0.490000
1.289732 -9.946963 -0.279960 -1.470000 -0.140000 0.490000
1.280160 -9.966106 -0.215354 -1.750000 0.490000 -0.070000
1.222732 -9.853643 -0.222532 -1.610000 0.490000 -0.070000
