3.787838 -7.200003 5.496314 0.980000 0.980000 -0.420000
3.747160 -7.302894 5.395815 1.120000 0.700000 -0.140000
3.804588 -7.355537 5.467600 -0.070000 0.070000 0.350000
3.804588 -7.355537 5.467600 -0.070000 0.070000 0.350000
3.816552 -7.142576 5.501099 -1.260000 -0.350000 0.070000
3.814159 -7.283752 5.292924 1.750000 0.770000 0.490000
3.814159 -7.283752 5.292924 1.750000 0.770000 0.490000
3.806981 -7.317252 5.422136 -1.750000 -0.280000 -0.280000
3.806981 -7.130611 5.613562 -0.980000 -0.070000 1.400000
3.806981 -7.130611 5.613562 -0.980000 -0.070000 1.400000
3.806981 -7.130611 5.613562 -0.980000 -0.070000 1.400000
3.716053 -7.369894 5.302495 1.820000 -0.700000 0.700000
3.826123 -7.326823 5.429315 -0.070000 -0.280000 0.350000
3.826123 -7.326823 5.429315 -0.070000 -0.280000 0.350000
3.826123 -7.326823 5.429315 -0.070000 -0.280000 0.350000
3.826123 -7.326823 5.429315 -0.070000 -0.280000 0.350000
3.826123 -7.326823 5.429315 -0.070000 -0.280000 0.350000
3.826123 -7.326823 5.429315 -0.070000 -0.280000 0.350000
3.826123 -7.326823 5.429315 -0.070000 -0.280000 0.350000
3.852444 -7.274181 5.362316 0.770000 0.490000 -1.120000
3.790231 -7.202396 5.381458 1.470000 1.050000 -1.260000
3.775874 -7.144968 5.405386 0.770000 1.120000 -0.630000
3.775874 -7.144968 5.405386 0.770000 1.120000 -0.630000
3.775874 -7.144968 5.405386 0.770000 1.120000 -0.630000
3.775874 -7.144968 5.405386 0.770000 1.120000 -0.630000
3.775874 -7.144968 5.405386 0.770000 1.120000 -0.630000
3.737589 -7.278966 5.510671 0.070000 0.210000 0.280000
3.737589 -7.278966 5.510671 0.070000 0.210000 0.280000
3.881158 -7.314859 5.489135 -1.120000 -0.490000 0.700000
3.728018 -7.432107 5.491528 0.700000 -0.420000 -0.420000
3.728018 -7.432107 5.491528 0.700000 -0.420000 -0.420000
3.728018 -7.432107 5.491528 0.700000 -0.420000 -0.420000
3.728018 -7.432107 5.491528 0.700000 -0.420000 -0.420000
3.778267 -7.290931 5.297709 -2.870000 -1.610000 0.770000
3.890730 -7.240681 5.225924 0.280000 -0.210000 0.980000
3.759124 -7.274181 5.400600 2.800000 1.470000 0.420000
3.759124 -7.274181 5.400600 2.800000 1.470000 0.420000
3.866802 -7.211967 5.539384 -1.820000 -0.770000 0.280000
3.866802 -7.211967 5.539384 -1.820000 -0.770000 0.280000
3.783052 -7.412964 5.453243 1.470000 0.140000 0.420000
3.783052 -7.412964 5.453243 1.470000 0.140000 0.420000
3.952943 -7.377072 5.314459 1.260000 0.630000 -0.420000
3.735196 -7.094719 5.187639 -0.280000 0.560000 0.280000
3.735196 -7.094719 5.187639 -0.280000 0.560000 0.280000
3.522235 -7.192825 5.508278 1.400000 1.400000 0.700000
3.522235 -7.192825 5.508278 1.400000 1.400000 0.700000
3.816552 -7.032506 5.448457 -1.330000 0.840000 0.350000
3.816552 -7.032506 5.448457 -1.330000 0.840000 0.350000
