1.634298 -9.619147 1.225125 -3.990000 3.710000 2.520000
1.581656 -9.731609 1.215554 -5.110000 3.710000 2.800000
1.715654 -9.769895 1.016950 -4.970000 3.430000 1.820000
1.715654 -9.769895 1.016950 -4.970000 3.430000 1.820000
1.715654 -9.769895 1.016950 -4.970000 3.430000 1.820000
1.715654 -9.769895 1.016950 -4.970000 3.430000 1.820000
1.619941 -9.791430 1.083949 -6.720000 3.710000 1.050000
1.619941 -9.791430 1.083949 -6.720000 3.710000 1.050000
1.619941 -9.791430 1.083949 -6.720000 3.710000 1.050000
1.619941 -9.791430 1.083949 -6.720000 3.710000 1.050000
1.660619 -10.006784 1.344766 27.790001 10.150000 -1.610000
1.617548 -10.078569 1.418944 30.730000 10.850000 -1.960000
1.722832 -11.083554 1.014557 84.209999 19.110001 -4.830000
1.808974 -9.856036 2.187040 166.320007 24.990000 -7.840000
1.808974 -9.856036 2.187040 166.320007 24.990000 -7.840000
1.890330 -9.114261 2.742175 183.960007 28.280001 -5.530000
1.342373 -8.365308 3.201597 223.860001 30.450001 -1.890000
1.261017 -5.084748 6.757331 261.029999 31.500000 -14.630000
1.167697 -4.591826 7.259824 193.759995 19.600000 -18.129999
1.586441 -3.778267 7.635497 203.000000 18.480000 -21.000000
1.586441 -3.778267 7.635497 203.000000 18.480000 -21.000000
1.646262 -2.773281 8.130811 202.930008 26.600000 -17.780001
1.411765 -1.174876 8.743374 186.199997 27.370001 -12.670000
1.411765 -1.174876 8.743374 186.199997 27.370001 -12.670000
1.241875 0.117248 9.159724 170.869995 32.689999 -9.730000
1.241875 0.117248 9.159724 170.869995 32.689999 -9.730000
1.241875 0.117248 9.159724 170.869995 32.689999 -9.730000
1.241875 0.117248 9.159724 170.869995 32.689999 -9.730000
0.373280 2.529213 9.561719 51.869999 21.910000 2.590000
0.081356 2.768496 9.355937 28.420000 15.120000 1.190000
0.356531 3.285345 9.399008 31.780001 14.700000 0.140000
0.356531 3.285345 9.399008 31.780001 14.700000 0.140000
0.122034 3.570091 9.631111 17.290001 12.810000 0.980000
0.117248 3.067599 9.028119 -9.940000 5.040000 1.890000
0.117248 3.067599 9.028119 -9.940000 5.040000 1.890000
0.232104 3.247060 8.939585 -5.670000 5.950000 3.150000
0.143569 3.168097 8.992228 -6.510000 7.350000 2.800000
0.148355 3.213561 9.013763 -11.060000 6.020000 2.590000
0.112463 3.148954 9.037691 -14.000000 5.390000 4.480000
0.112463 3.148954 9.037691 -14.000000 5.390000 4.480000
0.112463 3.148954 9.037691 -14.000000 5.390000 4.480000
0.112463 3.148954 9.037691 -14.000000 5.390000 4.480000
0.112463 3.148954 9.037691 -14.000000 5.390000 4.480000
0.112463 3.148954 9.037691 -14.000000 5.390000 4.480000
0.090927 3.151347 9.131011 -11.620000 5.110000 5.670000
