3.079563 -8.863015 3.543770 -18.059999 -1.610000 2.240000
3.120241 -8.444271 3.419343 9.800000 -0.210000 -0.420000
3.127419 -8.941978 3.658626 -5.320000 -0.140000 -0.140000
3.127419 -8.941978 3.658626 -5.320000 -0.140000 -0.140000
3.055635 -9.035298 3.601198 -3.500000 0.350000 -0.350000
3.120241 -8.382057 3.558127 -16.309999 0.700000 0.630000
3.120241 -8.382057 3.558127 -16.309999 0.700000 0.630000
3.160919 -9.116654 3.457629 -26.180000 1.190000 2.870000
3.000600 -8.386844 3.862016 -197.610001 -2.100000 21.980000
3.404987 -8.209774 2.591427 -200.130005 -10.710000 33.950001
1.679761 -5.867201 1.119841 -196.979996 -27.230000 59.010002
0.916451 -9.236296 -2.761317 -146.720001 -10.430000 40.810001
2.586641 -8.688338 1.550549 27.090000 -3.150000 8.330000
2.076970 -10.298709 -0.157926 -9.660000 -5.740000 6.510000
2.129612 -10.554741 -0.787239 -5.950000 -3.640000 2.030000
2.522035 -10.066606 0.294317 14.490000 -4.690000 1.680000
2.522035 -10.066606 0.294317 14.490000 -4.690000 1.680000
2.423929 -10.176675 0.258425 -0.560000 -6.650000 -0.490000
2.333002 -9.781858 -0.093320 6.720000 -3.220000 -2.870000
2.333002 -9.781858 -0.093320 6.720000 -3.220000 -2.870000
2.438286 -9.489935 -0.330210 -4.340000 -1.610000 -4.060000
2.459821 -9.528220 -0.435494 -3.150000 -1.750000 -2.870000
2.368894 -9.604790 -0.291924 0.980000 -0.910000 -2.590000
2.368894 -9.604790 -0.291924 0.980000 -0.910000 -2.590000
2.500499 -9.327222 -0.356531 1.960000 -1.260000 -1.470000
2.321038 -9.573684 -0.105284 3.710000 0.140000 0.210000
2.222932 -9.614362 -0.069392 2.730000 0.700000 0.490000
2.478964 -9.688539 0.007178 9.450000 2.310000 1.260000
2.194218 -9.475577 0.468993 5.040000 0.910000 -0.700000
2.282753 -9.647861 -0.057428 -2.030000 0.140000 0.210000
2.335395 -10.023535 -0.045464 10.290000 0.490000 0.210000
2.254039 -9.525827 0.198604 9.660000 -0.840000 -0.560000
2.277967 -9.590433 -0.016750 -3.990000 -0.210000 0.350000
