1.909473 -9.533006 1.478764 2.520000 -0.840000 -1.400000
1.751546 -9.439686 1.854438 -1.890000 -0.910000 -1.260000
1.751546 -9.439686 1.854438 -1.890000 -0.910000 -1.260000
1.864009 -9.568897 1.263410 -3.570000 -0.980000 0.630000
1.950150 -9.643075 1.268196 -7.070000 1.680000 2.170000
1.749153 -9.796216 1.672583 -14.210000 2.100000 3.570000
1.749153 -9.796216 1.672583 -14.210000 2.100000 3.570000
1.600798 -9.609575 1.758725 -18.830000 3.080000 5.040000
1.706082 -9.497113 1.744368 -27.719999 4.060000 6.720000
1.567299 -9.856036 0.643669 -29.960001 6.790000 10.500000
1.864009 -9.930215 -0.308674 -26.389999 11.550000 10.430000
1.864009 -9.930215 -0.308674 -26.389999 11.550000 10.430000
1.852045 -9.887143 -0.574277 -21.770000 17.010000 10.990000
1.734797 -9.753145 0.502493 -17.990000 14.770000 10.850000
1.734797 -9.753145 0.502493 -17.990000 14.770000 10.850000
1.734797 -9.753145 0.502493 -17.990000 14.770000 10.850000
1.734797 -9.753145 0.502493 -17.990000 14.770000 10.850000
1.734797 -9.753145 0.502493 -17.990000 14.770000 10.850000
1.483550 -10.167104 -0.413958 -26.389999 20.440001 14.140000
1.203590 -9.896714 -0.792024 -8.120000 28.280001 23.309999
0.710668 -9.958927 -0.882952 9.800000 26.180000 16.799999
0.710668 -9.958927 -0.882952 9.800000 26.180000 16.799999
0.995414 -9.801002 0.212961 12.320000 12.530000 10.010000
0.753739 -10.054641 0.064606 9.660000 6.720000 6.790000
0.753739 -10.054641 0.064606 9.660000 6.720000 6.790000
0.626920 -9.564112 -0.045464 6.160000 4.550000 3.500000
0.705883 -9.812965 0.105284 6.860000 3.920000 2.870000
0.679562 -9.879964 0.126820 5.180000 3.360000 2.450000
0.696311 -10.176675 -0.031107 3.500000 3.010000 0.980000
0.844666 -9.951750 0.208176 6.020000 1.960000 -0.700000
1.009771 -9.284152 0.330210 5.600000 0.350000 0.420000
0.681954 -9.836893 0.009571 0.910000 1.750000 1.960000
0.768096 -9.698111 0.059821 4.200000 0.070000 -0.910000
0.870987 -10.157533 0.074178 3.640000 0.560000 1.330000
0.856631 -9.710074 0.318245 5.040000 0.490000 0.070000
0.660419 -9.731609 0.095713 0.140000 1.890000 -0.350000
0.801596 -9.956534 0.181855 -1.050000 2.380000 1.190000
0.801596 -9.956534 0.181855 -1.050000 2.380000 1.190000
0.856631 -10.083356 0.224925 4.410000 0.980000 1.680000
0.796810 -9.923036 0.358923 12.180000 -0.840000 1.540000
