1.942972 -9.023334 2.467000 0.840000 6.090000 4.620000
1.942972 -9.023334 2.467000 0.840000 6.090000 4.620000
1.942972 -9.023334 2.467000 0.840000 6.090000 4.620000
1.942972 -9.023334 2.467000 0.840000 6.090000 4.620000
1.942972 -9.023334 2.467000 0.840000 6.090000 4.620000
1.694118 -9.147761 2.167897 -4.130000 4.130000 4.480000
1.155733 -7.173682 2.117648 2.380000 13.440001 32.410000
0.677169 -6.939186 1.718047 0.280000 12.530000 46.340000
0.320638 -6.867401 1.715654 -14.280000 15.050000 52.080002
-0.026321 -7.341179 1.481157 -19.250000 16.100000 56.070000
-0.306281 -7.913064 1.433301 -5.250000 17.990000 60.760002
-0.906880 -7.429714 1.543371 10.920000 20.860001 62.439999
-1.143769 -6.982256 1.890330 6.370000 23.170000 69.720001
-1.143769 -6.982256 1.890330 6.370000 23.170000 69.720001
-2.328217 -9.272188 2.189433 -9.660000 19.740000 83.160004
-2.328217 -9.272188 2.189433 -9.660000 19.740000 83.160004
-2.328217 -9.272188 2.189433 -9.660000 19.740000 83.160004
-2.328217 -9.272188 2.189433 -9.660000 19.740000 83.160004
-2.328217 -9.272188 2.189433 -9.660000 19.740000 83.160004
-2.328217 -9.272188 2.189433 -9.660000 19.740000 83.160004
-4.268795 -9.623933 2.086541 0.840000 29.120001 89.739998
-4.268795 -9.623933 2.086541 0.840000 29.120001 89.739998
-4.268795 -9.623933 2.086541 0.840000 29.120001 89.739998
-5.223531 -9.011370 1.986043 -2.450000 29.680000 87.919998
-5.223531 -9.011370 1.986043 -2.450000 29.680000 87.919998
-5.223531 -9.011370 1.986043 -2.450000 29.680000 87.919998
-5.223531 -9.011370 1.986043 -2.450000 29.680000 87.919998
-5.223531 -9.011370 1.986043 -2.450000 29.680000 87.919998
-6.604190 -8.690732 1.730011 19.250000 21.980000 94.010002
-7.180861 -8.118847 1.179662 -8.820000 14.420000 91.139999
-8.126025 -7.499106 0.861416 -17.430000 20.860001 82.389999
-8.126025 -7.499106 0.861416 -17.430000 20.860001 82.389999
-8.726624 -6.920043 1.426122 1.050000 16.799999 70.419998
-8.504091 -6.922436 1.189233 -15.960000 11.200000 68.669998
-8.504091 -7.539784 1.385444 -6.160000 4.410000 64.959999
-8.504091 -7.539784 1.385444 -6.160000 4.410000 64.959999
-8.429914 -7.233503 0.813560 -33.320000 -7.700000 44.450001
-8.870193 -6.912865 0.780060 -14.560000 -6.020000 37.730000
-8.906086 -5.534599 0.617348 -25.830000 -7.840000 23.730000
-8.539984 -5.328816 0.373280 -64.540001 -12.040000 12.670000
-8.539984 -5.328816 0.373280 -64.540001 -12.040000 12.670000
-8.539984 -5.328816 0.373280 -64.540001 -12.040000 12.670000
-8.539984 -5.328816 0.373280 -64.540001 -12.040000 12.670000
-8.539984 -5.328816 0.373280 -64.540001 -12.040000 12.670000
-8.539984 -5.328816 0.373280 -64.540001 -12.040000 12.670000
-9.135797 -4.618148 0.674776 18.340000 3.780000 8.260000
-9.135797 -4.618148 0.674776 18.340000 3.780000 8.260000
-9.135797 -4.618148 0.674776 18.340000 3.780000 8.260000
-9.135797 -4.618148 0.674776 18.340000 3.780000 8.260000
-9.135797 -4.618148 0.674776 18.340000 3.780000 8.260000
-9.135797 -4.618148 0.674776 18.340000 3.780000 8.260000
