1.794617 -9.798609 0.988236 -6.440000 3.290000 3.360000
1.753939 -9.944571 0.856631 -5.600000 1.820000 3.920000
1.701297 -9.942179 0.851845 -4.550000 1.400000 3.080000
1.684547 -9.925428 0.708275 -2.310000 2.660000 0.770000
1.684547 -9.925428 0.708275 -2.310000 2.660000 0.770000
1.713261 -9.887143 0.796810 -0.140000 3.150000 0.630000
1.744368 -9.793823 0.813560 -1.190000 3.920000 0.770000
1.730011 -9.755538 0.614955 -6.720000 4.480000 2.380000
1.730011 -9.755538 0.614955 -6.720000 4.480000 2.380000
1.734797 -9.616754 0.538385 -5.390000 4.130000 1.750000
1.794617 -9.633504 0.801596 0.420000 3.710000 1.680000
1.840081 -9.769895 0.696311 11.480000 5.810000 3.080000
1.808974 -10.494920 0.684347 45.639999 11.480000 -1.050000
1.832902 -10.368099 1.289732 87.010002 16.450001 -5.250000
1.832902 -10.368099 1.289732 87.010002 16.450001 -5.250000
1.866402 -9.616754 1.835295 93.379997 17.850000 -5.250000
1.945365 -9.884750 2.277967 87.150002 23.100000 -8.190000
1.751546 -9.616754 2.498107 233.309998 24.290001 -14.700000
1.797010 -6.240481 5.752346 286.929993 29.190001 -24.010000
1.703690 -6.017949 7.087541 180.389999 19.250000 -25.059999
1.703690 -6.017949 7.087541 180.389999 19.250000 -25.059999
1.887937 -5.697310 6.862615 171.080002 16.240000 -23.520000
1.923829 -3.675375 8.070991 152.250000 22.260000 -17.639999
1.655833 -4.814359 7.764710 117.669998 3.990000 -21.139999
1.337588 -1.928615 8.370094 160.580002 22.049999 -10.640000
1.337588 -1.928615 8.370094 160.580002 22.049999 -10.640000
1.966900 -0.155533 9.131011 173.740005 34.020000 -9.100000
1.368695 0.454636 9.767502 141.050003 32.340000 -8.400000
1.368695 0.454636 9.767502 141.050003 32.340000 -8.400000
1.433301 0.313460 8.910872 98.000000 23.730000 -5.460000
0.875773 2.321038 9.738789 71.820000 22.960001 -0.560000
0.696311 2.974278 10.253245 38.220001 16.730000 2.520000
0.734596 2.770889 9.911072 4.620000 8.050000 3.360000
0.823131 2.443072 9.480364 -2.380000 5.950000 3.920000
0.792024 2.378466 9.516255 -3.640000 5.530000 3.920000
0.796810 2.263610 9.109475 -14.140000 2.730000 5.040000
0.806381 2.230111 9.159724 -13.160000 3.360000 4.900000
0.806381 2.230111 9.159724 -13.160000 3.360000 4.900000
0.765703 2.225325 9.073583 -9.730000 3.570000 4.690000
0.815953 2.366502 9.054441 -8.120000 3.710000 4.130000
0.815953 2.366502 9.054441 -8.120000 3.710000 4.130000
0.823131 2.081756 9.135797 -12.530000 3.990000 4.410000
