-0.244068 -9.903893 0.028714 0.840000 -0.420000 0.420000
-0.181855 -9.801002 0.016750 0.770000 -0.420000 0.700000
-0.153141 -10.001998 -0.078963 0.700000 -1.050000 1.190000
-0.153141 -10.001998 -0.078963 0.700000 -1.050000 1.190000
-0.215354 -10.042676 -0.028714 0.420000 -0.560000 0.770000
-0.220140 -9.990034 -0.055035 -0.350000 0.420000 0.420000
-0.203390 -10.116854 -0.066999 0.210000 -0.280000 0.630000
-0.301496 -10.018748 -0.138784 3.710000 -0.980000 -0.420000
-0.224925 -9.860823 0.004786 -1.330000 1.050000 -1.610000
-0.256032 -9.884750 -0.004786 -2.240000 0.980000 -0.840000
-0.119641 -9.927821 -0.059821 1.890000 0.420000 -0.420000
-0.205783 -9.781858 0.107677 2.310000 1.540000 -0.070000
-0.205783 -9.781858 0.107677 2.310000 1.540000 -0.070000
-0.203390 -9.820145 -0.064606 -0.700000 -0.420000 0.210000
-0.203390 -9.820145 -0.064606 -0.700000 -0.420000 0.210000
-0.174676 -9.812965 0.100499 1.750000 1.680000 1.190000
-0.165105 -9.956534 -0.040678 -1.120000 -0.280000 0.420000
-0.165105 -9.956534 -0.040678 -1.120000 -0.280000 0.420000
-0.229711 -10.023535 0.064606 0.630000 0.350000 0.630000
-0.246461 -10.061819 -0.007178 -2.100000 0.490000 -0.280000
-0.205783 -9.865608 -0.074178 -0.420000 0.350000 -0.700000
-0.279960 -9.997212 -0.047856 1.050000 0.630000 0.070000
-0.279960 -9.997212 -0.047856 1.050000 0.630000 0.070000
-0.177069 -9.858429 0.078963 -0.210000 1.470000 0.490000
-0.270389 -10.116854 0.064606 0.420000 -0.700000 0.630000
-0.236889 -9.863215 0.043071 1.750000 -1.400000 0.350000
-0.260818 -9.913465 0.004786 -2.100000 0.210000 -0.140000
-0.205783 -9.851252 -0.055035 0.700000 -0.630000 0.840000
-0.210568 -9.903893 0.021535 0.280000 0.070000 0.630000
-0.220140 -10.085747 -0.093320 -1.540000 -0.420000 0.140000
-0.220140 -10.085747 -0.093320 -1.540000 -0.420000 0.140000
-0.248854 -10.126426 -0.052642 -0.280000 0.840000 -0.280000
-0.189033 -9.906286 -0.002393 -1.050000 0.840000 -0.910000
-0.189033 -9.906286 -0.002393 -1.050000 0.840000 -0.910000
-0.246461 -9.994821 -0.052642 -1.120000 0.490000 -0.700000
-0.267996 -9.992428 0.009571 -1.400000 1.050000 -1.050000
-0.267996 -9.992428 0.009571 -1.400000 1.050000 -1.050000
-0.210568 -9.951750 -0.031107 -1.400000 -0.070000 -0.980000
-0.210568 -9.951750 -0.031107 -1.400000 -0.070000 -0.980000
-0.210568 -9.951750 -0.031107 -1.400000 -0.070000 -0.980000
-0.291924 -9.815358 0.007178 0.560000 0.980000 0.140000
-0.172283 -10.042676 0.004786 -0.700000 1.260000 0.560000
-0.198604 -9.923036 0.093320 -0.140000 0.070000 0.840000
-0.200997 -10.066606 0.062213 -1.540000 0.070000 0.560000
-0.179462 -10.073784 -0.074178 -0.350000 -0.840000 -0.070000
-0.212961 -9.951750 -0.031107 0.140000 -0.070000 -0.070000
-0.212961 -9.951750 -0.031107 0.140000 -0.070000 -0.070000
-0.251246 -9.980463 -0.011964 1.260000 -0.630000 0.350000
-0.203390 -10.114462 -0.100499 -1.050000 0.210000 0.070000
-0.203390 -10.114462 -0.100499 -1.050000 0.210000 0.070000
-0.289532 -9.913465 -0.119641 -1.890000 0.210000 0.070000
