3.036492 -9.425328 0.959522 -10.780000 1.120000 1.540000
2.957529 -9.738789 1.057628 -12.600000 3.430000 1.260000
2.983850 -9.793823 0.662812 -2.590000 2.730000 0.560000
2.983850 -9.793823 0.662812 -2.590000 2.730000 0.560000
2.995814 -9.468399 0.875773 5.180000 1.750000 -0.840000
2.847459 -9.334401 0.713061 -5.670000 2.730000 -0.070000
2.749353 -9.604790 0.679562 -10.080000 7.000000 -1.400000
2.699104 -9.403792 1.737189 -3.430000 8.610000 -3.640000
2.979064 -9.284152 1.701297 -27.580000 4.550000 -0.070000
2.979064 -9.284152 1.701297 -27.580000 4.550000 -0.070000
2.940779 -9.375079 1.454836 -48.650002 5.950000 3.780000
3.134598 -9.937392 0.375673 -46.060001 2.590000 4.970000
3.005385 -9.757930 -1.540978 -60.830002 14.350000 17.360001
2.632105 -9.351151 -1.502693 -28.490000 22.260000 15.750000
2.632105 -9.351151 -1.502693 -28.490000 22.260000 15.750000
2.876173 -8.908479 -1.033699 -39.340000 33.950001 21.629999
2.620141 -9.126225 -1.237089 -38.920002 37.939999 22.049999
2.510071 -9.418150 -0.954736 -5.460000 28.210001 8.260000
2.512464 -9.477970 -1.040878 -5.040000 25.900000 6.650000
2.344966 -9.621540 -0.933201 3.850000 20.090000 7.840000
2.447858 -9.817751 -0.861416 12.390000 17.080000 8.890000
2.342573 -9.494720 -0.528814 18.410000 12.880000 8.540000
2.270789 -9.470792 -0.241675 10.920000 9.380000 8.050000
2.270789 -9.470792 -0.241675 10.920000 9.380000 8.050000
2.127219 -9.717253 -0.526421 2.590000 6.300000 2.800000
2.239682 -9.712467 -0.445065 0.840000 3.570000 -1.190000
2.299503 -9.757930 -0.514457 -1.470000 1.820000 -0.770000
2.165504 -9.597611 -0.595813 -0.070000 0.280000 -0.910000
2.270789 -9.750752 -0.492921 -1.120000 -0.420000 -1.190000
2.330609 -9.482756 -0.516850 0.350000 0.280000 -0.070000
2.218147 -9.583255 -0.813560 -0.630000 0.280000 0.210000
2.270789 -9.671788 -0.646062 0.630000 0.630000 0.350000
2.268396 -9.817751 -0.583849 0.560000 0.910000 0.910000
2.268396 -9.817751 -0.583849 0.560000 0.910000 0.910000
2.282753 -9.815358 -0.674776 1.750000 0.980000 0.350000
2.282753 -9.815358 -0.674776 1.750000 0.980000 0.350000
2.143969 -9.824929 -0.617348 3.430000 0.420000 1.400000
