2.263610 -9.657433 0.758525 -2.450000 1.190000 0.910000
2.364109 -10.066606 0.397209 -0.350000 0.700000 -0.630000
2.287539 -9.487542 1.076770 -1.050000 -0.420000 -1.190000
2.421536 -9.573684 0.674776 -1.540000 -1.260000 -0.210000
2.421536 -9.573684 0.674776 -1.540000 -1.260000 -0.210000
2.356930 -9.856036 0.514457 2.240000 1.190000 0.490000
2.146362 -9.597611 1.098306 2.240000 2.240000 0.280000
2.108077 -9.698111 1.624727 -10.430000 0.630000 1.820000
2.263610 -10.078569 0.720240 -19.670000 0.560000 1.750000
2.263610 -10.078569 0.720240 -19.670000 0.560000 1.750000
2.096112 -9.468399 1.385444 -31.219999 -0.140000 -0.840000
2.096112 -9.468399 1.385444 -31.219999 -0.140000 -0.840000
2.254039 -9.760324 -0.378066 -50.330002 -1.750000 -0.350000
2.378466 -10.377672 -0.622134 -39.689999 4.760000 -4.480000
2.230111 -9.530612 -0.698704 -46.130001 6.720000 -0.560000
2.562713 -9.422935 -2.105684 -57.680000 11.620000 4.550000
2.562713 -9.422935 -2.105684 -57.680000 11.620000 4.550000
2.352145 -9.655040 -1.344766 -27.090000 24.080000 2.170000
2.352145 -9.655040 -1.344766 -27.090000 24.080000 2.170000
2.352145 -9.655040 -1.344766 -27.090000 24.080000 2.170000
2.352145 -9.655040 -1.344766 -27.090000 24.080000 2.170000
2.352145 -9.655040 -1.344766 -27.090000 24.080000 2.170000
2.474179 -9.348758 -1.471586 -12.600000 32.759998 20.230000
2.474179 -9.348758 -1.471586 -12.600000 32.759998 20.230000
2.474179 -9.348758 -1.471586 -12.600000 32.759998 20.230000
2.474179 -9.348758 -1.471586 -12.600000 32.759998 20.230000
2.474179 -9.348758 -1.471586 -12.600000 32.759998 20.230000
2.282753 -9.657433 -0.598206 24.920000 13.160000 3.290000
2.282753 -9.657433 -0.598206 24.920000 13.160000 3.290000
2.282753 -9.657433 -0.598206 24.920000 13.160000 3.290000
2.282753 -9.657433 -0.598206 24.920000 13.160000 3.290000
2.009971 -9.535398 -0.830309 -2.380000 -1.470000 -1.120000
2.069792 -9.640682 -0.830309 -3.640000 -1.400000 -0.630000
2.069792 -9.640682 -0.830309 -3.640000 -1.400000 -0.630000
1.976472 -9.499505 -1.026521 -1.680000 -0.420000 -0.350000
1.847259 -9.748360 -1.261017 4.830000 -0.420000 1.400000
1.847259 -9.748360 -1.261017 4.830000 -0.420000 1.400000
2.232504 -9.195618 -0.844666 2.590000 -0.280000 0.980000
2.232504 -9.195618 -0.844666 2.590000 -0.280000 0.980000
1.950150 -9.475577 -0.820738 3.640000 -0.840000 1.400000
2.033899 -9.815358 -0.837488 1.120000 1.750000 2.450000
2.033899 -9.815358 -0.837488 1.120000 1.750000 2.450000
1.880759 -9.731609 -1.000200 7.350000 0.070000 1.540000
1.880759 -9.731609 -1.000200 7.350000 0.070000 1.540000
1.871187 -9.872787 -0.856631 -1.470000 2.310000 2.730000
1.871187 -9.872787 -0.856631 -1.470000 2.310000 2.730000
1.986043 -9.580862 -0.859023 4.900000 1.190000 2.660000
