1.502693 -9.353544 1.627119 -2.870000 -0.140000 -0.070000
1.677369 -9.973285 1.390230 -3.080000 1.400000 0.280000
1.677369 -9.973285 1.390230 -3.080000 1.400000 0.280000
1.622334 -9.442079 1.988436 1.610000 1.960000 0.630000
1.579263 -9.743573 1.753939 -9.730000 3.500000 0.490000
1.555335 -9.753145 2.603391 -34.580002 5.250000 -2.800000
1.555335 -9.753145 2.603391 -34.580002 5.250000 -2.800000
1.517050 -9.786645 1.679761 -57.260002 3.360000 -2.730000
1.495514 -10.073784 0.866202 -60.200001 3.990000 -4.760000
1.710868 -8.999406 1.043271 -63.910000 4.130000 -2.800000
1.710868 -8.999406 1.043271 -63.910000 4.130000 -2.800000
1.864009 -10.006784 0.066999 -74.410004 5.950000 0.910000
1.828116 -10.415956 -1.081556 -42.349998 14.490000 -0.490000
2.014757 -9.396614 -0.624527 -35.279999 18.200001 1.750000
1.899901 -9.401401 -1.234696 -55.510002 20.160000 3.010000
2.337788 -9.461221 -0.748954 -52.779999 33.110001 13.020000
1.940579 -9.442079 -2.151148 -61.670002 42.209999 21.000000
1.378266 -10.157533 -3.505485 -11.410000 39.410000 16.520000
1.378266 -10.157533 -3.505485 -11.410000 39.410000 16.520000
1.828116 -8.614161 -0.851845 32.340000 19.950001 7.280000
1.828116 -8.614161 -0.851845 32.340000 19.950001 7.280000
1.464408 -9.556933 -1.048056 12.600000 16.590000 7.210000
1.533799 -9.470792 -0.725025 -3.640000 8.750000 1.190000
1.677369 -9.729217 -0.928415 -11.830000 2.940000 -1.330000
1.488336 -9.779467 -1.380659 -8.120000 1.330000 -1.330000
1.488336 -9.779467 -1.380659 -8.120000 1.330000 -1.330000
1.507478 -9.815358 -1.208375 -3.990000 2.170000 0.140000
1.423729 -9.769895 -1.569692 3.290000 1.680000 2.310000
1.607977 -9.769895 -1.191626 4.130000 1.750000 2.590000
1.189233 -9.442079 -1.536192 2.030000 3.080000 0.420000
1.718047 -9.032906 -1.036092 -5.390000 2.520000 2.170000
1.777867 -9.595219 -1.143769 -7.700000 3.500000 3.710000
1.715654 -10.631311 -1.421337 0.350000 -0.490000 6.930000
1.469193 -10.305886 -1.368695 6.650000 -1.400000 1.120000
1.411765 -9.750752 -1.397408 -3.640000 3.220000 -1.610000
1.610370 -9.743573 -1.457229 1.470000 2.870000 0.490000
1.586441 -9.722038 -1.426122 6.510000 3.360000 2.170000
1.395016 -9.518648 -1.258625 16.030001 2.660000 3.360000
1.519442 -9.552148 -1.000200 4.550000 4.900000 2.800000
1.471586 -9.815358 -1.002593 1.400000 4.480000 2.100000
