2.019542 -9.214760 2.323431 1.890000 -1.190000 0.770000
2.009971 -9.470792 2.120041 -1.400000 -1.540000 0.910000
1.966900 -9.604790 1.868794 4.270000 0.070000 0.630000
2.127219 -9.580862 1.921437 5.180000 0.070000 1.400000
2.191825 -9.387043 2.062613 8.190000 -0.630000 0.910000
2.191825 -9.387043 2.062613 8.190000 -0.630000 0.910000
2.141576 -9.568897 2.330609 3.570000 -5.040000 -1.330000
2.014757 -9.528220 2.404787 6.160000 -8.330000 -1.050000
2.081756 -9.604790 1.954936 0.700000 -10.360000 -1.330000
2.239682 -9.183653 2.864209 3.780000 -11.200000 -2.100000
2.151148 -9.863215 1.557728 27.580000 -12.530000 -2.310000
2.151148 -9.863215 1.557728 27.580000 -12.530000 -2.310000
2.184647 -10.939985 1.359123 -28.559999 -14.350000 4.060000
2.321038 -8.188239 2.646462 5.530000 -11.690000 -0.210000
2.100898 -8.901299 2.770889 -18.969999 -10.850000 3.220000
2.301895 -9.923036 2.019542 -25.620001 -15.890000 -1.750000
2.206182 -9.195618 2.443072 -5.530000 -19.809999 -2.310000
2.206182 -9.195618 2.443072 -5.530000 -19.809999 -2.310000
2.155933 -9.494720 2.203789 -3.990000 -22.260000 -2.730000
2.132005 -9.114261 1.890330 -2.520000 -17.150000 0.490000
2.344966 -9.387043 1.416551 2.380000 -11.830000 1.260000
2.344966 -9.387043 1.416551 2.380000 -11.830000 1.260000
2.507678 -9.544970 1.682154 0.840000 -10.710000 0.490000
2.514857 -9.291330 1.612763 0.840000 -10.850000 0.770000
2.335395 -9.745967 1.462015 2.870000 -4.760000 -0.700000
2.469393 -9.626326 1.395016 4.830000 -1.330000 0.210000
2.368894 -9.365508 1.471586 -0.490000 1.960000 -0.350000
2.368894 -9.365508 1.471586 -0.490000 1.960000 -0.350000
2.423929 -9.626326 1.670190 -1.050000 2.940000 -0.490000
2.423929 -9.626326 1.670190 -1.050000 2.940000 -0.490000
2.392823 -9.181261 1.639083 0.490000 3.640000 0.070000
2.392823 -9.181261 1.639083 0.490000 3.640000 0.070000
2.392823 -9.181261 1.639083 0.490000 3.640000 0.070000
2.299503 -9.446864 1.885544 -1.470000 1.470000 0.490000
2.299503 -9.446864 1.885544 -1.470000 1.470000 0.490000
2.299503 -9.446864 1.885544 -1.470000 1.470000 0.490000
2.347359 -9.387043 1.794617 0.140000 1.190000 0.490000
