1.902294 -9.741181 0.110070 2.100000 -0.280000 -0.420000
1.856830 -9.767502 -0.064606 -0.140000 0.560000 -0.280000
1.856830 -9.767502 -0.064606 -0.140000 0.560000 -0.280000
1.799403 -9.609575 0.105284 -0.350000 0.210000 -0.140000
1.892723 -9.702895 0.038285 0.280000 -0.840000 0.980000
1.866402 -9.750752 0.050249 -0.280000 -0.420000 1.330000
1.837688 -9.789038 0.033500 -1.820000 -0.350000 -0.490000
1.837688 -9.901501 0.090927 -0.700000 -1.050000 -0.490000
1.837688 -9.901501 0.090927 -0.700000 -1.050000 -0.490000
1.935793 -9.925428 -0.078963 2.100000 -0.840000 0.210000
1.935793 -9.925428 -0.078963 2.100000 -0.840000 0.210000
1.935793 -9.925428 -0.078963 2.100000 -0.840000 0.210000
1.914258 -9.927821 0.052642 0.490000 -0.840000 -0.630000
1.957329 -9.700503 -0.011964 -0.280000 -0.840000 -1.050000
1.957329 -9.700503 -0.011964 -0.280000 -0.840000 -1.050000
1.911865 -9.812965 -0.117248 1.260000 0.140000 -0.420000
1.875973 -9.597611 0.095713 0.350000 -0.140000 -0.630000
1.950150 -9.676575 0.064606 0.070000 0.700000 -0.770000
1.828116 -9.504292 0.023928 0.560000 -0.070000 0.210000
1.828116 -9.504292 0.023928 0.560000 -0.070000 0.210000
1.828116 -9.504292 0.023928 0.560000 -0.070000 0.210000
1.952543 -9.712467 0.052642 -0.280000 0.630000 -0.140000
1.885544 -9.607183 0.086142 0.630000 -0.070000 0.280000
1.926222 -9.808180 0.110070 -0.210000 -0.630000 0.980000
1.911865 -9.934999 -0.004786 1.540000 0.350000 1.120000
1.911865 -9.934999 -0.004786 1.540000 0.350000 1.120000
1.923829 -9.707682 0.069392 1.330000 0.280000 0.910000
1.866402 -9.834501 0.078963 0.490000 0.070000 -0.070000
1.892723 -9.731609 0.129212 0.630000 -0.630000 -0.980000
1.890330 -9.619147 0.162712 0.980000 0.140000 -0.630000
1.883151 -9.734003 0.035892 0.280000 -0.280000 -0.420000
1.792224 -9.640682 -0.031107 0.280000 0.070000 -0.350000
1.792224 -9.640682 -0.031107 0.280000 0.070000 -0.350000
1.844866 -9.631111 0.110070 0.210000 -0.140000 -0.350000
1.840081 -9.650253 0.035892 0.140000 -0.560000 0.560000
1.887937 -9.760324 0.117248 -0.140000 -0.210000 0.700000
1.911865 -9.760324 0.011964 -0.700000 0.280000 -0.350000
1.928615 -9.657433 0.081356 -0.700000 0.140000 -0.140000
1.911865 -9.832108 0.019143 -0.070000 -0.210000 0.350000
1.835295 -9.667004 0.007178 -1.050000 0.420000 0.280000
1.808974 -9.664611 0.179462 0.070000 0.140000 0.560000
1.808974 -9.664611 0.179462 0.070000 0.140000 0.560000
1.768296 -9.946963 -0.023928 -0.700000 0.210000 0.770000
