9.226725 0.485743 2.866602 0.210000 -0.070000 0.350000
9.238688 0.447458 2.794817 -0.280000 -0.210000 0.210000
9.272188 0.500100 2.816352 0.350000 0.210000 0.210000
9.329616 0.521635 2.835495 0.350000 0.490000 -0.070000
9.236296 0.452243 2.935993 -0.140000 0.210000 0.770000
9.236296 0.452243 2.935993 -0.140000 0.210000 0.770000
9.348758 0.457029 2.897708 0.770000 0.070000 0.490000
9.348758 0.457029 2.897708 0.770000 0.070000 0.490000
9.207582 0.531207 2.825923 1.190000 1.050000 -1.050000
9.241080 0.483350 2.876173 0.840000 1.260000 -0.980000
9.190832 0.526421 2.866602 1.190000 0.770000 -0.910000
9.190832 0.526421 2.866602 1.190000 0.770000 -0.910000
9.190832 0.526421 2.866602 1.190000 0.770000 -0.910000
9.336794 0.480957 2.935993 -0.490000 -0.490000 0.350000
9.322437 0.394816 2.895315 -0.840000 -0.070000 0.070000
9.243474 0.461815 2.964707 1.050000 0.350000 -0.210000
9.243474 0.461815 2.964707 1.050000 0.350000 -0.210000
9.255438 0.435494 2.928815 -0.210000 -0.280000 -0.700000
9.255438 0.435494 2.928815 -0.210000 -0.280000 -0.700000
9.219545 0.557528 2.811567 1.190000 0.280000 -0.210000
9.202796 0.519243 2.847459 0.980000 0.280000 0.140000
9.202796 0.519243 2.847459 0.980000 0.280000 0.140000
9.233903 0.509671 2.880959 -0.280000 0.350000 -0.140000
9.207582 0.540778 2.895315 0.210000 0.700000 -0.420000
9.202796 0.497707 2.952743 -0.770000 0.700000 -0.070000
9.198010 0.610170 2.947958 1.120000 -0.420000 0.210000
9.265009 0.591027 2.885744 0.980000 -0.770000 0.630000
9.310472 0.492921 2.868994 0.280000 -0.210000 0.700000
9.207582 0.490529 2.837888 0.910000 -0.070000 -0.070000
9.207582 0.490529 2.837888 0.910000 -0.070000 -0.070000
9.241080 0.476172 2.818745 -0.560000 -0.350000 -0.070000
9.267403 0.521635 2.902494 0.140000 -0.070000 -0.210000
9.205189 0.574277 2.931208 0.420000 -0.420000 0.070000
9.288938 0.543171 2.943172 -0.630000 -1.260000 0.420000
9.205189 0.533599 2.888137 0.140000 -0.490000 0.840000
9.236296 0.425922 2.914458 0.840000 0.140000 0.700000
9.226725 0.468993 2.912065 -1.120000 -0.350000 0.560000
