2.213361 -9.293723 2.763710 1.330000 1.540000 -0.070000
2.301895 -9.281759 2.809174 4.130000 -0.140000 -0.350000
2.246860 -9.193225 2.861816 3.710000 0.280000 0.280000
2.246860 -9.193225 2.861816 3.710000 0.280000 0.280000
2.268396 -9.054441 3.079563 0.910000 -3.570000 0.070000
2.268396 -9.054441 3.079563 0.910000 -3.570000 0.070000
2.201397 -9.281759 2.742175 -0.420000 -5.320000 0.490000
2.201397 -9.281759 2.742175 -0.420000 -5.320000 0.490000
2.263610 -9.262616 2.842674 16.870001 -7.910000 0.490000
2.005185 -8.961121 3.345166 -1.750000 -10.360000 0.700000
2.005185 -8.961121 3.345166 -1.750000 -10.360000 0.700000
2.268396 -7.982457 3.074777 8.050000 -8.610000 2.940000
2.268396 -7.982457 3.074777 8.050000 -8.610000 2.940000
2.443072 -9.499505 2.519642 12.740000 -10.150000 -1.190000
2.172683 -8.769694 3.838088 -11.410000 -16.590000 1.330000
2.172683 -8.769694 3.838088 -11.410000 -16.590000 1.330000
2.136791 -8.370094 3.912265 0.280000 -19.600000 4.340000
2.206182 -9.174082 2.842674 -20.719999 -21.980000 7.420000
2.062613 -9.171689 2.603391 -3.360000 -19.670000 4.270000
2.234896 -9.183653 2.141576 -1.260000 -16.590000 1.960000
2.309074 -9.379865 2.328217 2.450000 -14.490000 1.610000
2.309074 -9.379865 2.328217 2.450000 -14.490000 1.610000
2.325824 -9.327222 2.663212 3.080000 -14.210000 0.910000
2.325824 -9.327222 2.663212 3.080000 -14.210000 0.910000
2.282753 -9.379865 2.407180 3.710000 -15.400000 0.770000
2.313859 -9.568897 2.081756 -7.700000 -10.990000 1.120000
2.287539 -9.425328 2.258825 -7.070000 -8.750000 -1.050000
2.287539 -9.425328 2.258825 -7.070000 -8.750000 -1.050000
2.388037 -9.329616 2.136791 -0.140000 -6.510000 -0.700000
2.297110 -9.121440 2.060220 -0.280000 -2.170000 0.070000
2.309074 -9.317651 2.026721 -0.700000 0.350000 0.910000
2.323431 -9.209974 2.096112 1.120000 1.190000 0.770000
2.373680 -9.367901 2.313859 -4.620000 0.280000 0.980000
2.299503 -9.425328 2.170290 -4.900000 0.490000 0.980000
2.299503 -9.425328 2.170290 -4.900000 0.490000 0.980000
2.337788 -9.518648 2.282753 -1.120000 -0.490000 0.770000
2.395216 -9.499505 2.184647 -2.030000 0.420000 0.560000
