2.409572 -9.906286 -0.636491 -0.420000 -0.140000 -0.490000
2.313859 -9.734003 -0.564706 0.840000 0.280000 -0.630000
2.313859 -9.734003 -0.564706 0.840000 0.280000 -0.630000
2.411965 -9.628718 -0.471386 0.140000 0.420000 -0.490000
2.347359 -9.552148 -0.500100 0.490000 0.420000 -0.140000
2.347359 -9.552148 -0.500100 0.490000 0.420000 -0.140000
2.316252 -9.650253 -0.550349 0.840000 0.770000 0.280000
2.292324 -9.693325 -0.485743 0.490000 0.280000 -0.770000
2.210968 -9.549755 -0.502493 -1.050000 0.910000 -1.120000
2.210968 -9.549755 -0.502493 -1.050000 0.910000 -1.120000
2.352145 -9.628718 -0.433101 0.070000 0.210000 -1.260000
2.352145 -9.628718 -0.433101 0.070000 0.210000 -1.260000
2.299503 -9.406186 -0.480957 0.630000 0.140000 0.140000
2.285146 -9.525827 -0.413958 1.540000 0.420000 0.630000
2.275574 -9.683753 -0.531207 -1.470000 0.630000 -0.070000
2.294717 -9.573684 -0.457029 -0.140000 0.210000 -0.070000
2.383251 -9.576077 -0.394816 -0.140000 -0.350000 0.700000
2.383251 -9.576077 -0.394816 -0.140000 -0.350000 0.700000
2.309074 -9.769895 -0.559920 1.120000 0.140000 1.190000
2.297110 -9.710074 -0.488136 -1.260000 0.980000 -0.140000
2.330609 -9.884750 -0.437887 -0.490000 0.630000 -0.490000
2.268396 -9.647861 -0.466600 -0.210000 -0.140000 -0.630000
2.282753 -9.544970 -0.562313 0.490000 0.490000 0.420000
2.273181 -9.585647 -0.490529 -0.140000 0.700000 0.490000
2.273181 -9.585647 -0.490529 -0.140000 0.700000 0.490000
2.304288 -9.556933 -0.490529 0.560000 -0.770000 0.630000
2.309074 -9.702895 -0.567099 0.350000 0.560000 0.700000
2.285146 -9.719646 -0.571885 -0.490000 0.350000 -0.700000
2.342573 -9.580862 -0.531207 -0.490000 0.350000 -0.140000
2.321038 -9.690931 -0.564706 0.910000 0.140000 0.140000
2.321038 -9.690931 -0.564706 0.910000 0.140000 0.140000
2.330609 -9.628718 -0.504886 -0.420000 0.700000 0.070000
2.330609 -9.628718 -0.504886 -0.420000 0.700000 0.070000
2.330609 -9.628718 -0.504886 -0.420000 0.700000 0.070000
2.263610 -9.607183 -0.504886 0.140000 -0.140000 -0.350000
2.263610 -9.607183 -0.504886 0.140000 -0.140000 -0.350000
2.280360 -9.647861 -0.543171 0.560000 0.770000 0.070000
2.333002 -9.698111 -0.490529 2.240000 -0.280000 0.770000
2.263610 -9.655040 -0.433101 0.840000 -0.070000 0.350000
2.270789 -9.707682 -0.502493 -0.980000 -0.490000 -1.540000
2.347359 -9.583255 -0.571885 -1.190000 -0.630000 -0.840000
2.213361 -9.719646 -0.569492 1.260000 -0.140000 0.350000
2.213361 -9.719646 -0.569492 1.260000 -0.140000 0.350000
2.347359 -9.554541 -0.502493 0.910000 -0.280000 0.420000
2.275574 -9.817751 -0.579063 0.210000 -0.280000 0.350000
2.349752 -9.710074 -0.507278 -0.630000 0.070000 0.140000
2.299503 -9.669396 -0.492921 1.960000 -0.420000 -0.070000
2.325824 -9.628718 -0.409173 0.980000 0.140000 -0.210000
2.196611 -9.647861 -0.464208 0.280000 0.350000 -0.210000
2.268396 -9.631111 -0.445065 0.770000 -0.280000 -0.070000
2.227718 -9.590433 -0.528814 0.280000 0.070000 0.560000
2.227718 -9.590433 -0.528814 0.280000 0.070000 0.560000
2.244468 -9.580862 -0.397209 1.750000 -0.070000 0.560000
