0.136391 -9.552148 2.014757 -6.580000 3.430000 3.710000
0.126820 -9.734003 1.892723 -5.810000 4.690000 3.710000
0.138784 -9.784252 2.024328 -4.620000 4.970000 4.270000
0.086142 -9.891929 2.067399 -5.180000 4.130000 2.730000
0.086142 -9.891929 2.067399 -5.180000 4.130000 2.730000
0.095713 -9.781858 2.026721 -5.040000 5.110000 1.540000
0.107677 -9.712467 1.971686 -5.250000 5.880000 1.400000
0.064606 -9.671788 2.055435 -5.250000 6.020000 0.910000
0.064606 -9.671788 2.055435 -5.250000 6.020000 0.910000
0.112463 -9.535398 2.072184 -6.090000 4.270000 2.730000
0.112463 -9.535398 2.072184 -6.090000 4.270000 2.730000
0.150748 -9.755538 2.110470 -4.830000 4.130000 3.150000
0.150748 -9.755538 2.110470 -4.830000 4.130000 3.150000
0.184247 -9.640682 2.069792 -4.970000 3.850000 2.660000
0.098106 -9.592826 2.033899 -5.320000 3.150000 3.640000
0.110070 -9.650253 2.031506 -6.300000 3.500000 3.500000
0.122034 -9.662218 1.993221 -4.830000 2.520000 4.970000
0.165105 -9.915856 1.861616 -6.440000 3.150000 3.710000
0.122034 -9.829715 1.892723 -5.250000 4.410000 3.080000
0.055035 -9.755538 1.909473 -4.550000 5.180000 2.800000
0.150748 -9.870394 1.976472 -5.600000 5.670000 2.590000
0.165105 -9.774680 2.014757 -5.530000 5.390000 1.540000
0.165105 -9.774680 2.014757 -5.530000 5.390000 1.540000
0.138784 -9.743573 2.055435 -5.040000 4.760000 2.170000
0.117248 -9.667004 2.033899 -5.180000 4.970000 2.170000
0.112463 -9.621540 2.012364 -5.390000 5.250000 2.380000
0.112463 -9.621540 2.012364 -5.390000 5.250000 2.380000
0.119641 -9.669396 1.950150 -5.740000 5.880000 2.240000
0.062213 -9.712467 2.103291 -4.620000 5.810000 2.520000
0.184247 -9.643075 2.057827 -5.810000 3.500000 3.500000
0.110070 -9.489935 1.969293 -6.300000 4.410000 3.430000
0.110070 -9.489935 1.969293 -6.300000 4.410000 3.430000
0.131605 -9.611969 1.942972 -8.050000 4.550000 4.480000
0.078963 -9.731609 1.974079 -8.610000 4.830000 3.430000
0.133998 -9.671788 1.998007 -5.460000 4.550000 5.040000
0.040678 -9.889536 1.959722 -5.110000 4.270000 3.640000
0.074178 -9.863215 2.012364 -6.370000 5.110000 3.010000
0.105284 -9.884750 2.043471 -5.810000 5.530000 2.520000
0.105284 -9.884750 2.043471 -5.810000 5.530000 2.520000
0.105284 -9.884750 2.041078 -7.980000 2.940000 1.400000
0.105284 -9.884750 2.041078 -7.980000 2.940000 1.400000
0.145962 -9.822537 2.029114 -7.070000 3.430000 1.330000
0.083749 -9.729217 1.983650 -3.080000 4.410000 1.540000
0.057428 -9.559326 1.952543 -4.760000 4.900000 3.430000
0.057428 -9.559326 1.952543 -4.760000 4.900000 3.430000
0.100499 -9.585647 1.988436 -4.900000 4.550000 4.620000
0.107677 -9.652647 1.990828 -6.440000 4.340000 4.340000
0.083749 -9.810574 1.878366 -5.320000 4.690000 4.060000
0.100499 -9.726824 2.014757 -5.460000 5.740000 4.760000
-0.028714 -9.882358 1.923829 -6.580000 5.460000 4.270000
0.043071 -9.808180 2.038685 -5.320000 6.020000 3.430000
-0.035892 -9.726824 2.033899 -5.320000 5.040000 3.290000
