1.646262 -9.619147 1.938186 -3.850000 5.040000 1.610000
1.574477 -9.614362 2.053042 -6.230000 3.780000 1.540000
1.663012 -9.722038 1.818545 -6.510000 4.270000 1.960000
1.567299 -9.494720 1.959722 -3.360000 4.200000 2.030000
1.533799 -9.578469 1.895115 -4.900000 4.130000 2.170000
1.533799 -9.578469 1.895115 -4.900000 4.130000 2.170000
1.533799 -9.578469 1.895115 -4.900000 4.130000 2.170000
1.627119 -9.767502 1.998007 10.500000 5.880000 2.240000
1.548156 -10.305886 2.024328 91.419998 11.270000 2.450000
1.548156 -10.305886 2.024328 91.419998 11.270000 2.450000
1.548156 -10.305886 2.024328 91.419998 11.270000 2.450000
1.811367 -8.535198 4.211368 243.320007 18.690001 -7.420000
1.284946 -6.838687 5.718846 278.250000 22.400000 -19.809999
1.160519 -6.278766 6.343372 283.149994 25.410000 -19.250000
1.160519 -6.278766 6.343372 283.149994 25.410000 -19.250000
1.076770 -3.268596 8.015956 254.520004 25.830000 -19.460001
1.021735 -2.160719 8.879765 149.660004 11.060000 -16.590000
1.232304 -0.497707 9.104690 131.880005 14.630000 -9.030000
1.232304 -0.497707 9.104690 131.880005 14.630000 -9.030000
1.122234 0.562313 9.537791 85.050003 14.770000 -7.770000
1.122234 0.562313 9.537791 85.050003 14.770000 -7.770000
1.122234 0.562313 9.537791 85.050003 14.770000 -7.770000
1.122234 0.562313 9.537791 85.050003 14.770000 -7.770000
1.122234 0.562313 9.537791 85.050003 14.770000 -7.770000
1.122234 0.562313 9.537791 85.050003 14.770000 -7.770000
0.985843 1.131805 9.583255 9.870000 6.720000 0.700000
0.825524 1.088734 9.588040 -7.280000 4.690000 0.840000
0.825524 1.088734 9.588040 -7.280000 4.690000 0.840000
0.861416 1.191626 9.638289 -4.760000 4.830000 2.170000
0.799203 1.069592 9.458827 -6.230000 4.620000 2.660000
0.799203 1.069592 9.458827 -6.230000 4.620000 2.660000
0.811167 0.803988 9.202796 -6.230000 3.290000 3.500000
0.870987 0.995414 9.346365 -1.330000 3.920000 3.010000
0.930808 1.191626 9.497113 -2.380000 4.900000 3.010000
0.894916 0.899701 9.274581 -7.840000 4.690000 4.900000
0.842274 1.107877 9.521042 -7.630000 5.320000 5.670000
0.842274 1.107877 9.521042 -7.630000 5.320000 5.670000
0.866202 0.957129 9.420543 -6.930000 4.060000 4.830000
0.947558 0.983450 9.253045 -6.580000 4.760000 5.110000
