2.289931 -9.489935 2.041078 0.280000 0.350000 -0.770000
2.347359 -9.463614 2.258825 2.590000 -0.840000 -1.330000
2.347359 -9.463614 2.258825 2.590000 -0.840000 -1.330000
2.256432 -9.339187 2.103291 -2.240000 -1.750000 -0.560000
2.256432 -9.339187 2.103291 -2.240000 -1.750000 -0.560000
2.536392 -8.791230 2.268396 12.460000 -2.450000 -6.790000
2.409572 -9.413363 2.234896 -8.260000 -4.410000 -2.100000
2.471786 -9.894321 1.734797 -7.840000 -6.090000 -5.810000
2.471786 -9.894321 1.734797 -7.840000 -6.090000 -5.810000
2.507678 -9.509077 2.560320 -33.389999 -13.090000 -6.020000
2.507678 -9.509077 2.560320 -33.389999 -13.090000 -6.020000
2.562713 -9.832108 1.914258 -30.660000 -15.470000 -6.860000
2.706282 -9.719646 1.069592 -32.619999 -17.780001 -4.340000
2.615355 -9.714860 1.191626 -21.490000 -17.850000 -5.530000
2.687140 -8.910872 1.433301 -7.980000 -18.480000 -3.430000
2.928815 -9.657433 0.454636 -5.810000 -16.799999 -4.620000
2.928815 -9.657433 0.454636 -5.810000 -16.799999 -4.620000
2.976671 -9.561719 0.753739 2.590000 -16.240000 -6.860000
2.852244 -9.444471 1.194018 -6.790000 -21.420000 -7.140000
2.816352 -9.305687 1.014557 -9.030000 -23.170000 -6.160000
2.878566 -9.506684 1.057628 -5.950000 -27.440001 -4.200000
3.058028 -9.312866 0.562313 -11.200000 -28.000000 1.260000
3.058028 -9.312866 0.562313 -11.200000 -28.000000 1.260000
3.031706 -9.375079 0.535992 -12.320000 -26.600000 2.310000
2.943172 -9.535398 0.311067 -18.059999 -24.850000 2.800000
2.888137 -9.360723 0.086142 -8.540000 -21.139999 2.310000
2.950350 -9.269794 0.009571 -4.200000 -18.129999 2.240000
2.943172 -9.494720 -0.167498 1.050000 -6.370000 1.820000
2.943172 -9.494720 -0.167498 1.050000 -6.370000 1.820000
2.938386 -9.432507 -0.229711 -0.420000 -4.060000 1.260000
2.955136 -9.556933 -0.184247 -3.080000 -1.190000 0.630000
2.900101 -9.544970 -0.244068 0.630000 0.700000 1.050000
2.900101 -9.544970 -0.244068 0.630000 0.700000 1.050000
2.900101 -9.544970 -0.244068 0.630000 0.700000 1.050000
2.955136 -9.444471 -0.088534 -2.940000 3.570000 0.490000
2.955136 -9.444471 -0.088534 -2.940000 3.570000 0.490000
2.955136 -9.444471 -0.088534 -2.940000 3.570000 0.490000
2.955136 -9.444471 -0.088534 -2.940000 3.570000 0.490000
2.955136 -9.444471 -0.088534 -2.940000 3.570000 0.490000
