1.442872 -9.291330 3.785445 27.650000 2.170000 -8.540000
1.442872 -9.291330 3.785445 27.650000 2.170000 -8.540000
1.878366 -8.807980 3.811767 42.349998 -0.770000 -16.520000
1.878366 -8.807980 3.811767 42.349998 -0.770000 -16.520000
1.581656 -8.243275 3.742374 42.700001 4.970000 -24.360001
1.462015 -9.107083 5.094319 29.469999 -3.850000 -30.309999
1.462015 -9.107083 5.094319 29.469999 -3.850000 -30.309999
1.935793 -9.427721 5.565705 70.209999 0.490000 -58.170002
2.383251 -8.724231 6.204589 60.410000 -0.770000 -63.560001
2.998207 -8.377272 5.484349 61.529999 -5.110000 -72.800003
2.998207 -8.377272 5.484349 61.529999 -5.110000 -72.800003
3.000600 -7.456036 6.479764 77.279999 -0.140000 -81.480003
3.318845 -7.020542 6.532406 63.279999 -2.730000 -80.989998
4.060620 -5.704489 7.046863 71.050003 0.490000 -86.239998
4.060620 -5.704489 7.046863 71.050003 0.490000 -86.239998
4.156333 -5.125426 6.908078 58.730000 -3.780000 -83.510002
4.575077 -4.441079 6.553941 49.349998 -5.320000 -78.400002
4.608576 -3.768696 6.635297 51.730000 0.980000 -74.970001
5.029713 -3.156133 6.874579 48.369999 2.310000 -71.190002
4.943572 -3.206382 7.252645 57.260002 1.540000 -62.439999
5.204390 -2.184647 7.104291 55.160000 3.360000 -57.260002
4.821537 -1.923829 8.097312 69.440002 2.450000 -46.200001
5.477170 -0.875773 7.640282 22.469999 -5.110000 -39.549999
5.462814 -0.229711 7.408179 26.809999 -1.890000 -32.130001
5.462814 -0.229711 7.408179 26.809999 -1.890000 -32.130001
5.245068 -0.658026 7.427321 40.459999 1.680000 -23.660000
5.493921 -0.727418 7.781459 4.410000 -1.400000 -12.880000
5.596812 -0.351745 7.812566 -7.350000 -2.450000 -6.790000
5.596812 -0.351745 7.812566 -7.350000 -2.450000 -6.790000
5.458029 -0.315853 7.611568 -8.260000 -1.820000 -3.780000
5.335995 -0.413958 7.917850 4.550000 0.840000 -2.100000
5.316852 -0.859023 7.721639 -18.059999 1.050000 0.490000
5.436492 -1.057628 7.925028 3.360000 -0.980000 0.280000
5.429315 -0.813560 7.958528 0.350000 0.140000 -1.330000
5.503492 -1.024128 7.630712 -12.810000 -2.240000 0.840000
5.525027 -1.239482 7.788638 -7.140000 -1.260000 0.630000
5.513064 -1.261017 7.692925 2.170000 1.050000 -1.050000
5.469993 -0.966700 7.984849 -2.310000 0.420000 0.280000
5.393422 -0.753739 8.116454 4.760000 2.240000 2.520000
5.434100 -0.595813 8.032705 3.850000 3.500000 4.550000
