0.729811 -9.858429 -0.129212 -0.210000 1.330000 0.280000
0.729811 -9.793823 -0.105284 1.540000 1.050000 0.140000
0.720240 -9.896714 -0.136391 0.140000 -1.190000 0.770000
0.720240 -9.896714 -0.136391 0.140000 -1.190000 0.770000
0.715454 -10.033106 -0.327817 -2.310000 -0.560000 0.490000
0.732204 -9.932607 -0.289532 -0.070000 -0.140000 0.070000
0.780060 -9.927821 -0.308674 -0.140000 0.280000 0.700000
0.780060 -9.927821 -0.308674 -0.140000 0.280000 0.700000
0.722632 -9.961320 -0.361316 -0.490000 0.490000 -0.210000
0.725025 -9.987641 -0.284746 -0.210000 1.190000 0.070000
0.765703 -10.009177 -0.205783 -0.210000 0.490000 -0.070000
0.765703 -10.009177 -0.205783 -0.210000 0.490000 -0.070000
0.808774 -9.930215 -0.272782 0.280000 1.120000 -0.280000
0.775275 -9.896714 -0.189033 1.050000 0.700000 -0.350000
0.777667 -10.040283 -0.270389 -0.630000 0.140000 0.350000
0.679562 -9.777073 -0.174676 1.890000 0.770000 -0.350000
0.753739 -9.817751 -0.160319 -1.470000 -0.070000 0.770000
0.753739 -9.817751 -0.160319 -1.470000 -0.070000 0.770000
0.662812 -9.937392 -0.270389 0.350000 0.210000 0.350000
0.720240 -9.777073 -0.136391 1.680000 0.280000 0.700000
0.729811 -9.815358 -0.198604 -1.120000 0.560000 1.610000
0.775275 -9.918249 -0.239282 -1.540000 0.770000 1.820000
0.720240 -9.997212 -0.241675 0.490000 0.420000 1.680000
0.720240 -9.997212 -0.241675 0.490000 0.420000 1.680000
0.751346 -10.128819 -0.289532 0.280000 -0.420000 0.630000
0.660419 -9.966106 -0.282353 -0.630000 -0.420000 0.490000
0.626920 -9.987641 -0.270389 0.280000 0.280000 0.280000
0.667598 -10.004392 -0.258425 -0.350000 0.630000 0.490000
0.667598 -10.004392 -0.258425 -0.350000 0.630000 0.490000
0.736989 -9.923036 -0.234497 1.540000 1.260000 -0.910000
0.736989 -9.923036 -0.234497 1.540000 1.260000 -0.910000
0.768096 -9.990034 -0.251246 -0.420000 0.490000 -0.140000
0.768096 -9.990034 -0.251246 -0.420000 0.490000 -0.140000
0.732204 -9.875179 -0.289532 1.540000 1.540000 -0.770000
0.732204 -9.875179 -0.289532 1.540000 1.540000 -0.770000
0.727418 -9.918249 -0.217747 -0.560000 0.490000 0.280000
0.753739 -9.923036 -0.217747 -1.750000 0.980000 0.210000
0.717847 -9.942179 -0.107677 1.120000 1.050000 -0.350000
0.701097 -9.937392 -0.112463 0.770000 0.140000 -0.280000
