1.852045 -9.872787 1.397408 0.630000 -0.070000 -0.280000
1.607977 -9.525827 0.926022 0.700000 0.210000 0.910000
1.607977 -9.525827 0.926022 0.700000 0.210000 0.910000
1.612763 -9.377472 1.052842 -0.700000 -0.280000 1.050000
1.758725 -9.868000 1.631905 -1.680000 -1.120000 -0.420000
1.596013 -9.571291 0.801596 -2.450000 1.960000 0.910000
1.596013 -9.571291 0.801596 -2.450000 1.960000 0.910000
1.701297 -10.013963 1.478764 -3.500000 2.870000 -1.680000
1.564906 -9.963714 1.763510 -15.330000 3.220000 -4.270000
1.615155 -9.836893 1.780260 -32.689999 5.670000 -6.160000
1.866402 -10.176675 0.576670 -21.700001 2.660000 -10.710000
1.866402 -10.176675 0.576670 -21.700001 2.660000 -10.710000
1.816152 -9.934999 1.129412 -32.900002 7.070000 -1.120000
2.060220 -9.729217 -0.502493 -22.120001 2.030000 -0.490000
2.165504 -8.886944 -0.416351 -28.210001 6.720000 1.050000
1.938186 -9.640682 -1.983650 -45.430000 18.270000 4.060000
2.014757 -9.171689 -1.234696 -37.939999 24.360001 8.890000
1.890330 -9.621540 -1.497907 -61.250000 34.580002 14.770000
1.890330 -9.621540 -1.497907 -61.250000 34.580002 14.770000
1.993221 -9.834501 -2.306681 -40.529999 40.320000 16.309999
1.672583 -9.765109 -2.474179 -18.620001 38.150002 16.450001
1.722832 -9.272188 -0.957129 30.799999 20.790001 5.040000
1.902294 -9.169296 -0.612563 30.170000 16.590000 5.950000
1.667797 -9.595219 -0.507278 13.580000 10.220000 5.670000
1.667797 -9.595219 -0.507278 13.580000 10.220000 5.670000
1.476372 -9.853643 -0.473779 2.730000 3.780000 1.330000
1.600798 -9.934999 -0.641276 -1.610000 1.680000 -1.260000
1.579263 -9.705289 -0.741775 -4.340000 -0.840000 -3.220000
1.402194 -10.006784 -1.131805 0.560000 -2.030000 -0.350000
1.598405 -9.547362 -0.820738 2.520000 -2.870000 -0.420000
1.598405 -9.547362 -0.820738 2.520000 -2.870000 -0.420000
1.615155 -9.851252 -1.095913 0.700000 -1.540000 0.840000
1.639083 -9.781858 -1.158126 2.310000 -1.890000 1.470000
1.562513 -9.741181 -1.220340 3.360000 0.770000 3.430000
1.591227 -9.315259 -0.978664 2.310000 -1.050000 1.400000
1.500300 -10.037891 -1.189233 -0.560000 0.700000 1.260000
1.495514 -10.028319 -1.012164 6.300000 1.470000 2.030000
1.495514 -10.028319 -1.012164 6.300000 1.470000 2.030000
1.495514 -10.028319 -1.012164 6.300000 1.470000 2.030000
1.715654 -9.205189 -0.866202 5.460000 1.470000 3.150000
1.715654 -9.205189 -0.866202 5.460000 1.470000 3.150000
1.715654 -9.205189 -0.866202 5.460000 1.470000 3.150000
1.715654 -9.205189 -0.866202 5.460000 1.470000 3.150000
1.715654 -9.205189 -0.866202 5.460000 1.470000 3.150000
1.320838 -10.193424 -0.658026 -2.940000 0.140000 1.540000
1.296910 -9.961320 -0.662812 0.350000 -0.210000 0.070000
