1.899901 -9.461221 1.375873 -4.130000 -0.350000 -0.980000
1.899901 -9.461221 1.375873 -4.130000 -0.350000 -0.980000
1.799403 -9.801002 1.239482 -1.190000 2.100000 0.420000
1.799403 -9.801002 1.239482 -1.190000 2.100000 0.420000
1.823331 -10.054641 1.244268 -12.110000 2.520000 3.780000
1.708475 -10.176675 0.744168 -21.980000 7.420000 6.370000
1.708475 -10.176675 0.744168 -21.980000 7.420000 6.370000
1.730011 -10.308280 0.763310 -9.310000 8.190000 5.250000
1.730011 -10.308280 0.763310 -9.310000 8.190000 5.250000
1.789831 -9.523434 1.191626 9.590000 14.210000 4.480000
1.636691 -9.973285 1.610370 -35.630001 10.640000 8.260000
1.746760 -10.097712 0.538385 -22.469999 15.260000 6.930000
1.497907 -9.906286 0.808774 -21.210001 14.840000 8.540000
1.629512 -9.178867 0.346959 -31.360001 15.610000 15.050000
1.629512 -9.178867 0.346959 -31.360001 15.610000 15.050000
1.454836 -9.382257 -0.035892 -44.869999 17.360001 16.799999
1.296910 -10.284351 -0.375673 -41.369999 23.379999 16.450001
1.296910 -10.284351 -0.375673 -41.369999 23.379999 16.450001
0.947558 -9.968499 -0.966700 -17.710001 34.299999 21.840000
0.741775 -9.901501 -0.071785 13.860000 14.350000 8.260000
0.741775 -9.901501 -0.071785 13.860000 14.350000 8.260000
0.741775 -9.901501 -0.071785 13.860000 14.350000 8.260000
0.741775 -9.901501 -0.071785 13.860000 14.350000 8.260000
0.653241 -10.004392 0.174676 4.480000 6.090000 0.560000
0.653241 -10.004392 0.174676 4.480000 6.090000 0.560000
0.782453 -9.856036 -0.076570 1.540000 3.220000 -1.120000
0.782453 -9.856036 -0.076570 1.540000 3.220000 -1.120000
0.782453 -9.856036 -0.076570 1.540000 3.220000 -1.120000
0.782453 -9.856036 -0.076570 1.540000 3.220000 -1.120000
1.031307 -9.607183 0.212961 3.570000 2.590000 0.770000
0.540778 -9.956534 0.026321 2.730000 1.610000 0.770000
0.667598 -10.035499 -0.081356 0.630000 1.470000 1.120000
0.739382 -10.346564 -0.100499 3.500000 0.490000 -0.070000
0.739382 -10.346564 -0.100499 3.500000 0.490000 -0.070000
0.870987 -9.640682 0.155533 5.810000 -1.820000 -0.140000
0.667598 -9.822537 0.019143 1.470000 0.280000 1.680000
0.875773 -9.911072 0.069392 -0.280000 -0.070000 0.560000
0.770489 -9.772287 0.023928 1.120000 0.280000 1.050000
0.701097 -9.736395 0.052642 3.010000 -0.420000 0.980000
0.701097 -9.736395 0.052642 3.010000 -0.420000 0.980000
0.701097 -9.736395 0.052642 3.010000 -0.420000 0.980000
0.873380 -10.023535 0.153141 2.450000 -0.420000 1.190000
0.873380 -10.023535 0.153141 2.450000 -0.420000 1.190000
0.873380 -10.023535 0.153141 2.450000 -0.420000 1.190000
