4.362115 -8.573483 2.151148 0.070000 2.870000 1.330000
4.398008 -8.449057 2.311467 -1.960000 1.960000 4.130000
4.278367 -8.303094 2.371287 1.680000 3.080000 5.810000
4.153940 -8.159525 2.230111 -2.170000 2.520000 7.980000
3.890730 -7.628319 1.852045 -10.150000 3.780000 14.840000
3.783052 -7.037291 1.847259 -7.840000 9.730000 30.309999
2.770889 -6.099305 1.734797 -23.799999 32.970001 79.800003
2.770889 -6.099305 1.734797 -23.799999 32.970001 79.800003
1.378266 -6.867401 1.337588 -42.630001 44.450001 128.169998
1.378266 -6.867401 1.337588 -42.630001 44.450001 128.169998
-0.500100 -8.252845 1.320838 -5.250000 55.439999 165.619995
-1.842474 -7.953743 1.258625 45.920002 65.099998 172.270004
-1.842474 -7.953743 1.258625 45.920002 65.099998 172.270004
-3.646662 -9.229117 1.488336 7.000000 60.619999 170.869995
-3.646662 -9.229117 1.488336 7.000000 60.619999 170.869995
-3.646662 -9.229117 1.488336 7.000000 60.619999 170.869995
-3.646662 -9.229117 1.488336 7.000000 60.619999 170.869995
-3.646662 -9.229117 1.488336 7.000000 60.619999 170.869995
-8.176274 -8.025528 0.205783 -66.150002 66.639999 154.630005
-9.102298 -7.707282 -0.059821 -49.349998 59.920002 150.430008
-9.678967 -7.111469 -0.043071 -65.660004 50.119999 136.080002
-9.700503 -7.042077 -0.169890 -88.269997 42.560001 132.089996
-9.322437 -6.845865 -1.249053 -94.150002 27.930000 120.470001
-9.322437 -6.845865 -1.249053 -94.150002 27.930000 120.470001
-9.401401 -6.802795 -1.634298 -70.840004 9.520000 92.190002
-9.434900 -6.422336 -2.189433 -63.770000 2.030000 74.480003
-9.628718 -5.804988 -2.031506 -61.320000 -1.820000 55.650002
-9.174082 -5.797810 -2.333002 -64.400002 -4.200000 46.130001
-9.174082 -5.797810 -2.333002 -64.400002 -4.200000 46.130001
-9.095119 -5.316852 -2.177469 -45.290001 -3.010000 33.670002
-8.465806 -4.993821 -2.435893 -35.490002 -2.800000 27.020000
-8.886944 -4.606184 -2.569891 -35.560001 -2.030000 6.440000
-8.894121 -4.182654 -2.512464 -13.440001 1.190000 1.960000
-8.831908 -4.055835 -2.196611 -4.340000 1.960000 0.770000
-8.977871 -3.680161 -2.208575 -6.510000 3.080000 2.450000
-8.977871 -3.680161 -2.208575 -6.510000 3.080000 2.450000
-9.157332 -3.479164 -2.215754 -4.900000 1.190000 -2.870000
-9.272188 -3.847659 -2.129612 1.540000 1.680000 -4.060000
-9.150154 -2.950350 -1.931008 2.170000 1.330000 -4.200000
-9.413363 -2.933600 -2.311467 6.860000 1.190000 -1.890000
