1.816152 -9.372685 1.576870 1.890000 0.630000 -0.070000
1.859223 -9.683753 1.392623 -3.710000 1.680000 0.490000
1.859223 -9.683753 1.392623 -3.710000 1.680000 0.490000
1.873580 -9.394222 2.065006 -8.750000 3.360000 0.350000
1.871187 -9.607183 2.065006 -18.129999 2.940000 3.220000
1.840081 -9.903893 1.043271 -33.599998 4.970000 5.460000
1.744368 -9.164511 1.318445 -29.820000 4.830000 6.790000
1.672583 -10.248460 -0.066999 -66.500000 11.060000 9.940000
2.151148 -9.360723 0.569492 -28.910000 9.730000 7.980000
1.741975 -9.090333 0.856631 -48.230000 11.200000 13.090000
1.741975 -9.090333 0.856631 -48.230000 11.200000 13.090000
1.751546 -10.602598 -1.179662 -56.349998 10.570000 10.080000
1.514657 -9.614362 -1.124627 -37.099998 22.820000 12.530000
1.758725 -10.336994 -1.698904 -22.610001 42.070000 23.309999
1.435694 -10.102496 -1.957329 25.480000 43.680000 23.379999
1.129412 -9.028119 -1.153341 36.889999 35.070000 23.590000
0.985843 -9.150154 0.234497 35.770000 19.600000 11.900000
0.985843 -9.150154 0.234497 35.770000 19.600000 11.900000
1.110270 -9.662218 0.177069 18.270000 17.360001 6.370000
1.014557 -10.059426 0.031107 9.100000 18.690001 4.690000
1.127020 -10.059426 0.191426 -0.210000 11.060000 -0.070000
1.019342 -10.171888 0.203390 2.100000 8.820000 0.420000
1.019342 -9.798609 0.531207 3.850000 4.900000 1.260000
1.019342 -9.798609 0.531207 3.850000 4.900000 1.260000
0.990629 -9.734003 0.485743 2.800000 1.890000 0.700000
0.882952 -10.059426 0.203390 1.400000 1.050000 0.210000
0.942772 -10.167104 -0.081356 -3.640000 -1.960000 0.700000
0.942772 -10.167104 -0.081356 -3.640000 -1.960000 0.700000
0.674776 -9.583255 -0.047856 0.350000 -3.640000 -0.420000
0.928415 -10.186246 -0.122034 -0.070000 -1.120000 1.890000
1.110270 -9.963714 0.040678 0.840000 0.280000 2.170000
0.906880 -10.004392 0.119641 2.730000 -0.980000 1.400000
