0.868595 -9.822537 -0.576670 2.730000 -0.980000 1.260000
0.787239 -9.911072 -0.610170 -3.360000 -0.770000 -0.350000
0.768096 -9.791430 -0.794417 1.050000 0.140000 0.840000
0.768096 -9.791430 -0.794417 1.050000 0.140000 0.840000
0.732204 -9.796216 -0.784846 3.570000 0.700000 1.610000
0.885344 -9.827322 -0.466600 3.780000 0.070000 1.960000
0.832702 -10.114462 -0.571885 1.820000 0.840000 1.750000
0.796810 -9.915856 -0.445065 3.290000 0.070000 1.890000
0.748954 -9.954143 -0.380459 0.910000 0.350000 1.120000
0.708275 -9.997212 -0.461815 -0.490000 0.210000 0.350000
0.818345 -10.016356 -0.401994 -0.700000 0.560000 0.700000
0.739382 -9.702895 -0.638884 1.470000 0.700000 1.190000
0.811167 -9.736395 -0.631705 3.290000 -0.630000 1.820000
0.811167 -9.736395 -0.631705 3.290000 -0.630000 1.820000
0.851845 -9.901501 -0.559920 1.120000 1.190000 1.960000
0.693919 -9.822537 -0.567099 0.840000 3.080000 1.260000
0.693919 -9.822537 -0.567099 0.840000 3.080000 1.260000
0.693919 -9.822537 -0.567099 0.840000 3.080000 1.260000
0.653241 -10.011569 -0.167498 2.450000 3.710000 2.380000
0.634098 -10.138390 -0.138784 0.560000 2.100000 1.820000
0.677169 -10.277173 -0.502493 -3.360000 0.210000 -0.630000
0.641276 -9.968499 -0.373280 2.170000 -0.070000 -0.840000
0.646062 -9.812965 -0.306281 2.240000 -0.560000 -0.490000
0.646062 -9.812965 -0.306281 2.240000 -0.560000 -0.490000
0.629312 -10.040283 -0.435494 -0.070000 -1.540000 0.420000
0.629312 -9.927821 -0.488136 -0.980000 -1.260000 -0.770000
0.722632 -9.786645 -0.418744 -1.330000 -0.840000 -0.210000
0.681954 -9.769895 -0.459422 -2.520000 0.140000 -0.210000
0.605384 -9.968499 -0.473779 -1.680000 -1.120000 0.490000
0.646062 -10.023535 -0.562313 -0.560000 0.210000 0.420000
0.636491 -9.985250 -0.552742 1.330000 -0.140000 0.210000
0.720240 -9.908678 -0.447458 0.350000 -0.350000 0.210000
0.612563 -10.054641 -0.538385 0.140000 0.280000 0.140000
0.679562 -9.961320 -0.457029 1.470000 0.210000 -0.140000
0.708275 -9.846465 -0.428315 -0.420000 0.280000 -0.280000
0.689133 -9.791430 -0.275175 2.520000 1.260000 1.050000
0.607777 -9.911072 -0.375673 -2.170000 -0.630000 0.420000
0.684347 -9.937392 -0.452243 -4.410000 -0.770000 0.630000
0.684347 -9.937392 -0.452243 -4.410000 -0.770000 0.630000
0.643669 -10.155140 -0.653241 -2.170000 -1.680000 0.630000
0.689133 -9.877571 -0.660419 1.190000 -0.490000 0.350000
0.634098 -10.011569 -0.571885 1.190000 0.770000 0.560000
0.866202 -10.133603 -0.435494 1.260000 1.050000 -0.490000
0.689133 -10.016356 -0.452243 -0.070000 -0.840000 -0.210000
0.689133 -10.016356 -0.452243 -0.070000 -0.840000 -0.210000
0.705883 -10.068997 -0.591027 1.050000 -1.190000 -0.210000
0.624527 -9.930215 -0.586242 1.540000 1.540000 -0.630000
0.646062 -9.851252 -0.476172 2.030000 2.310000 -0.280000
