2.108077 -9.561719 -0.110070 -0.350000 0.280000 -0.280000
2.057827 -9.741181 -0.150748 0.490000 0.560000 0.630000
2.050649 -9.750752 -0.095713 -0.350000 0.420000 -0.420000
2.017149 -9.832108 -0.157926 -0.840000 0.770000 -0.770000
2.048256 -9.769895 -0.076570 0.560000 0.910000 -0.630000
2.048256 -9.769895 -0.076570 0.560000 0.910000 -0.630000
1.945365 -9.671788 -0.126820 -1.470000 0.490000 -1.190000
1.945365 -9.671788 -0.126820 -1.470000 0.490000 -1.190000
1.928615 -9.640682 -0.059821 0.280000 0.210000 0.070000
1.998007 -9.604790 -0.119641 -0.280000 -0.140000 0.070000
1.998007 -9.604790 -0.119641 -0.280000 -0.140000 0.070000
1.990828 -9.736395 -0.033500 0.140000 -0.630000 0.420000
2.036292 -9.722038 -0.071785 -0.210000 -0.980000 0.560000
2.019542 -9.767502 -0.050249 0.700000 -0.210000 -0.280000
2.115255 -9.743573 -0.069392 -0.490000 -0.560000 -0.980000
2.088934 -9.688539 -0.220140 0.630000 0.630000 -0.420000
2.088934 -9.688539 -0.220140 0.630000 0.630000 -0.420000
2.093720 -9.693325 -0.098106 1.540000 0.070000 0.350000
2.057827 -9.707682 -0.076570 0.140000 0.420000 -0.490000
2.093720 -9.750752 -0.043071 0.420000 0.070000 -0.490000
2.048256 -9.734003 -0.119641 0.070000 0.210000 -0.840000
2.048256 -9.734003 -0.119641 0.070000 0.210000 -0.840000
2.072184 -9.717253 -0.165105 0.490000 0.350000 -0.140000
1.969293 -9.702895 -0.102891 0.910000 -0.630000 -0.420000
1.969293 -9.702895 -0.102891 0.910000 -0.630000 -0.420000
2.021935 -9.702895 -0.105284 0.140000 -0.280000 0.070000
1.938186 -9.786645 -0.055035 0.840000 -0.070000 0.490000
1.978864 -9.717253 -0.093320 -0.210000 -0.560000 -0.210000
1.978864 -9.717253 -0.093320 -0.210000 -0.560000 -0.210000
2.017149 -9.681360 -0.059821 0.210000 -0.560000 0.140000
1.986043 -9.915856 -0.162712 1.260000 -0.140000 0.700000
2.057827 -9.841680 -0.227318 -1.960000 -0.910000 -0.350000
2.057827 -9.841680 -0.227318 -1.960000 -0.910000 -0.350000
2.117648 -9.738789 -0.110070 1.610000 -0.910000 0.070000
2.084148 -9.585647 -0.052642 1.400000 -0.700000 0.280000
2.158326 -9.662218 -0.043071 0.210000 0.280000 0.210000
1.981257 -9.573684 -0.031107 0.420000 0.420000 0.210000
1.981257 -9.573684 -0.031107 0.420000 0.420000 0.210000
1.981257 -9.573684 -0.031107 0.420000 0.420000 0.210000
1.988436 -9.743573 -0.107677 0.980000 0.210000 -0.070000
2.038685 -9.841680 0.004786 0.140000 0.490000 -0.070000
2.038685 -9.841680 0.004786 0.140000 0.490000 -0.070000
