1.083949 -9.846465 -1.067199 -0.910000 1.190000 0.420000
1.083949 -9.846465 -1.067199 -0.910000 1.190000 0.420000
1.031307 -9.882358 -1.064806 0.490000 0.700000 -0.770000
1.071985 -9.942179 -1.076770 -1.400000 0.840000 -0.420000
1.071985 -9.942179 -1.076770 -1.400000 0.840000 -0.420000
0.969093 -9.724431 -1.172483 2.170000 -0.630000 0.210000
1.031307 -9.899107 -1.115055 1.890000 0.490000 0.140000
0.995414 -9.870394 -0.966700 0.490000 0.770000 0.070000
0.993021 -9.889536 -0.928415 0.910000 0.770000 0.070000
0.993021 -9.889536 -0.928415 0.910000 0.770000 0.070000
1.091127 -9.717253 -0.964308 0.490000 -0.770000 -0.420000
1.091127 -9.717253 -0.964308 0.490000 -0.770000 -0.420000
1.028914 -9.812965 -0.961915 -3.780000 0.560000 -0.350000
1.167697 -9.870394 -1.134198 0.490000 -0.910000 0.490000
1.167697 -9.870394 -1.134198 0.490000 -0.910000 0.490000
1.060020 -9.860823 -1.067199 0.140000 1.120000 0.560000
1.127020 -9.975677 -1.153341 -2.940000 1.330000 0.420000
1.004985 -9.901501 -1.194018 -4.690000 1.610000 -0.070000
1.004985 -9.901501 -1.194018 -4.690000 1.610000 -0.070000
1.004985 -9.901501 -1.194018 -4.690000 1.610000 -0.070000
1.043271 -9.851252 -1.253839 -1.260000 2.660000 -0.420000
1.043271 -9.851252 -1.253839 -1.260000 2.660000 -0.420000
1.091127 -9.812965 -1.131805 -2.310000 1.750000 -0.490000
1.091127 -9.812965 -1.131805 -2.310000 1.750000 -0.490000
1.024128 -9.801002 -1.026521 -0.490000 1.050000 0.420000
1.081556 -9.934999 -1.165305 -0.840000 0.840000 1.120000
1.050449 -9.932607 -1.143769 1.330000 0.350000 1.260000
1.002593 -9.760324 -1.055235 3.150000 -0.280000 0.910000
1.002593 -9.760324 -1.055235 3.150000 -0.280000 0.910000
1.002593 -9.760324 -1.055235 3.150000 -0.280000 0.910000
1.004985 -9.887143 -1.150948 -3.990000 0.560000 -1.540000
1.074377 -9.856036 -1.261017 0.700000 1.330000 -1.330000
1.074377 -9.856036 -1.261017 0.700000 1.330000 -1.330000
1.033699 -9.860823 -1.134198 0.630000 -0.210000 -0.630000
1.134198 -9.743573 -1.093520 -2.170000 -0.490000 -0.350000
1.134198 -9.743573 -1.093520 -2.170000 -0.490000 -0.350000
1.134198 -9.743573 -1.093520 -2.170000 -0.490000 -0.350000
1.028914 -9.865608 -1.277767 -1.120000 -0.910000 -0.210000
1.028914 -9.865608 -1.277767 -1.120000 -0.910000 -0.210000
1.091127 -9.777073 -1.012164 -1.400000 -0.910000 0.070000
1.024128 -9.750752 -1.227518 -3.710000 -0.910000 0.070000
1.024128 -9.750752 -1.227518 -3.710000 -0.910000 0.070000
1.036092 -9.994821 -1.237089 -2.870000 -1.260000 0.420000
1.055235 -9.844072 -1.237089 2.660000 -0.630000 0.630000
1.016950 -9.954143 -1.208375 1.610000 -0.840000 -0.210000
1.016950 -9.954143 -1.208375 1.610000 -0.840000 -0.210000
1.098306 -9.992428 -1.225125 -1.190000 -0.210000 -0.770000
