2.438286 -9.387043 2.191825 -3.920000 5.670000 0.210000
2.438286 -9.387043 2.191825 -3.920000 5.670000 0.210000
2.538785 -9.059227 2.299503 -11.200000 3.500000 1.960000
2.538785 -9.059227 2.299503 -11.200000 3.500000 1.960000
2.514857 -9.181261 2.237289 -44.660000 -1.120000 1.890000
2.617748 -9.470792 1.725225 -50.610001 -3.780000 2.520000
2.469393 -9.095119 1.646262 -55.510002 -1.960000 1.960000
2.464607 -8.796017 1.392623 -146.720001 -4.410000 5.740000
2.464607 -8.796017 1.392623 -146.720001 -4.410000 5.740000
2.617748 -9.315259 -0.296710 -139.509995 -7.910000 0.630000
2.617748 -9.315259 -0.296710 -139.509995 -7.910000 0.630000
2.567499 -8.738588 -2.275574 -113.750000 -10.780000 -6.300000
2.586641 -8.807980 -2.476572 -134.050003 -12.390000 -4.340000
2.699104 -8.554340 -4.007978 -146.229996 -14.490000 -5.320000
2.507678 -8.231310 -4.744967 -166.740005 -15.260000 -9.520000
2.658426 -8.137990 -5.436492 -157.149994 -15.750000 -10.080000
2.658426 -8.137990 -5.436492 -157.149994 -15.750000 -10.080000
2.553142 -6.958328 -6.240481 -77.279999 -13.720000 -10.430000
2.553142 -6.958328 -6.240481 -77.279999 -13.720000 -10.430000
2.667997 -6.340980 -7.188039 -100.449997 -16.100000 -9.520000
2.675175 -6.125626 -7.671390 -67.830002 -15.750000 -9.730000
2.543570 -5.467600 -7.415358 -62.160000 -13.650000 -9.240000
2.512464 -5.362316 -8.157133 -92.680000 -12.250000 -6.580000
2.567499 -5.096712 -8.271988 -60.970001 -15.610000 -9.030000
2.562713 -4.455436 -8.365308 -54.389999 -16.940001 -9.030000
2.330609 -4.627719 -8.547162 -73.570000 -18.830000 -10.500000
2.313859 -4.232903 -9.281759 -54.740002 -14.840000 -13.580000
2.031506 -3.201597 -9.083155 -49.139999 -10.500000 -10.920000
2.132005 -3.122634 -8.992228 -16.660000 -4.340000 -2.380000
2.134398 -3.105884 -9.394222 -17.219999 1.260000 0.700000
2.230111 -3.163311 -9.250652 -16.450001 -2.590000 0.560000
2.230111 -3.235096 -9.320045 -6.720000 -3.220000 1.890000
1.899901 -3.062813 -9.365508 -8.540000 -0.840000 1.890000
2.031506 -3.010171 -9.458827 -8.050000 2.520000 2.100000
2.031506 -3.010171 -9.458827 -8.050000 2.520000 2.100000
2.029114 -2.873780 -9.231510 -5.670000 4.690000 2.940000
1.931008 -2.959922 -9.245867 -6.510000 4.200000 3.640000
2.007578 -3.067599 -9.138189 0.420000 5.670000 5.180000
1.981257 -3.177669 -9.260223 -3.290000 5.740000 4.200000
1.873580 -3.105884 -9.037691 -6.440000 4.550000 1.610000
1.873580 -3.105884 -9.037691 -6.440000 4.550000 1.610000
2.033899 -3.163311 -9.140583 -0.770000 3.570000 2.100000
1.942972 -2.959922 -9.025726 -2.030000 2.940000 1.330000
2.005185 -2.892922 -9.224331 -2.660000 3.920000 2.100000
2.005185 -2.892922 -9.224331 -2.660000 3.920000 2.100000
2.043471 -3.060420 -9.260223 -3.850000 4.550000 3.290000
2.093720 -3.093920 -9.293723 -6.510000 5.530000 2.380000
2.053042 -3.156133 -9.162118 -4.550000 3.920000 1.750000
