2.909672 -9.219545 2.476572 -5.530000 4.900000 1.750000
2.916851 -9.193225 2.273181 -6.930000 4.270000 1.120000
2.974278 -9.164511 2.445465 -4.550000 3.710000 1.610000
2.974278 -9.164511 2.445465 -4.550000 3.710000 1.610000
3.034099 -9.042477 2.414358 -8.890000 3.150000 2.590000
2.967100 -9.140583 2.266003 -3.500000 4.480000 3.080000
2.866602 -9.075976 2.388037 -3.570000 4.200000 1.960000
3.010171 -9.044869 2.395216 -7.840000 2.800000 3.080000
2.758924 -8.650054 2.658426 -30.309999 4.620000 1.960000
2.871387 -8.678767 2.474179 -56.700001 1.890000 2.380000
2.873780 -8.444271 0.705883 -225.190002 -7.980000 9.030000
2.854637 -8.941978 -0.272782 -245.559998 -14.700000 10.570000
2.778067 -8.461020 -1.746760 -263.899994 -18.830000 3.290000
2.778067 -8.461020 -1.746760 -263.899994 -18.830000 3.290000
2.778067 -8.461020 -1.746760 -263.899994 -18.830000 3.290000
2.790031 -7.417750 -5.400600 -207.899994 -23.590000 -7.420000
2.732604 -7.054041 -7.408179 -184.800003 -24.080000 -4.060000
2.732604 -7.054041 -7.408179 -184.800003 -24.080000 -4.060000
2.732604 -7.054041 -7.408179 -184.800003 -24.080000 -4.060000
2.763710 -5.276174 -8.171489 -74.690002 -18.340000 -8.750000
2.622534 -4.859823 -8.437093 -72.590004 -16.730000 -7.070000
2.560320 -4.543970 -8.757731 -72.029999 -14.140000 -8.330000
2.596212 -4.374080 -8.992228 -63.630001 -11.550000 -9.870000
2.555535 -4.086941 -9.020942 -53.060001 -10.570000 -9.800000
2.555535 -4.086941 -9.020942 -53.060001 -10.570000 -9.800000
2.316252 -3.400201 -9.281759 -26.180000 -7.140000 -6.370000
2.273181 -3.249453 -9.329616 -20.020000 -4.410000 -4.550000
2.366502 -3.184847 -9.226725 -9.380000 -1.190000 -1.680000
2.368894 -3.323631 -9.133404 -5.320000 1.050000 0.630000
2.282753 -3.208775 -9.157332 -9.310000 2.030000 2.030000
2.249253 -3.314059 -9.212367 -6.370000 2.520000 1.750000
2.191825 -3.364309 -9.171689 -7.420000 3.500000 2.450000
2.191825 -3.364309 -9.171689 -7.420000 3.500000 2.450000
2.244468 -3.373880 -9.255438 -6.580000 2.660000 2.450000
2.227718 -3.304488 -9.116654 -4.760000 4.340000 2.940000
2.177469 -3.421736 -9.085547 -4.270000 4.550000 3.080000
2.177469 -3.421736 -9.085547 -4.270000 4.550000 3.080000
2.177469 -3.421736 -9.085547 -4.270000 4.550000 3.080000
2.218147 -3.409772 -9.138189 -4.340000 5.040000 2.870000
