1.732404 -9.698111 1.182054 -0.770000 5.670000 2.240000
1.816152 -9.655040 1.263410 0.770000 5.600000 1.750000
1.708475 -9.609575 1.100698 -4.340000 6.860000 2.450000
1.708475 -9.609575 1.100698 -4.340000 6.860000 2.450000
1.816152 -9.738789 1.347159 0.770000 6.650000 1.960000
1.761117 -9.600004 1.347159 2.590000 6.930000 3.010000
1.830509 -9.707682 1.241875 2.520000 7.070000 3.080000
1.830509 -9.707682 1.241875 2.520000 7.070000 3.080000
1.830509 -9.707682 1.241875 2.520000 7.070000 3.080000
1.830509 -9.707682 1.241875 2.520000 7.070000 3.080000
1.739582 -10.121639 1.430908 34.090000 12.040000 4.620000
1.703690 -10.176675 2.261217 84.000000 18.340000 -2.520000
1.703690 -10.176675 2.261217 84.000000 18.340000 -2.520000
1.902294 -9.925428 2.610569 114.029999 20.020000 -1.330000
1.797010 -9.300901 2.866602 137.059998 22.610001 -0.490000
1.665405 -8.267202 3.771089 141.610001 26.040001 -2.660000
1.665405 -8.267202 3.771089 141.610001 26.040001 -2.660000
1.500300 -8.528020 4.867002 126.559998 24.219999 -7.420000
1.624727 -6.927221 5.623133 168.279999 21.980000 -5.390000
1.201197 -5.938986 6.637690 196.419998 23.799999 -12.740000
1.344766 -5.563312 7.159326 203.000000 23.100000 -12.670000
1.385444 -3.467200 8.106883 187.389999 27.719999 -11.270000
1.170090 -2.761317 8.484949 160.860001 25.410000 -14.070000
1.127020 -2.330609 8.764909 151.339996 20.790001 -14.070000
1.275374 -1.440479 9.001799 154.070007 26.740000 -11.550000
1.275374 -1.440479 9.001799 154.070007 26.740000 -11.550000
1.086342 0.153141 9.142976 167.020004 28.490000 -10.010000
1.086342 0.153141 9.142976 167.020004 28.490000 -10.010000
1.086342 0.153141 9.142976 167.020004 28.490000 -10.010000
1.086342 0.153141 9.142976 167.020004 28.490000 -10.010000
0.294317 2.909672 9.274581 48.860001 17.990000 -3.010000
0.157926 3.828516 9.592826 43.540001 18.480000 -0.910000
-0.043071 3.850052 9.540184 28.630001 14.420000 0.210000
0.083749 3.629912 9.583255 -1.470000 7.140000 1.330000
0.124427 3.455236 9.207582 -10.290000 4.130000 3.430000
0.114855 3.206382 9.181261 -12.460000 3.640000 3.080000
0.114855 3.206382 9.181261 -12.460000 3.640000 3.080000
0.217747 3.108276 9.121440 -12.530000 3.220000 4.060000
0.119641 2.933600 8.985049 -10.990000 3.080000 5.320000
0.287139 2.914458 8.982656 -11.200000 3.990000 4.760000
0.287139 2.914458 8.982656 -11.200000 3.990000 4.760000
0.222532 2.682354 8.939585 -15.820000 2.100000 3.640000
0.222532 2.682354 8.939585 -15.820000 2.100000 3.640000
0.234497 2.775674 9.018548 -6.930000 3.570000 2.240000
