3.046063 -9.257831 1.825724 -4.480000 4.060000 4.060000
3.134598 -9.128618 1.753939 -11.830000 3.360000 3.640000
3.134598 -9.128618 1.753939 -11.830000 3.360000 3.640000
3.139383 -9.212367 1.500300 -6.650000 1.960000 4.760000
3.139383 -9.212367 1.500300 -6.650000 1.960000 4.760000
3.010171 -9.363115 1.502693 -44.869999 2.380000 2.660000
3.010171 -9.363115 1.502693 -44.869999 2.380000 2.660000
3.156133 -8.898908 1.306481 -38.779999 1.190000 2.730000
2.959922 -10.202995 0.059821 -90.790001 -5.110000 4.270000
2.959922 -10.202995 0.059821 -90.790001 -5.110000 4.270000
2.959922 -10.202995 0.059821 -90.790001 -5.110000 4.270000
3.000600 -9.372685 -0.162712 -20.020000 -1.540000 -0.560000
3.000600 -9.372685 -0.162712 -20.020000 -1.540000 -0.560000
3.160919 -8.824730 0.330210 -120.050003 -4.830000 4.900000
3.060420 -9.554541 -2.182254 -113.750000 -10.920000 0.280000
3.060420 -9.554541 -2.182254 -113.750000 -10.920000 0.280000
3.074777 -9.095119 -2.667997 -98.629997 -9.870000 1.260000
2.981457 -8.530413 -3.105884 -106.820000 -10.150000 0.490000
2.981457 -8.530413 -3.105884 -106.820000 -10.150000 0.490000
3.034099 -8.011170 -5.359922 -85.400002 -11.270000 -0.630000
3.034099 -8.011170 -5.359922 -85.400002 -11.270000 -0.630000
3.034099 -8.011170 -5.359922 -85.400002 -11.270000 -0.630000
3.160919 -7.881958 -5.625526 -74.129997 -9.450000 -1.750000
3.160919 -7.881958 -5.625526 -74.129997 -9.450000 -1.750000
2.895315 -7.204789 -5.876772 -74.830002 -6.230000 -0.700000
3.153740 -6.769295 -7.073184 -95.059998 -12.110000 -3.360000
3.153740 -6.769295 -7.073184 -95.059998 -12.110000 -3.360000
3.153740 -6.769295 -7.073184 -95.059998 -12.110000 -3.360000
2.873780 -5.673382 -7.360322 -68.110001 -7.490000 -2.240000
2.895315 -5.613562 -7.652246 -70.489998 -4.900000 -1.750000
2.861816 -5.245068 -7.934600 -50.189999 -2.380000 -2.170000
2.861816 -5.245068 -7.934600 -50.189999 -2.380000 -2.170000
2.773281 -4.878965 -7.958528 -56.420002 -2.450000 -1.330000
2.773281 -4.878965 -7.958528 -56.420002 -2.450000 -1.330000
2.773281 -4.878965 -7.958528 -56.420002 -2.450000 -1.330000
2.699104 -4.350152 -8.628519 -43.119999 -0.980000 -0.630000
2.868994 -4.108476 -8.731410 -16.170000 -0.140000 -1.260000
2.770889 -3.972085 -8.807980 -14.980000 1.470000 0.700000
2.770889 -3.972085 -8.807980 -14.980000 1.470000 0.700000
2.713461 -3.790231 -8.635696 -7.910000 3.290000 1.610000
2.713461 -3.790231 -8.635696 -7.910000 3.290000 1.610000
2.713461 -3.790231 -8.635696 -7.910000 3.290000 1.610000
2.591427 -3.615555 -8.616554 -2.240000 5.950000 2.730000
2.691926 -3.876373 -8.429914 -7.910000 5.740000 3.990000
2.691926 -3.876373 -8.429914 -7.910000 5.740000 3.990000
2.691926 -3.876373 -8.429914 -7.910000 5.740000 3.990000
2.703890 -3.809374 -8.456236 -3.290000 3.080000 3.010000
2.703890 -3.809374 -8.456236 -3.290000 3.080000 3.010000
2.703890 -3.809374 -8.456236 -3.290000 3.080000 3.010000
2.703890 -3.809374 -8.456236 -3.290000 3.080000 3.010000
2.703890 -3.809374 -8.456236 -3.290000 3.080000 3.010000
2.567499 -3.974478 -8.508877 -4.130000 2.520000 2.450000
2.567499 -3.974478 -8.508877 -4.130000 2.520000 2.450000
2.567499 -3.974478 -8.508877 -4.130000 2.520000 2.450000
2.567499 -3.974478 -8.508877 -4.130000 2.520000 2.450000
2.567499 -3.974478 -8.508877 -4.130000 2.520000 2.450000
