1.696511 -9.360723 1.701297 1.050000 1.890000 3.080000
1.696511 -9.360723 1.701297 1.050000 1.890000 3.080000
1.392623 -8.693125 1.708475 6.160000 3.780000 4.690000
1.122234 -7.657032 1.526621 -0.070000 6.720000 7.840000
1.098306 -7.489535 1.325624 3.500000 8.050000 13.930000
1.098306 -7.489535 1.325624 3.500000 8.050000 13.930000
0.102891 -5.209175 1.296910 -0.420000 15.260000 45.150002
0.102891 -5.209175 1.296910 -0.420000 15.260000 45.150002
-0.512064 -6.592227 2.014757 3.080000 19.040001 74.199997
-1.392623 -7.025328 1.706082 1.890000 21.139999 86.940002
-1.392623 -7.025328 1.706082 1.890000 21.139999 86.940002
-2.289931 -8.623734 2.294717 5.670000 18.059999 103.529999
-3.730411 -8.260024 1.737189 -9.030000 23.170000 103.040001
-3.730411 -8.260024 1.737189 -9.030000 23.170000 103.040001
-4.481757 -9.468399 2.067399 -8.820000 15.470000 109.129997
-6.094519 -8.757731 1.076770 -27.440001 24.570000 105.070000
-6.620940 -10.033106 1.861616 -25.760000 18.969999 114.590004
-6.099305 -9.303294 2.050649 4.130000 11.480000 113.260002
-7.956135 -9.221939 0.552742 -53.130001 12.600000 113.959999
-7.956135 -9.221939 0.552742 -53.130001 12.600000 113.959999
-8.439486 -8.781659 0.289532 -27.370001 15.260000 106.540001
-8.520842 -9.279366 0.588634 -20.650000 17.290001 107.870003
-8.484949 -8.800802 1.150948 12.740000 21.770000 96.529999
-8.982656 -8.405986 0.937986 8.680000 17.360001 86.730003
-8.760124 -8.303094 1.270589 12.320000 15.750000 83.230003
-8.769694 -7.728817 1.308874 10.640000 12.390000 76.090004
-8.769694 -7.728817 1.308874 10.640000 12.390000 76.090004
-8.937192 -6.656832 1.165305 1.820000 3.080000 65.940002
-8.355737 -6.798009 1.268196 -10.500000 -2.870000 63.980000
-8.793623 -5.726025 0.940379 -17.430000 -14.280000 38.709999
-8.535198 -5.936593 0.801596 -35.000000 -17.360001 36.259998
-8.846266 -6.159126 1.122234 -10.570000 -15.050000 25.129999
-9.178867 -5.020142 0.868595 -10.150000 -12.320000 11.830000
-9.178867 -5.020142 0.868595 -10.150000 -12.320000 11.830000
-9.162118 -4.855037 0.725025 -20.510000 -11.690000 7.700000
-8.669197 -4.680361 0.660419 -12.180000 -7.280000 1.470000
-8.910872 -4.079762 0.638884 5.390000 -1.190000 -2.170000
-9.049655 -3.869194 0.672383 7.700000 -1.750000 -1.050000
-8.860621 -3.749553 0.698704 4.970000 -3.850000 -1.260000
-9.128618 -3.680161 0.753739 7.840000 -3.010000 -0.210000
