2.895315 -9.109475 3.046063 -0.630000 1.610000 -1.820000
3.007778 -9.040084 3.153740 6.160000 0.490000 -1.750000
3.007778 -9.040084 3.153740 6.160000 0.490000 -1.750000
2.857030 -8.822337 3.148954 10.850000 1.470000 -2.800000
3.055635 -8.843873 3.115455 11.760000 1.820000 -1.190000
3.043670 -8.726624 3.345166 16.799999 3.920000 -0.140000
3.043670 -8.726624 3.345166 16.799999 3.920000 -0.140000
2.895315 -8.858230 3.505485 17.150000 1.750000 -1.820000
2.794817 -8.678767 3.515057 21.629999 -1.190000 -3.920000
2.969493 -8.889337 3.969693 -6.510000 1.610000 2.030000
2.828316 -9.705289 3.763910 -53.619999 3.010000 6.510000
2.828316 -9.705289 3.763910 -53.619999 3.010000 6.510000
2.976671 -9.267403 3.783052 -88.199997 1.680000 13.790000
3.287738 -8.958728 3.187240 -141.399994 -6.020000 28.000000
1.323231 -5.474778 1.002593 -119.629997 -22.190001 66.430000
1.923829 -12.736995 -3.196811 -15.680000 -0.980000 -8.120000
2.947958 -8.535198 1.270589 39.270000 -3.500000 6.790000
2.359323 -9.274581 1.569692 10.710000 -3.010000 10.430000
1.854438 -10.526026 -0.043071 -14.980000 -2.380000 3.290000
1.854438 -10.526026 -0.043071 -14.980000 -2.380000 3.290000
2.187040 -10.272388 0.145962 -0.770000 -1.190000 0.770000
1.964507 -10.006784 0.464208 4.480000 1.470000 -0.770000
2.055435 -10.116854 0.236889 1.820000 2.450000 0.070000
2.055435 -10.116854 0.236889 1.820000 2.450000 0.070000
2.017149 -9.851252 0.679562 4.130000 1.050000 -1.260000
1.840081 -9.803394 0.591027 2.520000 2.730000 -3.500000
2.187040 -9.698111 0.332602 11.900000 -0.070000 -1.890000
1.986043 -9.377472 1.155733 12.740000 1.050000 -1.120000
1.986043 -9.377472 1.155733 12.740000 1.050000 -1.120000
1.986043 -9.377472 1.155733 12.740000 1.050000 -1.120000
1.986043 -9.377472 1.155733 12.740000 1.050000 -1.120000
2.148755 -9.777073 0.538385 1.610000 0.980000 0.630000
2.148755 -9.777073 0.538385 1.610000 0.980000 0.630000
2.148755 -9.777073 0.538385 1.610000 0.980000 0.630000
2.122434 -9.992428 0.875773 3.080000 0.490000 0.560000
2.139183 -9.540184 0.710668 2.170000 -0.140000 -0.210000
2.191825 -9.858429 0.641276 7.070000 -0.630000 -0.770000
1.990828 -9.461221 1.088734 11.760000 -1.750000 -1.190000
