4.871787 -7.958528 3.345166 -1.890000 3.710000 1.050000
4.807181 -8.023134 3.268596 2.660000 1.470000 1.400000
4.771288 -7.771888 3.397808 6.230000 3.710000 0.630000
4.764110 -7.731210 3.282953 1.120000 2.660000 0.420000
4.764110 -7.731210 3.282953 1.120000 2.660000 0.420000
4.752146 -7.640282 3.357130 -23.870001 -1.260000 4.270000
4.752146 -7.640282 3.357130 -23.870001 -1.260000 4.270000
4.835894 -7.487142 3.376273 -38.920002 -1.260000 5.320000
4.814359 -7.267002 3.663411 -98.980003 -1.680000 9.310000
4.941179 -8.149954 1.813759 -171.289993 -7.980000 15.050000
4.941179 -8.149954 1.813759 -171.289993 -7.980000 15.050000
4.941179 -8.149954 1.813759 -171.289993 -7.980000 15.050000
4.941179 -8.149954 1.813759 -171.289993 -7.980000 15.050000
4.895715 -9.284152 -1.045663 -170.940002 -16.730000 8.050000
4.895715 -9.284152 -1.045663 -170.940002 -16.730000 8.050000
4.584648 -7.999206 -2.699104 -236.250000 -20.930000 4.130000
4.584648 -7.999206 -2.699104 -236.250000 -20.930000 4.130000
4.618148 -9.432507 -4.962714 -116.830002 -19.040001 -4.200000
4.527221 -6.455836 -3.632305 -154.139999 -17.360001 -0.980000
4.527221 -6.455836 -3.632305 -154.139999 -17.360001 -0.980000
4.527221 -6.455836 -3.632305 -154.139999 -17.360001 -0.980000
4.706682 -5.424529 -6.654440 -100.870003 -15.750000 -9.170000
4.577469 -5.058427 -6.953543 -98.699997 -15.680000 -8.540000
4.534399 -4.778467 -6.929615 -109.550003 -15.190001 -9.100000
4.534399 -4.778467 -6.929615 -109.550003 -15.190001 -9.100000
4.426722 -4.582255 -7.580462 -118.510002 -18.200001 -8.750000
4.393222 -3.428915 -7.963314 -110.110001 -16.590000 -11.270000
4.130012 -3.503092 -8.082954 -116.059998 -18.340000 -12.040000
4.505685 -2.225325 -8.755339 -33.599998 -20.790001 -13.860000
4.055835 -1.904687 -8.752945 -38.360001 -20.230000 -12.180000
3.936193 -2.493321 -9.284152 -43.189999 -14.980000 -8.400000
4.170690 -1.758725 -9.221939 -13.090000 -10.500000 -4.200000
4.170690 -1.758725 -9.221939 -13.090000 -10.500000 -4.200000
4.027121 -2.060220 -9.377472 -12.600000 -8.680000 -2.240000
4.077370 -1.971686 -9.107083 -3.150000 -5.040000 1.750000
4.077370 -1.971686 -9.107083 -3.150000 -5.040000 1.750000
3.795017 -1.756332 -9.186047 2.100000 3.640000 1.050000
3.766303 -1.828116 -9.171689 -3.430000 5.390000 2.310000
3.912265 -1.945365 -8.961121 -1.960000 5.670000 1.610000
3.912265 -1.945365 -8.961121 -1.960000 5.670000 1.610000
3.811767 -1.926222 -8.906086 0.210000 4.970000 2.310000
3.852444 -1.875973 -8.791230 0.280000 5.460000 3.220000
