2.828316 -9.025726 2.813959 -6.790000 3.430000 3.220000
2.995814 -9.011370 2.878566 -14.840000 1.540000 3.360000
2.995814 -9.011370 2.878566 -14.840000 1.540000 3.360000
2.885744 -8.930015 2.924029 -16.870001 0.630000 2.870000
2.885744 -8.930015 2.924029 -16.870001 0.630000 2.870000
2.991028 -8.669197 2.569891 -42.700001 -2.520000 3.780000
2.983850 -8.848659 2.569891 -96.320000 -5.880000 6.370000
3.000600 -8.633304 1.402194 -50.680000 -3.920000 2.660000
2.818745 -9.123833 1.081556 -116.620003 -7.700000 6.020000
2.818745 -9.123833 1.081556 -116.620003 -7.700000 6.020000
3.029313 -9.939785 0.129212 -108.360001 -11.690000 5.810000
3.077170 -8.937192 0.196211 -83.300003 -9.520000 1.960000
3.134598 -9.829715 -1.627119 -118.650002 -10.850000 3.080000
3.134598 -9.829715 -1.627119 -118.650002 -10.850000 3.080000
3.096312 -9.047262 -1.624727 -111.650002 -10.990000 -0.630000
3.189633 -9.348758 -3.125026 -122.150002 -13.790000 1.750000
3.058028 -9.734003 -3.620341 -91.070000 -10.360000 1.120000
2.756532 -8.516055 -3.330809 -89.389999 -6.650000 1.820000
3.184847 -8.851050 -4.453043 -69.930000 -9.310000 -1.190000
2.969493 -7.819745 -4.299902 -69.300003 -5.740000 1.540000
2.991028 -8.511270 -5.225924 -89.599998 -10.850000 -1.260000
3.151347 -8.142776 -5.314459 -71.540001 -11.200000 -3.570000
2.868994 -6.886543 -5.491528 -102.199997 -11.060000 -0.420000
2.981457 -7.496714 -6.419943 -95.340004 -13.090000 -1.190000
2.981457 -7.496714 -6.419943 -95.340004 -13.090000 -1.190000
2.699104 -6.173482 -6.573084 -99.330002 -11.830000 -2.450000
2.641676 -6.242875 -7.118648 -151.830002 -14.560000 0.140000
2.615355 -5.192425 -7.673782 -70.139999 -10.920000 -1.610000
2.615355 -5.192425 -7.673782 -70.139999 -10.920000 -1.610000
2.598605 -5.297709 -8.126025 -68.459999 -13.790000 -2.240000
2.457429 -4.826324 -8.441878 -41.160000 -10.920000 -2.030000
2.347359 -4.431508 -8.501699 -42.560001 -8.330000 -0.630000
2.378466 -4.546363 -8.520842 -36.959999 -6.580000 1.890000
2.617748 -4.328616 -8.932407 -40.950001 -2.310000 2.100000
2.536392 -4.680361 -8.898908 -26.530001 -5.460000 -0.210000
2.404787 -3.699304 -8.951550 -22.680000 -3.990000 -3.570000
2.404787 -3.699304 -8.951550 -22.680000 -3.990000 -3.570000
2.136791 -3.885944 -8.767302 -34.160000 -3.850000 -4.060000
2.277967 -3.603590 -8.827123 -23.309999 -3.430000 -3.150000
2.175076 -3.495914 -8.846266 -18.129999 1.820000 1.120000
2.175076 -3.495914 -8.846266 -18.129999 1.820000 1.120000
2.227718 -3.565305 -9.030513 -9.030000 4.270000 3.220000
2.203789 -3.603590 -9.040084 -6.440000 3.430000 3.360000
2.191825 -3.651447 -9.135797 -3.150000 5.600000 3.640000
2.225325 -3.426522 -8.965906 0.140000 5.670000 2.800000
2.225325 -3.426522 -8.965906 0.140000 5.670000 2.800000
2.289931 -3.591627 -9.147761 -6.790000 4.550000 2.590000
2.402394 -3.548556 -9.066404 -1.190000 7.350000 3.850000
2.182254 -3.541377 -8.961121 -3.640000 6.860000 3.640000
