2.191825 -9.798609 0.564706 -3.290000 4.340000 3.780000
2.160719 -9.736395 0.593420 -4.970000 3.990000 4.060000
2.120041 -9.860823 0.504886 -7.980000 4.480000 3.710000
2.120041 -9.860823 0.504886 -7.980000 4.480000 3.710000
2.033899 -9.736395 0.337388 -2.870000 5.950000 2.310000
2.050649 -9.717253 0.502493 -3.500000 5.880000 2.520000
2.045863 -9.748360 0.533599 -3.780000 6.510000 1.400000
2.098505 -9.621540 0.617348 -0.420000 7.140000 2.100000
2.098505 -9.621540 0.617348 -0.420000 7.140000 2.100000
2.055435 -9.664611 0.744168 12.810000 10.220000 1.680000
2.108077 -9.762716 0.653241 10.780000 12.040000 1.610000
2.184647 -10.289137 0.739382 29.889999 15.330000 2.590000
2.187040 -10.482956 0.547956 58.380001 18.270000 2.380000
2.065006 -9.698111 2.057827 116.970001 24.430000 0.070000
2.017149 -9.451650 2.596212 102.340004 26.950001 2.240000
2.017149 -9.451650 2.596212 102.340004 26.950001 2.240000
1.988436 -9.008978 4.024727 133.839996 28.139999 0.700000
1.887937 -9.183653 3.924229 138.460007 28.559999 -3.360000
1.751546 -7.061220 5.656632 233.449997 29.680000 -11.410000
1.706082 -5.680561 6.443871 226.520004 29.049999 -13.860000
1.318445 -4.610970 7.618747 182.910004 26.250000 -13.720000
1.548156 -3.687340 8.130811 171.500000 26.250000 -16.240000
1.399801 -2.751746 8.506484 163.380005 28.000000 -14.350000
1.395016 -2.021935 8.961121 153.580002 21.070000 -14.420000
0.990629 -0.945165 9.128618 147.490005 25.059999 -10.570000
1.268196 -0.765703 9.111869 146.089996 26.040001 -11.340000
1.268196 -0.765703 9.111869 146.089996 26.040001 -11.340000
1.268196 -0.765703 9.111869 146.089996 26.040001 -11.340000
1.268196 -0.765703 9.111869 146.089996 26.040001 -11.340000
1.268196 -0.765703 9.111869 146.089996 26.040001 -11.340000
1.268196 -0.765703 9.111869 146.089996 26.040001 -11.340000
0.445065 2.512464 9.731609 39.689999 19.180000 -2.660000
0.445065 2.512464 9.731609 39.689999 19.180000 -2.660000
0.284746 2.268396 10.042676 12.880000 13.020000 -4.830000
0.454636 2.495714 9.698111 4.620000 8.750000 -0.700000
0.184247 2.641676 9.891929 -2.800000 7.770000 1.470000
0.234497 1.962115 9.281759 -18.129999 3.010000 3.010000
0.263210 1.940579 9.219545 -3.920000 4.480000 1.330000
0.287139 2.428715 9.401401 -7.490000 3.570000 3.290000
0.327817 1.935793 9.229117 -14.630000 1.680000 3.360000
