1.081556 -9.525827 2.220540 2.170000 -0.070000 0.140000
1.045663 -9.540184 2.172683 -0.490000 -1.050000 0.350000
0.988236 -9.595219 2.143969 -1.120000 -1.330000 0.350000
0.988236 -9.595219 2.143969 -1.120000 -1.330000 0.350000
1.048056 -9.556933 2.103291 1.400000 -0.910000 0.350000
1.048056 -9.556933 2.103291 1.400000 -0.910000 0.350000
1.048056 -9.556933 2.103291 1.400000 -0.910000 0.350000
1.048056 -9.556933 2.103291 1.400000 -0.910000 0.350000
1.115055 -9.619147 2.110470 -0.770000 -0.280000 -0.630000
1.129412 -9.600004 2.175076 0.840000 -0.350000 0.210000
1.074377 -9.583255 2.153540 0.280000 -0.420000 -0.280000
1.050449 -9.592826 2.105684 0.140000 -0.630000 -0.070000
1.050449 -9.592826 2.105684 0.140000 -0.630000 -0.070000
1.079163 -9.657433 2.079363 0.560000 -0.210000 -0.420000
1.086342 -9.607183 2.143969 0.910000 0.770000 -0.140000
1.067199 -9.604790 2.158326 0.210000 0.490000 -0.350000
1.112662 -9.518648 2.139183 -0.140000 -0.210000 -0.350000
1.138984 -9.530612 2.143969 1.960000 0.420000 0.140000
1.093520 -9.671788 2.108077 -1.120000 0.140000 -0.070000
1.143769 -9.511470 2.153540 1.260000 0.490000 0.210000
1.143769 -9.511470 2.153540 1.260000 0.490000 0.210000
1.028914 -9.686146 2.208575 0.140000 -0.210000 0.350000
1.100698 -9.556933 2.199004 -0.140000 -0.560000 -0.630000
1.100698 -9.556933 2.199004 -0.140000 -0.560000 -0.630000
1.138984 -9.616754 2.112862 0.560000 -0.490000 -0.140000
1.060020 -9.638289 2.084148 0.630000 -0.140000 -0.070000
1.007378 -9.499505 2.062613 0.140000 0.350000 -0.560000
1.158126 -9.530612 2.120041 2.170000 0.840000 0.490000
1.158126 -9.530612 2.120041 2.170000 0.840000 0.490000
1.160519 -9.576077 2.242075 0.140000 0.560000 0.420000
1.088734 -9.662218 2.172683 0.560000 0.350000 0.490000
1.165305 -9.695717 2.160719 -0.490000 -0.490000 -0.140000
1.043271 -9.533006 2.158326 1.120000 0.140000 -0.840000
1.203590 -9.497113 2.220540 0.140000 0.070000 0.140000
1.203590 -9.497113 2.220540 0.140000 0.070000 0.140000
1.055235 -9.552148 2.136791 -0.070000 0.210000 0.140000
1.040878 -9.506684 2.163112 -0.490000 0.210000 -0.350000
1.112662 -9.470792 2.146362 0.770000 -0.070000 0.560000
1.062413 -9.664611 2.222932 -0.280000 0.140000 1.190000
1.024128 -9.537791 2.129612 -0.420000 -0.910000 -0.140000
1.024128 -9.537791 2.129612 -0.420000 -0.910000 -0.140000
1.024128 -9.537791 2.129612 -0.420000 -0.910000 -0.140000
1.055235 -9.578469 2.146362 0.280000 -0.560000 0.490000
1.055235 -9.578469 2.146362 0.280000 -0.560000 0.490000
