1.727618 -9.343972 1.775474 13.370000 0.140000 -0.210000
1.746760 -9.245867 1.734797 1.120000 1.190000 0.560000
1.703690 -9.561719 1.966900 -1.050000 0.350000 2.030000
1.873580 -9.387043 1.818545 1.050000 -1.260000 0.980000
1.844866 -9.686146 1.880759 -3.010000 -0.210000 3.220000
1.737189 -9.748360 1.890330 -2.240000 0.210000 0.140000
1.847259 -9.626326 2.115255 -8.260000 -0.140000 -1.120000
1.847259 -9.626326 2.115255 -8.260000 -0.140000 -1.120000
1.562513 -9.894321 2.017149 -15.890000 1.470000 0.350000
1.775474 -9.848858 1.584049 -24.080000 0.980000 -2.590000
1.710868 -9.705289 2.347359 -24.850000 2.240000 -6.510000
1.710868 -9.705289 2.347359 -24.850000 2.240000 -6.510000
1.746760 -9.678967 1.758725 -42.279999 -1.190000 -1.610000
1.722832 -9.958927 0.978664 -36.889999 4.340000 -3.290000
1.797010 -10.071390 1.079163 -32.970001 2.940000 -6.090000
1.971686 -9.736395 -0.122034 -60.830002 8.400000 5.040000
2.005185 -9.238688 -1.225125 -35.000000 19.600000 0.350000
2.074577 -9.734003 -0.897308 -64.260002 24.780001 2.800000
2.323431 -10.090532 -1.289732 -50.330002 24.710001 -0.490000
1.828116 -9.518648 -1.390230 -32.060001 30.520000 0.350000
1.828116 -9.518648 -1.390230 -32.060001 30.520000 0.350000
2.234896 -9.760324 -0.689133 -28.139999 25.760000 7.560000
2.103291 -9.719646 -1.732404 -13.160000 30.730000 21.210001
1.433301 -9.643075 -1.785046 7.140000 25.059999 18.059999
1.887937 -9.372685 -1.213161 17.290001 18.969999 13.020000
1.887937 -9.372685 -1.213161 17.290001 18.969999 13.020000
1.768296 -9.607183 -0.736989 24.219999 10.430000 7.350000
1.706082 -9.415757 -0.653241 10.360000 6.230000 3.010000
1.854438 -9.576077 -0.394816 4.760000 4.970000 2.800000
1.507478 -9.774680 -1.004985 0.700000 3.920000 0.280000
1.691726 -9.425328 -0.765703 9.800000 2.800000 0.770000
1.457229 -9.611969 -0.789631 0.630000 4.480000 2.240000
1.701297 -10.320245 -0.557528 2.170000 4.970000 1.330000
1.655833 -10.068997 -0.720240 7.630000 3.080000 -0.350000
1.655833 -10.068997 -0.720240 7.630000 3.080000 -0.350000
1.737189 -9.504292 -0.516850 -0.210000 2.170000 2.310000
1.672583 -10.040283 -0.679562 4.270000 0.420000 1.890000
1.505085 -9.489935 -0.598206 12.180000 1.330000 3.570000
1.505085 -9.489935 -0.598206 12.180000 1.330000 3.570000
1.505085 -9.891929 -0.497707 5.530000 2.590000 5.040000
1.459622 -9.824929 -0.392423 6.860000 2.590000 3.850000
1.596013 -9.707682 -0.291924 5.040000 2.800000 3.150000
