2.301895 -9.540184 -0.557528 -0.910000 0.210000 0.280000
2.304288 -9.734003 -0.634098 -1.540000 0.140000 0.280000
2.407180 -9.710074 -0.540778 0.700000 0.420000 0.490000
2.421536 -9.738789 -0.514457 0.980000 0.140000 -0.140000
2.421536 -9.738789 -0.514457 0.980000 0.140000 -0.140000
2.318645 -9.817751 -0.583849 0.350000 0.910000 -0.630000
2.318645 -9.817751 -0.583849 0.350000 0.910000 -0.630000
2.342573 -9.719646 -0.602991 -0.280000 0.840000 -0.910000
2.342573 -9.719646 -0.602991 -0.280000 0.840000 -0.910000
2.356930 -9.480364 -0.545564 -0.980000 1.120000 -0.840000
2.356930 -9.480364 -0.545564 -0.980000 1.120000 -0.840000
2.311467 -9.561719 -0.516850 0.070000 0.560000 -0.210000
2.316252 -9.671788 -0.581456 -0.560000 0.420000 -0.280000
2.450250 -9.664611 -0.478565 0.420000 0.140000 0.280000
2.450250 -9.664611 -0.478565 0.420000 0.140000 0.280000
2.450250 -9.664611 -0.478565 0.420000 0.140000 0.280000
2.450250 -9.664611 -0.478565 0.420000 0.140000 0.280000
2.450250 -9.664611 -0.478565 0.420000 0.140000 0.280000
2.450250 -9.664611 -0.478565 0.420000 0.140000 0.280000
2.450250 -9.664611 -0.478565 0.420000 0.140000 0.280000
2.376073 -9.609575 -0.588634 0.070000 -0.350000 -0.560000
2.404787 -9.573684 -0.756132 0.070000 0.280000 0.140000
2.404787 -9.573684 -0.756132 0.070000 0.280000 0.140000
2.352145 -9.470792 -0.485743 0.910000 -0.280000 0.490000
2.352145 -9.470792 -0.485743 0.910000 -0.280000 0.490000
2.292324 -9.676575 -0.543171 -0.770000 0.070000 0.280000
2.292324 -9.676575 -0.543171 -0.770000 0.070000 0.280000
2.321038 -9.647861 -0.574277 1.260000 -0.560000 -0.140000
2.316252 -9.674182 -0.586242 -0.490000 -0.070000 -0.350000
2.258825 -9.628718 -0.576670 2.030000 -0.840000 -0.420000
2.258825 -9.628718 -0.576670 2.030000 -0.840000 -0.420000
2.239682 -9.537791 -0.591027 1.400000 -0.910000 -0.210000
2.270789 -9.544970 -0.571885 0.910000 -0.630000 -0.210000
2.344966 -9.535398 -0.607777 0.560000 -0.770000 0.350000
2.356930 -9.611969 -0.562313 0.840000 -0.070000 0.840000
2.325824 -9.554541 -0.488136 0.280000 -0.140000 0.560000
2.328217 -9.748360 -0.586242 -0.140000 -0.420000 0.420000
2.328217 -9.714860 -0.533599 1.120000 -0.210000 0.070000
2.328217 -9.714860 -0.533599 1.120000 -0.210000 0.070000
2.263610 -9.731609 -0.579063 0.140000 -0.630000 -0.700000
2.328217 -9.777073 -0.569492 0.350000 -0.840000 -1.190000
2.328217 -9.777073 -0.569492 0.350000 -0.840000 -1.190000
2.349752 -9.635897 -0.473779 1.260000 -0.280000 -0.420000
2.349752 -9.635897 -0.473779 1.260000 -0.280000 -0.420000
2.299503 -9.518648 -0.514457 0.140000 0.210000 -0.700000
2.335395 -9.695717 -0.512064 1.960000 0.350000 0.420000
