9.377472 0.294317 2.672783 0.350000 0.630000 1.540000
9.377472 0.294317 2.672783 0.350000 0.630000 1.540000
9.480364 0.256032 2.612962 0.700000 -0.280000 -0.490000
9.336794 0.311067 2.646462 0.980000 0.140000 -0.770000
9.360723 0.430708 2.581856 0.840000 0.210000 -1.190000
9.305687 0.423530 2.622534 0.070000 -0.280000 -0.280000
9.305687 0.423530 2.622534 0.070000 -0.280000 -0.280000
9.300901 0.380459 2.526821 -0.350000 0.700000 0.140000
9.272188 0.366102 2.603391 0.560000 0.980000 0.490000
9.401401 0.356531 2.677568 -0.140000 0.490000 0.560000
9.399008 0.272782 2.624927 -0.210000 0.140000 0.070000
9.346365 0.332602 2.689533 0.700000 -0.490000 -0.840000
9.346365 0.332602 2.689533 0.700000 -0.490000 -0.840000
9.430114 0.356531 2.632105 1.260000 -1.190000 -1.330000
9.341579 0.351745 2.557927 0.910000 -0.140000 -1.120000
9.341579 0.351745 2.557927 0.910000 -0.140000 -1.120000
9.360723 0.425922 2.598605 1.120000 0.420000 -0.980000
9.284152 0.433101 2.560320 0.630000 -0.070000 0.070000
9.336794 0.495314 2.632105 1.050000 0.350000 0.070000
9.265009 0.397209 2.648855 -0.140000 0.280000 0.560000
9.300901 0.416351 2.677568 1.400000 -0.490000 0.490000
9.399008 0.387637 2.605784 1.190000 -1.260000 0.490000
9.454042 0.413958 2.567499 0.840000 -0.980000 0.630000
9.439686 0.346959 2.581856 1.470000 0.210000 0.560000
9.439686 0.346959 2.581856 1.470000 0.210000 0.560000
9.375079 0.330210 2.605784 0.560000 0.280000 -0.210000
9.341579 0.447458 2.636890 0.910000 -0.070000 -1.120000
9.288938 0.433101 2.608176 1.680000 -0.210000 -0.280000
9.267403 0.423530 2.596212 1.190000 -0.630000 -0.280000
9.267403 0.423530 2.596212 1.190000 -0.630000 -0.280000
9.367901 0.284746 2.639283 0.490000 -0.280000 -0.210000
9.367901 0.284746 2.639283 0.490000 -0.280000 -0.210000
9.367901 0.284746 2.639283 0.490000 -0.280000 -0.210000
9.399008 0.418744 2.612962 1.120000 -0.280000 -1.260000
9.365508 0.483350 2.648855 0.770000 0.140000 -0.910000
9.406186 0.409173 2.644069 1.400000 0.770000 -0.700000
9.406186 0.409173 2.644069 1.400000 0.770000 -0.700000
9.437292 0.483350 2.684747 1.820000 0.630000 -1.260000
9.437292 0.483350 2.684747 1.820000 0.630000 -1.260000
9.521042 0.416351 2.651247 0.840000 0.210000 -1.680000
