3.428915 -8.525627 3.582055 4.550000 -0.490000 -1.680000
3.259024 -8.736196 3.270989 4.340000 1.400000 -0.560000
3.259024 -8.736196 3.270989 4.340000 1.400000 -0.560000
3.302095 -8.597411 3.450450 4.200000 -0.280000 -2.170000
3.349952 -8.578269 3.369094 1.470000 -0.700000 -0.770000
3.404987 -8.544770 3.266203 -1.750000 0.420000 0.420000
3.268596 -8.609376 3.412165 -1.400000 -1.190000 -0.350000
3.335595 -8.657232 3.187240 -1.120000 -0.630000 -0.560000
3.335595 -8.657232 3.187240 -1.120000 -0.630000 -0.560000
3.254239 -8.697910 3.141776 5.390000 1.610000 -1.050000
3.416951 -8.817552 3.467200 3.360000 1.540000 0.980000
3.220739 -8.779266 3.538985 1.260000 2.100000 -0.630000
3.220739 -8.779266 3.538985 1.260000 2.100000 -0.630000
3.203990 -8.815158 3.658626 -3.780000 2.870000 2.170000
3.249453 -9.298509 3.467200 -15.050000 4.340000 4.760000
3.316452 -9.274581 2.182254 -132.580002 1.960000 19.950001
3.388237 -8.102098 2.299503 -120.540001 -2.730000 25.620001
2.873780 -7.826923 1.617548 -115.290001 -8.330000 30.170000
2.873780 -7.826923 1.617548 -115.290001 -8.330000 30.170000
2.261217 -8.973085 0.576670 -113.330002 -12.530000 26.110001
2.321038 -10.092925 -0.928415 -55.439999 -2.100000 10.850000
2.524428 -10.274779 -0.650848 -9.870000 -0.280000 8.050000
2.569891 -10.054641 -0.330210 1.050000 -1.890000 8.540000
2.280360 -10.023535 -0.473779 -15.820000 -1.120000 4.270000
2.447858 -10.432706 -0.792024 -5.040000 -1.540000 0.420000
2.431108 -9.901501 -0.636491 6.160000 -2.450000 -0.140000
2.318645 -9.939785 -0.665205 1.820000 -1.540000 -2.170000
2.378466 -9.626326 -0.765703 3.500000 -1.400000 -2.940000
2.402394 -9.119047 -0.339781 3.010000 -1.960000 -3.010000
2.402394 -9.119047 -0.339781 3.010000 -1.960000 -3.010000
2.385644 -9.343972 -0.720240 6.160000 -0.770000 0.560000
2.383251 -9.312866 -0.385244 -1.260000 -0.280000 0.350000
2.383251 -9.312866 -0.385244 -1.260000 -0.280000 0.350000
2.383251 -9.312866 -0.385244 -1.260000 -0.280000 0.350000
2.428715 -9.384650 -0.490529 4.760000 -2.520000 2.380000
2.481357 -9.858429 -0.368495 3.920000 -1.820000 1.680000
2.481357 -9.858429 -0.368495 3.920000 -1.820000 1.680000
2.256432 -9.913465 -0.332602 2.520000 -0.280000 0.350000
2.270789 -9.760324 -0.275175 6.440000 -0.280000 -0.980000
2.392823 -9.683753 -0.387637 1.190000 -1.260000 -1.890000
