5.247460 -7.518249 3.309274 -6.510000 3.430000 1.750000
5.326423 -7.501499 3.352344 -6.580000 4.060000 2.380000
5.273781 -7.475177 3.227918 -5.530000 5.390000 2.520000
5.302495 -7.420143 3.306881 -5.250000 4.410000 3.150000
5.302495 -7.420143 3.306881 -5.250000 4.410000 3.150000
5.245068 -7.444071 3.321238 -9.870000 3.360000 3.990000
5.350351 -7.604390 3.460021 -31.780001 3.360000 5.530000
5.350351 -7.604390 3.460021 -31.780001 3.360000 5.530000
5.297709 -7.506285 3.299703 -65.379997 2.870000 7.350000
5.113462 -8.032705 2.304288 -97.650002 -1.540000 7.140000
5.309673 -7.733603 1.995614 -120.889999 -1.120000 6.860000
5.309673 -7.733603 1.995614 -120.889999 -1.120000 6.860000
5.204390 -7.879565 1.148555 -176.119995 -6.440000 7.630000
5.352744 -8.750552 -0.583849 -127.330002 -7.770000 0.700000
5.352744 -8.750552 -0.583849 -127.330002 -7.770000 0.700000
5.170890 -7.972885 -2.857030 -120.610001 -14.630000 -4.340000
5.170890 -7.972885 -2.857030 -120.610001 -14.630000 -4.340000
5.268995 -7.192825 -3.720839 -113.820000 -12.180000 -4.970000
5.283352 -7.243074 -4.711468 -103.180000 -14.490000 -4.130000
5.283352 -7.243074 -4.711468 -103.180000 -14.490000 -4.130000
5.060820 -7.257431 -4.802395 -62.369999 -10.500000 -7.210000
5.072784 -6.697510 -4.938786 -55.860001 -10.780000 -6.930000
5.072784 -6.697510 -4.938786 -55.860001 -10.780000 -6.930000
5.446064 -5.828916 -6.137590 -66.010002 -13.720000 -9.590000
5.326423 -5.575277 -6.632904 -77.980003 -12.390000 -5.880000
5.242674 -5.285746 -6.601797 -63.840000 -11.550000 -6.510000
5.123034 -4.374080 -6.735795 -88.760002 -11.830000 -6.300000
5.218746 -4.893322 -7.267002 -87.220001 -17.710001 -5.320000
5.309673 -4.347759 -7.477571 -63.700001 -17.430000 -7.420000
4.663611 -3.299703 -8.075776 -63.560001 -15.120000 -5.110000
4.816752 -3.266203 -8.157133 -56.840000 -14.630000 -4.760000
4.711468 -2.962314 -8.542377 -32.480000 -11.970000 -3.710000
4.711468 -2.962314 -8.542377 -32.480000 -11.970000 -3.710000
4.699504 -2.639283 -8.482556 -47.320000 -7.420000 -1.750000
4.768896 -2.861816 -8.367701 -37.029999 -6.650000 -0.490000
4.517649 -2.636890 -8.707481 -14.140000 -1.120000 1.610000
4.517649 -2.636890 -8.707481 -14.140000 -1.120000 1.610000
4.560720 -2.641676 -8.666803 -10.640000 1.190000 2.520000
4.689932 -2.586641 -8.377272 -7.910000 4.690000 2.310000
4.689932 -2.586641 -8.377272 -7.910000 4.690000 2.310000
4.572684 -2.464607 -8.401200 -3.500000 4.620000 2.730000
4.587041 -2.581856 -8.441878 -5.530000 5.460000 3.710000
4.587041 -2.581856 -8.441878 -5.530000 5.460000 3.710000
4.512863 -2.543570 -8.463413 -1.820000 5.950000 1.540000
4.512863 -2.543570 -8.463413 -1.820000 5.950000 1.540000
4.555934 -2.545963 -8.401200 2.800000 6.650000 2.730000
