1.792224 -9.848858 0.356531 -8.260000 5.740000 2.170000
1.725225 -9.882358 0.430708 -8.750000 4.480000 1.400000
1.725225 -9.882358 0.430708 -8.750000 4.480000 1.400000
1.818545 -9.958927 0.208176 -8.260000 5.110000 2.030000
1.715654 -9.647861 0.413958 -4.900000 6.160000 0.980000
1.808974 -9.884750 0.330210 -4.970000 6.440000 2.030000
1.808974 -9.884750 0.330210 -4.970000 6.440000 2.030000
1.758725 -9.789038 0.404387 -1.890000 6.720000 1.540000
1.847259 -10.236496 0.270389 20.930000 8.050000 1.330000
1.847259 -10.411172 0.437887 47.180000 9.310000 -0.700000
1.713261 -9.401401 1.261017 37.799999 13.020000 -3.290000
1.713261 -9.401401 1.261017 37.799999 13.020000 -3.290000
1.940579 -10.396815 0.669990 15.470000 14.210000 -2.310000
1.938186 -11.085947 0.770489 69.019997 18.830000 -4.480000
1.911865 -9.260223 1.722832 116.900002 24.360001 -7.630000
1.962115 -8.774480 3.163311 167.930008 25.200001 -5.110000
1.727618 -8.396415 4.108476 180.740005 23.590000 -10.850000
1.880759 -7.678568 5.027320 224.839996 19.950001 -16.520000
1.880759 -7.678568 5.027320 224.839996 19.950001 -16.520000
1.923829 -5.883951 6.987042 205.800003 14.000000 -21.280001
2.024328 -4.297509 7.477571 206.360001 26.460001 -13.440001
1.775474 -2.524428 8.039884 197.399994 25.270000 -9.100000
1.775474 -2.524428 8.039884 197.399994 25.270000 -9.100000
1.909473 -2.543570 8.544770 196.210007 19.879999 -15.190001
1.447658 -0.725025 9.262616 160.300003 21.350000 -11.620000
1.859223 -0.602991 9.001799 168.910004 16.240000 -13.860000
1.859223 -0.602991 9.001799 168.910004 16.240000 -13.860000
1.859223 -0.602991 9.001799 168.910004 16.240000 -13.860000
1.859223 -0.602991 9.001799 168.910004 16.240000 -13.860000
1.859223 -0.602991 9.001799 168.910004 16.240000 -13.860000
1.859223 -0.602991 9.001799 168.910004 16.240000 -13.860000
0.911665 2.691926 9.394222 28.490000 13.370000 0.910000
0.923629 2.689533 9.332008 -3.500000 6.720000 1.680000
0.923629 2.689533 9.332008 -3.500000 6.720000 1.680000
0.940379 2.653640 9.293723 -3.360000 6.790000 2.240000
0.985843 2.880959 9.403792 -17.990000 6.440000 4.760000
0.827917 2.311467 9.145369 -13.930000 3.640000 3.710000
0.899701 2.388037 9.080762 -6.720000 4.200000 2.940000
0.928415 2.569891 9.183653 -7.140000 4.970000 3.710000
0.880559 2.356930 9.004191 -8.890000 2.800000 4.340000
0.957129 2.404787 9.200402 -4.620000 4.130000 3.430000
