1.842474 -9.387043 2.179861 1.470000 1.400000 -1.260000
1.990828 -9.341579 2.194218 -1.330000 0.910000 -1.820000
1.990828 -9.341579 2.194218 -1.330000 0.910000 -1.820000
1.797010 -9.286544 2.280360 -7.420000 1.750000 1.260000
1.976472 -9.578469 1.811367 1.330000 1.610000 2.450000
1.636691 -9.434900 2.397608 -8.050000 -0.420000 -0.630000
1.636691 -9.434900 2.397608 -8.050000 -0.420000 -0.630000
1.938186 -9.621540 1.686940 0.700000 -2.030000 0.210000
1.842474 -9.564112 1.852045 7.840000 0.770000 0.560000
1.658226 -9.489935 2.227718 -14.700000 2.450000 0.840000
1.859223 -9.954143 2.108077 -48.020000 5.950000 2.450000
1.660619 -9.851252 2.146362 -63.139999 6.790000 0.210000
1.698904 -10.042676 1.708475 -79.590004 8.750000 -0.910000
1.749153 -10.157533 1.430908 -75.389999 8.540000 -6.440000
1.749153 -10.157533 1.430908 -75.389999 8.540000 -6.440000
1.670190 -10.595419 1.385444 -68.180000 8.260000 -8.260000
2.076970 -9.001799 -0.272782 -89.599998 8.610000 -2.520000
2.203789 -11.157731 -1.868794 -67.059998 16.520000 -7.980000
2.337788 -9.018548 -1.816152 -36.959999 20.160000 -2.030000
2.230111 -9.200402 -1.765903 -19.740000 32.270000 1.470000
2.230111 -9.200402 -1.765903 -19.740000 32.270000 1.470000
2.519642 -9.363115 -1.366302 -27.299999 36.680000 11.060000
2.392823 -9.588040 -2.672783 -28.910000 48.509998 20.160000
1.801795 -9.073583 -2.019542 19.250000 36.820000 5.250000
1.801795 -9.073583 -2.019542 19.250000 36.820000 5.250000
2.292324 -9.099905 -0.818345 18.620001 25.340000 4.830000
2.292324 -9.099905 -0.818345 18.620001 25.340000 4.830000
2.062613 -9.585647 -0.866202 8.610000 15.330000 4.060000
2.062613 -9.585647 -0.866202 8.610000 15.330000 4.060000
2.062613 -9.585647 -0.866202 8.610000 15.330000 4.060000
2.062613 -9.585647 -0.866202 8.610000 15.330000 4.060000
1.976472 -9.135797 -0.827917 5.320000 1.190000 3.640000
2.000400 -10.059426 -1.009771 1.190000 -0.420000 3.920000
2.000400 -10.059426 -1.009771 1.190000 -0.420000 3.920000
1.811367 -9.937392 -1.079163 5.950000 -1.680000 3.080000
1.878366 -9.267403 -0.995414 -0.280000 -1.400000 0.490000
1.878366 -9.267403 -0.995414 -0.280000 -1.400000 0.490000
2.045863 -9.559326 -1.138984 -6.020000 0.420000 1.260000
2.242075 -9.556933 -1.004985 8.120000 -0.350000 3.430000
1.792224 -9.745967 -1.086342 8.540000 1.190000 4.060000
1.792224 -9.745967 -1.086342 8.540000 1.190000 4.060000
1.792224 -9.745967 -1.086342 8.540000 1.190000 4.060000
1.811367 -9.846465 -1.019342 0.630000 2.380000 4.270000
1.811367 -9.846465 -1.019342 0.630000 2.380000 4.270000
