2.120041 -9.394222 1.689333 -1.400000 4.550000 3.150000
2.038685 -9.702895 1.562513 -6.160000 6.020000 3.850000
2.115255 -9.676575 1.818545 -4.270000 2.870000 4.130000
2.132005 -9.681360 1.677369 -14.770000 1.330000 2.380000
2.132005 -9.681360 1.677369 -14.770000 1.330000 2.380000
2.132005 -9.681360 1.677369 -14.770000 1.330000 2.380000
2.132005 -9.681360 1.677369 -14.770000 1.330000 2.380000
2.294717 -9.310472 1.569692 -34.790001 -0.560000 0.770000
2.261217 -10.013963 0.339781 -116.410004 -7.560000 2.870000
2.261217 -10.013963 0.339781 -116.410004 -7.560000 2.870000
2.167897 -9.020942 -0.418744 -153.720001 -10.150000 0.910000
2.287539 -9.281759 -2.785245 -173.669998 -18.620001 -1.120000
2.148755 -9.174082 -3.479164 -129.570007 -20.719999 -1.960000
2.148755 -9.174082 -3.479164 -129.570007 -20.719999 -1.960000
1.993221 -8.181061 -4.716253 -112.000000 -17.990000 -1.050000
2.196611 -8.480164 -5.546563 -105.910004 -19.320000 -6.300000
2.246860 -7.977671 -5.955735 -87.919998 -19.460001 -7.770000
2.246860 -7.977671 -5.955735 -87.919998 -19.460001 -7.770000
2.172683 -7.326823 -6.223732 -72.519997 -17.780001 -12.320000
2.172683 -7.326823 -6.223732 -72.519997 -17.780001 -12.320000
2.007578 -6.171089 -7.305287 -45.570000 -14.420000 -7.560000
2.036292 -6.218946 -7.176075 -84.980003 -11.270000 -10.010000
2.199004 -6.379266 -7.350751 -82.739998 -12.950000 -11.550000
2.199004 -6.379266 -7.350751 -82.739998 -12.950000 -11.550000
2.199004 -6.379266 -7.350751 -82.739998 -12.950000 -11.550000
1.847259 -5.338387 -7.994420 -59.080002 -10.850000 -13.580000
2.196611 -5.077570 -8.597411 -46.480000 -10.850000 -15.820000
2.196611 -5.077570 -8.597411 -46.480000 -10.850000 -15.820000
1.887937 -4.022335 -8.463413 -63.770000 -10.500000 -10.780000
1.935793 -4.364508 -8.817552 -13.510000 -9.380000 -2.030000
1.521835 -3.641876 -8.755339 -6.580000 -3.080000 1.960000
1.732404 -4.031906 -8.846266 -3.640000 -1.330000 3.430000
1.765903 -4.120440 -8.853443 8.750000 1.120000 9.030000
1.727618 -4.340580 -8.657232 -14.280000 1.680000 6.580000
1.770689 -4.400401 -8.532805 -9.730000 -7.490000 -0.070000
1.557728 -4.036692 -8.920443 -17.360001 -8.890000 -0.910000
1.557728 -4.036692 -8.920443 -17.360001 -8.890000 -0.910000
1.356731 -4.280759 -8.831908 -14.490000 -5.390000 1.260000
1.385444 -3.802195 -9.162118 5.530000 2.730000 4.410000
1.471586 -4.122833 -9.037691 -6.090000 8.750000 7.210000
1.471586 -4.122833 -9.037691 -6.090000 8.750000 7.210000
1.471586 -4.122833 -9.037691 -6.090000 8.750000 7.210000
1.629512 -4.474578 -8.848659 4.340000 5.670000 7.350000
1.629512 -4.474578 -8.848659 4.340000 5.670000 7.350000
1.629512 -4.474578 -8.848659 4.340000 5.670000 7.350000
1.627119 -4.520042 -8.870193 -1.540000 4.550000 5.530000
1.627119 -4.520042 -8.870193 -1.540000 4.550000 5.530000
