2.931208 -8.977871 3.318845 -1.820000 -1.680000 -3.360000
3.010171 -8.697910 3.098706 -0.910000 -0.770000 -2.450000
3.010171 -8.697910 3.098706 -0.910000 -0.770000 -2.450000
2.912065 -9.087940 2.699104 2.520000 0.420000 -0.840000
2.928815 -9.095119 2.825923 5.180000 -0.700000 -1.750000
2.928815 -8.769694 3.148954 0.560000 -0.420000 -1.330000
2.904887 -9.387043 2.924029 -11.690000 -0.140000 2.870000
2.904887 -9.387043 2.924029 -11.690000 -0.140000 2.870000
2.943172 -9.631111 2.775674 -15.470000 0.630000 3.010000
3.105884 -8.315059 2.868994 -39.270000 0.770000 7.560000
2.811567 -9.600004 1.902294 -60.410000 -0.980000 8.120000
2.711068 -7.841280 2.562713 -62.160000 -6.300000 22.330000
2.711068 -7.841280 2.562713 -62.160000 -6.300000 22.330000
2.567499 -9.937392 0.825524 -75.739998 -5.250000 13.580000
2.392823 -8.405986 1.581656 -82.459999 -15.120000 26.250000
2.392823 -8.405986 1.581656 -82.459999 -15.120000 26.250000
2.170290 -8.870193 -1.048056 -58.799999 -9.870000 18.549999
2.170290 -8.870193 -1.048056 -58.799999 -9.870000 18.549999
2.155933 -10.688738 -0.890130 -14.910000 -3.080000 10.080000
1.998007 -9.832108 -0.691526 -18.340000 -2.450000 8.820000
1.921437 -10.265208 -0.993021 -2.380000 -0.280000 4.550000
1.962115 -9.851252 -0.705883 6.580000 1.120000 3.360000
2.033899 -9.736395 -0.564706 4.690000 1.750000 2.520000
2.033899 -9.736395 -0.564706 4.690000 1.750000 2.520000
2.024328 -9.556933 -0.598206 -6.720000 -0.070000 1.680000
2.002793 -10.150353 -0.842274 -3.990000 -0.140000 -0.140000
1.966900 -9.786645 -0.961915 -0.070000 1.120000 -0.350000
2.021935 -9.674182 -0.617348 2.730000 0.420000 -1.260000
1.940579 -9.860823 -1.002593 -1.890000 0.490000 -0.210000
2.041078 -9.784252 -0.485743 3.570000 0.980000 -0.840000
1.947758 -9.643075 -0.598206 -4.480000 -0.350000 0.140000
1.947758 -9.643075 -0.598206 -4.480000 -0.350000 0.140000
1.964507 -9.817751 -0.818345 -5.810000 -0.070000 -0.560000
1.945365 -9.731609 -0.906880 3.360000 0.420000 -0.350000
1.945365 -9.731609 -0.906880 3.360000 0.420000 -0.350000
2.029114 -9.734003 -0.595813 -1.540000 1.330000 0.420000
2.041078 -9.836893 -0.691526 3.360000 -0.140000 -0.140000
1.988436 -9.829715 -0.734596 -3.500000 -1.260000 -0.980000
1.988436 -9.829715 -0.734596 -3.500000 -1.260000 -0.980000
1.902294 -9.580862 -0.442672 -2.730000 -2.240000 -1.610000
1.926222 -9.958927 -0.643669 1.890000 -1.820000 -1.540000
