-0.818345 -9.387043 3.055635 -1.680000 1.120000 -0.420000
-0.832702 -9.339187 3.084348 -0.070000 -0.070000 0.070000
-0.782453 -9.272188 3.113062 0.910000 0.350000 -0.140000
-0.782453 -9.272188 3.113062 0.910000 0.350000 -0.140000
-0.729811 -9.341579 3.022135 0.770000 0.210000 1.470000
-0.729811 -9.341579 3.022135 0.770000 0.210000 1.470000
-0.849452 -9.238688 3.151347 0.980000 0.840000 0.070000
-0.825524 -9.403792 3.134598 -1.260000 0.840000 0.840000
-0.902094 -9.434900 3.148954 0.840000 0.140000 1.610000
-0.803988 -9.372685 3.060420 -0.700000 0.630000 0.140000
-0.830309 -9.466006 3.041277 -1.050000 1.120000 -0.280000
-0.830309 -9.466006 3.041277 -1.050000 1.120000 -0.280000
-0.772882 -9.394222 3.148954 -0.420000 -0.350000 0.630000
-0.789631 -9.418150 3.086741 0.980000 0.980000 0.350000
-0.847059 -9.298509 3.139383 -0.840000 0.560000 0.280000
-0.847059 -9.298509 3.139383 -0.840000 0.560000 0.280000
-0.782453 -9.329616 3.254239 0.280000 0.840000 -0.350000
-0.885344 -9.375079 3.273381 -0.140000 0.420000 0.560000
-0.825524 -9.451650 3.041277 -2.310000 0.210000 -0.210000
-0.825524 -9.451650 3.041277 -2.310000 0.210000 -0.210000
-0.844666 -9.231510 3.208775 1.120000 0.140000 -0.140000
-0.866202 -9.422935 3.043670 -2.450000 0.980000 -0.140000
-0.866202 -9.422935 3.043670 -2.450000 0.980000 -0.140000
-0.885344 -9.372685 3.026921 -0.560000 0.070000 -0.070000
-0.705883 -9.226725 3.160919 0.070000 0.210000 0.140000
-0.763310 -9.358330 3.065206 -0.140000 0.560000 0.560000
-0.775275 -9.408579 3.038885 0.280000 0.490000 0.420000
-0.835095 -9.236296 3.242275 3.990000 0.210000 -0.210000
-0.870987 -9.370294 3.086741 -1.680000 1.400000 0.350000
-0.787239 -9.379865 3.141776 0.840000 0.350000 1.050000
-0.768096 -9.454042 3.136991 0.070000 0.560000 0.350000
-0.768096 -9.454042 3.136991 0.070000 0.560000 0.350000
-0.842274 -9.477970 3.139383 -0.560000 0.770000 -0.490000
-0.801596 -9.317651 3.115455 1.610000 0.140000 -1.050000
-0.815953 -9.466006 3.129812 0.770000 -0.350000 -0.210000
-0.815953 -9.466006 3.129812 0.770000 -0.350000 -0.210000
-0.818345 -9.296116 3.096312 -0.910000 0.560000 -0.140000
-0.818345 -9.296116 3.096312 -0.910000 0.560000 -0.140000
-0.818345 -9.296116 3.096312 -0.910000 0.560000 -0.140000
-0.818345 -9.296116 3.096312 -0.910000 0.560000 -0.140000
-0.818345 -9.296116 3.096312 -0.910000 0.560000 -0.140000
-0.801596 -9.456435 3.163311 -1.470000 0.560000 0.560000
-0.789631 -9.449257 3.055635 0.910000 0.770000 0.630000
-0.818345 -9.334401 3.256632 2.870000 0.210000 0.630000
-0.818345 -9.334401 3.256632 2.870000 0.210000 0.630000
-0.765703 -9.451650 3.129812 -0.980000 -0.070000 -0.210000
-0.803988 -9.410972 3.062813 -0.140000 0.560000 0.490000
