0.394816 -9.810574 2.036292 -4.830000 4.970000 0.980000
0.423530 -9.588040 1.995614 -6.510000 3.010000 1.330000
0.471386 -9.659825 1.952543 -7.490000 2.660000 2.310000
0.471386 -9.659825 1.952543 -7.490000 2.660000 2.310000
0.454636 -9.662218 1.835295 -4.270000 6.090000 2.730000
0.454636 -9.662218 1.835295 -4.270000 6.090000 2.730000
0.454636 -9.662218 1.835295 -4.270000 6.090000 2.730000
0.533599 -9.559326 1.978864 -3.990000 5.670000 3.360000
0.526421 -9.722038 1.880759 -5.810000 4.760000 3.500000
0.476172 -9.844072 1.892723 -7.210000 5.880000 2.450000
0.526421 -9.951750 1.964507 -4.760000 7.000000 1.890000
0.430708 -9.781858 1.933401 -4.690000 7.560000 1.330000
0.430708 -9.781858 1.933401 -4.690000 7.560000 1.330000
0.404387 -9.583255 2.108077 -5.950000 5.740000 2.450000
0.524028 -9.671788 2.029114 -5.670000 4.690000 2.590000
0.524028 -9.671788 2.029114 -5.670000 4.690000 2.590000
0.507278 -9.760324 2.057827 -5.250000 5.180000 2.240000
0.504886 -9.767502 2.029114 -5.740000 3.920000 3.710000
0.504886 -9.767502 2.029114 -5.740000 3.920000 3.710000
0.521635 -9.824929 1.928615 -6.930000 4.760000 1.190000
0.581456 -9.559326 1.849652 -6.650000 4.060000 3.710000
0.581456 -9.559326 1.849652 -6.650000 4.060000 3.710000
0.449851 -9.913465 1.911865 -5.110000 5.040000 3.290000
0.507278 -9.702895 1.978864 -7.980000 4.060000 2.800000
0.457029 -9.767502 1.916651 -4.760000 4.970000 3.220000
0.497707 -9.640682 2.000400 -5.670000 5.810000 3.080000
0.514457 -9.745967 2.031506 -5.040000 5.880000 3.290000
0.433101 -9.762716 2.072184 -5.040000 4.270000 3.360000
0.430708 -9.719646 2.019542 -8.890000 3.780000 3.500000
0.430708 -9.719646 2.019542 -8.890000 3.780000 3.500000
0.425922 -9.559326 2.065006 -6.440000 4.480000 4.690000
0.464208 -9.858429 1.931008 -7.560000 4.690000 4.340000
0.380459 -9.836893 1.897508 -4.550000 5.670000 2.870000
0.349352 -9.712467 1.873580 -7.350000 4.200000 3.080000
0.334995 -9.903893 1.919044 -7.420000 4.620000 2.450000
0.342174 -9.753145 1.966900 -4.830000 7.000000 1.890000
0.490529 -9.738789 2.227718 -4.830000 5.390000 2.730000
0.378066 -9.801002 2.026721 -4.900000 3.570000 1.610000
0.344566 -9.851252 2.045863 -6.790000 3.430000 1.610000
0.344566 -9.851252 2.045863 -6.790000 3.430000 1.610000
0.356531 -9.801002 2.160719 -5.250000 3.220000 1.050000
0.332602 -9.463614 1.966900 -4.060000 3.150000 1.400000
0.382852 -9.413363 1.887937 -5.950000 3.570000 3.430000
0.454636 -9.346365 1.873580 -5.460000 4.340000 3.360000
0.516850 -9.918249 1.830509 -9.520000 2.240000 4.760000
0.516850 -9.918249 1.830509 -9.520000 2.240000 4.760000
0.504886 -10.107283 1.931008 -5.320000 5.740000 2.380000
0.423530 -10.045070 1.907080 -4.690000 5.390000 0.210000
0.562313 -9.846465 2.019542 -7.140000 4.690000 -0.070000
0.562313 -9.846465 2.019542 -7.140000 4.690000 -0.070000
0.500100 -9.951750 1.883151 -5.390000 5.740000 -0.070000
0.385244 -9.480364 1.950150 -5.110000 4.620000 1.890000
0.385244 -9.480364 1.950150 -5.110000 4.620000 1.890000
0.500100 -9.449257 2.098505 -4.760000 5.530000 1.890000
0.500100 -9.449257 2.098505 -4.760000 5.530000 1.890000
0.430708 -9.308081 1.981257 -3.780000 5.320000 2.870000
0.447458 -9.463614 2.076970 -5.320000 3.920000 4.970000
0.454636 -9.745967 2.021935 -6.090000 3.290000 4.690000
0.440279 -9.803394 1.904687 -6.160000 3.710000 3.500000
0.440279 -9.803394 1.904687 -6.160000 3.710000 3.500000
0.394816 -9.688539 1.976472 -5.110000 4.550000 3.430000
0.430708 -9.695717 2.038685 -3.850000 3.430000 4.480000
0.289532 -9.667004 2.043471 -6.370000 3.500000 3.990000
