2.237289 -9.202796 3.318845 -0.420000 -0.560000 0.420000
2.258825 -9.265009 3.091527 -2.170000 -1.540000 -0.980000
2.203789 -8.992228 3.225525 0.910000 -0.280000 -0.070000
2.266003 -9.736395 3.428915 -3.850000 3.430000 2.450000
2.237289 -10.150353 4.067799 -43.189999 8.120000 5.670000
2.524428 -7.872386 2.847459 -159.880005 -8.610000 40.599998
0.942772 -7.616355 1.964507 -112.000000 -32.410000 56.560001
0.942772 -7.616355 1.964507 -112.000000 -32.410000 56.560001
0.923629 -10.430314 -1.497907 -61.599998 -36.610001 16.940001
1.579263 -9.851252 -1.153341 -11.970000 -36.259998 14.910000
1.146162 -9.559326 0.591027 32.549999 -27.719999 26.670000
1.088734 -9.889536 0.009571 33.810001 -21.350000 20.580000
0.959522 -9.595219 0.887737 25.480000 -13.370000 19.180000
0.710668 -10.210175 0.746561 14.140000 -9.310000 15.750000
0.710668 -10.210175 0.746561 14.140000 -9.310000 15.750000
0.760918 -10.317852 1.493121 10.080000 -9.590000 9.800000
0.696311 -10.399208 0.849452 5.530000 -4.480000 2.940000
0.689133 -10.155140 1.081556 3.360000 -2.380000 -0.280000
0.533599 -9.944571 1.186840 -5.040000 -1.050000 -1.540000
0.844666 -10.042676 0.947558 2.310000 -1.960000 -1.470000
0.844666 -10.042676 0.947558 2.310000 -1.960000 -1.470000
0.600598 -9.827322 1.249053 3.150000 -1.960000 -1.050000
0.600598 -9.827322 1.249053 3.150000 -1.960000 -1.050000
0.473779 -9.817751 0.770489 -2.380000 1.330000 -1.050000
0.677169 -9.635897 0.918844 -4.410000 0.560000 0.210000
0.598206 -10.092925 0.734596 -7.490000 0.840000 -0.280000
0.734596 -10.047462 0.935594 3.290000 0.840000 -2.380000
0.734596 -10.047462 0.935594 3.290000 0.840000 -2.380000
0.672383 -9.655040 0.818345 -0.140000 -0.210000 -0.630000
0.701097 -9.805787 0.576670 -1.890000 2.100000 -0.350000
0.756132 -9.846465 0.780060 6.440000 3.570000 -1.400000
0.725025 -9.726824 0.993021 5.320000 4.480000 -1.540000
