3.460021 -7.621140 5.015356 -8.260000 -0.210000 -2.660000
3.634698 -7.688138 4.996214 0.070000 -1.820000 -2.030000
3.634698 -7.688138 4.996214 0.070000 -1.820000 -2.030000
3.771089 -7.678568 4.874180 0.490000 3.430000 -0.840000
3.680161 -7.697710 4.838287 -10.920000 -4.060000 2.800000
3.680161 -7.697710 4.838287 -10.920000 -4.060000 2.800000
3.431308 -7.709675 5.118248 2.380000 -3.080000 2.590000
3.397808 -7.764710 5.158926 1.680000 -1.890000 0.700000
3.397808 -7.764710 5.158926 1.680000 -1.890000 0.700000
3.594020 -7.824530 4.907679 -1.750000 -1.050000 -1.330000
3.728018 -7.587641 5.000999 -1.470000 1.470000 -2.450000
3.728018 -7.587641 5.000999 -1.470000 1.470000 -2.450000
3.728018 -7.587641 5.000999 -1.470000 1.470000 -2.450000
3.672983 -7.791030 5.199604 1.120000 -0.350000 -0.560000
3.594020 -7.692925 4.993821 -1.120000 -0.910000 -0.350000
3.594020 -7.692925 4.993821 -1.120000 -0.910000 -0.350000
3.594020 -7.692925 4.993821 -1.120000 -0.910000 -0.350000
3.708875 -7.829315 4.960321 -2.310000 -0.490000 -3.640000
3.641876 -7.776673 4.804788 1.260000 1.470000 -2.450000
3.689733 -7.621140 4.919643 3.080000 1.610000 -2.800000
3.689733 -7.621140 4.919643 3.080000 1.610000 -2.800000
3.689733 -7.621140 4.919643 3.080000 1.610000 -2.800000
3.510271 -7.767102 4.962714 -0.700000 -1.610000 -2.310000
3.708875 -7.647461 4.835894 1.610000 0.840000 -3.850000
3.708875 -7.647461 4.835894 1.610000 0.840000 -3.850000
3.708875 -7.647461 4.835894 1.610000 0.840000 -3.850000
3.787838 -7.427321 4.936393 -1.400000 0.770000 -2.380000
3.787838 -7.427321 4.936393 -1.400000 0.770000 -2.380000
3.787838 -7.427321 4.936393 -1.400000 0.770000 -2.380000
3.787838 -7.427321 4.936393 -1.400000 0.770000 -2.380000
3.787838 -7.427321 4.936393 -1.400000 0.770000 -2.380000
3.787838 -7.427321 4.936393 -1.400000 0.770000 -2.380000
3.787838 -7.427321 4.936393 -1.400000 0.770000 -2.380000
3.768696 -7.453642 4.998606 -3.150000 0.350000 0.630000
3.763910 -7.724032 4.938786 0.910000 0.630000 1.330000
3.763910 -7.724032 4.938786 0.910000 0.630000 1.330000
3.670590 -7.814958 5.151747 1.540000 1.960000 -0.070000
3.670590 -7.814958 5.151747 1.540000 1.960000 -0.070000
3.672983 -7.534998 4.869394 -0.490000 0.630000 -0.070000
3.704089 -7.585248 4.888536 -2.240000 -0.560000 -0.980000
3.704089 -7.585248 4.888536 -2.240000 -0.560000 -0.980000
3.704089 -7.585248 4.888536 -2.240000 -0.560000 -0.980000
3.751946 -7.570890 4.613362 1.750000 1.820000 0.280000
3.751946 -7.570890 4.613362 1.750000 1.820000 0.280000
3.751946 -7.570890 4.613362 1.750000 1.820000 0.280000
3.696911 -7.558927 5.027320 -1.190000 -0.140000 0.910000
3.696911 -7.558927 5.027320 -1.190000 -0.140000 0.910000
3.751946 -7.680960 4.800002 -1.470000 1.120000 2.240000
3.751946 -7.680960 4.800002 -1.470000 1.120000 2.240000
