5.424529 -7.917850 2.684747 -3.220000 4.900000 3.500000
5.340781 -7.822137 2.758924 -3.500000 5.250000 2.800000
5.414958 -7.881958 2.629712 -6.720000 1.820000 2.590000
5.357530 -7.714460 2.644069 -10.290000 1.470000 2.240000
5.357530 -7.714460 2.644069 -10.290000 1.470000 2.240000
5.383851 -7.690532 2.665605 -32.970001 0.420000 2.940000
5.314459 -6.977471 2.447858 -115.849998 2.590000 8.540000
5.120641 -7.539784 1.493121 -189.350006 -5.670000 12.530000
5.257031 -7.963314 0.729811 -197.470001 -8.680000 13.580000
5.257031 -7.963314 0.729811 -197.470001 -8.680000 13.580000
5.309673 -8.164310 -0.914058 -190.750000 -10.920000 9.380000
5.280960 -9.267403 -2.646462 -132.369995 -11.550000 4.690000
5.280960 -9.267403 -2.646462 -132.369995 -11.550000 4.690000
5.280960 -9.267403 -2.646462 -132.369995 -11.550000 4.690000
5.280960 -9.267403 -2.646462 -132.369995 -11.550000 4.690000
5.314459 -7.245467 -1.820938 -100.099998 -7.280000 1.050000
5.242674 -8.767302 -4.543970 -81.760002 -8.960000 -2.030000
5.216353 -7.097112 -4.103691 -117.739998 -9.730000 -1.820000
5.292924 -6.606583 -5.096712 -118.020004 -10.780000 -4.900000
5.206782 -7.345965 -5.821737 -90.160004 -9.520000 -3.290000
5.206782 -7.345965 -5.821737 -90.160004 -9.520000 -3.290000
5.245068 -5.536992 -5.194818 -48.299999 -6.790000 -5.320000
5.245068 -5.536992 -5.194818 -48.299999 -6.790000 -5.320000
5.288138 -5.879165 -5.996413 -101.290001 -12.530000 -5.180000
5.288138 -5.280960 -6.470192 -99.750000 -13.160000 -6.720000
5.288138 -5.280960 -6.470192 -99.750000 -13.160000 -6.720000
5.020142 -4.594220 -6.991827 -75.949997 -14.980000 -9.520000
4.898108 -4.261617 -7.798209 -76.650002 -14.420000 -9.240000
4.898108 -4.261617 -7.798209 -76.650002 -14.420000 -9.240000
4.898108 -4.261617 -7.798209 -76.650002 -14.420000 -9.240000
4.898108 -4.261617 -7.798209 -76.650002 -14.420000 -9.240000
5.000999 -3.510271 -7.925028 -40.320000 -14.000000 -7.770000
4.773681 -3.096312 -8.434700 -34.509998 -8.470000 -2.800000
4.950750 -2.924029 -8.819944 -14.770000 -5.810000 -1.470000
4.819145 -2.615355 -8.784052 -7.490000 -2.030000 0.210000
4.883751 -2.696711 -8.291130 -21.700001 0.630000 0.840000
4.790431 -2.763710 -8.482556 -7.700000 1.750000 2.310000
4.618148 -2.574677 -8.492127 -7.560000 3.080000 2.030000
4.618148 -2.574677 -8.492127 -7.560000 3.080000 2.030000
4.594220 -2.498107 -8.298308 -5.880000 4.830000 3.010000
4.594220 -2.498107 -8.298308 -5.880000 4.830000 3.010000
4.778467 -2.737389 -8.279166 -3.010000 4.270000 3.430000
