1.289732 -9.822537 2.624927 -5.180000 1.120000 -2.240000
1.289732 -9.822537 2.624927 -5.180000 1.120000 -2.240000
1.311267 -9.777073 2.500499 -4.060000 -3.010000 -6.790000
1.311267 -9.777073 2.500499 -4.060000 -3.010000 -6.790000
1.311267 -9.777073 2.500499 -4.060000 -3.010000 -6.790000
1.651048 -9.743573 0.770489 -24.850000 -0.770000 -1.820000
1.651048 -9.743573 0.770489 -24.850000 -0.770000 -1.820000
1.651048 -9.743573 0.770489 -24.850000 -0.770000 -1.820000
1.651048 -9.743573 0.770489 -24.850000 -0.770000 -1.820000
1.651048 -9.743573 0.770489 -24.850000 -0.770000 -1.820000
1.651048 -9.743573 0.770489 -24.850000 -0.770000 -1.820000
1.651048 -9.743573 0.770489 -24.850000 -0.770000 -1.820000
1.605584 -9.906286 0.918844 -60.760002 5.950000 -1.540000
1.883151 -9.669396 -1.488336 -55.160000 23.100000 8.750000
1.641476 -9.698111 -1.134198 -15.470000 19.180000 7.070000
1.641476 -9.698111 -1.134198 -15.470000 19.180000 7.070000
1.641476 -9.698111 -1.134198 -15.470000 19.180000 7.070000
1.756332 -9.863215 -1.007378 20.510000 13.230000 5.670000
1.756332 -9.863215 -1.007378 20.510000 13.230000 5.670000
1.756332 -9.863215 -1.007378 20.510000 13.230000 5.670000
1.579263 -9.446864 -0.394816 17.080000 11.690000 3.290000
1.579263 -9.446864 -0.394816 17.080000 11.690000 3.290000
1.579263 -9.446864 -0.394816 17.080000 11.690000 3.290000
1.698904 -9.853643 -0.234497 -7.140000 7.140000 -2.310000
1.617548 -9.879964 -0.267996 -5.460000 5.670000 -2.520000
1.612763 -9.918249 -0.215354 -0.140000 3.990000 1.260000
1.617548 -10.013963 -0.267996 2.240000 3.220000 1.820000
1.617548 -10.013963 -0.267996 2.240000 3.220000 1.820000
1.414158 -9.887143 -0.157926 5.740000 1.820000 1.050000
1.538585 -9.913465 -0.210568 -0.140000 2.660000 -0.140000
1.538585 -9.913465 -0.210568 -0.140000 2.660000 -0.140000
1.665405 -9.920642 -0.193819 0.420000 1.050000 0.420000
