1.517050 -9.767502 -0.093320 -1.330000 5.320000 0.350000
1.517050 -9.767502 -0.093320 -1.330000 5.320000 0.350000
1.540978 -9.930215 -0.165105 -2.870000 5.250000 0.420000
1.785046 -10.344172 0.059821 20.510000 6.510000 1.820000
1.785046 -10.344172 0.059821 20.510000 6.510000 1.820000
1.737189 -10.559525 0.059821 30.730000 6.790000 0.420000
1.663012 -10.430314 0.480957 115.010002 13.370000 -3.430000
1.663012 -10.430314 0.480957 115.010002 13.370000 -3.430000
1.567299 -8.992228 2.289931 172.759995 23.240000 -1.120000
1.292124 -8.992228 2.885744 148.820007 28.070000 -6.020000
1.466800 -9.757930 2.713461 163.869995 22.400000 -10.290000
1.466800 -9.757930 2.713461 163.869995 22.400000 -10.290000
1.517050 -6.451050 4.051049 290.989990 29.750000 -6.580000
1.158126 -5.960521 6.496514 233.100006 22.190001 -23.730000
1.409373 -2.888137 7.908278 219.029999 25.830000 -18.480000
0.887737 -3.227918 8.396415 158.759995 11.760000 -21.700001
1.603191 -3.294917 8.262416 180.389999 21.980000 -20.230000
1.603191 -3.294917 8.262416 180.389999 21.980000 -20.230000
1.603191 -3.294917 8.262416 180.389999 21.980000 -20.230000
1.603191 -3.294917 8.262416 180.389999 21.980000 -20.230000
1.414158 0.483350 9.119047 204.470001 34.860001 -11.340000
1.414158 0.483350 9.119047 204.470001 34.860001 -11.340000
1.414158 0.483350 9.119047 204.470001 34.860001 -11.340000
0.662812 1.593620 10.119246 120.120003 29.469999 -9.940000
0.416351 1.706082 10.164711 -6.440000 9.870000 1.120000
0.413958 1.562513 9.925428 -13.720000 7.560000 2.240000
0.440279 1.296910 9.731609 -18.410000 5.110000 2.170000
0.437887 1.265803 9.906286 -12.950000 3.150000 0.910000
0.445065 1.294517 9.702895 -14.070000 2.520000 0.840000
0.490529 1.167697 9.473185 -15.470000 0.210000 0.560000
0.457029 1.002593 9.382257 -14.280000 0.490000 0.350000
0.380459 0.983450 9.099905 -11.200000 0.350000 -0.210000
0.564706 0.921237 9.207582 -5.670000 2.170000 -0.210000
0.641276 1.342373 9.315259 -11.900000 3.360000 2.170000
0.634098 1.024128 9.284152 -19.740000 4.760000 3.290000
