9.418150 0.160319 2.103291 -0.770000 -1.190000 2.660000
9.418150 0.160319 2.103291 -0.770000 -1.190000 2.660000
9.418150 0.160319 2.103291 -0.770000 -1.190000 2.660000
9.418150 0.160319 2.103291 -0.770000 -1.190000 2.660000
9.418150 0.160319 2.103291 -0.770000 -1.190000 2.660000
9.418150 0.160319 2.103291 -0.770000 -1.190000 2.660000
9.418150 0.160319 2.103291 -0.770000 -1.190000 2.660000
9.418150 0.160319 2.103291 -0.770000 -1.190000 2.660000
9.434900 0.203390 2.057827 -1.260000 0.210000 3.710000
9.434900 0.203390 2.057827 -1.260000 0.210000 3.710000
9.434900 0.203390 2.057827 -1.260000 0.210000 3.710000
9.504292 0.126820 2.041078 1.330000 1.260000 -3.010000
9.432507 0.186640 2.108077 0.700000 3.080000 -2.520000
9.430114 0.212961 2.189433 1.260000 3.010000 -2.170000
9.477970 0.270389 2.261217 0.770000 2.030000 -2.170000
9.489935 0.088534 2.316252 1.190000 0.140000 -2.240000
9.489935 0.088534 2.316252 1.190000 0.140000 -2.240000
9.382257 0.217747 2.311467 3.360000 0.280000 -2.450000
9.303294 0.260818 2.127219 1.470000 -1.120000 -1.540000
9.360723 0.313460 2.043471 0.840000 -1.050000 -1.470000
9.449257 0.239282 2.086541 -0.490000 0.280000 1.610000
9.449257 0.239282 2.086541 -0.490000 0.280000 1.610000
9.475577 0.229711 2.134398 -0.770000 -0.350000 1.540000
9.470792 0.191426 2.225325 0.140000 -0.910000 0.700000
9.497113 0.198604 2.115255 -0.770000 -0.980000 0.490000
9.494720 0.203390 2.151148 0.210000 -0.630000 0.350000
9.494720 0.203390 2.151148 0.210000 -0.630000 0.350000
9.609575 0.145962 2.210968 0.490000 -0.140000 0.630000
9.573684 0.100499 2.210968 0.420000 0.070000 0.560000
9.564112 0.043071 2.167897 1.610000 0.210000 -0.070000
9.499505 0.035892 2.139183 0.490000 0.210000 -0.210000
9.499505 0.035892 2.139183 0.490000 0.210000 -0.210000
9.329616 0.212961 2.215754 1.890000 1.680000 -0.840000
9.494720 0.392423 2.146362 2.030000 1.540000 0.210000
9.461221 0.332602 2.222932 0.140000 -0.210000 1.120000
9.578469 0.244068 2.230111 0.280000 -0.350000 1.050000
9.578469 0.244068 2.230111 0.280000 -0.350000 1.050000
