5.070391 -8.154739 2.407180 -5.740000 2.590000 2.660000
5.079963 -8.008778 2.658426 2.170000 2.170000 1.960000
5.079963 -8.008778 2.658426 2.170000 2.170000 1.960000
5.003392 -7.762317 2.423929 -11.830000 1.890000 3.850000
4.991428 -7.860423 2.471786 -20.719999 1.330000 4.900000
4.977071 -7.786245 2.467000 -48.930000 2.170000 6.650000
5.005785 -8.166703 1.859223 -77.910004 -0.770000 8.260000
4.938786 -8.212167 1.679761 -80.290001 0.840000 7.980000
4.938786 -8.212167 1.679761 -80.290001 0.840000 7.980000
5.041678 -8.408379 -0.043071 -205.169998 -7.000000 10.710000
5.146961 -7.829315 -0.416351 -223.649994 -7.700000 7.420000
5.146961 -7.829315 -0.416351 -223.649994 -7.700000 7.420000
5.015356 -9.061620 -4.283153 -128.380005 -14.630000 -6.510000
5.015356 -9.061620 -4.283153 -128.380005 -14.630000 -6.510000
4.977071 -7.331609 -5.273781 -73.430000 -10.990000 -8.820000
4.977071 -7.331609 -5.273781 -73.430000 -10.990000 -8.820000
4.752146 -6.053841 -4.950750 -72.379997 -9.520000 -9.660000
4.855037 -6.106483 -5.429315 -132.720001 -15.750000 -4.340000
4.862216 -6.008378 -6.419943 -113.190002 -14.980000 -9.380000
4.752146 -5.584848 -6.783652 -108.150002 -15.890000 -10.990000
4.797609 -4.335794 -6.644868 -133.210007 -18.690001 -12.390000
4.797609 -4.335794 -6.644868 -133.210007 -18.690001 -12.390000
4.508078 -3.553342 -8.099705 -106.400002 -19.250000 -18.690001
4.565506 -3.235096 -8.047063 -86.590004 -23.309999 -21.770000
4.472186 -2.749353 -8.654840 -63.490002 -22.610001 -21.629999
4.311867 -2.402394 -8.965906 -52.009998 -19.530001 -20.510000
4.388437 -2.158326 -8.755339 -31.290001 -14.770000 -15.610000
4.505685 -1.739582 -8.906086 -7.000000 -8.890000 -5.880000
4.256832 -1.993221 -9.059227 -5.740000 -4.130000 1.330000
4.393222 -1.978864 -9.047262 -3.710000 -1.190000 2.450000
4.429115 -1.801795 -9.092726 -1.260000 0.140000 1.330000
4.429115 -1.801795 -9.092726 -1.260000 0.140000 1.330000
4.333402 -2.019542 -8.755339 -5.110000 2.100000 0.700000
4.206582 -1.976472 -9.042477 -3.780000 5.110000 2.310000
4.321437 -2.067399 -8.791230 0.630000 5.250000 2.240000
