-1.469193 0.282353 9.410972 -6.230000 6.440000 3.570000
-1.313660 -0.090927 9.466006 -10.640000 3.500000 5.040000
-1.313660 -0.090927 9.466006 -10.640000 3.500000 5.040000
-1.313660 -0.090927 9.466006 -10.640000 3.500000 5.040000
-1.402194 -0.177069 9.533006 -4.830000 4.830000 2.380000
-1.402194 -0.177069 9.533006 -4.830000 4.830000 2.380000
-1.655833 -0.129212 10.145569 -5.670000 3.150000 2.450000
-1.572084 0.095713 10.750952 -18.200001 -2.030000 0.420000
-1.572084 0.095713 10.750952 -18.200001 -2.030000 0.420000
-1.115055 -0.069392 15.115460 -0.070000 -44.029999 4.410000
-1.115055 -0.069392 15.115460 -0.070000 -44.029999 4.410000
-1.088734 -0.160319 15.625132 5.600000 -56.000000 1.470000
-1.158126 -0.112463 15.067604 16.940001 -82.599998 1.190000
-1.170090 -0.208176 13.378270 13.860000 -111.790001 -5.110000
-1.081556 -0.260818 12.674782 6.720000 -118.580002 -7.910000
-0.780060 -0.212961 10.906486 -13.160000 -130.339996 -8.120000
-0.023928 -0.983450 9.365508 5.250000 -138.949997 -14.840000
0.562313 -0.459422 8.975478 12.810000 -138.949997 -11.480000
2.218147 0.043071 7.848458 8.960000 -133.839996 -5.880000
2.629712 0.287139 8.035098 26.320000 -138.880005 -0.910000
2.629712 0.287139 8.035098 26.320000 -138.880005 -0.910000
2.629712 0.287139 8.035098 26.320000 -138.880005 -0.910000
4.364508 0.586242 5.108676 -3.500000 -139.930008 15.470000
6.206983 -0.236889 3.828516 21.070000 -121.169998 5.250000
6.206983 -0.236889 3.828516 21.070000 -121.169998 5.250000
6.027520 0.052642 3.326023 38.430000 -116.270004 3.920000
6.027520 0.052642 3.326023 38.430000 -116.270004 3.920000
6.616155 0.576670 2.873780 16.940001 -119.279999 4.900000
6.616155 0.576670 2.873780 16.940001 -119.279999 4.900000
6.616155 0.576670 2.873780 16.940001 -119.279999 4.900000
6.616155 0.576670 2.873780 16.940001 -119.279999 4.900000
6.616155 0.576670 2.873780 16.940001 -119.279999 4.900000
8.322237 -0.239282 -1.531406 10.360000 -71.120003 -11.830000
9.030513 1.021735 -2.813959 16.940001 -41.509998 -22.400000
9.229117 1.095913 -3.275774 3.990000 -32.689999 -22.190001
9.229117 1.095913 -3.275774 3.990000 -32.689999 -22.190001
9.621540 1.385444 -3.024528 -9.660000 -13.930000 -15.050000
9.461221 1.816152 -2.687140 -13.300000 6.650000 -3.010000
9.475577 1.497907 -2.242075 -14.000000 16.170000 4.200000
9.442079 1.643869 -1.988436 -8.890000 23.870001 5.810000
9.442079 1.643869 -1.988436 -8.890000 23.870001 5.810000
9.439686 1.392623 -1.706082 -13.090000 34.790001 10.010000
9.439686 1.392623 -1.706082 -13.090000 34.790001 10.010000
