1.820938 -9.815358 -0.148355 -4.550000 5.530000 3.500000
1.861616 -9.734003 -0.026321 -2.520000 6.020000 1.260000
1.954936 -9.827322 -0.138784 -2.660000 6.230000 3.640000
1.954936 -9.827322 -0.138784 -2.660000 6.230000 3.640000
1.954936 -9.827322 -0.138784 -2.660000 6.230000 3.640000
1.909473 -10.155140 -0.002393 45.639999 11.830000 2.100000
1.854438 -10.092925 0.131605 59.570000 13.930000 1.400000
1.828116 -10.246067 0.445065 79.099998 20.650000 1.890000
1.864009 -10.080962 0.844666 107.520004 22.750000 1.400000
1.751546 -10.461421 1.249053 138.669998 26.600000 0.070000
1.751546 -10.461421 1.249053 138.669998 26.600000 0.070000
1.600798 -9.568897 2.158326 200.410004 32.759998 -3.990000
1.861616 -7.697710 3.689733 190.330002 38.150002 -8.260000
1.682154 -7.379465 5.302495 128.589996 30.170000 -13.370000
1.682154 -7.379465 5.302495 128.589996 30.170000 -13.370000
1.682154 -7.379465 5.302495 128.589996 30.170000 -13.370000
1.682154 -7.379465 5.302495 128.589996 30.170000 -13.370000
1.505085 -4.517649 7.515855 161.490005 19.110001 -7.000000
1.485943 -4.232903 7.551748 179.479996 22.400000 -5.530000
1.301696 -2.407180 8.623734 174.300003 32.830002 -5.460000
1.043271 -2.091327 8.611769 128.869995 20.230000 -6.230000
1.043271 -2.091327 8.611769 128.869995 20.230000 -6.230000
1.339981 -1.464408 8.681160 135.309998 25.760000 -3.430000
1.119841 -0.562313 8.951550 139.089996 36.470001 -4.060000
0.710668 0.507278 9.255438 120.750000 35.070000 -1.820000
0.710668 0.507278 9.255438 120.750000 35.070000 -1.820000
0.710668 0.507278 9.255438 120.750000 35.070000 -1.820000
0.710668 0.507278 9.255438 120.750000 35.070000 -1.820000
-0.236889 2.469393 9.999605 8.260000 12.600000 5.250000
-0.141177 2.725425 9.678967 0.350000 9.870000 5.950000
-0.141177 2.725425 9.678967 0.350000 9.870000 5.950000
-0.126820 2.299503 9.547362 -10.990000 5.180000 3.990000
-0.098106 2.416751 9.427721 -6.440000 3.850000 3.430000
-0.133998 2.251646 9.513863 -8.400000 2.170000 3.780000
-0.133998 2.251646 9.513863 -8.400000 2.170000 3.780000
-0.133998 2.251646 9.513863 -8.400000 2.170000 3.780000
-0.069392 2.368894 9.351151 -9.730000 1.750000 4.270000
0.062213 2.139183 9.274581 -6.860000 0.840000 1.400000
