2.139183 -9.477970 2.557927 -0.070000 -1.120000 0.350000
2.127219 -9.389436 2.581856 0.700000 -1.610000 0.420000
2.225325 -9.408579 2.447858 0.770000 -1.680000 0.700000
2.110470 -9.312866 2.462214 0.350000 -1.750000 0.420000
2.110470 -9.312866 2.462214 0.350000 -1.750000 0.420000
2.067399 -9.355937 2.376073 -0.980000 -1.890000 0.420000
2.160719 -9.592826 2.036292 2.240000 -0.280000 0.210000
2.232504 -9.887143 1.306481 4.270000 1.680000 -2.660000
2.232504 -9.887143 1.306481 4.270000 1.680000 -2.660000
2.388037 -9.195618 2.428715 20.230000 -2.100000 -4.480000
2.268396 -8.537591 2.878566 2.800000 -4.970000 -2.380000
2.294717 -9.037691 3.132205 8.680000 -12.950000 -6.160000
2.160719 -9.164511 3.208775 -33.880001 -14.980000 -0.490000
2.447858 -9.812965 1.588834 -18.480000 -15.470000 -5.460000
2.447858 -9.812965 1.588834 -18.480000 -15.470000 -5.460000
2.447858 -9.308081 2.591427 -17.010000 -16.590000 -4.410000
2.447858 -9.308081 2.591427 -17.010000 -16.590000 -4.410000
2.342573 -8.652447 2.215754 -36.330002 -19.670000 -0.910000
2.402394 -9.911072 1.323231 -30.520000 -23.730000 -1.050000
2.402394 -8.910872 1.174876 -4.060000 -20.790001 -2.100000
2.213361 -9.382257 1.086342 -6.510000 -22.400000 -1.330000
2.213361 -9.382257 1.086342 -6.510000 -22.400000 -1.330000
2.548356 -9.753145 0.926022 5.110000 -23.590000 -3.990000
2.548356 -9.753145 0.926022 5.110000 -23.590000 -3.990000
2.548356 -9.753145 0.926022 5.110000 -23.590000 -3.990000
2.555535 -9.674182 0.918844 3.430000 -18.900000 -3.500000
2.600998 -9.487542 0.803988 1.890000 -11.620000 -2.450000
2.600998 -9.487542 0.803988 1.890000 -11.620000 -2.450000
2.600998 -9.487542 0.803988 1.890000 -11.620000 -2.450000
2.634498 -9.437292 0.624527 -4.060000 -2.170000 0.210000
2.634498 -9.437292 0.624527 -4.060000 -2.170000 0.210000
2.644069 -9.482756 0.574277 -6.440000 -1.260000 0.490000
2.629712 -9.351151 0.638884 -2.380000 0.840000 1.960000
2.651247 -9.418150 0.861416 -3.500000 0.070000 0.980000
2.622534 -9.367901 0.634098 0.980000 0.420000 3.150000
2.622534 -9.367901 0.634098 0.980000 0.420000 3.150000
2.603391 -9.662218 0.811167 1.470000 -0.140000 1.400000
2.569891 -9.657433 0.794417 1.260000 0.280000 1.540000
2.536392 -9.521042 0.952343 0.560000 1.260000 1.680000
