2.076970 -9.200402 2.443072 0.350000 -2.310000 -0.630000
2.088934 -9.269794 2.036292 -0.630000 -1.680000 0.490000
2.120041 -9.250652 2.368894 3.780000 -1.470000 0.350000
2.120041 -9.535398 2.191825 -3.290000 -3.500000 0.840000
2.155933 -9.499505 2.050649 5.600000 -3.220000 -0.700000
2.155933 -9.499505 2.050649 5.600000 -3.220000 -0.700000
2.210968 -8.796017 2.959922 1.680000 -5.810000 -0.700000
2.280360 -9.068797 2.873780 15.120000 -9.590000 -2.520000
2.062613 -8.539984 3.407379 8.400000 -11.270000 -0.770000
2.062613 -8.539984 3.407379 8.400000 -11.270000 -0.770000
2.270789 -8.360522 3.412165 13.650000 -14.630000 -3.850000
2.270789 -8.360522 3.412165 13.650000 -14.630000 -3.850000
2.072184 -7.951349 3.878766 -29.960001 -16.450001 0.840000
2.304288 -8.082954 2.964707 -8.260000 -18.549999 -2.170000
2.304288 -8.082954 2.964707 -8.260000 -18.549999 -2.170000
2.045863 -9.927821 1.873580 -39.970001 -20.020000 2.730000
2.321038 -9.635897 1.339981 -13.860000 -20.299999 -1.610000
2.194218 -9.470792 1.737189 -14.910000 -22.330000 0.770000
2.266003 -9.576077 0.914058 -17.920000 -22.260000 0.910000
2.189433 -9.585647 1.253839 -25.900000 -20.719999 2.170000
2.426322 -9.609575 0.859023 -17.920000 -20.790001 1.400000
2.397608 -9.949356 0.607777 -6.230000 -22.820000 -1.120000
2.397608 -9.949356 0.607777 -6.230000 -22.820000 -1.120000
2.510071 -9.796216 1.203590 22.400000 -25.690001 -4.620000
2.397608 -9.643075 1.191626 18.200001 -27.230000 -3.150000
2.347359 -9.592826 1.134198 9.800000 -26.180000 -1.190000
2.349752 -9.607183 0.899701 6.580000 -25.340000 -1.260000
2.349752 -9.607183 0.899701 6.580000 -25.340000 -1.260000
2.366502 -9.454042 0.770489 17.010000 -20.719999 -2.100000
2.385644 -9.389436 0.775275 11.690000 -11.410000 -1.050000
2.548356 -9.418150 0.710668 2.800000 -4.340000 0.770000
2.574677 -9.518648 0.777667 -0.350000 -1.050000 0.140000
2.603391 -9.315259 1.079163 -1.050000 -0.910000 0.560000
2.603391 -9.315259 1.079163 -1.050000 -0.910000 0.560000
2.517249 -9.300901 1.052842 0.910000 1.330000 1.400000
2.620141 -9.466006 1.172483 0.210000 2.800000 1.750000
2.553142 -9.554541 0.990629 -2.240000 2.940000 1.470000
2.553142 -9.554541 0.990629 -2.240000 2.940000 1.470000
2.488536 -9.533006 1.215554 -2.240000 3.500000 1.960000
2.450250 -9.432507 1.368695 -1.050000 4.620000 0.980000
2.469393 -9.602397 1.182054 -0.980000 4.760000 0.840000
