3.022135 -8.240881 3.967300 3.920000 1.330000 -0.630000
3.151347 -8.654840 3.763910 5.040000 -0.980000 0.560000
3.010171 -8.745767 3.713661 2.660000 1.190000 0.070000
2.967100 -8.592626 3.780660 -0.280000 0.770000 -1.680000
3.170490 -8.606983 3.701697 2.520000 0.770000 -1.330000
3.170490 -8.606983 3.701697 2.520000 0.770000 -1.330000
3.175276 -8.520842 3.737589 2.800000 1.400000 -0.140000
3.101098 -8.422735 4.012764 -1.260000 1.330000 -2.940000
3.069991 -8.542377 3.852444 -3.080000 -0.350000 -1.890000
3.144169 -8.532805 3.665804 3.150000 -0.350000 -0.770000
3.144169 -8.532805 3.665804 3.150000 -0.350000 -0.770000
3.053242 -8.111670 4.141976 4.760000 0.910000 -0.490000
3.067599 -8.355737 3.976871 -9.730000 2.940000 2.030000
3.309274 -8.499306 3.364309 -105.209999 4.830000 14.490000
3.175276 -8.688338 2.835495 -138.600006 5.880000 23.520000
3.203990 -7.506285 2.522035 -163.169998 -10.150000 37.869999
3.203990 -7.506285 2.522035 -163.169998 -10.150000 37.869999
1.761117 -7.702496 1.859223 -145.250000 -15.960000 39.130001
2.579463 -10.284351 -1.107877 -27.580000 -1.610000 8.190000
2.579463 -10.284351 -1.107877 -27.580000 -1.610000 8.190000
2.251646 -9.887143 0.208176 -11.900000 -6.370000 5.600000
2.242075 -10.238889 -0.770489 -18.690001 -2.660000 3.080000
2.328217 -10.226924 -0.430708 5.670000 -2.940000 0.420000
2.215754 -9.760324 -0.066999 5.600000 -2.800000 0.490000
2.215754 -9.760324 -0.066999 5.600000 -2.800000 0.490000
2.239682 -9.853643 -0.411566 -0.420000 -0.210000 0.280000
2.239682 -9.853643 -0.411566 -0.420000 -0.210000 0.280000
2.239682 -9.853643 -0.411566 -0.420000 -0.210000 0.280000
2.182254 -9.367901 -0.040678 2.590000 -1.050000 -2.380000
2.242075 -9.590433 -0.301496 -2.730000 -2.240000 -2.380000
2.294717 -9.700503 -0.428315 3.640000 -2.800000 -1.470000
2.325824 -9.611969 -0.212961 5.040000 -2.240000 0.420000
2.151148 -9.434900 -0.184247 1.260000 -2.240000 -0.560000
2.153540 -9.470792 -0.258425 4.060000 -1.050000 -1.330000
2.349752 -9.482756 0.112463 4.060000 -0.140000 0.420000
2.356930 -9.748360 -0.468993 -4.200000 -0.490000 1.050000
2.301895 -9.846465 -0.212961 1.120000 0.350000 0.350000
2.349752 -9.719646 -0.323031 -0.560000 0.210000 0.140000
2.349752 -9.719646 -0.323031 -0.560000 0.210000 0.140000
2.277967 -9.640682 -0.143569 -2.030000 1.050000 1.470000
2.225325 -9.738789 0.076570 1.330000 0.280000 0.140000
2.270789 -9.973285 -0.282353 -0.070000 -0.350000 0.280000
2.218147 -9.812965 -0.141177 0.770000 -0.350000 -0.840000
2.273181 -9.748360 -0.193819 9.240000 -0.140000 -1.470000
2.280360 -9.698111 -0.019143 8.820000 1.120000 -2.100000
2.280360 -9.698111 -0.019143 8.820000 1.120000 -2.100000
