1.229911 -9.817751 0.026321 -0.910000 0.700000 0.490000
1.251446 -9.884750 -0.002393 1.260000 -0.280000 0.350000
1.227518 -9.982857 -0.014357 -0.280000 -0.280000 0.140000
1.294517 -9.932607 -0.236889 0.210000 -0.210000 -0.490000
1.294517 -9.932607 -0.236889 0.210000 -0.210000 -0.490000
1.306481 -9.848858 -0.157926 0.140000 0.420000 -0.560000
1.330409 -9.841680 -0.157926 0.350000 0.490000 0.070000
1.378266 -9.829715 -0.301496 0.140000 0.700000 0.490000
1.378266 -9.829715 -0.301496 0.140000 0.700000 0.490000
1.232304 -9.796216 -0.050249 1.610000 0.350000 0.140000
1.232304 -9.796216 -0.050249 1.610000 0.350000 0.140000
1.232304 -9.796216 -0.050249 1.610000 0.350000 0.140000
1.294517 -9.896714 -0.088534 1.260000 0.700000 0.140000
1.294517 -9.896714 -0.088534 1.260000 0.700000 0.140000
1.294517 -9.896714 -0.088534 1.260000 0.700000 0.140000
1.294517 -9.896714 -0.088534 1.260000 0.700000 0.140000
1.294517 -9.896714 -0.088534 1.260000 0.700000 0.140000
1.244268 -9.844072 -0.059821 0.910000 1.470000 -0.420000
1.335195 -9.815358 -0.181855 -0.210000 1.260000 -0.140000
1.282553 -9.810574 -0.143569 0.210000 0.350000 0.140000
1.282553 -9.719646 -0.090927 0.490000 1.190000 0.070000
1.354338 -9.808180 -0.083749 0.630000 1.330000 0.420000
1.294517 -9.894321 -0.069392 -0.980000 0.840000 1.610000
1.294517 -9.894321 -0.069392 -0.980000 0.840000 1.610000
1.294517 -9.894321 -0.069392 -0.980000 0.840000 1.610000
1.282553 -10.025927 -0.162712 -3.570000 -0.420000 0.560000
1.249053 -9.889536 -0.129212 2.520000 -0.840000 0.210000
1.258625 -9.908678 -0.114855 0.420000 -0.700000 0.420000
1.270589 -9.920642 -0.081356 -1.330000 -0.420000 0.560000
1.232304 -9.934999 -0.141177 -2.030000 -0.070000 0.070000
1.253839 -9.918249 -0.212961 -1.260000 0.070000 0.140000
1.253839 -9.918249 -0.212961 -1.260000 0.070000 0.140000
1.237089 -9.872787 -0.131605 0.070000 -1.400000 -0.210000
1.277767 -9.781858 -0.141177 1.610000 -0.630000 0.070000
1.299303 -9.865608 -0.232104 1.470000 -0.420000 -0.210000
1.296910 -9.894321 -0.110070 2.590000 -0.560000 -0.140000
1.268196 -9.853643 -0.232104 -0.980000 0.420000 0.840000
1.241875 -9.836893 -0.177069 -2.240000 0.420000 0.630000
1.275374 -9.887143 -0.198604 -0.420000 -0.770000 0.490000
1.289732 -9.913465 -0.136391 -0.070000 0.490000 0.490000
1.296910 -9.970891 -0.224925 -1.330000 1.470000 0.210000
