-0.772882 2.309074 9.193225 -13.300000 4.200000 5.390000
-0.772882 2.309074 9.193225 -13.300000 4.200000 5.390000
-0.681954 2.301895 9.116654 -7.630000 3.010000 4.130000
-0.681954 2.301895 9.116654 -7.630000 3.010000 4.130000
-0.780060 2.084148 9.154939 -5.040000 3.360000 3.500000
-0.734596 2.084148 9.229117 -4.270000 3.920000 2.870000
-0.701097 2.239682 9.257831 -7.070000 3.570000 3.010000
-0.701097 2.239682 9.257831 -7.070000 3.570000 3.010000
-0.722632 2.079363 9.181261 -12.530000 1.820000 4.270000
-0.669990 2.189433 9.229117 -6.720000 3.850000 5.390000
-0.971486 3.184847 9.269794 -14.490000 3.080000 10.010000
-0.954736 2.933600 9.389436 -18.270000 1.190000 12.880000
-0.954736 2.933600 9.389436 -18.270000 1.190000 12.880000
-1.026521 3.314059 9.336794 1.680000 4.830000 19.460001
-1.026521 3.314059 9.336794 1.680000 4.830000 19.460001
-1.026521 3.314059 9.336794 1.680000 4.830000 19.460001
-1.519442 5.008178 8.556733 16.379999 7.490000 47.670002
-1.706082 4.859823 8.434700 15.190001 19.040001 67.620003
-1.706082 4.859823 8.434700 15.190001 19.040001 67.620003
-1.706082 4.859823 8.434700 15.190001 19.040001 67.620003
-1.773082 4.819145 8.468199 3.780000 25.410000 88.690002
-1.773082 4.819145 8.468199 3.780000 25.410000 88.690002
-1.773082 4.819145 8.468199 3.780000 25.410000 88.690002
-1.773082 4.819145 8.468199 3.780000 25.410000 88.690002
-1.773082 4.819145 8.468199 3.780000 25.410000 88.690002
-1.773082 4.819145 8.468199 3.780000 25.410000 88.690002
-1.957329 3.127419 9.477970 18.129999 34.369999 115.919998
-1.957329 3.127419 9.477970 18.129999 34.369999 115.919998
-1.957329 3.127419 9.477970 18.129999 34.369999 115.919998
-1.866402 2.048256 9.274581 -11.900000 32.200001 114.590004
-0.832702 1.055235 9.293723 -11.830000 31.710001 93.730003
-0.832702 1.055235 9.293723 -11.830000 31.710001 93.730003
-0.832702 1.055235 9.293723 -11.830000 31.710001 93.730003
-0.832702 1.055235 9.293723 -11.830000 31.710001 93.730003
-0.442672 0.452243 9.480364 26.389999 28.280001 71.610001
-0.086142 1.258625 9.511470 19.530001 22.540001 64.400002
-0.086142 1.258625 9.511470 19.530001 22.540001 64.400002
0.318245 1.593620 9.781858 5.460000 12.950000 45.500000
0.318245 1.593620 9.781858 5.460000 12.950000 45.500000
0.382852 1.330409 9.674182 -5.320000 7.350000 35.700001
0.382852 1.330409 9.674182 -5.320000 7.350000 35.700001
0.593420 1.194018 9.485149 -7.560000 8.470000 32.900002
0.593420 1.194018 9.485149 -7.560000 8.470000 32.900002
0.593420 1.194018 9.485149 -7.560000 8.470000 32.900002
0.705883 0.693919 9.506684 -19.600000 4.130000 17.920000
0.622134 0.586242 9.492328 -3.850000 -1.120000 1.050000
0.306281 0.770489 9.537791 1.120000 7.140000 -12.110000
-0.011964 0.914058 9.834501 -17.080000 -1.680000 -12.530000
0.763310 0.284746 9.693325 -30.170000 -8.680000 -27.370001
0.122034 0.279960 9.597611 -8.190000 -7.280000 -38.570000
0.038285 1.371087 10.535598 -4.550000 -14.070000 -54.180000
-0.354138 2.909672 10.569098 -3.780000 -37.660000 -61.670002
0.212961 5.295317 9.669396 -52.570000 -47.810001 -51.520000
0.586242 4.728218 8.279166 -65.239998 -38.639999 -35.490002
0.648455 4.409972 8.245667 -44.730000 -25.549999 -28.490000
0.485743 4.603791 7.869993 -7.420000 -8.820000 -11.480000
0.595813 3.744767 8.073383 -30.100000 -5.950000 -1.050000
