1.342373 1.397408 9.193225 0.140000 0.210000 0.140000
1.342373 1.397408 9.193225 0.140000 0.210000 0.140000
1.275374 1.349552 9.221939 3.150000 2.030000 0.840000
1.275374 1.349552 9.221939 3.150000 2.030000 0.840000
1.275374 1.349552 9.221939 3.150000 2.030000 0.840000
1.275374 1.349552 9.221939 3.150000 2.030000 0.840000
1.275374 1.349552 9.221939 3.150000 2.030000 0.840000
1.275374 1.349552 9.221939 3.150000 2.030000 0.840000
1.170090 1.469193 9.396614 -0.910000 -0.070000 -0.560000
1.170090 1.469193 9.396614 -0.910000 -0.070000 -0.560000
1.141376 1.354338 9.279366 0.770000 1.190000 -0.420000
1.141376 1.354338 9.279366 0.770000 1.190000 -0.420000
1.249053 1.466800 9.308081 1.610000 1.470000 -0.770000
1.270589 1.404587 9.427721 -2.170000 -0.700000 -0.140000
1.227518 1.342373 9.312866 -0.210000 -0.420000 0.420000
1.227518 1.342373 9.312866 -0.210000 -0.420000 0.420000
1.227518 1.342373 9.312866 -0.210000 -0.420000 0.420000
1.263410 1.390230 9.437292 0.490000 1.190000 0.280000
1.263410 1.390230 9.437292 0.490000 1.190000 0.280000
1.174876 1.418944 9.408579 -0.630000 0.560000 0.560000
1.174876 1.418944 9.408579 -0.630000 0.560000 0.560000
1.237089 1.330409 9.288938 -0.560000 0.070000 -0.280000
1.237089 1.330409 9.288938 -0.560000 0.070000 -0.280000
1.237089 1.330409 9.288938 -0.560000 0.070000 -0.280000
1.203590 1.442872 9.372685 0.630000 0.350000 -0.700000
1.203590 1.442872 9.372685 0.630000 0.350000 -0.700000
1.232304 1.261017 9.233903 0.630000 -0.070000 -1.680000
1.232304 1.261017 9.233903 0.630000 -0.070000 -1.680000
1.229911 1.471586 9.387043 -2.240000 -0.070000 -0.210000
1.229911 1.471586 9.387043 -2.240000 -0.070000 -0.210000
1.232304 1.531406 9.382257 2.100000 0.210000 -0.070000
1.174876 1.462015 9.382257 -1.050000 -0.840000 -1.540000
1.174876 1.462015 9.382257 -1.050000 -0.840000 -1.540000
1.261017 1.452443 9.269794 -1.750000 -0.700000 -1.400000
1.234696 1.552942 9.320045 -0.630000 0.490000 -0.280000
1.304088 1.562513 9.394222 0.630000 0.840000 1.190000
1.213161 1.466800 9.384650 1.050000 0.980000 0.700000
1.213161 1.466800 9.384650 1.050000 0.980000 0.700000
1.208375 1.275374 9.293723 0.630000 1.120000 0.770000
1.208375 1.275374 9.293723 0.630000 1.120000 0.770000
1.227518 1.435694 9.468399 3.710000 2.030000 0.910000
1.227518 1.435694 9.468399 3.710000 2.030000 0.910000
1.225125 1.373480 9.408579 0.980000 1.190000 -0.070000
1.201197 1.464408 9.473185 -1.190000 -0.070000 0.490000
1.201197 1.313660 9.566505 -0.560000 -0.070000 0.210000
1.201197 1.313660 9.566505 -0.560000 -0.070000 0.210000
1.201197 1.313660 9.566505 -0.560000 -0.070000 0.210000
1.234696 1.332802 9.396614 -0.980000 -0.980000 -0.280000
1.234696 1.332802 9.396614 -0.980000 -0.980000 -0.280000
