1.856830 -9.707682 2.026721 -7.280000 2.590000 3.570000
1.856830 -9.707682 2.026721 -7.280000 2.590000 3.570000
1.907080 -10.238889 0.995414 -17.500000 8.330000 3.500000
1.864009 -10.030712 2.067399 -2.870000 7.560000 3.150000
1.969293 -9.047262 1.820938 -7.280000 3.920000 6.510000
1.686940 -9.097511 1.208375 -28.000000 9.240000 7.770000
1.691726 -10.664811 1.593620 -45.779999 8.330000 8.330000
1.691726 -10.664811 1.593620 -45.779999 8.330000 8.330000
1.619941 -10.296316 -0.361316 -45.290001 15.190001 10.290000
1.619941 -10.296316 -0.361316 -45.290001 15.190001 10.290000
1.966900 -9.537791 -0.081356 -48.720001 16.590000 12.880000
1.624727 -9.877571 -0.658026 -52.500000 21.629999 14.770000
1.624727 -9.877571 -0.658026 -52.500000 21.629999 14.770000
1.397408 -9.379865 -0.890130 -54.529999 34.790001 24.150000
1.442872 -10.152746 -1.636691 -30.870001 40.950001 23.100000
1.100698 -10.006784 -1.610370 -10.500000 35.630001 19.460001
0.945165 -9.609575 -0.502493 11.690000 19.670000 7.350000
1.115055 -9.387043 -0.019143 17.710001 2.520000 3.920000
1.115055 -9.387043 -0.019143 17.710001 2.520000 3.920000
1.115055 -9.387043 -0.019143 17.710001 2.520000 3.920000
1.088734 -9.899107 -0.122034 -0.910000 0.700000 -1.050000
1.074377 -9.767502 -0.272782 -2.450000 2.030000 -0.350000
1.074377 -9.767502 -0.272782 -2.450000 2.030000 -0.350000
0.971486 -10.195816 -0.363709 7.140000 1.540000 1.330000
0.971486 -10.195816 -0.363709 7.140000 1.540000 1.330000
0.971486 -10.195816 -0.363709 7.140000 1.540000 1.330000
1.091127 -9.844072 -0.284746 7.560000 1.820000 -0.560000
1.036092 -10.152746 -0.334995 10.220000 0.630000 0.910000
1.036092 -10.152746 -0.334995 10.220000 0.630000 0.910000
1.021735 -9.712467 -0.136391 -1.120000 3.360000 1.330000
1.021735 -9.712467 -0.136391 -1.120000 3.360000 1.330000
0.978664 -10.045070 0.059821 -0.770000 1.820000 1.540000
0.993021 -9.879964 0.004786 2.800000 -0.840000 1.610000
0.904487 -10.107283 -0.028714 9.170000 -2.030000 0.630000
