2.995814 -8.908479 3.302095 -0.700000 -0.070000 -0.980000
2.995814 -8.908479 3.302095 -0.700000 -0.070000 -0.980000
2.873780 -8.427521 3.641876 2.800000 0.210000 0.560000
2.825923 -8.654840 3.376273 3.080000 1.260000 -0.140000
2.935993 -8.556733 3.603590 9.240000 1.400000 -0.910000
2.935993 -8.556733 3.603590 9.240000 1.400000 -0.910000
2.955136 -8.829515 3.550949 3.220000 0.280000 0.490000
2.955136 -8.829515 3.550949 3.220000 0.280000 0.490000
2.828316 -8.621340 3.747160 14.420000 0.630000 1.260000
2.797210 -8.499306 3.945765 18.129999 0.350000 1.260000
2.854637 -8.707481 3.909872 -41.369999 5.250000 3.990000
3.022135 -9.001799 3.562913 -128.729996 3.850000 12.390000
3.022135 -9.001799 3.562913 -128.729996 3.850000 12.390000
2.988636 -9.765109 3.462414 -123.270004 1.540000 19.879999
2.498107 -9.494720 0.437887 -99.540001 -9.800000 21.420000
2.560320 -9.126225 0.569492 -89.949997 -15.540000 25.480000
1.720440 -7.877172 1.361516 -87.570000 -17.219999 33.880001
2.182254 -10.408779 -2.079363 -38.709999 -2.520000 12.110000
2.275574 -9.980463 -0.717847 -5.810000 -0.980000 8.540000
2.165504 -9.944571 0.002393 5.670000 -2.940000 5.320000
2.165504 -9.944571 0.002393 5.670000 -2.940000 5.320000
2.026721 -10.552348 -0.492921 -7.770000 0.140000 2.800000
2.033899 -10.490135 -0.466600 0.980000 -1.540000 0.700000
2.033899 -10.490135 -0.466600 0.980000 -1.540000 0.700000
1.828116 -10.202995 -0.059821 -3.780000 0.560000 -1.820000
1.974079 -9.609575 -0.069392 12.460000 1.890000 -2.870000
2.115255 -9.489935 0.095713 0.910000 2.520000 -4.410000
2.098505 -9.693325 -0.004786 -0.560000 1.820000 -4.060000
2.098505 -9.693325 -0.004786 -0.560000 1.820000 -4.060000
2.110470 -9.399008 0.009571 -3.570000 1.330000 -0.770000
2.110470 -9.399008 0.009571 -3.570000 1.330000 -0.770000
2.151148 -9.475577 0.167498 3.290000 -0.770000 -0.630000
2.151148 -9.475577 0.167498 3.290000 -0.770000 -0.630000
2.170290 -9.583255 0.004786 -1.050000 -1.120000 0.770000
2.227718 -9.832108 -0.110070 -1.190000 -1.330000 0.070000
2.086541 -9.836893 0.160319 2.870000 -0.840000 -0.140000
2.172683 -9.827322 -0.035892 1.890000 -1.890000 0.210000
2.134398 -9.724431 0.021535 -1.190000 -0.980000 -0.350000
2.134398 -9.724431 0.021535 -1.190000 -0.980000 -0.350000
2.127219 -9.973285 -0.193819 3.500000 0.490000 0.980000
2.038685 -9.434900 0.294317 4.620000 -1.260000 -1.470000
2.038685 -9.434900 0.294317 4.620000 -1.260000 -1.470000
