0.873380 1.844866 9.233903 -4.200000 4.410000 3.990000
0.873380 1.844866 9.233903 -4.200000 4.410000 3.990000
0.969093 1.883151 9.353544 -2.660000 2.940000 3.850000
1.079163 2.041078 9.497113 13.790000 5.810000 0.980000
1.079163 2.041078 9.497113 13.790000 5.810000 0.980000
1.079163 2.041078 9.497113 13.790000 5.810000 0.980000
0.780060 4.905287 9.377472 130.970001 15.190001 -0.070000
0.746561 4.232903 8.523234 99.190002 -1.120000 -2.590000
1.107877 3.433701 6.731010 177.169998 3.500000 -2.170000
1.107877 3.433701 6.731010 177.169998 3.500000 -2.170000
1.222732 6.888937 7.211967 254.589996 17.150000 -9.730000
1.222732 6.888937 7.211967 254.589996 17.150000 -9.730000
0.736989 9.370294 5.156533 228.199997 7.490000 -15.890000
0.370888 9.408579 2.055435 160.930008 8.120000 -23.799999
0.370888 9.408579 2.055435 160.930008 8.120000 -23.799999
0.370888 9.408579 2.055435 160.930008 8.120000 -23.799999
-0.122034 9.016156 0.792024 122.570000 10.640000 -22.610001
-0.122034 9.016156 0.792024 122.570000 10.640000 -22.610001
-0.052642 9.580862 0.330210 117.320000 15.260000 -23.799999
-0.392423 8.941978 -0.679562 85.470001 23.660000 -25.620001
-0.509671 9.415757 -1.483550 49.560001 17.780001 -23.870001
-0.591027 9.839286 -1.514657 47.110001 19.879999 -22.610001
-0.748954 10.188639 -1.057628 49.349998 18.969999 -22.469999
-0.748954 10.188639 -1.057628 49.349998 18.969999 -22.469999
-1.019342 10.901700 -1.689333 11.340000 8.470000 -10.010000
-1.177269 10.293922 -1.684547 17.500000 11.130000 -5.530000
-1.033699 9.705289 -1.873580 12.320000 7.770000 -2.870000
-0.882952 9.528220 -2.452643 12.040000 4.760000 -0.910000
-1.064806 9.078369 -2.443072 -2.590000 0.280000 1.680000
-0.983450 9.489935 -2.617748 0.210000 5.250000 1.540000
-0.983450 9.489935 -2.617748 0.210000 5.250000 1.540000
-1.045663 8.951550 -2.612962 -2.100000 6.020000 2.380000
-0.940379 9.238688 -2.699104 -11.620000 2.450000 -0.700000
-1.177269 9.111869 -2.526821 -18.129999 1.470000 1.750000
-1.227518 9.099905 -2.622534 -7.280000 2.450000 1.470000
-1.055235 9.913465 -2.376073 -23.799999 -2.170000 0.210000
-1.107877 8.913264 -2.490928 0.560000 5.950000 0.210000
-0.679562 10.231709 -1.866402 -3.360000 9.520000 -0.350000
-1.201197 9.068797 -2.481357 0.070000 7.630000 0.210000
-1.004985 9.686146 -1.976472 -23.660000 0.560000 2.660000
