3.811767 -8.346166 1.797010 -0.560000 7.280000 -1.680000
4.046263 -8.484949 2.340181 9.520000 7.000000 3.710000
3.828516 -8.094919 2.199004 -5.390000 1.680000 5.880000
3.421736 -7.286145 1.866402 -5.390000 -4.550000 14.000000
3.359523 -7.032506 1.998007 -2.660000 -7.280000 20.650000
3.359523 -7.032506 1.998007 -2.660000 -7.280000 20.650000
3.359523 -7.032506 1.998007 -2.660000 -7.280000 20.650000
3.359523 -7.032506 1.998007 -2.660000 -7.280000 20.650000
1.395016 -6.257231 0.856631 17.639999 13.930000 79.870003
1.395016 -6.257231 0.856631 17.639999 13.930000 79.870003
0.251246 -6.163911 1.552942 -5.950000 19.250000 93.169998
0.064606 -7.089933 1.471586 -30.450001 14.490000 99.190002
-0.555135 -8.604590 1.306481 -15.610000 21.980000 105.349998
-1.629512 -9.585647 1.371087 -23.030001 16.660000 118.650002
-1.629512 -9.585647 1.371087 -23.030001 16.660000 118.650002
-1.840081 -10.183852 1.579263 -14.700000 16.030001 122.150002
-3.809374 -10.772489 1.880759 -5.880000 21.490000 118.790001
-4.007978 -10.353743 1.945365 0.070000 23.309999 118.020004
-5.058427 -9.903893 1.194018 -37.660000 21.210001 110.110001
-5.058427 -9.903893 1.194018 -37.660000 21.210001 110.110001
-5.436492 -11.124231 1.555335 -10.990000 5.530000 120.680000
-5.649454 -9.801002 1.660619 -13.790000 7.770000 107.730003
-7.101898 -9.738789 1.653440 4.340000 7.140000 109.270004
-6.826723 -8.516055 1.098306 -5.740000 2.730000 105.559998
-6.826723 -8.516055 1.098306 -5.740000 2.730000 105.559998
-7.798209 -9.437292 0.406780 -30.309999 1.960000 105.840004
-8.207381 -8.556733 1.143769 16.590000 -2.590000 110.459999
-8.231310 -7.769495 0.923629 5.040000 -3.780000 109.970001
-8.382057 -8.874979 0.736989 -9.520000 -8.960000 105.559998
-8.918050 -8.863015 0.933201 9.380000 -5.600000 91.559998
-8.918050 -8.863015 0.933201 9.380000 -5.600000 91.559998
-8.556733 -8.063812 1.136591 -2.380000 -9.380000 87.290001
-8.865408 -8.157133 0.445065 -21.629999 -10.850000 66.849998
-8.126025 -7.491928 0.241675 -23.240000 -12.950000 56.139999
-8.757731 -6.575477 0.516850 -8.470000 -4.060000 35.910000
-7.958528 -6.652047 0.263210 -23.799999 -11.830000 26.670000
-8.209774 -6.793223 0.705883 -16.450001 -10.990000 21.700001
-8.209774 -6.793223 0.705883 -16.450001 -10.990000 21.700001
-8.618947 -5.666204 0.765703 -11.830000 -9.870000 12.670000
-8.671589 -5.467600 0.308674 -12.390000 -9.170000 5.740000
-8.556733 -5.235496 0.715454 -7.490000 -7.420000 2.310000
-8.846266 -4.874180 0.507278 -3.990000 -2.170000 -3.290000
