-0.098106 -9.832108 2.024328 -5.530000 3.570000 2.870000
-0.138784 -9.700503 1.962115 -6.440000 3.710000 1.820000
-0.138784 -9.700503 1.962115 -6.440000 3.710000 1.820000
-0.203390 -9.710074 1.859223 -6.720000 4.620000 1.820000
-0.203390 -9.710074 1.859223 -6.720000 4.620000 1.820000
-0.217747 -9.614362 1.933401 -8.120000 5.460000 1.400000
-0.205783 -9.585647 1.911865 -5.600000 6.790000 2.030000
-0.215354 -9.681360 2.093720 -7.560000 5.040000 2.800000
-0.215354 -9.681360 2.093720 -7.560000 5.040000 2.800000
-0.122034 -9.683753 2.065006 -7.070000 4.340000 2.940000
-0.234497 -9.729217 2.000400 -6.580000 4.970000 3.500000
-0.234497 -9.729217 2.000400 -6.580000 4.970000 3.500000
-0.244068 -9.745967 1.986043 -4.620000 5.320000 3.360000
-0.186640 -9.879964 1.919044 -5.250000 3.780000 2.240000
-0.174676 -9.784252 1.962115 -5.110000 3.710000 2.170000
-0.220140 -9.834501 1.887937 -6.160000 4.060000 2.100000
-0.165105 -9.748360 1.890330 -3.780000 5.460000 1.400000
-0.165105 -9.748360 1.890330 -3.780000 5.460000 1.400000
-0.155533 -9.590433 1.938186 -6.300000 4.130000 2.310000
-0.229711 -9.712467 1.938186 -6.510000 4.060000 2.660000
-0.229711 -9.712467 1.938186 -6.510000 4.060000 2.660000
-0.179462 -9.674182 2.005185 -5.880000 4.830000 2.450000
-0.179462 -9.674182 2.005185 -5.880000 4.830000 2.450000
-0.203390 -9.686146 2.050649 -4.410000 4.480000 3.010000
-0.133998 -9.722038 2.062613 -6.230000 2.520000 3.290000
-0.162712 -9.868000 1.990828 -7.000000 2.660000 3.010000
-0.162712 -9.868000 1.990828 -7.000000 2.660000 3.010000
-0.186640 -9.760324 1.923829 -5.530000 3.850000 2.590000
-0.186640 -9.760324 1.923829 -5.530000 3.850000 2.590000
-0.184247 -9.700503 1.916651 -3.640000 3.920000 2.380000
-0.167498 -9.731609 1.938186 -6.440000 3.220000 2.660000
-0.167498 -9.731609 1.938186 -6.440000 3.220000 2.660000
-0.167498 -9.731609 1.938186 -6.440000 3.220000 2.660000
-0.167498 -9.731609 1.938186 -6.440000 3.220000 2.660000
-0.141177 -9.779467 1.897508 -5.530000 3.220000 2.590000
-0.141177 -9.779467 1.897508 -5.530000 3.220000 2.590000
-0.141177 -9.705289 1.847259 -5.390000 3.920000 2.660000
-0.141177 -9.705289 1.847259 -5.390000 3.920000 2.660000
-0.193819 -9.729217 1.969293 -4.900000 4.060000 2.800000
-0.189033 -9.762716 1.964507 -6.370000 4.270000 2.240000
-0.122034 -9.726824 2.009971 -5.460000 4.410000 2.800000
-0.141177 -9.757930 1.952543 -5.180000 4.340000 2.520000
-0.114855 -9.638289 2.033899 -5.670000 3.500000 3.290000
-0.114855 -9.638289 2.033899 -5.670000 3.500000 3.290000
-0.184247 -9.712467 1.885544 -4.830000 4.340000 3.080000
-0.148355 -9.767502 2.024328 -3.150000 4.970000 3.710000
-0.148355 -9.767502 2.024328 -3.150000 4.970000 3.710000
