1.605584 -9.212367 3.574877 23.730000 -0.280000 -17.710001
1.507478 -9.138189 3.732803 26.670000 -1.750000 -20.090000
2.029114 -9.463614 3.682554 53.549999 1.610000 -30.309999
1.844866 -8.944371 4.883751 74.129997 3.430000 -41.509998
2.036292 -8.922836 4.309474 89.599998 -0.280000 -46.340000
2.218147 -9.111869 5.764310 148.470001 12.740000 -65.870003
2.467000 -7.518249 6.666404 118.860001 2.170000 -75.110001
3.349952 -6.936793 6.979864 113.959999 0.140000 -74.480003
3.309274 -6.407979 7.384251 88.900002 0.140000 -77.000000
3.797409 -5.414958 7.319644 89.669998 -1.890000 -74.550003
3.550949 -5.359922 7.640282 103.669998 -3.150000 -74.760002
3.974478 -3.086741 7.558927 105.489998 -8.750000 -76.090004
3.785445 -3.139383 7.879565 115.639999 -8.400000 -76.650002
4.194618 -2.019542 7.542177 91.279999 -9.800000 -76.090004
4.524827 -0.751346 7.580462 81.410004 -14.840000 -65.309998
4.524827 -0.751346 7.580462 81.410004 -14.840000 -65.309998
4.644469 -0.181855 7.695317 88.340004 -13.300000 -62.369999
5.137390 1.375873 7.534998 47.389999 -10.850000 -35.910000
4.771288 1.007378 7.891530 56.840000 -5.600000 -33.040001
5.041678 1.844866 7.637890 10.290000 -0.420000 -21.000000
4.713861 1.780260 8.078169 -0.490000 -2.730000 -7.420000
4.713861 1.780260 8.078169 -0.490000 -2.730000 -7.420000
4.728218 1.339981 8.195417 4.690000 -0.350000 -5.320000
4.859823 0.600598 8.114061 -12.530000 -5.040000 5.600000
4.807181 0.521635 8.042276 -6.720000 -2.660000 4.900000
4.752146 0.311067 8.030313 -25.760000 -1.190000 4.200000
4.752146 0.311067 8.030313 -25.760000 -1.190000 4.200000
4.823930 0.141177 8.068598 -0.630000 1.260000 2.240000
4.790431 -0.117248 8.281559 18.340000 3.850000 -1.190000
5.120641 0.153141 8.063812 -14.000000 1.820000 0.840000
4.737789 0.284746 8.681160 -0.140000 3.080000 -0.980000
4.888536 0.538385 8.506484 -7.910000 -0.420000 -0.070000
4.733003 0.337388 8.305488 -6.720000 -1.680000 2.730000
4.733003 0.337388 8.305488 -6.720000 -1.680000 2.730000
4.926822 0.241675 7.941778 -10.850000 -3.150000 3.360000
4.697111 -0.007178 8.233703 -12.250000 -0.910000 4.760000
4.615755 -0.124427 8.374879 -8.680000 2.730000 4.130000
4.871787 -0.141177 8.023134 -10.010000 3.570000 3.710000
