1.718047 -9.896714 0.543171 -3.430000 4.970000 2.100000
1.708475 -9.970891 0.500100 -3.990000 4.480000 2.450000
1.708475 -9.970891 0.500100 -3.990000 4.480000 2.450000
1.741975 -10.033106 0.442672 14.770000 4.690000 0.980000
1.785046 -10.351351 0.524028 46.619999 7.210000 -0.700000
1.701297 -10.609775 0.538385 74.410004 9.520000 -0.280000
1.701297 -10.609775 0.538385 74.410004 9.520000 -0.280000
1.627119 -9.310472 2.624927 136.360001 10.990000 0.980000
1.481157 -9.406186 3.005385 127.680000 13.510000 1.470000
1.722832 -7.434500 4.266403 120.050003 18.200001 7.490000
1.263410 -8.755339 4.630112 103.180000 20.020000 -2.170000
1.263410 -8.755339 4.630112 103.180000 20.020000 -2.170000
1.263410 -8.755339 4.630112 103.180000 20.020000 -2.170000
1.502693 -6.434300 6.037091 181.930008 24.639999 -5.390000
1.402194 -6.319445 6.932007 154.910004 23.730000 -11.410000
1.246661 -7.010970 6.850651 131.389999 13.510000 -14.840000
1.646262 -4.756931 7.893922 211.750000 27.370001 -17.080000
1.282553 -3.964907 8.487342 218.399994 32.410000 -19.460001
1.112662 -1.655833 7.917850 218.330002 28.420000 -17.080000
1.033699 0.502493 9.107083 211.680008 35.139999 -20.299999
1.033699 0.502493 9.107083 211.680008 35.139999 -20.299999
1.033699 0.502493 9.107083 211.680008 35.139999 -20.299999
1.033699 0.502493 9.107083 211.680008 35.139999 -20.299999
1.033699 0.502493 9.107083 211.680008 35.139999 -20.299999
0.832702 1.079163 9.817751 173.039993 33.950001 -15.400000
0.272782 3.062813 9.602397 1.050000 7.490000 -2.310000
0.272782 3.062813 9.602397 1.050000 7.490000 -2.310000
0.165105 3.225525 9.212367 -0.210000 7.000000 0.770000
0.279960 2.938386 8.937192 3.080000 7.210000 0.700000
0.193819 3.187240 9.207582 2.450000 7.350000 1.680000
0.167498 3.113062 9.329616 -11.970000 6.580000 3.570000
0.272782 2.651247 8.666803 -14.210000 3.220000 2.030000
0.098106 3.036492 9.004191 -3.360000 5.950000 2.170000
0.203390 2.952743 9.047262 -14.560000 6.160000 2.870000
0.100499 2.835495 9.040084 -16.450001 4.270000 3.710000
0.212961 2.943172 9.042477 -0.560000 4.690000 4.620000
