1.890330 -9.588040 1.301696 0.700000 0.840000 -1.050000
1.840081 -9.623933 1.495514 -0.070000 0.560000 -0.770000
1.811367 -9.588040 1.466800 0.140000 -0.490000 -1.260000
1.756332 -9.707682 1.323231 1.540000 0.140000 -0.560000
1.940579 -9.616754 1.445265 0.630000 0.420000 0.420000
1.940579 -9.616754 1.445265 0.630000 0.420000 0.420000
1.804188 -9.638289 1.380659 1.820000 -0.210000 -0.070000
1.832902 -9.564112 1.433301 0.140000 -0.280000 0.350000
1.835295 -9.540184 1.351945 0.840000 -0.210000 1.190000
1.835295 -9.540184 1.351945 0.840000 -0.210000 1.190000
1.871187 -9.554541 1.476372 0.840000 -0.980000 1.120000
1.832902 -9.607183 1.332802 1.330000 -0.910000 0.630000
1.914258 -9.501899 1.351945 2.030000 -0.770000 0.840000
1.895115 -9.714860 1.287339 -0.910000 -0.350000 1.750000
1.875973 -9.774680 1.354338 -1.120000 -0.280000 0.910000
1.981257 -9.710074 1.347159 -0.280000 -0.350000 0.280000
1.928615 -9.803394 1.328017 -0.210000 -0.070000 0.700000
1.928615 -9.803394 1.328017 -0.210000 -0.070000 0.700000
1.928615 -9.803394 1.328017 -0.210000 -0.070000 0.700000
1.928615 -9.803394 1.328017 -0.210000 -0.070000 0.700000
1.928615 -9.803394 1.328017 -0.210000 -0.070000 0.700000
1.902294 -9.719646 1.430908 -0.980000 0.140000 -0.840000
1.902294 -9.719646 1.430908 -0.980000 0.140000 -0.840000
1.902294 -9.719646 1.430908 -0.980000 0.140000 -0.840000
1.782653 -9.600004 1.363909 -0.980000 -0.350000 -0.910000
1.782653 -9.600004 1.363909 -0.980000 -0.350000 -0.910000
1.835295 -9.516255 1.395016 -0.280000 -0.490000 0.630000
1.794617 -9.626326 1.359123 -0.770000 -0.280000 0.770000
1.722832 -9.497113 1.344766 -3.780000 -0.630000 0.700000
1.947758 -9.722038 1.292124 -14.280000 -1.190000 2.520000
1.947758 -9.722038 1.292124 -14.280000 -1.190000 2.520000
1.765903 -9.817751 1.277767 0.490000 -1.610000 -0.140000
1.808974 -9.640682 1.117448 -3.570000 -2.240000 -1.610000
1.777867 -9.667004 1.060020 3.010000 -0.280000 0.560000
1.823331 -9.633504 1.148555 1.470000 0.070000 1.610000
1.804188 -9.688539 1.229911 3.150000 0.980000 1.400000
1.813759 -9.803394 1.239482 -0.560000 -0.420000 -0.210000
1.813759 -9.803394 1.239482 -0.560000 -0.420000 -0.210000
1.811367 -9.561719 1.081556 -1.260000 -0.700000 -2.100000
1.811367 -9.561719 1.081556 -1.260000 -0.700000 -2.100000
1.773082 -9.611969 1.167697 1.400000 0.840000 -0.350000
