2.517249 -9.595219 -0.904487 0.070000 -0.420000 0.420000
2.529213 -9.669396 -1.000200 0.070000 -0.630000 -1.190000
2.488536 -9.542577 -1.000200 0.350000 -0.630000 -1.330000
2.488536 -9.542577 -1.000200 0.350000 -0.630000 -1.330000
2.407180 -9.745967 -0.978664 1.330000 0.630000 -0.210000
2.510071 -9.317651 -0.734596 2.940000 -0.770000 -0.910000
2.510071 -9.317651 -0.734596 2.940000 -0.770000 -0.910000
2.490928 -9.638289 -0.870987 -1.470000 0.070000 -1.260000
2.490928 -9.638289 -0.870987 -1.470000 0.070000 -1.260000
2.490928 -9.638289 -0.870987 -1.470000 0.070000 -1.260000
2.459821 -9.401401 -0.914058 1.400000 -0.630000 -0.490000
2.493321 -9.535398 -0.837488 -0.980000 0.140000 -0.210000
2.627320 -9.530612 -0.902094 -0.980000 0.070000 -0.210000
2.627320 -9.530612 -0.902094 -0.980000 0.070000 -0.210000
2.471786 -9.664611 -0.909273 0.560000 0.350000 -0.140000
2.471786 -9.664611 -0.909273 0.560000 0.350000 -0.140000
2.471786 -9.664611 -0.909273 0.560000 0.350000 -0.140000
2.471786 -9.664611 -0.909273 0.560000 0.350000 -0.140000
2.471786 -9.664611 -0.909273 0.560000 0.350000 -0.140000
2.471786 -9.664611 -0.909273 0.560000 0.350000 -0.140000
2.471786 -9.664611 -0.909273 0.560000 0.350000 -0.140000
2.553142 -9.525827 -0.818345 1.120000 -0.350000 -0.420000
2.543570 -9.650253 -0.813560 -0.070000 -0.700000 0.560000
2.493321 -9.690931 -0.911665 0.630000 -0.980000 0.350000
2.500499 -9.600004 -0.885344 0.910000 -0.840000 -0.140000
2.536392 -9.700503 -0.863809 0.070000 -0.490000 -1.400000
2.541178 -9.509077 -0.873380 -0.560000 -0.630000 -1.960000
2.541178 -9.509077 -0.873380 -0.560000 -0.630000 -1.960000
2.541178 -9.509077 -0.873380 -0.560000 -0.630000 -1.960000
2.663212 -9.396614 -0.902094 0.280000 0.210000 -0.630000
2.586641 -9.425328 -0.818345 1.540000 0.490000 -0.420000
2.605784 -9.439686 -0.839881 -0.140000 0.560000 -0.420000
2.605784 -9.439686 -0.839881 -0.140000 0.560000 -0.420000
2.514857 -9.528220 -0.928415 -0.140000 0.630000 -0.350000
2.574677 -9.269794 -0.744168 -0.490000 0.490000 -1.190000
2.617748 -9.683753 -0.952343 0.350000 -0.350000 0.140000
2.617748 -9.683753 -0.952343 0.350000 -0.350000 0.140000
2.536392 -9.700503 -0.985843 0.980000 0.140000 1.050000
2.505285 -9.561719 -0.897308 -0.630000 -0.070000 -0.490000
2.505285 -9.561719 -0.897308 -0.630000 -0.070000 -0.490000
2.490928 -9.588040 -0.897308 -0.420000 -0.280000 -0.840000
2.469393 -9.633504 -0.933201 -0.420000 0.350000 -1.120000
2.557927 -9.367901 -0.835095 0.560000 -0.700000 -0.700000
2.557927 -9.367901 -0.835095 0.560000 -0.700000 -0.700000
2.557927 -9.367901 -0.835095 0.560000 -0.700000 -0.700000
2.536392 -9.561719 -0.993021 1.400000 -0.910000 0.560000
2.536392 -9.561719 -0.993021 1.400000 -0.910000 0.560000
2.589034 -9.473185 -0.959522 -0.210000 0.070000 0.280000
