1.773082 -9.879964 0.457029 -5.110000 3.430000 3.010000
1.739582 -9.784252 0.284746 -4.550000 3.290000 2.170000
1.739582 -9.784252 0.284746 -4.550000 3.290000 2.170000
1.873580 -9.882358 0.334995 -4.480000 3.570000 2.240000
1.801795 -9.834501 0.342174 2.170000 5.880000 1.260000
1.816152 -9.623933 0.428315 3.850000 7.840000 0.350000
1.816152 -9.623933 0.428315 3.850000 7.840000 0.350000
1.801795 -9.712467 0.512064 -1.120000 8.610000 2.520000
1.840081 -9.889536 0.598206 9.380000 9.520000 1.400000
1.799403 -9.966106 0.492921 13.930000 10.710000 1.260000
1.847259 -10.478169 0.854238 70.349998 18.270000 3.290000
1.765903 -10.217353 1.246661 96.040001 21.210001 2.730000
1.677369 -9.726824 2.167897 113.540001 23.730000 -0.350000
1.902294 -8.992228 2.962314 107.940002 25.690001 -0.910000
1.718047 -8.731410 3.254239 105.910004 26.250000 -2.310000
1.718047 -8.731410 3.254239 105.910004 26.250000 -2.310000
1.775474 -8.551948 4.182654 129.919998 24.780001 -4.060000
1.775474 -8.551948 4.182654 129.919998 24.780001 -4.060000
1.677369 -7.556533 4.977071 159.809998 26.600000 -4.970000
1.373480 -6.616155 5.919843 141.610001 14.420000 -5.600000
1.696511 -6.472585 6.494121 195.509995 18.690001 -6.440000
1.292124 -4.335794 7.678568 208.180008 31.850000 -13.160000
1.292124 -4.335794 7.678568 208.180008 31.850000 -13.160000
1.464408 -3.742374 8.264810 212.449997 32.340000 -13.930000
0.964308 -1.007378 9.221939 166.669998 30.660000 -7.280000
0.928415 0.095713 9.731609 134.889999 31.430000 -5.950000
0.928415 0.095713 9.731609 134.889999 31.430000 -5.950000
0.928415 0.095713 9.731609 134.889999 31.430000 -5.950000
0.928415 0.095713 9.731609 134.889999 31.430000 -5.950000
0.928415 0.095713 9.731609 134.889999 31.430000 -5.950000
0.928415 0.095713 9.731609 134.889999 31.430000 -5.950000
0.928415 0.095713 9.731609 134.889999 31.430000 -5.950000
0.928415 0.095713 9.731609 134.889999 31.430000 -5.950000
0.928415 0.095713 9.731609 134.889999 31.430000 -5.950000
-0.052642 2.639283 9.525827 41.650002 17.639999 -1.260000
-0.055035 2.828316 9.379865 -3.780000 5.600000 0.910000
-0.055035 2.828316 9.379865 -3.780000 5.600000 0.910000
0.011964 2.902494 9.176475 -6.580000 5.530000 2.590000
0.011964 2.902494 9.176475 -6.580000 5.530000 2.590000
-0.119641 2.672783 9.133404 -12.180000 4.480000 4.340000
-0.119641 2.672783 9.133404 -12.180000 4.480000 4.340000
-0.031107 2.756532 9.276974 -7.910000 4.410000 3.850000
0.064606 2.797210 9.083155 -13.720000 4.340000 4.690000
