0.198604 -9.741181 2.143969 -6.300000 4.200000 1.820000
0.198604 -9.741181 2.143969 -6.300000 4.200000 1.820000
0.110070 -9.698111 2.060220 -6.230000 3.570000 2.450000
0.208176 -9.719646 2.155933 -4.760000 4.060000 2.520000
0.301496 -9.779467 2.268396 -7.000000 3.010000 2.100000
0.203390 -9.824929 2.117648 -5.670000 3.220000 1.820000
0.282353 -9.834501 2.108077 -7.280000 3.080000 1.120000
0.239282 -9.616754 2.105684 -3.990000 4.270000 0.630000
0.239282 -9.616754 2.105684 -3.990000 4.270000 0.630000
0.356531 -9.525827 2.103291 -6.860000 3.150000 1.890000
0.260818 -9.533006 2.081756 -5.460000 4.200000 2.590000
0.215354 -9.590433 1.988436 -5.110000 4.970000 2.800000
0.215354 -9.590433 1.988436 -5.110000 4.970000 2.800000
0.263210 -9.650253 2.045863 -4.620000 4.480000 3.850000
0.215354 -9.741181 2.112862 -7.070000 5.390000 3.010000
0.239282 -9.856036 2.160719 -7.840000 3.920000 2.940000
0.253639 -9.655040 2.072184 -4.900000 4.760000 2.310000
0.253639 -9.655040 2.072184 -4.900000 4.760000 2.310000
0.263210 -9.774680 2.132005 -5.250000 4.620000 3.080000
0.263210 -9.774680 2.132005 -5.250000 4.620000 3.080000
0.191426 -9.667004 2.148755 -4.410000 5.250000 1.330000
0.177069 -9.537791 2.139183 -5.180000 4.060000 1.820000
0.318245 -9.509077 2.191825 -6.440000 3.640000 3.010000
0.193819 -9.647861 2.079363 -4.480000 4.900000 3.220000
0.193819 -9.647861 2.079363 -4.480000 4.900000 3.220000
0.210568 -9.695717 2.189433 -6.020000 4.830000 3.290000
0.210568 -9.695717 2.189433 -6.020000 4.830000 3.290000
0.272782 -9.700503 2.258825 -5.320000 4.270000 3.080000
0.272782 -9.700503 2.258825 -5.320000 4.270000 3.080000
0.186640 -9.882358 2.143969 -6.510000 2.940000 2.380000
0.296710 -9.626326 2.175076 -4.690000 3.080000 1.960000
0.236889 -9.745967 2.151148 -6.230000 4.130000 2.310000
0.224925 -9.741181 2.239682 -4.200000 4.200000 1.540000
0.299103 -9.803394 2.112862 -6.510000 3.220000 1.890000
0.356531 -9.820145 2.105684 -4.690000 3.920000 0.840000
0.203390 -9.647861 2.033899 -5.180000 3.780000 0.630000
0.272782 -9.659825 2.117648 -5.390000 3.290000 0.980000
0.272782 -9.659825 2.117648 -5.390000 3.290000 0.980000
0.282353 -9.760324 1.983650 -5.320000 5.180000 0.840000
0.390030 -9.568897 2.115255 -4.970000 5.320000 1.400000
0.339781 -9.626326 2.163112 -4.900000 5.110000 0.980000
0.311067 -9.506684 2.060220 -4.900000 5.460000 1.890000
0.311067 -9.506684 2.060220 -4.900000 5.460000 1.890000
0.289532 -9.767502 2.254039 -5.530000 4.900000 2.450000
0.311067 -9.722038 2.242075 -4.760000 5.110000 1.960000
0.311067 -9.722038 2.242075 -4.760000 5.110000 1.960000
0.320638 -9.530612 2.301895 -5.460000 4.410000 2.240000
0.294317 -9.655040 2.220540 -6.930000 3.640000 2.870000
0.363709 -9.552148 2.328217 -4.060000 4.130000 3.010000
0.323031 -9.554541 2.297110 -4.970000 3.710000 3.500000
0.390030 -9.602397 2.203789 -5.390000 2.450000 4.200000
0.361316 -9.659825 2.225325 -3.990000 3.360000 4.130000
0.275175 -9.633504 2.158326 -5.040000 3.150000 4.340000
0.275175 -9.633504 2.158326 -5.040000 3.150000 4.340000
0.275175 -9.535398 2.141576 -4.970000 4.130000 4.060000
