3.007778 -8.961121 3.215954 -0.840000 1.610000 -0.700000
3.007778 -8.961121 3.215954 -0.840000 1.610000 -0.700000
2.837888 -8.779266 3.268596 -6.440000 -0.070000 0.420000
2.837888 -8.779266 3.268596 -6.440000 -0.070000 0.420000
2.916851 -8.953942 3.132205 -7.070000 -0.630000 0.490000
2.890530 -8.863015 3.333202 11.340000 0.490000 -1.120000
2.950350 -8.867801 3.333202 -3.150000 -0.350000 0.350000
2.962314 -9.085547 3.294917 -4.200000 0.560000 0.140000
2.964707 -8.898908 3.282953 6.090000 1.190000 -2.310000
2.971886 -8.874979 3.397808 12.320000 0.630000 -2.030000
3.019742 -8.583055 3.749553 -6.580000 1.540000 0.420000
3.019742 -8.583055 3.749553 -6.580000 1.540000 0.420000
2.756532 -9.262616 3.038885 -42.980000 3.710000 3.010000
2.981457 -8.796017 2.739782 -72.519997 3.850000 5.530000
2.699104 -6.893722 2.383251 -142.100006 -9.800000 39.130001
2.699104 -6.893722 2.383251 -142.100006 -9.800000 39.130001
2.476572 -8.901299 0.447458 -144.619995 -15.750000 36.189999
1.730011 -8.449057 -0.485743 -91.070000 -6.230000 36.330002
2.347359 -10.119246 0.354138 12.180000 3.990000 6.580000
2.074577 -10.217353 0.591027 5.810000 -1.190000 7.210000
1.840081 -10.437491 -0.133998 -3.570000 -0.630000 4.340000
1.969293 -10.473385 0.050249 -5.180000 0.980000 0.840000
2.115255 -10.159925 0.167498 -0.840000 -1.470000 -1.890000
2.115255 -10.159925 0.167498 -0.840000 -1.470000 -1.890000
1.998007 -9.949356 -0.014357 5.740000 -1.260000 -3.500000
2.017149 -9.631111 0.165105 -7.280000 -1.540000 -2.870000
2.177469 -9.614362 -0.150748 -3.360000 -1.120000 -3.850000
2.194218 -9.590433 -0.169890 -0.210000 -2.310000 -3.290000
2.194218 -9.590433 -0.169890 -0.210000 -2.310000 -3.290000
2.122434 -9.284152 -0.038285 -0.980000 -2.520000 -2.450000
2.012364 -9.487542 -0.074178 -1.820000 -0.840000 -0.560000
2.191825 -9.547362 0.026321 2.170000 -0.700000 -0.070000
2.337788 -9.810574 -0.308674 -4.760000 -1.750000 -0.140000
2.337788 -9.810574 -0.308674 -4.760000 -1.750000 -0.140000
2.151148 -9.772287 -0.133998 3.010000 -1.540000 -0.280000
2.151148 -9.772287 -0.133998 3.010000 -1.540000 -0.280000
2.206182 -9.911072 -0.358923 -0.770000 -0.770000 0.420000
