2.100898 -9.315259 2.117648 -0.770000 -1.890000 1.120000
2.084148 -9.609575 1.746760 -2.030000 -1.190000 1.470000
2.100898 -9.690931 1.691726 -5.110000 -1.260000 0.350000
2.237289 -9.908678 1.395016 -0.980000 -1.120000 -0.910000
2.213361 -9.430114 0.916451 6.930000 -0.280000 -3.150000
2.325824 -9.377472 2.500499 -9.380000 -1.750000 -5.320000
2.325824 -9.377472 2.500499 -9.380000 -1.750000 -5.320000
2.191825 -9.729217 1.926222 -15.750000 -5.950000 -5.810000
2.218147 -9.028119 3.247060 -20.299999 -12.670000 -3.710000
2.349752 -9.750752 1.832902 -39.759998 -20.790001 -3.850000
2.354537 -9.274581 1.610370 -16.309999 -19.110001 -8.120000
2.469393 -9.334401 1.134198 -37.730000 -23.030001 -6.230000
2.469393 -9.334401 1.134198 -37.730000 -23.030001 -6.230000
2.450250 -9.588040 0.478565 -41.509998 -21.910000 -6.720000
2.502892 -9.698111 0.413958 -31.080000 -26.389999 -6.790000
2.445465 -9.463614 0.559920 -9.100000 -30.100000 -9.730000
2.445465 -9.463614 0.559920 -9.100000 -30.100000 -9.730000
2.548356 -9.626326 0.296710 9.030000 -37.240002 -9.800000
2.715853 -9.585647 0.318245 19.740000 -38.290001 -7.700000
2.667997 -9.384650 0.124427 3.290000 -36.540001 -2.380000
2.813959 -9.602397 -0.260818 -16.799999 -26.110001 1.190000
2.799603 -9.542577 -0.701097 -9.730000 -16.870001 1.610000
2.691926 -9.432507 -0.677169 -0.910000 -9.240000 2.660000
2.737389 -9.631111 -0.856631 -4.690000 -8.190000 1.260000
2.821138 -9.564112 -0.763310 -0.770000 -6.860000 0.210000
2.713461 -9.322437 -0.631705 2.170000 -3.010000 0.700000
2.830709 -9.540184 -0.622134 -0.350000 -1.120000 -0.280000
2.749353 -9.480364 -0.681954 3.010000 1.470000 -0.070000
2.720639 -9.300901 -0.535992 3.080000 2.870000 0.560000
2.723032 -9.499505 -0.294317 0.280000 3.220000 0.560000
2.823531 -9.583255 -0.411566 0.280000 2.940000 -0.070000
2.828316 -9.494720 -0.296710 3.080000 2.310000 0.630000
