2.464607 -9.150154 2.679961 -7.350000 3.220000 3.710000
2.481357 -9.147761 2.900101 -16.379999 2.100000 2.100000
2.481357 -9.147761 2.900101 -16.379999 2.100000 2.100000
2.543570 -9.181261 2.694318 -23.030001 -0.770000 2.380000
2.519642 -9.147761 2.632105 -26.740000 -2.310000 2.310000
2.514857 -9.140583 2.426322 -64.260002 -3.360000 1.890000
2.663212 -9.741181 1.237089 -78.540001 -5.810000 0.700000
2.569891 -8.544770 1.651048 -111.300003 -4.480000 -0.560000
2.833102 -10.612168 -1.112662 -123.340004 -14.630000 -3.500000
2.833102 -10.612168 -1.112662 -123.340004 -14.630000 -3.500000
2.610569 -8.398808 -0.648455 -147.979996 -11.550000 -7.140000
2.938386 -9.159724 -3.199204 -100.379997 -14.700000 -7.490000
2.632105 -7.939385 -3.443272 -140.630005 -13.650000 -5.110000
2.718246 -8.733803 -4.467400 -152.250000 -14.350000 -2.870000
2.794817 -8.147561 -4.962714 -96.949997 -14.140000 -4.970000
2.794817 -8.147561 -4.962714 -96.949997 -14.140000 -4.970000
2.677568 -7.128219 -4.886144 -133.350006 -15.540000 -4.970000
2.703890 -7.109076 -6.807580 -107.870003 -17.290001 -4.970000
2.756532 -6.561120 -6.941578 -83.510002 -19.530001 -7.630000
2.474179 -5.812167 -7.881958 -91.349998 -17.850000 -7.490000
2.474179 -5.812167 -7.881958 -91.349998 -17.850000 -7.490000
2.512464 -5.563312 -8.047063 -63.840000 -15.050000 -6.090000
2.395216 -4.835894 -8.461020 -48.439999 -12.250000 -5.180000
2.306681 -4.675575 -8.195417 -42.770000 -9.660000 -2.380000
2.306681 -4.675575 -8.195417 -42.770000 -9.660000 -2.380000
2.311467 -4.534399 -8.592626 -38.849998 -12.250000 -4.830000
2.311467 -4.534399 -8.592626 -38.849998 -12.250000 -4.830000
1.974079 -4.388437 -8.695518 -30.100000 -14.140000 -3.780000
2.072184 -4.290331 -9.128618 -25.270000 -10.010000 -4.970000
2.072184 -4.290331 -9.128618 -25.270000 -10.010000 -4.970000
1.974079 -4.046263 -9.336794 -17.290001 -2.940000 -2.170000
1.974079 -4.046263 -9.336794 -17.290001 -2.940000 -2.170000
2.057827 -3.919443 -9.200402 -9.310000 2.310000 1.190000
2.057827 -3.919443 -9.200402 -9.310000 2.310000 1.190000
2.033899 -3.821337 -9.085547 -9.940000 3.360000 0.980000
2.033899 -3.821337 -9.085547 -9.940000 3.360000 0.980000
1.935793 -3.694518 -8.858230 -8.470000 4.760000 2.590000
1.940579 -3.766303 -8.925228 -6.440000 4.760000 2.590000
1.962115 -3.799802 -8.903693 -4.200000 4.620000 2.520000
1.962115 -3.799802 -8.903693 -4.200000 4.620000 2.520000
1.859223 -3.742374 -8.810372 -4.130000 4.410000 2.520000
1.902294 -3.682554 -9.020942 -2.590000 5.040000 2.800000
1.902294 -3.682554 -9.020942 -2.590000 5.040000 2.800000
1.995614 -3.608376 -8.939585 -1.120000 5.110000 4.200000
1.995614 -3.608376 -8.939585 -1.120000 5.110000 4.200000
2.055435 -3.960121 -8.930015 -1.680000 5.600000 4.760000
2.055435 -3.960121 -8.930015 -1.680000 5.600000 4.760000
1.950150 -3.816552 -8.927622 -2.660000 6.370000 3.500000
