1.713261 -9.681360 0.521635 -1.540000 7.770000 1.190000
1.677369 -9.860823 0.466600 -3.640000 8.400000 1.540000
1.677369 -9.860823 0.466600 -3.640000 8.400000 1.540000
1.768296 -9.934999 0.552742 2.520000 9.240000 0.980000
1.797010 -9.906286 0.567099 22.960001 10.220000 1.610000
1.758725 -9.911072 0.602991 43.189999 11.830000 1.120000
1.658226 -9.729217 1.095913 53.480000 14.350000 -0.840000
1.710868 -9.834501 1.433301 49.490002 15.820000 -0.280000
1.787439 -9.908678 1.610370 52.430000 15.820000 -1.120000
1.777867 -9.932607 1.820938 69.510002 18.480000 -3.150000
1.643869 -10.291530 2.263610 121.520004 23.379999 -8.470000
1.708475 -7.810174 3.053242 335.440002 29.750000 -13.510000
1.708475 -7.810174 3.053242 335.440002 29.750000 -13.510000
1.316052 -5.285746 6.661618 293.790009 32.270000 -23.799999
1.426122 -5.319244 7.415358 245.279999 26.320000 -20.930000
1.500300 -1.689333 8.578269 204.820007 26.600000 -15.820000
1.189233 -1.730011 9.231510 165.619995 26.460001 -17.920000
1.438086 -0.758525 9.291330 130.970001 30.660000 -10.430000
1.438086 -0.758525 9.291330 130.970001 30.660000 -10.430000
1.548156 -0.215354 8.915657 133.419998 26.180000 -5.460000
1.548156 -0.215354 8.915657 133.419998 26.180000 -5.460000
1.373480 0.851845 9.652647 129.080002 34.509998 -4.690000
1.373480 0.851845 9.652647 129.080002 34.509998 -4.690000
1.373480 0.851845 9.652647 129.080002 34.509998 -4.690000
1.373480 0.851845 9.652647 129.080002 34.509998 -4.690000
0.265603 4.019942 9.418150 60.689999 28.490000 2.310000
-0.129212 4.383651 9.078369 8.120000 17.219999 3.500000
-0.129212 4.383651 9.078369 8.120000 17.219999 3.500000
-0.088534 4.005585 8.642875 4.620000 12.880000 4.480000
-0.043071 4.235296 8.941978 12.250000 15.820000 4.340000
-0.251246 4.254438 9.111869 6.090000 15.610000 4.900000
-0.210568 4.039084 8.851050 -7.350000 7.980000 2.870000
-0.210568 4.039084 8.851050 -7.350000 7.980000 2.870000
-0.210568 4.039084 8.851050 -7.350000 7.980000 2.870000
-0.210568 4.039084 8.851050 -7.350000 7.980000 2.870000
-0.100499 4.007978 8.807980 -12.110000 4.830000 4.130000
-0.100499 4.007978 8.807980 -12.110000 4.830000 4.130000
-0.100499 4.007978 8.807980 -12.110000 4.830000 4.130000
-0.200997 3.701697 8.666803 -11.760000 3.010000 3.640000
-0.055035 3.976871 8.767302 -6.720000 3.150000 2.450000
