1.875973 -9.705289 1.261017 -6.440000 6.230000 -2.310000
1.957329 -9.339187 1.253839 1.960000 3.850000 -1.120000
2.005185 -9.853643 1.349552 1.820000 4.480000 -0.070000
2.005185 -9.853643 1.349552 1.820000 4.480000 -0.070000
1.986043 -9.693325 1.698904 -0.350000 1.330000 -0.210000
2.043471 -9.808180 1.540978 -1.050000 -1.190000 -0.280000
1.844866 -9.734003 1.354338 -5.390000 2.730000 -1.960000
1.844866 -9.734003 1.354338 -5.390000 2.730000 -1.960000
1.933401 -9.595219 1.811367 -13.510000 4.130000 -1.750000
1.691726 -9.425328 2.029114 -35.560001 6.790000 1.960000
1.708475 -10.135997 0.330210 -35.070000 7.490000 2.520000
1.990828 -9.894321 1.052842 -3.640000 9.870000 -8.750000
2.029114 -9.564112 1.103091 -51.450001 10.010000 -0.350000
2.029114 -9.564112 1.103091 -51.450001 10.010000 -0.350000
2.110470 -10.195816 0.045464 -42.980000 11.900000 0.840000
2.072184 -9.808180 -0.653241 -35.349998 15.120000 3.640000
2.215754 -9.358330 -0.969093 -28.559999 17.219999 4.830000
2.084148 -9.518648 -0.906880 -38.500000 21.280001 4.690000
2.076970 -9.966106 -0.959522 -49.840000 24.780001 9.030000
2.048256 -9.506684 -0.583849 -49.139999 32.340000 15.400000
2.067399 -9.949356 -1.928615 -50.400002 34.020000 20.650000
1.526621 -10.167104 -2.701497 -23.450001 32.970001 14.770000
1.526621 -10.167104 -2.701497 -23.450001 32.970001 14.770000
1.756332 -9.004191 -1.409373 30.660000 19.180000 5.110000
2.041078 -9.336794 -0.263210 29.680000 9.240000 5.670000
1.706082 -9.595219 -0.540778 4.690000 3.220000 2.450000
1.706082 -9.595219 -0.540778 4.690000 3.220000 2.450000
1.667797 -9.585647 -0.531207 -2.310000 -1.680000 -0.210000
1.600798 -9.600004 -0.792024 -3.990000 -2.240000 -0.350000
1.746760 -9.525827 -0.926022 -0.560000 -4.200000 -0.350000
1.529014 -9.942179 -1.088734 -0.210000 -0.910000 3.150000
1.509871 -9.693325 -1.107877 4.130000 -0.910000 2.380000
1.708475 -10.181459 -1.205983 6.720000 0.910000 7.140000
1.665405 -9.652647 -0.648455 10.150000 0.700000 5.670000
1.521835 -10.308280 -0.722632 -6.930000 1.820000 1.820000
1.713261 -10.097712 -0.725025 -4.060000 1.820000 -1.330000
1.588834 -9.750752 -0.794417 -0.560000 1.050000 -1.330000
1.445265 -9.693325 -0.751346 -1.540000 0.910000 0.840000
1.481157 -9.896714 -0.748954 -1.050000 1.190000 2.590000
1.521835 -10.049855 -0.849452 2.590000 0.490000 2.310000
1.450050 -9.784252 -0.588634 2.170000 0.840000 1.750000
1.454836 -9.753145 -0.602991 0.490000 -0.910000 0.350000
1.454836 -9.753145 -0.602991 0.490000 -0.910000 0.350000
1.476372 -10.004392 -0.854238 0.840000 -1.260000 2.590000
1.476372 -10.004392 -0.854238 0.840000 -1.260000 2.590000
1.380659 -9.925428 -0.873380 4.620000 -1.750000 2.520000
