1.816152 -9.748360 1.476372 -12.600000 -2.450000 1.260000
1.797010 -9.573684 1.189233 -6.930000 -1.470000 -0.070000
1.966900 -9.695717 1.543371 3.710000 -2.240000 -0.280000
1.966900 -9.695717 1.543371 3.710000 -2.240000 -0.280000
1.864009 -9.353544 1.136591 0.490000 -0.420000 2.170000
1.825724 -10.006784 1.232304 -3.850000 -0.070000 1.890000
1.765903 -9.513863 1.562513 -2.870000 -1.680000 1.540000
1.765903 -9.513863 1.562513 -2.870000 -1.680000 1.540000
1.768296 -9.829715 0.851845 -14.490000 -0.070000 3.430000
1.859223 -10.248460 1.098306 1.540000 -2.030000 3.430000
1.560120 -9.674182 2.206182 5.530000 1.680000 -2.870000
1.782653 -10.157533 0.430708 -0.070000 3.710000 -0.070000
1.586441 -9.827322 3.349952 -14.000000 1.890000 -1.330000
1.586441 -9.827322 3.349952 -14.000000 1.890000 -1.330000
1.794617 -9.535398 1.074377 -43.400002 -2.240000 6.020000
1.715654 -9.913465 0.287139 -45.990002 2.030000 4.760000
1.832902 -9.812965 -0.600598 -25.059999 9.870000 1.960000
1.933401 -10.037891 -0.780060 -14.420000 14.700000 -1.820000
1.933401 -10.037891 -0.780060 -14.420000 14.700000 -1.820000
1.610370 -9.248260 0.581456 -38.570000 20.860001 2.870000
2.048256 -9.205189 -0.363709 -68.739998 20.790001 5.880000
1.880759 -9.647861 -1.184447 -72.870003 30.799999 9.590000
1.808974 -10.681561 -2.579463 -35.630001 50.959999 18.690001
1.129412 -9.820145 -1.744368 -5.390000 45.080002 16.030001
1.564906 -9.595219 -0.602991 30.799999 20.930000 9.380000
1.339981 -9.329616 -0.239282 30.940001 7.980000 7.700000
1.339981 -9.329616 -0.239282 30.940001 7.980000 7.700000
1.308874 -9.195618 -0.296710 25.830000 5.880000 7.280000
1.337588 -9.659825 -0.454636 5.810000 6.300000 5.810000
1.294517 -9.937392 -0.373280 3.570000 1.120000 2.450000
1.213161 -10.219746 -0.770489 -0.070000 4.480000 2.240000
1.186840 -9.401401 -0.404387 0.910000 -1.470000 1.540000
1.186840 -9.401401 -0.404387 0.910000 -1.470000 1.540000
1.122234 -10.088140 -0.521635 3.360000 0.840000 1.680000
1.153341 -10.167104 -0.650848 10.080000 0.700000 2.310000
1.512264 -9.138189 -0.196211 7.840000 -0.350000 2.170000
1.150948 -9.461221 -0.320638 3.850000 0.560000 3.080000
1.103091 -9.937392 -0.437887 4.270000 -0.350000 3.290000
1.258625 -9.812965 -0.282353 6.090000 -0.280000 3.080000
