1.119841 1.038485 9.425328 0.700000 -0.280000 -0.980000
1.119841 1.038485 9.425328 0.700000 -0.280000 -0.980000
1.213161 1.024128 9.454042 0.630000 -0.280000 -0.560000
1.213161 1.024128 9.454042 0.630000 -0.280000 -0.560000
1.217947 1.071985 9.489935 0.280000 -0.140000 -0.420000
1.217947 1.071985 9.489935 0.280000 -0.140000 -0.420000
1.069592 0.985843 9.353544 -0.770000 -0.070000 0.210000
1.241875 1.170090 9.408579 0.560000 -0.140000 -0.630000
1.131805 1.016950 9.439686 -0.210000 -0.350000 -0.700000
1.131805 1.016950 9.439686 -0.210000 -0.350000 -0.700000
1.131805 1.016950 9.439686 -0.210000 -0.350000 -0.700000
1.119841 1.074377 9.410972 -0.280000 0.070000 -0.420000
1.213161 1.014557 9.391829 0.980000 0.560000 -1.120000
1.213161 1.014557 9.391829 0.980000 0.560000 -1.120000
1.213161 1.014557 9.391829 0.980000 0.560000 -1.120000
1.115055 1.103091 9.473185 -2.240000 0.420000 1.050000
1.115055 1.103091 9.473185 -2.240000 0.420000 1.050000
1.179662 0.997807 9.458827 0.420000 0.840000 0.070000
1.179662 0.997807 9.458827 0.420000 0.840000 0.070000
1.261017 1.000200 9.499505 1.120000 0.700000 -1.120000
1.198804 1.131805 9.477970 -2.170000 -0.350000 -0.420000
1.198804 1.131805 9.477970 -2.170000 -0.350000 -0.420000
1.198804 1.131805 9.477970 -2.170000 -0.350000 -0.420000
1.186840 1.074377 9.439686 -0.910000 0.630000 1.190000
1.186840 1.074377 9.439686 -0.910000 0.630000 1.190000
1.186840 1.074377 9.439686 -0.910000 0.630000 1.190000
1.141376 1.165305 9.482756 -1.540000 0.280000 1.330000
1.141376 1.165305 9.482756 -1.540000 0.280000 1.330000
1.141376 1.165305 9.482756 -1.540000 0.280000 1.330000
1.141376 1.165305 9.482756 -1.540000 0.280000 1.330000
1.141376 1.165305 9.482756 -1.540000 0.280000 1.330000
1.141376 1.165305 9.482756 -1.540000 0.280000 1.330000
1.162912 1.136591 9.403792 0.560000 1.050000 0.840000
1.162912 1.136591 9.403792 0.560000 1.050000 0.840000
1.162912 1.136591 9.403792 0.560000 1.050000 0.840000
1.162912 1.136591 9.403792 0.560000 1.050000 0.840000
1.107877 1.057628 9.439686 -0.350000 0.280000 0.490000
1.107877 1.057628 9.439686 -0.350000 0.280000 0.490000
1.189233 1.115055 9.501899 -3.010000 -0.350000 0.490000
1.189233 1.115055 9.501899 -3.010000 -0.350000 0.490000
1.189233 1.115055 9.501899 -3.010000 -0.350000 0.490000
1.098306 1.129412 9.442079 -0.070000 0.420000 -0.070000
1.098306 1.129412 9.442079 -0.070000 0.420000 -0.070000
1.148555 1.127020 9.463614 0.280000 0.350000 -0.490000
1.167697 1.172483 9.554541 0.140000 0.210000 -0.070000
1.170090 1.086342 9.427721 1.050000 0.350000 0.910000
1.170090 1.086342 9.427721 1.050000 0.350000 0.910000
1.170090 1.086342 9.427721 1.050000 0.350000 0.910000
1.215554 1.112662 9.382257 -0.560000 -0.280000 0.140000
1.215554 1.112662 9.382257 -0.560000 -0.280000 0.140000
1.158126 1.069592 9.296116 1.400000 0.630000 0.280000
