2.134398 -9.410972 3.120241 1.260000 7.910000 -8.820000
2.134398 -9.410972 3.120241 1.260000 7.910000 -8.820000
2.134398 -9.410972 3.120241 1.260000 7.910000 -8.820000
2.134398 -9.410972 3.120241 1.260000 7.910000 -8.820000
2.134398 -9.410972 3.120241 1.260000 7.910000 -8.820000
2.036292 -9.343972 3.876373 21.490000 8.820000 -18.129999
2.352145 -9.434900 4.711468 58.730000 8.470000 -42.980000
2.952743 -8.334201 4.622933 48.369999 5.040000 -49.279999
2.790031 -8.530413 5.333601 98.349998 8.890000 -55.860001
2.790031 -8.530413 5.333601 98.349998 8.890000 -55.860001
3.412165 -7.738388 5.761917 90.860001 10.710000 -60.830002
3.194418 -7.216753 6.008378 69.790001 10.640000 -60.060001
3.268596 -6.984650 6.309873 74.970001 13.930000 -67.199997
3.268596 -6.984650 6.309873 74.970001 13.930000 -67.199997
3.201597 -5.687739 6.273981 68.250000 8.540000 -69.720001
4.333402 -5.391029 7.142576 61.670002 3.220000 -74.199997
4.426722 -5.290531 7.271788 55.860001 7.980000 -70.769997
5.187639 -3.680161 6.891330 64.470001 4.130000 -62.160000
4.919643 -4.189832 7.795816 70.769997 8.750000 -55.369999
5.242674 -3.041277 7.783852 54.740002 6.160000 -49.139999
4.905287 -2.871387 8.049455 73.080002 5.250000 -52.709999
4.728218 -2.593820 7.953743 48.720001 1.540000 -53.970001
4.874180 -1.983650 8.092526 27.230000 -7.210000 -50.259998
4.874180 -1.983650 8.092526 27.230000 -7.210000 -50.259998
4.874180 -1.983650 8.092526 27.230000 -7.210000 -50.259998
5.056034 -0.921237 7.513463 26.460001 -7.630000 -52.290001
5.235496 -0.122034 7.518249 28.980000 1.190000 -37.660000
5.149354 0.002393 7.767102 15.750000 1.470000 -32.970001
5.221139 0.236889 7.982457 22.049999 3.850000 -23.309999
5.175675 0.378066 8.173882 0.980000 3.360000 -16.730000
5.175675 0.378066 8.173882 0.980000 3.360000 -16.730000
5.144568 0.291924 8.173882 -4.690000 2.100000 -12.390000
5.125426 0.126820 8.056634 3.150000 -0.980000 -1.960000
5.091926 0.066999 8.020741 -7.910000 -1.960000 -1.960000
5.230711 -0.004786 7.956135 -4.900000 -1.190000 3.290000
5.067998 -0.215354 7.891530 2.660000 1.540000 3.500000
5.151747 -0.193819 8.030313 -6.510000 1.960000 4.620000
4.938786 -0.349352 8.327023 -17.850000 0.490000 6.090000
4.938786 -0.349352 8.327023 -17.850000 0.490000 6.090000
5.065606 -0.303888 8.233703 12.670000 1.330000 4.060000
5.091926 -0.430708 7.908278 5.600000 0.700000 4.410000
5.134997 -0.279960 7.915457 -19.180000 -0.070000 6.930000
