1.933401 -8.922836 3.247060 7.980000 2.940000 -1.050000
2.000400 -9.626326 3.036492 -7.840000 -1.190000 -1.330000
2.000400 -9.174082 3.304488 -3.640000 0.140000 -1.680000
2.000400 -9.174082 3.304488 -3.640000 0.140000 -1.680000
1.974079 -9.147761 3.249453 -8.540000 -0.910000 -0.980000
1.789831 -9.978070 3.122634 22.330000 -1.960000 -9.310000
1.854438 -9.530612 3.242275 14.980000 -3.710000 -18.410000
1.854438 -9.530612 3.242275 14.980000 -3.710000 -18.410000
1.854438 -9.530612 3.242275 14.980000 -3.710000 -18.410000
1.854438 -9.530612 3.242275 14.980000 -3.710000 -18.410000
1.986043 -9.973285 2.206182 20.650000 -1.750000 -24.010000
1.986043 -9.973285 2.206182 20.650000 -1.750000 -24.010000
1.986043 -9.973285 2.206182 20.650000 -1.750000 -24.010000
3.625126 -8.185846 4.656433 76.300003 8.190000 -84.349998
3.572484 -8.025528 4.843073 87.080002 13.790000 -88.760002
3.881158 -6.606583 5.529813 69.440002 11.480000 -90.650002
4.321437 -6.257231 5.587241 54.740002 2.520000 -86.449997
5.063213 -5.240282 5.962914 90.019997 7.420000 -86.730003
4.766503 -4.359723 6.340980 82.949997 9.590000 -79.099998
4.766503 -4.359723 6.340980 82.949997 9.590000 -79.099998
5.209175 -3.694518 6.472585 72.660004 4.550000 -65.660004
5.089533 -2.407180 6.955935 86.239998 8.750000 -50.049999
5.242674 -2.333002 7.010970 51.660000 -1.330000 -40.250000
5.237889 -2.191825 6.936793 51.730000 -3.220000 -33.180000
5.364708 -1.837688 7.439285 81.410004 1.680000 -30.660000
5.364708 -1.837688 7.439285 81.410004 1.680000 -30.660000
5.429315 -1.088734 7.568498 44.730000 -2.170000 -21.910000
5.572884 -0.792024 7.554141 39.200001 -3.500000 -16.379999
5.436492 -0.851845 7.623533 26.600000 -0.210000 -13.510000
5.534599 -0.796810 7.259824 -17.639999 -0.140000 -3.500000
5.661418 -1.062413 7.463214 -12.110000 0.980000 -0.070000
5.709275 -1.301696 7.604390 7.770000 5.740000 -0.140000
5.529813 -1.189233 7.724032 -26.320000 0.630000 5.390000
5.534599 -1.416551 7.743174 -26.320000 -1.820000 7.770000
5.539384 -1.830509 7.515855 -14.840000 -5.880000 3.640000
5.539384 -1.830509 7.515855 -14.840000 -5.880000 3.640000
5.388636 -1.938186 7.745567 -16.730000 -6.650000 3.220000
5.551349 -1.890330 7.487142 -7.420000 -2.800000 1.330000
5.477170 -1.986043 7.479963 -6.090000 -1.330000 1.470000
