2.148755 -9.403792 2.057827 -1.680000 6.090000 -0.210000
2.053042 -9.604790 1.811367 1.750000 3.990000 1.890000
2.141576 -9.420543 2.167897 -0.910000 2.030000 0.770000
2.141576 -9.420543 2.167897 -0.910000 2.030000 0.770000
2.155933 -9.571291 1.988436 -0.140000 -0.840000 3.430000
1.971686 -9.588040 1.607977 -2.030000 -0.210000 2.870000
2.048256 -9.698111 1.940579 -0.070000 -1.190000 0.280000
2.115255 -9.805787 1.952543 -6.650000 -2.170000 -0.350000
1.835295 -9.832108 2.194218 -30.660000 1.120000 -2.870000
2.148755 -9.217153 2.663212 -54.389999 -2.870000 -1.190000
2.148755 -9.217153 2.663212 -54.389999 -2.870000 -1.190000
2.239682 -9.075976 2.062613 -77.840004 -1.680000 5.040000
1.983650 -9.882358 0.124427 -94.430000 4.060000 10.290000
2.088934 -10.150353 0.751346 -14.840000 1.330000 -11.900000
2.184647 -9.446864 -1.143769 -66.849998 10.290000 -2.800000
2.091327 -10.181459 -1.880759 -35.910000 18.549999 -5.600000
2.299503 -10.078569 -1.976472 -20.440001 19.460001 -8.330000
2.299503 -10.078569 -1.976472 -20.440001 19.460001 -8.330000
2.435893 -9.659825 -1.052842 -15.260000 29.469999 -1.750000
2.629712 -9.537791 -0.768096 -1.470000 28.420000 -1.330000
2.344966 -8.858230 -0.265603 -8.050000 32.970001 9.940000
2.153540 -9.121440 -1.648655 -33.880001 38.920002 21.350000
2.153540 -9.121440 -1.648655 -33.880001 38.920002 21.350000
1.842474 -9.738789 -1.607977 -2.520000 27.440001 13.300000
2.447858 -9.253045 -0.196211 21.559999 12.460000 2.870000
2.380858 -9.446864 -0.208176 15.120000 9.660000 3.640000
2.014757 -9.722038 -0.339781 4.900000 5.250000 4.270000
1.926222 -9.748360 -0.600598 0.560000 -1.050000 0.420000
1.964507 -9.339187 -0.672383 -1.470000 -2.590000 0.630000
1.919044 -9.504292 -0.885344 -1.820000 -0.350000 3.010000
1.919044 -9.504292 -0.885344 -1.820000 -0.350000 3.010000
1.871187 -9.631111 -0.854238 0.980000 0.980000 3.640000
2.218147 -9.702895 -0.713061 9.940000 -1.820000 2.450000
1.969293 -9.789038 -0.763310 5.040000 -0.350000 3.920000
1.988436 -10.025927 -0.794417 -6.930000 -0.700000 1.820000
1.988436 -10.025927 -0.794417 -6.930000 -0.700000 1.820000
1.785046 -9.858429 -0.725025 5.880000 -2.940000 -1.400000
1.990828 -9.564112 -0.703490 3.710000 -0.280000 -0.910000
1.957329 -9.626326 -0.717847 -7.070000 3.080000 2.730000
1.990828 -10.049855 -0.736989 6.650000 1.470000 1.680000
1.950150 -9.781858 -0.629312 12.250000 1.260000 2.380000
1.938186 -9.269794 -0.406780 6.720000 0.280000 3.010000
1.811367 -10.061819 -0.445065 -0.070000 0.630000 -0.560000
