3.445665 -9.140583 1.722832 -16.309999 2.800000 1.820000
3.378666 -8.781659 1.679761 -3.570000 3.990000 2.030000
3.378666 -8.781659 1.679761 -3.570000 3.990000 2.030000
3.323631 -8.949157 1.830509 -13.020000 2.590000 3.220000
3.369094 -9.073583 1.603191 -15.400000 -0.070000 2.660000
3.498307 -8.748159 1.761117 -23.100000 0.350000 3.990000
3.424129 -9.195618 0.859023 -62.439999 -0.980000 5.040000
3.701697 -9.327222 0.928415 -56.420002 -0.490000 3.780000
3.701697 -9.327222 0.928415 -56.420002 -0.490000 3.780000
3.701697 -9.327222 0.928415 -56.420002 -0.490000 3.780000
3.701697 -9.327222 0.928415 -56.420002 -0.490000 3.780000
3.701697 -9.327222 0.928415 -56.420002 -0.490000 3.780000
3.529413 -8.898908 1.057628 -80.500000 0.140000 3.570000
3.529413 -8.898908 1.057628 -80.500000 0.140000 3.570000
3.529413 -8.898908 1.057628 -80.500000 0.140000 3.570000
3.529413 -8.898908 1.057628 -80.500000 0.140000 3.570000
3.529413 -8.898908 1.057628 -80.500000 0.140000 3.570000
3.486342 -9.221939 -3.517449 -97.440002 -6.230000 -1.890000
3.505485 -7.738388 -3.615555 -91.349998 -5.250000 -0.630000
3.285345 -7.980063 -3.675375 -107.029999 -5.740000 0.140000
3.558127 -8.059027 -4.591826 -79.940002 -8.540000 0.560000
3.450450 -7.188039 -4.919643 -108.150002 -10.570000 -1.050000
3.426522 -7.537392 -5.194818 -120.050003 -13.860000 -0.700000
3.426522 -7.537392 -5.194818 -120.050003 -13.860000 -0.700000
3.582055 -7.314859 -6.209375 -87.220001 -14.280000 -4.550000
3.153740 -6.111269 -6.474977 -119.000000 -14.420000 -2.380000
3.349952 -6.283553 -7.649854 -118.510002 -14.070000 -4.340000
3.302095 -5.529813 -8.013563 -63.000000 -12.180000 -3.570000
2.988636 -4.797609 -7.862815 -65.309998 -8.820000 -3.850000
2.988636 -4.797609 -7.862815 -65.309998 -8.820000 -3.850000
3.247060 -5.094319 -8.116454 -73.779999 -10.850000 -5.880000
3.091527 -4.359723 -8.327023 -38.920002 -7.280000 -4.550000
3.002992 -3.883551 -8.606983 -41.439999 -6.160000 -3.570000
3.232704 -4.005585 -8.719445 -31.360001 -10.360000 -7.420000
3.232704 -4.005585 -8.719445 -31.360001 -10.360000 -7.420000
3.069991 -3.627519 -8.774480 -34.369999 -9.590000 -8.750000
2.663212 -3.637090 -8.757731 -29.330000 -9.310000 -7.490000
2.876173 -2.993421 -9.391829 -11.270000 -0.140000 -1.190000
2.868994 -3.256632 -9.253045 -21.420000 3.010000 -0.700000
2.866602 -2.983850 -8.772088 -21.210001 2.450000 -3.150000
2.871387 -3.086741 -8.879765 -17.150000 -0.070000 0.210000
2.880959 -3.105884 -8.934800 -11.830000 -0.630000 0.980000
2.880959 -3.105884 -8.934800 -11.830000 -0.630000 0.980000
2.766103 -3.093920 -9.121440 -8.540000 -0.350000 1.330000
2.794817 -2.876173 -9.035298 -7.700000 3.220000 2.940000
2.775674 -3.115455 -9.006584 -1.260000 4.900000 4.900000
2.775674 -3.115455 -9.006584 -1.260000 4.900000 4.900000
2.880959 -3.041277 -9.023334 -5.250000 3.430000 2.170000
2.766103 -2.933600 -8.953942 -0.280000 3.570000 4.480000
2.778067 -3.113062 -8.896514 0.210000 4.060000 4.970000
2.871387 -3.103491 -9.042477 -6.020000 2.240000 2.310000
2.830709 -3.203990 -8.891729 2.940000 3.430000 3.500000
