1.713261 -9.805787 1.203590 -3.080000 3.850000 3.640000
1.792224 -9.860823 1.033699 -0.420000 4.480000 3.430000
1.624727 -10.188639 1.277767 28.139999 4.970000 4.760000
1.639083 -10.368099 1.062413 50.400002 6.580000 5.600000
1.380659 -9.865608 1.552942 126.770004 14.840000 8.610000
1.512264 -10.305886 2.151148 176.190002 19.740000 2.170000
1.512264 -10.305886 2.151148 176.190002 19.740000 2.170000
1.543371 -9.382257 2.543570 212.449997 24.570000 -0.840000
1.071985 -6.929615 6.314659 299.739990 29.750000 -23.590000
1.069592 -6.039484 6.695118 296.380005 26.320000 -24.150000
1.655833 -3.299703 7.645068 333.130005 36.889999 -22.750000
1.213161 -0.406780 9.595219 249.970001 32.270000 -20.299999
1.213161 -0.406780 9.595219 249.970001 32.270000 -20.299999
1.213161 -0.406780 9.595219 249.970001 32.270000 -20.299999
1.213161 -0.406780 9.595219 249.970001 32.270000 -20.299999
1.213161 -0.406780 9.595219 249.970001 32.270000 -20.299999
1.213161 -0.406780 9.595219 249.970001 32.270000 -20.299999
0.722632 0.729811 9.221939 43.610001 6.650000 -5.040000
0.725025 2.562713 9.760324 57.119999 18.969999 2.170000
0.423530 2.210968 9.573684 20.930000 9.660000 4.200000
0.299103 2.758924 9.741181 11.340000 8.120000 4.970000
0.433101 2.679961 9.631111 -4.900000 6.650000 4.900000
0.430708 2.388037 9.487542 -15.960000 5.460000 4.760000
0.430708 2.388037 9.487542 -15.960000 5.460000 4.760000
0.425922 1.789831 9.334401 -21.770000 3.010000 4.130000
0.425922 1.789831 9.334401 -21.770000 3.010000 4.130000
0.425922 1.789831 9.334401 -21.770000 3.010000 4.130000
0.399601 1.907080 9.466006 -16.379999 2.520000 3.150000
0.468993 1.789831 9.296116 -9.380000 1.260000 0.910000
0.468993 1.789831 9.296116 -9.380000 1.260000 0.910000
0.452243 1.957329 9.212367 -7.980000 1.190000 1.330000
0.579063 1.847259 9.281759 -12.110000 2.520000 1.890000
0.514457 1.828116 9.131011 -5.880000 1.960000 0.280000
0.514457 1.828116 9.131011 -5.880000 1.960000 0.280000
0.514457 1.828116 9.131011 -5.880000 1.960000 0.280000
0.514457 1.828116 9.131011 -5.880000 1.960000 0.280000
0.552742 1.840081 9.279366 -2.590000 4.550000 1.890000
0.476172 1.947758 9.291330 -4.760000 4.760000 1.890000
0.545564 2.065006 9.181261 -10.710000 4.690000 2.170000
