2.569891 -8.953942 2.931208 -2.590000 -0.490000 -0.280000
2.569891 -8.953942 2.931208 -2.590000 -0.490000 -0.280000
2.550749 -9.142976 2.878566 1.540000 -0.560000 2.730000
2.550749 -9.142976 2.878566 1.540000 -0.560000 2.730000
2.490928 -9.377472 2.909672 -0.700000 2.030000 1.050000
2.435893 -9.410972 3.428915 -1.960000 2.800000 4.200000
2.536392 -8.260024 3.627519 -45.639999 0.070000 9.940000
2.536392 -8.260024 3.627519 -45.639999 0.070000 9.940000
2.632105 -10.092925 2.263610 -118.860001 1.750000 17.920000
1.873580 -8.327023 2.177469 -89.599998 -8.820000 28.280001
1.703690 -8.157133 1.244268 -54.040001 -12.600000 30.799999
1.741975 -9.635897 0.437887 -34.230000 -9.310000 18.410000
1.359123 -9.812965 0.138784 -14.490000 -8.890000 12.250000
2.012364 -9.908678 0.547956 25.129999 -8.120000 6.160000
1.732404 -9.734003 1.457229 -1.260000 -7.980000 8.120000
1.732404 -9.734003 1.457229 -1.260000 -7.980000 8.120000
1.799403 -10.514063 0.059821 -15.400000 -6.440000 4.130000
1.799403 -10.514063 0.059821 -15.400000 -6.440000 4.130000
1.663012 -10.021141 0.399601 1.260000 -4.060000 0.490000
1.505085 -10.210175 0.215354 -14.280000 -2.590000 0.910000
1.505085 -10.210175 0.215354 -14.280000 -2.590000 0.910000
1.710868 -9.623933 0.552742 4.200000 -0.630000 -1.260000
1.710868 -9.623933 0.552742 4.200000 -0.630000 -1.260000
1.730011 -9.796216 0.172283 -8.820000 -2.170000 -1.750000
1.730011 -9.796216 0.172283 -8.820000 -2.170000 -1.750000
1.730011 -9.796216 0.172283 -8.820000 -2.170000 -1.750000
1.634298 -9.729217 0.179462 3.710000 2.030000 -1.610000
1.696511 -9.841680 0.212961 6.720000 1.470000 -0.770000
1.651048 -9.535398 0.540778 0.350000 0.210000 0.980000
1.651048 -9.535398 0.540778 0.350000 0.210000 0.980000
1.663012 -9.985250 0.272782 -3.360000 0.840000 -0.280000
1.718047 -9.875179 0.272782 -1.470000 1.400000 -1.750000
