0.648455 0.710668 9.221939 -12.460000 3.290000 5.180000
0.717847 0.605384 9.190832 -4.900000 5.250000 5.390000
0.717847 0.605384 9.190832 -4.900000 5.250000 5.390000
0.729811 0.643669 9.281759 -7.770000 5.460000 3.220000
0.626920 0.583849 9.166903 -7.980000 6.300000 2.660000
0.849452 0.564706 9.097511 -0.770000 5.950000 3.080000
0.667598 0.768096 9.016156 5.530000 8.050000 0.840000
0.667598 1.000200 8.738588 -3.430000 8.960000 0.840000
0.468993 0.672383 7.834101 -27.790001 12.670000 6.090000
0.468993 0.672383 7.834101 -27.790001 12.670000 6.090000
0.354138 0.571885 7.020542 -39.270000 18.340000 12.670000
0.483350 0.356531 5.343173 -41.650002 27.090000 10.150000
0.346959 0.165105 5.453243 -19.809999 49.139999 8.120000
-1.241875 -0.296710 5.752346 -34.860001 77.349998 14.490000
-1.241875 -0.296710 5.752346 -34.860001 77.349998 14.490000
-1.885544 -0.007178 6.386444 -20.090000 95.269997 17.990000
-1.885544 -0.007178 6.386444 -20.090000 95.269997 17.990000
-1.885544 -0.007178 6.386444 -20.090000 95.269997 17.990000
-4.314260 0.358923 7.532606 4.480000 119.629997 13.650000
-5.156533 0.148355 8.484949 -21.139999 115.290001 20.719999
-5.156533 0.148355 8.484949 -21.139999 115.290001 20.719999
-6.520442 0.327817 8.764909 -28.840000 123.059998 27.090000
-7.159326 -0.973879 8.965906 -34.720001 118.650002 28.700001
-7.408179 -0.004786 9.092726 -10.850000 120.470001 30.309999
-7.408179 -0.004786 9.092726 -10.850000 120.470001 30.309999
-7.802995 -1.296910 9.166903 -65.099998 100.870003 25.129999
-8.063812 0.100499 8.413164 -34.299999 92.120003 23.309999
-8.539984 -1.607977 8.396415 -53.900002 83.019997 27.930000
-8.863015 -1.605584 7.755138 -46.480000 81.059998 28.840000
-8.863015 -1.605584 7.755138 -46.480000 81.059998 28.840000
-8.027920 -1.966900 8.413164 -10.570000 64.680000 17.990000
-8.839087 -0.796810 7.290931 -30.799999 59.990002 14.280000
-8.606983 -1.648655 7.302894 -42.490002 45.430000 11.550000
-8.606983 -1.648655 7.302894 -42.490002 45.430000 11.550000
-8.568698 -1.141376 7.156933 -11.760000 11.690000 1.680000
-8.650054 -0.854238 6.147161 -25.620001 4.690000 -1.120000
-8.650054 -0.854238 6.147161 -25.620001 4.690000 -1.120000
-8.650054 -0.854238 6.147161 -25.620001 4.690000 -1.120000
-8.305488 -1.000200 5.917450 -18.969999 -2.730000 -2.170000
-8.305488 -1.000200 5.917450 -18.969999 -2.730000 -2.170000
-8.221739 -0.918844 4.644469 -1.330000 -2.800000 0.560000
-8.260024 -0.825524 4.639683 2.870000 -1.260000 1.610000
-8.128418 -0.411566 4.828716 -7.070000 -1.260000 3.710000
