1.605584 -9.760324 0.854238 -2.870000 5.600000 2.590000
1.739582 -9.896714 0.954736 -6.090000 5.670000 1.120000
1.725225 -9.801002 0.782453 -4.270000 5.810000 0.980000
1.725225 -9.801002 0.782453 -4.270000 5.810000 0.980000
1.710868 -9.853643 0.861416 0.770000 5.600000 1.750000
1.710868 -9.853643 0.861416 0.770000 5.600000 1.750000
1.624727 -10.662418 0.947558 83.510002 16.379999 1.330000
1.773082 -10.758131 1.387837 119.070000 20.790001 0.070000
1.706082 -9.674182 1.339981 192.289993 28.420000 2.450000
1.323231 -7.018148 4.543970 207.899994 32.900002 -1.960000
1.323231 -7.018148 4.543970 207.899994 32.900002 -1.960000
1.237089 -7.716853 4.773681 169.680008 25.620001 -5.250000
1.445265 -8.157133 4.809574 184.940002 17.639999 -11.270000
1.284946 -5.996413 7.142576 233.309998 19.460001 -17.780001
1.172483 -4.005585 7.424929 250.600006 25.340000 -14.490000
1.095913 -1.284946 9.391829 201.460007 28.980000 -14.770000
1.095913 -1.284946 9.391829 201.460007 28.980000 -14.770000
1.138984 -1.526621 9.748360 143.919998 24.080000 -11.550000
1.138984 -1.526621 9.748360 143.919998 24.080000 -11.550000
1.138984 -1.526621 9.748360 143.919998 24.080000 -11.550000
1.138984 -1.526621 9.748360 143.919998 24.080000 -11.550000
1.138984 -1.526621 9.748360 143.919998 24.080000 -11.550000
1.138984 -1.526621 9.748360 143.919998 24.080000 -11.550000
0.878166 -1.033699 9.226725 99.820000 13.160000 -10.990000
0.878166 -1.033699 9.226725 99.820000 13.160000 -10.990000
0.878166 -1.033699 9.226725 99.820000 13.160000 -10.990000
0.729811 0.983450 10.100104 39.060001 10.430000 -2.240000
0.679562 1.866402 9.879964 1.120000 6.510000 3.640000
0.598206 1.385444 9.437292 -16.730000 3.290000 4.410000
0.641276 1.016950 9.353544 -17.010000 2.730000 4.130000
0.710668 1.174876 9.209974 -6.720000 4.760000 4.410000
0.705883 1.330409 9.305687 -5.810000 5.390000 4.480000
0.732204 1.165305 9.377472 -8.470000 4.760000 3.640000
0.576670 0.933201 9.286544 -8.470000 4.200000 4.130000
