2.325824 -9.628718 3.041277 -6.230000 0.210000 -5.180000
2.306681 -10.174281 2.991028 -8.540000 0.140000 -10.710000
2.392823 -11.550155 3.326023 -16.870001 -7.700000 -34.369999
2.392823 -11.550155 3.326023 -16.870001 -7.700000 -34.369999
2.344966 -13.129417 3.084348 -25.760000 -11.270000 -76.440002
2.474179 -13.686946 3.285345 -31.920000 -11.690000 -99.190002
2.474179 -13.686946 3.285345 -31.920000 -11.690000 -99.190002
3.201597 -12.143576 2.388037 11.130000 0.140000 -183.750000
3.201597 -12.143576 2.388037 11.130000 0.140000 -183.750000
4.086941 -9.403792 2.632105 7.630000 -9.380000 -218.610001
4.086941 -9.403792 2.632105 7.630000 -9.380000 -218.610001
4.441079 -7.805387 2.562713 28.420000 -16.660000 -236.880005
4.802395 -6.587440 2.404787 43.119999 -21.559999 -244.580002
5.714060 -3.680161 2.234896 57.330002 -28.210001 -243.740005
5.778666 -1.335195 2.057827 22.680000 -36.049999 -234.149994
6.089733 -0.457029 1.550549 21.700001 -40.040001 -227.430008
6.197411 1.545763 0.933201 50.049999 -38.849998 -214.339996
6.625726 5.120641 0.830309 39.549999 -29.540001 -183.259995
7.113862 8.274381 0.323031 -7.770000 -5.600000 -100.169998
6.965507 8.226524 0.471386 -1.750000 -0.490000 -79.730003
6.965507 8.226524 0.471386 -1.750000 -0.490000 -79.730003
7.006185 8.293523 1.160519 -4.200000 5.320000 -42.279999
7.592427 6.486942 1.222732 -17.219999 4.550000 5.670000
7.592427 6.486942 1.222732 -17.219999 4.550000 5.670000
7.984849 5.551349 1.476372 -17.360001 5.040000 19.250000
8.207381 4.733003 1.737189 -11.830000 2.730000 23.100000
8.456236 4.599005 1.677369 -13.930000 2.660000 23.590000
8.604590 3.893122 2.122434 2.030000 0.350000 12.740000
8.604590 3.893122 2.122434 2.030000 0.350000 12.740000
8.575876 3.845266 1.978864 -3.850000 -0.630000 10.780000
