1.990828 -9.276974 2.268396 1.190000 0.560000 1.190000
2.053042 -9.602397 2.120041 4.620000 -0.140000 0.420000
2.069792 -9.731609 1.995614 5.950000 -0.560000 0.980000
2.069792 -9.731609 1.995614 5.950000 -0.560000 0.980000
2.072184 -9.631111 2.009971 12.880000 -0.070000 0.070000
2.258825 -8.879765 2.423929 24.290001 -1.330000 -0.770000
1.933401 -9.712467 3.002992 7.000000 -3.990000 -0.420000
1.933401 -9.712467 3.002992 7.000000 -3.990000 -0.420000
1.988436 -9.934999 2.656033 16.100000 -8.610000 -3.990000
2.112862 -8.236095 3.594020 -1.050000 -7.770000 3.570000
2.067399 -9.473185 2.634498 11.410000 -13.930000 1.680000
1.904687 -8.389235 3.505485 -11.480000 -12.600000 3.640000
1.904687 -8.389235 3.505485 -11.480000 -12.600000 3.640000
2.201397 -10.049855 2.167897 -22.960001 -20.090000 1.540000
1.770689 -8.762517 2.926422 -23.520000 -21.000000 2.450000
2.146362 -9.166903 2.093720 -27.370001 -27.650000 -3.570000
1.928615 -9.585647 2.373680 10.150000 -36.259998 -1.890000
1.928615 -9.585647 2.373680 10.150000 -36.259998 -1.890000
2.041078 -9.614362 2.007578 10.220000 -33.180000 2.800000
2.275574 -9.616754 1.610370 -9.170000 -28.210001 1.680000
2.222932 -9.518648 1.414158 3.500000 -23.240000 1.120000
2.222932 -9.690931 1.304088 1.680000 -18.270000 1.470000
2.352145 -9.607183 1.361516 1.050000 -12.250000 1.190000
2.352145 -9.607183 1.361516 1.050000 -12.250000 1.190000
2.390430 -9.753145 1.363909 0.910000 -8.540000 0.560000
2.388037 -9.121440 1.617548 0.700000 -5.390000 -0.490000
2.301895 -9.544970 1.423729 -5.320000 -2.030000 -0.420000
2.359323 -9.556933 1.646262 -5.040000 -0.420000 -0.560000
2.366502 -9.157332 1.689333 3.360000 2.030000 -0.560000
2.383251 -9.432507 1.823331 -2.520000 1.190000 -0.770000
2.378466 -9.461221 1.596013 1.330000 1.750000 0.560000
2.304288 -9.489935 1.801795 -1.540000 1.540000 0.910000
2.304288 -9.489935 1.801795 -1.540000 1.540000 0.910000
2.287539 -9.480364 1.775474 -0.280000 2.030000 0.770000
2.258825 -9.554541 1.718047 0.840000 2.800000 0.210000
2.222932 -9.420543 1.605584 -0.140000 3.850000 0.490000
