1.493121 -9.293723 2.043471 2.380000 0.140000 1.750000
1.349552 -8.805587 1.878366 0.350000 1.610000 3.780000
1.349552 -8.805587 1.878366 0.350000 1.610000 3.780000
1.122234 -8.240881 1.667797 0.490000 2.660000 7.350000
1.024128 -7.704889 1.457229 0.560000 3.570000 10.220000
0.636491 -6.731010 1.366302 -2.870000 7.700000 21.000000
0.150748 -6.439085 1.253839 8.680000 13.370000 45.849998
-0.593420 -6.372087 1.112662 -10.850000 13.020000 59.150002
-0.593420 -6.372087 1.112662 -10.850000 13.020000 59.150002
-1.182054 -7.010970 1.390230 0.490000 15.330000 78.330002
-1.397408 -7.022934 1.581656 -1.470000 18.340000 82.389999
-2.995814 -8.841480 2.091327 -9.450000 24.500000 98.559998
-2.995814 -8.841480 2.091327 -9.450000 24.500000 98.559998
-3.421736 -8.944371 2.316252 -12.040000 24.290001 98.699997
-4.436293 -9.296116 1.804188 -18.620001 24.990000 101.010002
-4.962714 -9.540184 2.215754 -0.210000 25.340000 105.139999
-5.448457 -9.145369 1.663012 -4.830000 27.230000 101.570000
-6.697510 -9.281759 1.268196 -19.600000 20.090000 100.379997
-7.121039 -8.484949 0.155533 -27.160000 17.990000 97.300003
-7.901100 -8.673983 1.033699 -17.500000 5.040000 99.540001
-7.901100 -8.673983 1.033699 -17.500000 5.040000 99.540001
-7.889136 -7.807780 -0.227318 -36.610001 0.490000 99.190002
-7.944171 -9.387043 0.332602 -15.540000 -4.410000 115.010002
-8.118847 -8.520842 0.684347 28.070000 5.040000 92.120003
-9.286544 -7.963314 0.981057 21.280001 6.650000 75.809998
-7.755138 -7.518249 0.976272 17.150000 -3.780000 70.349998
-8.154739 -7.946564 1.512264 28.210001 3.290000 64.610001
-8.154739 -7.946564 1.512264 28.210001 3.290000 64.610001
-9.284152 -6.661618 1.938186 26.460001 -1.750000 48.230000
-8.640482 -5.190032 0.937986 -52.709999 -8.750000 41.650002
-8.135597 -5.699703 1.117448 -87.989998 -13.860000 42.840000
-9.032906 -5.481956 0.835095 5.950000 9.730000 15.330000
-8.939585 -5.237889 1.060020 -4.200000 8.400000 8.400000
-8.733803 -5.400600 1.083949 -13.580000 10.290000 -0.770000
-8.733803 -5.400600 1.083949 -13.580000 10.290000 -0.770000
-9.095119 -4.924429 0.930808 -1.120000 9.310000 -7.420000
-9.054441 -4.730610 0.760918 -0.350000 6.020000 -8.190000
-9.054441 -4.730610 0.760918 -0.350000 6.020000 -8.190000
-8.953942 -4.130012 0.782453 -7.070000 -2.520000 -5.040000
-8.953942 -4.130012 0.782453 -7.070000 -2.520000 -5.040000
-9.097511 -3.938586 0.727418 6.720000 -1.400000 -4.900000
-9.104690 -3.768696 0.736989 1.190000 -2.100000 -4.410000
