2.423929 -9.087940 3.261417 0.490000 0.910000 -1.960000
2.397608 -9.736395 3.299703 -5.320000 0.140000 -7.840000
2.194218 -10.243673 3.500700 -11.410000 -0.280000 -20.440001
2.194218 -10.243673 3.500700 -11.410000 -0.280000 -20.440001
2.096112 -10.636096 3.184847 -12.320000 -1.190000 -31.150000
2.096112 -10.636096 3.184847 -12.320000 -1.190000 -31.150000
2.957529 -12.294323 3.304488 -40.880001 -9.590000 -87.639999
3.218346 -12.122040 2.955136 -29.889999 -6.440000 -103.669998
4.206582 -11.614761 2.677568 -18.760000 -9.660000 -160.089996
4.206582 -11.614761 2.677568 -18.760000 -9.660000 -160.089996
4.610970 -11.009377 2.677568 -6.020000 -10.430000 -171.990005
5.718846 -7.159326 2.218147 26.809999 -16.450001 -203.070007
6.108876 -5.788238 1.993221 37.099998 -18.690001 -205.309998
6.108876 -5.788238 1.993221 37.099998 -18.690001 -205.309998
6.250053 -4.029513 2.143969 31.360001 -24.430000 -202.580002
6.623333 -2.538785 1.782653 25.549999 -28.139999 -194.740005
6.410372 -0.890130 1.495514 39.340000 -34.299999 -189.070007
6.989435 0.961915 0.882952 35.840000 -39.340000 -185.430008
6.896115 1.727618 0.545564 32.480000 -38.779999 -179.410004
7.300502 4.134798 0.098106 50.470001 -35.349998 -160.229996
7.250252 7.125826 -0.169890 44.099998 -25.340000 -130.339996
7.982457 7.523034 -0.258425 -27.860001 -9.450000 -63.209999
7.982457 7.523034 -0.258425 -27.860001 -9.450000 -63.209999
7.956135 7.467999 0.011964 -2.450000 2.590000 -28.420000
8.331808 5.860023 0.428315 -19.600000 4.620000 9.030000
8.422735 4.335794 0.684347 -28.280001 1.050000 18.900000
8.422735 4.335794 0.684347 -28.280001 1.050000 18.900000
8.563912 4.108476 0.533599 -17.430000 1.400000 18.480000
8.788837 3.964907 0.672383 -11.620000 0.560000 16.590000
8.805587 3.431308 0.830309 -11.340000 1.470000 13.930000
8.870193 3.503092 1.007378 -9.730000 1.330000 12.180000
