2.146362 -9.655040 1.861616 -3.920000 -1.890000 1.190000
2.187040 -8.920443 3.036492 9.590000 -3.290000 1.400000
2.139183 -9.932607 1.885544 -1.750000 -3.990000 1.260000
2.146362 -9.848858 1.627119 11.690000 -4.340000 -0.630000
2.146362 -9.848858 1.627119 11.690000 -4.340000 -0.630000
2.194218 -8.977871 2.565106 6.300000 -3.500000 0.770000
2.151148 -9.829715 1.646262 -1.890000 -4.060000 -0.070000
2.414358 -9.619147 1.361516 6.790000 -3.500000 -3.220000
2.481357 -8.664411 3.369094 3.850000 -7.980000 -2.870000
2.318645 -9.638289 2.510071 -28.980000 -20.160000 -1.540000
2.041078 -8.800802 2.770889 -34.439999 -18.620001 2.030000
2.041078 -8.800802 2.770889 -34.439999 -18.620001 2.030000
2.165504 -9.824929 1.703690 -31.290001 -18.760000 0.350000
2.165504 -9.403792 1.488336 -22.960001 -13.720000 0.910000
2.565106 -9.760324 0.607777 -13.370000 -11.690000 -2.660000
2.565106 -9.760324 0.607777 -13.370000 -11.690000 -2.660000
2.330609 -9.631111 1.385444 -14.350000 -16.520000 -4.690000
2.409572 -9.537791 0.890130 -11.480000 -17.430000 -3.150000
2.297110 -9.544970 1.036092 -13.160000 -17.570000 -3.360000
2.493321 -9.647861 0.710668 -7.210000 -16.170000 -1.820000
2.502892 -9.686146 0.717847 6.160000 -13.370000 -3.220000
2.459821 -9.559326 0.945165 5.110000 -14.350000 -3.780000
2.459821 -9.559326 0.945165 5.110000 -14.350000 -3.780000
2.517249 -9.470792 0.574277 0.770000 -12.320000 -0.560000
2.428715 -9.363115 0.736989 -1.610000 -7.630000 0.560000
2.493321 -9.276974 0.301496 -4.480000 -1.050000 2.240000
2.385644 -9.286544 0.794417 3.710000 -0.070000 0.630000
2.591427 -9.640682 0.392423 6.160000 0.910000 -0.140000
2.577070 -9.767502 0.507278 0.910000 2.800000 0.630000
2.577070 -9.767502 0.507278 0.910000 2.800000 0.630000
2.447858 -9.442079 0.825524 -4.690000 2.030000 2.030000
2.447858 -9.655040 0.689133 -3.290000 -0.490000 0.910000
2.490928 -9.695717 0.715454 3.430000 0.700000 0.910000
2.409572 -9.600004 0.909273 2.240000 0.280000 0.560000
2.354537 -9.693325 0.758525 -0.770000 -1.120000 -0.210000
2.354537 -9.650253 0.684347 3.360000 -0.630000 -0.210000
