1.339981 -9.169296 3.996014 11.620000 4.200000 -5.530000
1.481157 -9.212367 3.792624 25.270000 3.920000 -16.799999
1.490728 -8.633304 3.515057 58.310001 8.050000 -23.450001
1.490728 -8.633304 3.515057 58.310001 8.050000 -23.450001
1.596013 -9.387043 4.488935 73.779999 10.570000 -31.920000
1.624727 -9.018548 4.749753 91.139999 12.390000 -37.240002
1.971686 -8.099705 5.726025 102.690002 7.770000 -51.730000
2.110470 -8.147561 6.647261 119.070000 0.420000 -62.020000
2.110470 -8.147561 6.647261 119.070000 0.420000 -62.020000
2.732604 -7.077969 6.687939 121.309998 1.260000 -62.860001
3.038885 -5.998806 7.245467 70.699997 -2.450000 -49.349998
2.995814 -5.826523 7.290931 84.349998 1.540000 -48.930000
2.995814 -5.826523 7.290931 84.349998 1.540000 -48.930000
3.225525 -5.355137 6.841080 66.919998 6.930000 -50.680000
3.225525 -5.355137 6.841080 66.919998 6.930000 -50.680000
2.940779 -5.120641 8.226524 76.860001 3.640000 -59.080002
3.560520 -4.137190 7.709675 40.389999 1.050000 -58.380001
3.560520 -4.137190 7.709675 40.389999 1.050000 -58.380001
3.486342 -3.704089 8.336594 56.560001 -2.310000 -59.849998
3.720839 -3.302095 8.104490 61.459999 2.030000 -62.580002
3.639483 -2.285146 8.300702 41.090000 3.220000 -56.490002
4.106083 -2.110470 8.465806 44.099998 -3.220000 -54.389999
4.010371 -1.674976 8.585447 50.400002 -1.120000 -54.180000
3.945765 -0.770489 8.461020 51.029999 -4.760000 -47.670002
4.019942 -0.710668 8.652447 42.700001 -8.890000 -41.090000
4.098906 -0.734596 8.518449 26.389999 -9.450000 -39.200001
4.098906 -0.734596 8.518449 26.389999 -9.450000 -39.200001
4.086941 -0.370888 8.429914 64.470001 -4.130000 -28.280001
4.352544 0.122034 7.965706 57.189999 -0.770000 -28.070000
4.352544 0.122034 7.965706 57.189999 -0.770000 -28.070000
4.237689 0.669990 8.319844 25.549999 0.630000 -20.299999
4.331009 0.866202 8.575876 17.920000 1.050000 -15.820000
4.139583 0.863809 8.544770 -0.980000 1.190000 -1.610000
4.187439 0.820738 8.506484 -11.480000 0.420000 0.560000
4.127619 0.413958 8.757731 -12.950000 -2.940000 4.900000
4.189832 0.186640 8.738588 -4.060000 -3.710000 4.900000
4.424329 -0.014357 8.204988 -11.480000 -1.330000 3.990000
4.271189 -0.035892 8.415558 -20.440001 1.050000 4.690000
4.390830 -0.062213 8.434700 -9.240000 -0.840000 4.200000
4.299902 -0.141177 8.834301 -1.330000 0.210000 3.360000
4.331009 -0.069392 8.731410 -9.940000 0.140000 3.640000
