2.457429 -9.530612 -0.981057 0.630000 -0.070000 -1.120000
2.349752 -9.564112 -0.981057 1.610000 -0.070000 -0.980000
2.488536 -9.463614 -0.973879 -0.140000 0.770000 -0.630000
2.411965 -9.552148 -1.002593 0.280000 0.910000 -0.350000
2.445465 -9.513863 -0.909273 -0.770000 0.490000 -0.350000
2.445465 -9.513863 -0.909273 -0.770000 0.490000 -0.350000
2.445465 -9.513863 -0.909273 -0.770000 0.490000 -0.350000
2.411965 -9.678967 -0.969093 1.400000 -0.700000 0.210000
2.416751 -9.765109 -1.134198 -0.420000 -0.840000 0.070000
2.416751 -9.765109 -1.134198 -0.420000 -0.840000 0.070000
2.553142 -9.564112 -0.957129 0.980000 -0.210000 -0.910000
2.493321 -9.590433 -1.062413 0.280000 -0.070000 0.070000
2.500499 -9.592826 -1.067199 1.610000 -0.420000 0.280000
2.500499 -9.592826 -1.067199 1.610000 -0.420000 0.280000
2.533999 -9.482756 -0.940379 2.030000 -0.070000 0.070000
2.478964 -9.626326 -1.143769 1.330000 0.630000 -0.420000
2.483750 -9.616754 -1.043271 1.260000 0.910000 -0.770000
2.550749 -9.556933 -1.045663 -0.420000 0.700000 -0.770000
2.445465 -9.561719 -1.117448 0.490000 1.680000 -0.560000
2.471786 -9.566505 -1.069592 0.840000 1.750000 -0.840000
2.471786 -9.566505 -1.069592 0.840000 1.750000 -0.840000
2.457429 -9.583255 -0.961915 1.260000 0.770000 -0.630000
2.471786 -9.513863 -0.902094 1.120000 0.910000 0.280000
2.471786 -9.523434 -0.906880 -0.280000 -0.070000 -0.700000
2.471786 -9.523434 -0.906880 -0.280000 -0.070000 -0.700000
2.400001 -9.580862 -0.878166 -1.120000 -0.070000 -0.770000
2.560320 -9.506684 -0.904487 -0.980000 -0.980000 -0.560000
2.502892 -9.597611 -0.945165 1.960000 -0.560000 0.350000
2.517249 -9.602397 -0.935594 -0.350000 0.070000 -0.840000
2.536392 -9.564112 -1.021735 0.140000 -0.630000 -1.120000
2.605784 -9.439686 -1.019342 -0.210000 -0.350000 -0.910000
2.605784 -9.439686 -1.019342 -0.210000 -0.350000 -0.910000
2.500499 -9.480364 -1.052842 1.260000 -0.070000 -0.350000
2.519642 -9.492328 -1.009771 -1.260000 0.280000 -0.630000
2.632105 -9.542577 -0.947558 0.210000 -0.210000 -0.490000
2.632105 -9.542577 -0.947558 0.210000 -0.210000 -0.490000
2.502892 -9.576077 -0.923629 -0.140000 0.070000 0.490000
2.438286 -9.573684 -0.981057 3.290000 0.070000 -0.070000
2.440679 -9.686146 -0.961915 1.330000 -0.770000 -0.980000
2.579463 -9.365508 -0.904487 -1.050000 -0.700000 -1.470000
2.579463 -9.365508 -0.904487 -1.050000 -0.700000 -1.470000
2.577070 -9.494720 -0.990629 -0.420000 -0.700000 -1.400000
