-1.421337 -9.140583 3.364309 -0.490000 -0.560000 -0.490000
-1.421337 -9.140583 3.364309 -0.490000 -0.560000 -0.490000
-1.466800 -9.087940 3.287738 -0.630000 -0.070000 -0.280000
-1.438086 -9.068797 3.440879 -0.350000 -0.280000 0.420000
-1.426122 -9.085547 3.359523 0.140000 -0.070000 1.960000
-1.462015 -9.233903 3.314059 -0.980000 -0.350000 1.470000
-1.462015 -9.233903 3.314059 -0.980000 -0.350000 1.470000
-1.383051 -9.245867 3.242275 -1.750000 0.210000 0.560000
-1.383051 -9.245867 3.242275 -1.750000 0.210000 0.560000
-1.383051 -9.245867 3.242275 -1.750000 0.210000 0.560000
-1.411765 -9.121440 3.361916 0.910000 -0.630000 1.050000
-1.411765 -9.121440 3.361916 0.910000 -0.630000 1.050000
-1.473979 -9.238688 3.347559 -0.770000 0.140000 0.700000
-1.457229 -9.231510 3.292524 0.070000 -0.490000 0.700000
-1.457229 -9.243474 3.290131 -1.750000 1.260000 0.840000
-1.457229 -9.243474 3.290131 -1.750000 1.260000 0.840000
-1.452443 -9.250652 3.326023 1.540000 0.840000 0.140000
-1.500300 -9.231510 3.352344 -1.470000 1.330000 -0.280000
-1.421337 -9.104690 3.381058 -1.820000 1.750000 0.980000
-1.548156 -9.154939 3.412165 0.840000 0.770000 0.490000
-1.548156 -9.154939 3.412165 0.840000 0.770000 0.490000
-1.349552 -9.186047 3.357130 -0.070000 -0.210000 1.680000
-1.502693 -9.166903 3.299703 0.070000 -0.420000 1.260000
-1.471586 -9.207582 3.369094 0.700000 1.190000 1.750000
-1.428515 -9.250652 3.402594 -0.980000 -0.420000 2.030000
-1.428515 -9.250652 3.402594 -0.980000 -0.420000 2.030000
-1.490728 -9.164511 3.306881 -0.140000 0.630000 1.610000
-1.579263 -9.248260 3.254239 -1.260000 0.490000 1.470000
-1.562513 -9.221939 3.393023 0.980000 0.700000 1.540000
-1.562513 -9.221939 3.393023 0.980000 0.700000 1.540000
-1.557728 -9.248260 3.359523 -0.420000 0.420000 1.750000
-1.584049 -9.272188 3.337988 -1.400000 0.770000 -0.070000
-1.495514 -9.099905 3.419343 -0.420000 0.140000 0.490000
-1.550549 -9.255438 3.290131 0.630000 0.980000 0.350000
-1.509871 -9.109475 3.479164 -0.350000 0.140000 0.140000
-1.478764 -9.109475 3.354738 -1.470000 -0.140000 0.630000
-1.514657 -9.233903 3.208775 0.630000 0.630000 0.630000
-1.519442 -9.142976 3.409772 0.980000 -0.280000 0.770000
-1.603191 -9.174082 3.381058 -1.540000 1.260000 1.330000
-1.569692 -9.241080 3.347559 0.210000 -0.280000 0.910000
-1.593620 -9.114261 3.400201 1.050000 -0.420000 0.910000
-1.610370 -9.332008 3.160919 -0.140000 1.120000 0.840000
-1.610370 -9.332008 3.160919 -0.140000 1.120000 0.840000
-1.603191 -9.169296 3.345166 1.960000 -0.070000 0.700000
-1.612763 -9.202796 3.287738 -0.770000 0.420000 1.610000
