2.045863 -9.200402 2.926422 -5.950000 3.150000 -9.030000
2.045863 -9.200402 2.926422 -5.950000 3.150000 -9.030000
1.890330 -11.547763 3.641876 -22.610001 -0.210000 -33.599998
1.871187 -13.658232 3.227918 -40.459999 -8.120000 -81.900002
1.871187 -13.658232 3.227918 -40.459999 -8.120000 -81.900002
2.246860 -13.646267 2.983850 -18.480000 -9.590000 -132.160004
2.495714 -13.502698 2.823531 -11.830000 -9.590000 -151.830002
2.907279 -11.997612 2.368894 1.400000 -8.330000 -187.949997
4.680361 -9.791430 2.285146 24.500000 -12.810000 -222.389999
4.680361 -9.791430 2.285146 24.500000 -12.810000 -222.389999
4.850252 -8.484949 2.246860 19.460001 -15.260000 -241.570007
5.663811 -5.130211 1.875973 54.389999 -22.750000 -255.639999
5.704489 -1.229911 1.902294 38.570000 -32.759998 -244.720001
5.704489 -1.229911 1.902294 38.570000 -32.759998 -244.720001
5.843273 0.502493 0.892523 21.700001 -31.850000 -234.430008
5.754738 0.933201 0.971486 19.180000 -29.960001 -229.320007
5.778666 3.122634 0.457029 55.230000 -23.660000 -213.919998
6.061020 8.085347 0.246461 35.139999 -13.440001 -167.440002
6.037091 8.949157 0.617348 4.830000 -8.470000 -118.580002
6.396015 10.068997 0.880559 -1.400000 0.560000 -60.480000
6.470192 9.202796 0.882952 -19.040001 0.910000 -39.410000
7.032506 7.975278 1.332802 -30.520000 3.360000 -2.590000
7.530212 6.697510 1.507478 -31.360001 1.750000 18.900000
7.475177 5.977271 1.674976 -24.570000 0.770000 25.200001
8.133204 4.867002 1.631905 -23.379999 -1.750000 25.480000
8.303094 4.170690 1.895115 -30.100000 -4.130000 19.250000
8.441878 4.000800 1.730011 -24.150000 -4.760000 15.120000
