-0.177069 -9.700503 1.957329 -4.480000 4.900000 3.290000
-0.177069 -9.705289 1.907080 -6.020000 3.850000 2.450000
-0.258425 -9.839286 1.904687 -6.370000 4.130000 2.240000
-0.186640 -9.681360 1.801795 -5.460000 5.040000 2.380000
-0.186640 -9.681360 1.801795 -5.460000 5.040000 2.380000
-0.138784 -9.741181 1.933401 -5.040000 5.880000 2.730000
-0.138784 -9.741181 1.933401 -5.040000 5.880000 2.730000
-0.193819 -9.801002 1.947758 -7.140000 4.760000 2.170000
-0.203390 -9.731609 1.892723 -7.420000 4.340000 2.730000
-0.205783 -9.786645 1.895115 -5.250000 4.970000 2.380000
-0.155533 -9.765109 1.880759 -6.510000 5.040000 2.310000
-0.155533 -9.765109 1.880759 -6.510000 5.040000 2.310000
-0.184247 -9.784252 1.895115 -5.390000 5.110000 2.310000
-0.177069 -9.738789 1.861616 -5.880000 4.620000 2.450000
-0.179462 -9.757930 1.892723 -6.020000 4.410000 2.940000
-0.208176 -9.793823 1.782653 -6.160000 4.690000 2.240000
-0.208176 -9.793823 1.782653 -6.160000 4.690000 2.240000
-0.217747 -9.729217 1.887937 -5.110000 4.900000 2.240000
-0.217747 -9.729217 1.887937 -5.110000 4.900000 2.240000
-0.217747 -9.729217 1.887937 -5.110000 4.900000 2.240000
-0.217747 -9.729217 1.887937 -5.110000 4.900000 2.240000
-0.217747 -9.729217 1.887937 -5.110000 4.900000 2.240000
-0.217747 -9.729217 1.887937 -5.110000 4.900000 2.240000
-0.217747 -9.729217 1.887937 -5.110000 4.900000 2.240000
-0.217747 -9.729217 1.887937 -5.110000 4.900000 2.240000
-0.217747 -9.729217 1.887937 -5.110000 4.900000 2.240000
-0.208176 -9.772287 1.887937 -7.210000 2.800000 2.100000
-0.157926 -9.772287 1.885544 -6.230000 3.360000 2.660000
-0.131605 -9.757930 1.823331 -6.370000 3.500000 1.960000
-0.169890 -9.755538 1.871187 -4.200000 4.270000 2.310000
-0.133998 -9.734003 1.899901 -4.760000 4.760000 2.450000
-0.133998 -9.734003 1.899901 -4.760000 4.760000 2.450000
-0.165105 -9.707682 1.921437 -4.060000 5.670000 1.330000
-0.131605 -9.760324 1.971686 -5.460000 5.320000 2.100000
-0.189033 -9.676575 1.988436 -5.740000 5.250000 1.680000
-0.189033 -9.676575 1.988436 -5.740000 5.250000 1.680000
-0.148355 -9.659825 2.002793 -3.920000 5.950000 2.730000
-0.174676 -9.533006 2.031506 -3.570000 5.390000 3.150000
-0.174676 -9.533006 2.031506 -3.570000 5.390000 3.150000
-0.071785 -9.667004 1.990828 -4.900000 4.130000 3.290000
-0.160319 -9.698111 1.892723 -5.600000 4.340000 3.430000
-0.191426 -9.762716 1.964507 -5.250000 5.600000 2.870000
-0.200997 -9.659825 1.940579 -4.340000 5.880000 3.220000
-0.203390 -9.671788 2.055435 -5.390000 3.710000 3.710000
-0.198604 -9.736395 1.969293 -6.510000 3.220000 3.570000
-0.198604 -9.736395 1.969293 -6.510000 3.220000 3.570000
-0.275175 -9.793823 1.954936 -4.830000 4.130000 4.130000
-0.143569 -9.724431 2.036292 -4.970000 4.480000 3.570000
