3.402594 -8.944371 2.512464 -5.320000 3.780000 2.940000
3.426522 -8.721838 2.533999 -11.760000 4.620000 3.640000
3.402594 -8.807980 2.416751 -39.200001 1.680000 5.950000
3.531806 -8.274381 2.376073 -79.029999 4.480000 7.490000
3.531806 -8.274381 2.376073 -79.029999 4.480000 7.490000
3.498307 -7.951349 2.603391 -129.009995 6.020000 9.590000
3.235096 -9.169296 0.361316 -191.309998 -10.500000 13.020000
2.993421 -8.362915 -1.179662 -241.009995 -16.030001 5.460000
3.455236 -9.805787 -3.739982 -185.639999 -25.059999 1.960000
3.177669 -8.142776 -3.546163 -138.460007 -18.900000 -1.610000
3.177669 -8.142776 -3.546163 -138.460007 -18.900000 -1.610000
2.974278 -8.147561 -4.146761 -154.630005 -20.090000 -0.630000
3.153740 -7.101898 -6.120840 -110.599998 -18.270000 -6.580000
3.223132 -6.582655 -6.008378 -108.849998 -16.450001 -9.730000
3.129812 -5.467600 -7.343572 -194.039993 -17.920000 -8.750000
3.273381 -5.692525 -8.489735 -194.809998 -22.540001 -8.610000
3.273381 -5.692525 -8.489735 -194.809998 -22.540001 -8.610000
3.273381 -5.692525 -8.489735 -194.809998 -22.540001 -8.610000
2.842674 -4.230510 -8.915657 -73.709999 -13.440001 -6.790000
2.620141 -3.189633 -9.028119 -26.670000 -8.050000 -1.540000
2.620141 -3.189633 -9.028119 -26.670000 -8.050000 -1.540000
2.809174 -3.629912 -9.217153 -20.580000 -5.390000 1.330000
2.799603 -3.302095 -9.439686 -7.700000 -3.080000 2.100000
2.737389 -3.431308 -9.147761 -7.840000 0.490000 1.610000
2.751746 -3.500700 -9.217153 -5.530000 2.030000 0.630000
2.794817 -3.452843 -9.176475 -3.430000 3.010000 1.400000
2.687140 -3.369094 -9.116654 -4.340000 4.060000 2.590000
