2.574677 -11.940186 2.321038 -33.180000 -9.380000 -77.209999
2.739782 -12.208181 1.801795 -29.330000 -7.560000 -91.980003
3.582055 -11.674582 1.706082 1.750000 -3.710000 -153.369995
3.747160 -10.624132 1.938186 18.760000 -0.280000 -168.770004
3.747160 -10.624132 1.938186 18.760000 -0.280000 -168.770004
4.438686 -8.848659 2.084148 13.790000 -0.630000 -181.930008
5.099105 -7.834101 2.050649 26.460001 -5.320000 -188.160004
5.706882 -5.130211 2.237289 -0.910000 -17.850000 -195.649994
5.706882 -5.130211 2.237289 -0.910000 -17.850000 -195.649994
6.477371 -2.892922 1.600798 38.360001 -24.639999 -195.020004
7.104291 -1.055235 1.639083 48.790001 -27.650000 -182.699997
7.343572 0.602991 0.997807 25.200001 -33.670002 -168.699997
7.343572 0.602991 0.997807 25.200001 -33.670002 -168.699997
7.893922 2.239682 0.890130 1.400000 -29.190001 -149.309998
7.893922 2.239682 0.890130 1.400000 -29.190001 -149.309998
8.157133 4.546363 0.423530 28.700001 -16.309999 -118.790001
8.317451 6.017949 0.129212 8.400000 -13.650000 -90.930000
8.458629 5.972485 0.421137 -12.110000 -7.140000 -65.239998
8.329416 5.620740 0.404387 -12.110000 -3.430000 -51.660000
8.413164 6.108876 0.509671 1.610000 3.570000 -23.940001
8.544770 5.340781 0.581456 -10.500000 5.670000 -4.550000
8.544770 5.340781 0.581456 -10.500000 5.670000 -4.550000
8.738588 4.328616 0.847059 -6.160000 6.160000 9.940000
8.953942 4.125226 1.004985 -8.120000 3.780000 12.950000
8.953942 4.125226 1.004985 -8.120000 3.780000 12.950000
8.963513 3.816552 1.167697 -16.940001 1.960000 14.910000
8.815158 3.476771 1.105484 -17.850000 2.170000 15.400000
8.851050 3.323631 1.093520 -5.670000 3.080000 14.560000
9.083155 3.390630 1.258625 -3.780000 3.990000 13.370000
9.047262 3.244668 1.536192 -6.370000 3.780000 14.420000
9.219545 3.421736 1.205983 -7.280000 3.990000 15.610000
9.410972 3.359523 1.356731 -1.890000 3.640000 19.110001
9.410972 3.359523 1.356731 -1.890000 3.640000 19.110001
9.276974 3.101098 1.416551 -8.890000 3.220000 19.110001
9.241080 3.000600 1.418944 1.330000 3.780000 20.370001
