2.182254 -9.219545 3.072384 -4.480000 5.600000 2.450000
2.182254 -9.219545 3.072384 -4.480000 5.600000 2.450000
1.952543 -9.320045 3.227918 -21.210001 3.710000 0.350000
1.878366 -9.343972 2.868994 -18.200001 4.970000 -2.170000
1.878366 -9.343972 2.868994 -18.200001 4.970000 -2.170000
1.878366 -9.343972 2.868994 -18.200001 4.970000 -2.170000
2.103291 -8.664411 2.261217 -149.660004 0.140000 -4.200000
2.103291 -8.664411 2.261217 -149.660004 0.140000 -4.200000
2.163112 -9.815358 1.143769 -153.649994 -3.710000 -3.570000
2.163112 -9.815358 1.143769 -153.649994 -3.710000 -3.570000
2.505285 -9.774680 -0.914058 -123.970001 -12.110000 -5.670000
2.591427 -10.236496 -2.912065 -96.180000 -12.250000 -4.690000
2.591427 -10.236496 -2.912065 -96.180000 -12.250000 -4.690000
2.591427 -10.236496 -2.912065 -96.180000 -12.250000 -4.690000
2.364109 -9.456435 -2.811567 -64.190002 -8.820000 -5.740000
2.462214 -8.343772 -2.734996 -113.470001 -12.530000 -5.250000
2.670390 -9.178867 -4.462614 -110.180000 -12.740000 -7.770000
2.670390 -9.178867 -4.462614 -110.180000 -12.740000 -7.770000
2.615355 -8.264810 -4.527221 -99.400002 -15.890000 -9.660000
2.615355 -8.264810 -4.527221 -99.400002 -15.890000 -9.660000
2.505285 -7.743174 -5.381458 -75.529999 -18.760000 -9.660000
2.505285 -7.743174 -5.381458 -75.529999 -18.760000 -9.660000
2.510071 -7.159326 -6.541977 -98.840004 -22.469999 -13.440001
2.510071 -7.159326 -6.541977 -98.840004 -22.469999 -13.440001
2.285146 -6.544370 -6.695118 -108.639999 -22.330000 -13.370000
2.404787 -5.580062 -7.410572 -101.919998 -21.629999 -23.520000
2.404787 -5.580062 -7.410572 -101.919998 -21.629999 -23.520000
2.256432 -4.591826 -8.712267 -77.629997 -21.490000 -23.309999
2.256432 -4.591826 -8.712267 -77.629997 -21.490000 -23.309999
1.890330 -4.015156 -8.657232 -42.279999 -9.100000 -12.740000
1.890330 -4.015156 -8.657232 -42.279999 -9.100000 -12.740000
2.100898 -3.773481 -9.265009 -37.099998 -1.330000 -6.860000
2.100898 -3.773481 -9.265009 -37.099998 -1.330000 -6.860000
2.208575 -3.826123 -8.293523 -15.330000 -2.100000 -1.820000
2.199004 -3.704089 -8.776874 -11.480000 -1.610000 1.190000
2.199004 -3.704089 -8.776874 -11.480000 -1.610000 1.190000
2.017149 -3.862016 -8.834301 -10.640000 0.140000 2.240000
2.170290 -3.622734 -9.334401 -0.140000 3.850000 2.730000
2.175076 -3.759124 -8.882158 -6.160000 5.740000 3.430000
2.139183 -3.840480 -8.611769 0.070000 5.600000 3.360000
2.105684 -3.806981 -8.977871 -3.150000 2.660000 3.430000
2.234896 -3.936193 -8.992228 3.220000 2.310000 3.150000
2.045863 -3.797409 -8.874979 2.940000 3.570000 4.620000
2.074577 -3.754339 -8.776874 -0.980000 5.810000 3.710000
2.074577 -3.754339 -8.776874 -0.980000 5.810000 3.710000
2.297110 -4.005585 -8.894121 -0.280000 4.060000 2.870000
2.297110 -4.005585 -8.894121 -0.280000 4.060000 2.870000
2.220540 -4.218546 -8.772088 1.190000 6.160000 4.270000
1.986043 -4.273581 -8.819944 5.530000 9.800000 6.230000
2.237289 -3.708875 -8.563912 -1.400000 9.310000 4.340000
