2.100898 -9.135797 2.589034 4.690000 0.350000 0.840000
2.033899 -9.401401 2.452643 9.240000 -0.070000 0.070000
2.033899 -9.401401 2.452643 9.240000 -0.070000 0.070000
2.081756 -9.365508 2.500499 9.870000 0.350000 -0.070000
2.100898 -9.195618 2.636890 6.510000 -1.260000 0.210000
2.177469 -9.652647 2.287539 4.480000 -2.520000 -0.980000
2.237289 -9.784252 1.945365 14.420000 -2.310000 -2.520000
2.239682 -8.760124 3.818945 12.390000 -7.140000 -3.360000
2.163112 -9.925428 2.297110 -3.920000 -10.430000 -3.360000
2.210968 -9.047262 2.847459 6.580000 -12.670000 -3.080000
2.349752 -9.588040 2.340181 -20.160000 -17.570000 -3.010000
2.349752 -9.588040 2.340181 -20.160000 -17.570000 -3.010000
2.026721 -9.690931 2.897708 -39.759998 -20.510000 2.100000
2.026721 -9.690931 2.897708 -39.759998 -20.510000 2.100000
2.026721 -9.690931 2.897708 -39.759998 -20.510000 2.100000
2.352145 -8.839087 2.565106 -28.070000 -19.809999 3.500000
2.400001 -10.107283 1.433301 -27.790001 -20.790001 2.310000
2.337788 -9.166903 1.629512 -4.760000 -20.510000 -0.210000
2.510071 -9.714860 1.316052 6.300000 -16.100000 -1.190000
2.510071 -9.714860 1.316052 6.300000 -16.100000 -1.190000
2.514857 -9.360723 1.459622 4.130000 -17.780001 -0.770000
2.488536 -9.588040 1.763510 6.370000 -23.450001 -2.380000
2.519642 -9.643075 1.990828 14.910000 -28.280001 -3.710000
2.543570 -9.480364 1.914258 19.809999 -29.330000 -2.870000
2.435893 -9.619147 1.682154 14.840000 -27.440001 0.210000
2.445465 -9.147761 1.186840 1.120000 -17.430000 3.220000
2.445465 -9.147761 1.186840 1.120000 -17.430000 3.220000
2.356930 -9.061620 1.251446 -3.500000 -14.210000 3.360000
2.579463 -9.073583 1.548156 3.850000 -2.380000 1.260000
2.634498 -9.523434 1.311267 0.070000 -0.490000 1.960000
2.572284 -9.375079 1.598405 0.210000 -1.750000 1.610000
2.572284 -9.375079 1.598405 0.210000 -1.750000 1.610000
2.603391 -9.552148 1.462015 -1.190000 -2.030000 0.910000
2.603391 -9.552148 1.462015 -1.190000 -2.030000 0.910000
2.493321 -9.568897 1.464408 -3.150000 1.120000 0.630000
2.488536 -9.406186 1.596013 0.560000 0.980000 0.630000
2.562713 -9.552148 1.478764 0.630000 2.520000 0.700000
2.577070 -9.621540 1.607977 0.980000 1.190000 0.490000
2.572284 -9.477970 1.840081 2.380000 -0.490000 0.420000
2.529213 -9.437292 1.615155 -0.280000 -3.500000 -0.280000
