1.026521 -9.918249 -1.086342 -1.470000 0.490000 0.420000
1.055235 -9.968499 -1.167697 -1.120000 0.280000 -0.210000
1.009771 -9.762716 -1.122234 1.190000 0.980000 -0.700000
1.009771 -9.762716 -1.122234 1.190000 0.980000 -0.700000
1.045663 -9.808180 -1.136591 -0.070000 0.490000 0.280000
1.045663 -9.808180 -1.136591 -0.070000 0.490000 0.280000
1.069592 -9.812965 -1.033699 0.560000 0.070000 0.560000
1.069592 -9.743573 -1.016950 -0.420000 1.540000 0.280000
1.069592 -9.743573 -1.016950 -0.420000 1.540000 0.280000
1.069592 -9.743573 -1.016950 -0.420000 1.540000 0.280000
1.069592 -9.743573 -1.016950 -0.420000 1.540000 0.280000
1.069592 -9.743573 -1.016950 -0.420000 1.540000 0.280000
1.100698 -9.913465 -1.138984 -0.070000 0.490000 0.350000
1.012164 -9.937392 -1.191626 1.260000 1.470000 -0.560000
1.071985 -9.671788 -1.055235 0.140000 2.170000 -0.420000
1.071985 -9.671788 -1.055235 0.140000 2.170000 -0.420000
1.021735 -9.781858 -1.007378 -0.280000 1.400000 -0.420000
1.021735 -9.781858 -1.007378 -0.280000 1.400000 -0.420000
0.971486 -9.791430 -1.007378 -0.700000 0.140000 0.280000
1.012164 -9.820145 -1.093520 -0.980000 0.140000 0.210000
1.143769 -9.810574 -1.105484 1.120000 -0.560000 0.770000
1.143769 -9.810574 -1.105484 1.120000 -0.560000 0.770000
1.143769 -9.810574 -1.105484 1.120000 -0.560000 0.770000
1.079163 -9.851252 -1.122234 -0.490000 0.350000 0.210000
1.069592 -10.004392 -1.098306 0.630000 0.280000 0.490000
1.076770 -9.846465 -1.091127 -1.470000 1.470000 -0.210000
1.076770 -9.846465 -1.091127 -1.470000 1.470000 -0.210000
1.074377 -9.844072 -1.091127 -0.210000 0.420000 0.700000
1.074377 -9.844072 -1.091127 -0.210000 0.420000 0.700000
1.050449 -9.903893 -1.095913 -0.700000 -0.350000 0.420000
0.918844 -9.820145 -1.098306 0.210000 -0.280000 -0.350000
0.918844 -9.820145 -1.098306 0.210000 -0.280000 -0.350000
1.060020 -9.851252 -1.060020 -0.560000 0.140000 0.280000
1.060020 -9.851252 -1.060020 -0.560000 0.140000 0.280000
0.957129 -9.734003 -1.088734 0.560000 1.050000 0.070000
1.036092 -9.934999 -0.947558 0.210000 0.140000 0.910000
1.036092 -9.934999 -0.947558 0.210000 0.140000 0.910000
1.217947 -9.738789 -0.966700 2.520000 -0.700000 1.400000
0.928415 -9.863215 -1.115055 0.560000 -0.840000 0.490000
1.081556 -10.025927 -1.136591 -0.210000 -0.700000 -0.350000
0.971486 -9.769895 -1.086342 0.210000 0.070000 -0.840000
0.971486 -9.769895 -1.086342 0.210000 0.070000 -0.840000
0.993021 -9.865608 -1.071985 -0.210000 0.070000 -0.070000
0.993021 -9.865608 -1.071985 -0.210000 0.070000 -0.070000
1.153341 -9.810574 -1.038485 0.490000 0.280000 -0.280000
0.923629 -9.789038 -1.040878 0.420000 0.560000 -0.280000
0.923629 -9.789038 -1.040878 0.420000 0.560000 -0.280000
1.026521 -9.801002 -0.957129 1.330000 -1.260000 0.210000
1.026521 -9.801002 -0.957129 1.330000 -1.260000 0.210000
