3.120241 -8.707481 3.716053 -4.270000 2.100000 2.870000
3.002992 -8.537591 3.790231 2.170000 1.540000 0.770000
3.299703 -9.030513 3.771089 -0.490000 1.470000 1.400000
3.050849 -8.946764 3.725625 15.610000 2.870000 -0.560000
3.120241 -8.961121 3.917051 -4.130000 1.820000 -0.770000
3.120241 -8.961121 3.917051 -4.130000 1.820000 -0.770000
2.981457 -8.712267 3.804588 3.920000 1.750000 -2.170000
3.115455 -7.970492 4.297509 -54.740002 3.570000 4.830000
3.048456 -9.853643 3.170490 -91.910004 5.180000 13.020000
3.235096 -8.293523 3.500700 -104.090004 2.450000 15.750000
2.754139 -6.094519 3.385844 -190.820007 -23.100000 51.310001
1.220340 -9.671788 -1.213161 -127.470001 -9.520000 33.950001
2.275574 -9.248260 1.210768 5.250000 -4.340000 8.680000
2.275574 -9.248260 1.210768 5.250000 -4.340000 8.680000
2.234896 -10.191031 0.272782 -7.910000 0.630000 3.220000
2.234896 -10.191031 0.272782 -7.910000 0.630000 3.220000
2.132005 -10.080962 0.416351 5.950000 0.700000 2.800000
2.132005 -10.080962 0.416351 5.950000 0.700000 2.800000
2.213361 -9.798609 0.751346 0.210000 -0.070000 -2.100000
2.213361 -9.798609 0.751346 0.210000 -0.070000 -2.100000
2.076970 -9.724431 0.583849 -2.030000 -1.260000 -3.080000
2.007578 -9.576077 0.442672 2.520000 -1.960000 -0.980000
2.170290 -9.528220 0.210568 -0.280000 -1.890000 -2.870000
2.234896 -9.336794 0.313460 6.510000 -3.150000 -2.100000
2.234896 -9.336794 0.313460 6.510000 -3.150000 -2.100000
2.313859 -9.506684 0.440279 14.350000 -1.820000 -0.490000
2.165504 -9.183653 0.641276 -1.680000 -0.420000 0.560000
2.155933 -9.662218 0.547956 0.420000 -0.630000 0.630000
2.249253 -9.958927 0.227318 3.500000 -0.350000 0.280000
2.263610 -9.765109 0.521635 5.110000 -0.350000 -0.840000
2.084148 -9.681360 0.634098 1.610000 0.210000 -1.330000
2.201397 -9.946963 0.579063 -1.050000 0.420000 -1.820000
2.201397 -9.946963 0.579063 -1.050000 0.420000 -1.820000
