1.605584 -9.784252 2.043471 -1.610000 0.280000 2.380000
1.619941 -9.334401 2.333002 -3.220000 -0.980000 0.910000
1.634298 -9.621540 1.677369 -19.879999 1.960000 2.800000
1.514657 -9.667004 2.344966 20.370001 -0.420000 -0.560000
1.514657 -9.667004 2.344966 20.370001 -0.420000 -0.560000
1.529014 -9.722038 1.945365 -10.150000 0.350000 0.980000
1.550549 -9.353544 2.605784 5.950000 1.960000 0.840000
1.411765 -9.284152 2.629712 1.890000 1.330000 6.510000
1.411765 -9.284152 2.629712 1.890000 1.330000 6.510000
1.435694 -9.611969 2.007578 -4.900000 2.170000 7.700000
1.421337 -9.817751 2.574677 -3.010000 5.180000 -1.540000
1.531406 -10.028319 2.979064 -5.110000 3.080000 -3.780000
1.462015 -9.631111 1.342373 -26.040001 4.760000 -1.190000
1.533799 -9.702895 2.967100 -54.389999 7.280000 -4.200000
1.576870 -10.248460 0.933201 -78.260002 0.490000 -9.870000
1.660619 -10.054641 0.361316 -70.489998 4.760000 -13.160000
1.938186 -10.169496 -0.397209 -55.020000 15.400000 -12.460000
2.177469 -10.224532 -0.449851 -39.480000 18.410000 -11.060000
1.868794 -9.561719 0.153141 -43.750000 16.450001 -3.150000
2.041078 -8.788837 -1.256232 -23.870001 31.360001 13.160000
2.041078 -8.788837 -1.256232 -23.870001 31.360001 13.160000
2.246860 -9.745967 -2.151148 -34.509998 41.439999 20.440001
1.686940 -9.140583 -0.849452 22.750000 30.870001 14.000000
1.686940 -9.140583 -0.849452 22.750000 30.870001 14.000000
1.552942 -8.853443 -0.157926 22.260000 19.040001 11.270000
1.629512 -9.334401 -0.098106 14.700000 17.710001 10.010000
1.493121 -9.769895 -0.133998 9.660000 10.850000 7.140000
1.579263 -9.875179 -0.064606 1.330000 4.690000 2.870000
1.579263 -9.875179 -0.064606 1.330000 4.690000 2.870000
1.607977 -9.872787 -0.232104 -3.570000 2.870000 0.910000
1.540978 -10.169496 -0.399601 -2.170000 3.010000 2.030000
1.540978 -10.169496 -0.399601 -2.170000 3.010000 2.030000
1.457229 -9.674182 -0.327817 3.290000 0.770000 1.400000
1.552942 -9.903893 -0.251246 -3.080000 -0.210000 1.890000
1.409373 -9.652647 -0.301496 3.010000 -0.630000 -0.140000
1.433301 -9.619147 -0.368495 -4.270000 1.050000 -0.840000
1.572084 -9.485149 -0.425922 -6.230000 1.750000 0.490000
1.275374 -10.408779 -0.547956 1.820000 1.820000 2.100000
1.349552 -9.870394 -0.258425 6.860000 1.960000 1.820000
1.342373 -9.162118 0.050249 3.570000 0.070000 2.170000
1.354338 -9.954143 -0.222532 -1.960000 -1.050000 2.520000
1.349552 -10.231709 -0.279960 5.460000 -2.310000 1.890000
1.296910 -10.006784 -0.308674 6.160000 -1.750000 0.070000
1.383051 -9.686146 -0.385244 -3.640000 0.210000 -0.140000
