2.510071 -8.939585 3.058028 5.040000 1.260000 0.070000
2.510071 -8.939585 3.058028 5.040000 1.260000 0.070000
2.543570 -9.274581 2.909672 -3.150000 1.470000 0.490000
2.464607 -8.920443 3.223132 5.670000 0.420000 1.610000
2.455036 -10.392029 3.105884 -34.090000 1.190000 2.520000
2.455036 -10.392029 3.105884 -34.090000 1.190000 2.520000
2.388037 -7.003791 3.768696 -52.150002 1.190000 24.780001
2.105684 -9.205189 2.524428 -81.059998 -1.120000 17.780001
2.433501 -7.779066 2.366502 -78.190002 -1.750000 15.820000
1.646262 -9.944571 0.531207 -90.370003 -17.080000 25.690001
1.674976 -9.382257 -0.366102 -66.570000 -13.370000 14.070000
1.674976 -9.382257 -0.366102 -66.570000 -13.370000 14.070000
1.897508 -10.138390 -0.031107 -12.950000 -14.840000 10.290000
1.808974 -9.556933 0.043071 11.900000 -15.750000 12.390000
1.536192 -10.253245 0.153141 21.910000 -9.380000 9.660000
1.493121 -9.674182 0.081356 8.960000 -7.980000 10.150000
1.497907 -10.250853 -0.540778 -7.840000 -3.780000 7.350000
1.497907 -10.250853 -0.540778 -7.840000 -3.780000 7.350000
1.428515 -10.124033 0.246461 21.210001 -2.870000 3.990000
1.406980 -10.277173 0.179462 -3.080000 -0.140000 3.150000
1.361516 -10.296316 -0.059821 2.940000 -0.140000 0.980000
1.457229 -9.982857 0.093320 6.230000 -0.560000 0.490000
1.452443 -10.164711 0.217747 0.070000 -0.560000 -0.980000
1.452443 -10.080962 0.043071 -5.600000 -0.420000 -1.260000
1.452443 -10.080962 0.043071 -5.600000 -0.420000 -1.260000
1.268196 -9.887143 0.294317 0.070000 0.350000 -2.450000
1.323231 -9.966106 0.052642 9.590000 0.910000 -1.750000
1.430908 -9.815358 0.246461 5.460000 1.260000 -1.680000
1.404587 -9.748360 0.291924 1.400000 0.910000 -2.520000
1.466800 -9.927821 0.119641 6.650000 1.820000 -0.770000
1.466800 -9.927821 0.119641 6.650000 1.820000 -0.770000
1.430908 -9.772287 0.526421 8.400000 0.560000 -0.490000
1.363909 -9.631111 0.495314 -2.870000 -0.070000 -0.980000
1.404587 -10.011569 0.339781 5.390000 1.540000 -0.070000
