2.361716 -10.159925 2.486143 3.710000 4.550000 -19.600000
2.524428 -10.628918 2.294717 -16.309999 0.560000 -35.490002
2.828316 -11.578869 2.330609 1.190000 1.540000 -73.989998
2.885744 -11.700903 2.373680 -1.820000 2.660000 -97.300003
3.237489 -11.246266 2.096112 -7.630000 1.540000 -111.160004
4.017549 -11.160125 2.036292 8.470000 -0.560000 -131.389999
4.967500 -9.793823 1.895115 31.920000 -2.590000 -152.460007
5.151747 -9.274581 2.495714 28.350000 -1.960000 -159.529999
6.029913 -8.003991 2.026721 29.330000 -9.380000 -169.889999
5.982057 -6.829116 2.543570 32.830002 -14.700000 -177.449997
6.350551 -5.898308 2.462214 14.350000 -18.410000 -182.139999
6.747760 -4.795217 2.189433 -1.190000 -22.469999 -184.449997
7.080362 -3.151347 2.289931 4.060000 -28.630001 -184.729996
7.080362 -3.151347 2.289931 4.060000 -28.630001 -184.729996
7.463214 -2.478964 1.923829 17.360001 -28.210001 -183.960007
7.848458 1.261017 0.964308 17.080000 -28.139999 -164.009995
7.996813 2.242075 1.076770 14.420000 -22.260000 -155.610001
7.415358 2.959922 1.205983 23.450001 -14.490000 -134.680008
7.810174 4.855037 0.849452 26.389999 -8.050000 -106.680000
7.810174 4.855037 0.849452 26.389999 -8.050000 -106.680000
7.929814 5.297709 0.509671 8.680000 -8.540000 -91.980003
7.767102 5.388636 0.885344 -8.050000 -2.940000 -62.930000
8.377272 5.661418 1.052842 -8.680000 0.770000 -25.410000
8.391629 4.898108 1.222732 -23.590000 -0.140000 -7.840000
8.391629 4.898108 1.222732 -23.590000 -0.140000 -7.840000
8.705089 4.127619 1.289732 1.400000 1.260000 5.530000
8.705089 4.127619 1.289732 1.400000 1.260000 5.530000
8.994620 3.993621 1.438086 -1.540000 -0.980000 10.570000
9.008978 3.168097 1.624727 -8.680000 -0.350000 10.640000
8.985049 3.208775 1.368695 -6.370000 -0.280000 10.430000
8.985049 3.208775 1.368695 -6.370000 -0.280000 10.430000
8.977871 2.859423 1.622334 -8.400000 3.430000 9.870000
8.901299 3.014957 1.548156 -1.890000 3.640000 8.820000
9.075976 2.952743 1.392623 -0.770000 3.220000 7.560000
