3.077170 -8.860621 3.570091 -3.150000 1.260000 2.240000
3.026921 -8.851050 3.428915 -0.630000 0.210000 0.280000
3.026921 -8.851050 3.428915 -0.630000 0.210000 0.280000
3.026921 -8.851050 3.428915 -0.630000 0.210000 0.280000
3.053242 -9.020942 3.443272 -1.610000 0.770000 0.210000
3.053242 -9.020942 3.443272 -1.610000 0.770000 0.210000
2.993421 -9.011370 3.337988 4.340000 0.700000 -0.700000
3.029313 -8.659625 3.498307 1.190000 0.560000 -0.560000
3.077170 -9.147761 3.364309 -7.000000 2.380000 2.100000
3.036492 -9.578469 3.251846 -12.320000 4.200000 2.870000
2.909672 -8.693125 3.914658 -37.099998 4.690000 11.060000
3.187240 -9.559326 2.768496 -113.610001 4.620000 10.710000
2.859423 -7.594819 2.378466 -159.180008 -19.740000 43.680000
1.593620 -9.353544 -1.189233 -71.750000 -3.150000 23.450001
1.593620 -9.353544 -1.189233 -71.750000 -3.150000 23.450001
2.560320 -10.674382 -1.213161 -12.320000 -0.140000 0.980000
2.799603 -9.135797 1.277767 28.070000 -2.520000 4.060000
2.191825 -10.071390 0.093320 -16.100000 -2.100000 5.250000
2.402394 -10.286745 0.452243 12.390000 -1.820000 -0.630000
2.409572 -9.669396 0.873380 -1.540000 -2.380000 0.560000
2.409572 -9.669396 0.873380 -1.540000 -2.380000 0.560000
2.225325 -9.884750 0.485743 -5.670000 -1.610000 0.420000
2.151148 -9.674182 0.717847 5.320000 0.140000 0.140000
2.414358 -9.573684 0.478565 -3.430000 -1.750000 -1.470000
2.397608 -9.712467 0.349352 -2.380000 -1.470000 -2.240000
2.254039 -9.415757 0.667598 1.890000 -1.400000 -1.470000
2.280360 -9.547362 0.265603 -2.240000 -0.560000 -1.260000
2.404787 -9.803394 0.428315 8.540000 0.210000 -1.820000
2.306681 -9.645468 0.308674 -0.630000 -0.140000 0.980000
2.306681 -9.645468 0.308674 -0.630000 -0.140000 0.980000
2.356930 -9.662218 0.794417 3.500000 -0.140000 0.140000
2.388037 -9.442079 0.547956 3.220000 -1.400000 1.260000
2.388037 -9.442079 0.547956 3.220000 -1.400000 1.260000
2.218147 -9.829715 0.492921 2.030000 -0.490000 0.350000
2.218147 -9.829715 0.492921 2.030000 -0.490000 0.350000
2.318645 -9.667004 0.540778 0.560000 -0.700000 -0.770000
