0.253639 -9.561719 2.158326 -6.230000 3.290000 1.260000
0.227318 -9.726824 1.947758 -7.140000 3.360000 2.380000
0.279960 -9.678967 2.033899 -5.040000 4.130000 2.170000
0.279960 -9.678967 2.033899 -5.040000 4.130000 2.170000
0.267996 -9.657433 1.933401 -6.090000 5.040000 2.240000
0.244068 -9.700503 1.993221 -6.230000 5.950000 2.450000
0.253639 -9.731609 2.105684 -8.400000 5.390000 2.380000
0.253639 -9.731609 2.105684 -8.400000 5.390000 2.380000
0.191426 -9.547362 2.177469 -6.090000 5.250000 2.590000
0.191426 -9.547362 2.177469 -6.090000 5.250000 2.590000
0.291924 -9.810574 2.151148 -5.110000 4.340000 4.130000
0.200997 -9.772287 2.122434 -5.670000 3.920000 2.730000
0.200997 -9.772287 2.122434 -5.670000 3.920000 2.730000
0.248854 -9.779467 2.041078 -4.760000 3.710000 2.800000
0.248854 -9.779467 2.041078 -4.760000 3.710000 2.800000
0.248854 -9.779467 2.041078 -4.760000 3.710000 2.800000
0.248854 -9.779467 2.041078 -4.760000 3.710000 2.800000
0.246461 -9.879964 2.100898 -5.040000 3.920000 1.330000
0.241675 -9.710074 2.007578 -5.040000 3.430000 1.540000
0.241675 -9.710074 2.007578 -5.040000 3.430000 1.540000
0.241675 -9.710074 2.007578 -5.040000 3.430000 1.540000
0.241675 -9.710074 2.007578 -5.040000 3.430000 1.540000
0.241675 -9.710074 2.007578 -5.040000 3.430000 1.540000
0.320638 -9.552148 2.132005 -6.440000 3.220000 2.310000
0.308674 -9.604790 2.062613 -5.740000 2.940000 2.520000
0.385244 -9.590433 2.048256 -4.480000 3.570000 2.870000
0.244068 -9.674182 2.045863 -5.320000 4.060000 3.990000
0.356531 -9.884750 2.029114 -5.530000 4.200000 3.500000
0.356531 -9.884750 2.029114 -5.530000 4.200000 3.500000
0.270389 -9.901501 2.177469 -4.900000 4.480000 2.730000
0.349352 -9.781858 2.177469 -5.390000 3.780000 2.590000
0.294317 -9.729217 2.148755 -5.460000 4.270000 1.750000
0.294317 -9.729217 2.148755 -5.460000 4.270000 1.750000
0.296710 -9.559326 2.201397 -4.410000 4.130000 3.080000
0.296710 -9.559326 2.201397 -4.410000 4.130000 3.080000
0.366102 -9.576077 2.048256 -5.180000 3.500000 3.290000
0.366102 -9.576077 2.048256 -5.180000 3.500000 3.290000
0.373280 -9.631111 2.112862 -5.600000 4.480000 3.430000
0.363709 -9.726824 2.117648 -4.550000 5.600000 3.360000
0.311067 -9.753145 2.189433 -5.320000 5.040000 3.360000
0.311067 -9.753145 2.189433 -5.320000 5.040000 3.360000
0.344566 -9.726824 2.146362 -5.250000 4.550000 3.290000
0.275175 -9.741181 2.206182 -5.390000 4.620000 2.870000
0.260818 -9.853643 2.091327 -6.090000 4.620000 1.750000
0.363709 -9.576077 2.158326 -5.110000 5.040000 1.540000
0.303888 -9.719646 2.220540 -5.110000 5.530000 2.310000
0.308674 -9.652647 2.234896 -5.320000 5.460000 1.890000
0.354138 -9.521042 2.242075 -4.900000 4.480000 2.380000
0.401994 -9.688539 2.112862 -6.300000 3.850000 3.780000
0.315853 -9.497113 2.141576 -4.060000 6.090000 3.570000
0.275175 -9.741181 2.239682 -7.280000 4.690000 3.990000
0.351745 -9.678967 2.254039 -5.320000 4.480000 4.060000
0.296710 -9.762716 2.203789 -4.900000 4.270000 3.640000
0.296710 -9.762716 2.203789 -4.900000 4.270000 3.640000
0.239282 -9.702895 2.084148 -7.490000 3.500000 3.850000
0.239282 -9.702895 2.084148 -7.490000 3.500000 3.850000
0.260818 -9.786645 2.115255 -6.860000 4.130000 3.710000
0.234497 -9.815358 2.163112 -3.920000 4.970000 3.150000
0.270389 -9.614362 2.237289 -4.480000 3.850000 3.570000
0.258425 -9.824929 2.129612 -8.470000 3.150000 3.570000
