1.397408 -11.973685 1.969293 -27.299999 8.750000 -26.460001
1.555335 -13.660624 1.837688 -34.369999 12.460000 -55.650002
1.945365 -14.347364 1.919044 -34.790001 17.570000 -96.180000
1.892723 -14.313866 1.478764 -34.860001 19.600000 -116.970001
2.215754 -13.143774 1.459622 -36.400002 20.160000 -156.660004
2.598605 -11.897114 1.038485 -36.540001 20.230000 -184.029999
3.017349 -11.231910 0.942772 -31.360001 19.110001 -195.020004
4.723432 -6.876972 0.835095 -2.100000 11.130000 -214.899994
4.723432 -6.876972 0.835095 -2.100000 11.130000 -214.899994
4.675575 -6.410372 0.914058 0.420000 5.810000 -216.509995
5.711668 -3.357130 1.433301 17.570000 -13.720000 -214.059998
5.711668 -3.357130 1.433301 17.570000 -13.720000 -214.059998
6.329016 -2.371287 1.627119 28.770000 -22.540001 -215.740005
7.006185 -0.157926 1.380659 31.780001 -36.470001 -200.270004
7.867601 1.928615 -0.014357 46.130001 -37.029999 -181.440002
7.972885 3.058028 0.112463 47.250000 -31.639999 -168.070007
7.805387 4.287938 -0.399601 -4.970000 -28.210001 -128.520004
7.762317 4.204189 -0.899701 -25.969999 -19.110001 -98.910004
7.558927 5.070391 -0.736989 -2.660000 2.310000 -66.220001
7.889136 5.831308 -0.480957 1.890000 8.610000 -39.480000
8.082954 5.972485 -0.461815 -7.000000 10.710000 -27.440001
8.293523 5.493921 -0.222532 -15.470000 12.740000 -6.160000
8.563912 4.840680 0.124427 -6.090000 8.890000 5.110000
8.563912 4.840680 0.124427 -6.090000 8.890000 5.110000
9.008978 4.551149 0.138784 -0.490000 8.400000 7.910000
9.133404 3.718446 0.308674 -8.960000 2.520000 12.250000
9.133404 3.718446 0.308674 -8.960000 2.520000 12.250000
8.925228 3.610770 0.492921 -8.680000 3.010000 12.110000
9.099905 3.627519 0.789631 -7.490000 1.610000 10.990000
9.181261 3.565305 0.588634 -1.890000 -3.570000 13.440001
