-1.629512 -9.068797 3.215954 1.680000 1.470000 -0.140000
-1.562513 -9.250652 3.225525 -0.560000 1.750000 0.700000
-1.562513 -9.250652 3.225525 -0.560000 1.750000 0.700000
-1.631905 -9.250652 3.321238 1.820000 0.280000 1.120000
-1.598405 -9.183653 3.383451 0.420000 -0.630000 1.120000
-1.598405 -9.183653 3.383451 0.420000 -0.630000 1.120000
-1.600798 -9.221939 3.318845 0.350000 -0.490000 0.140000
-1.600798 -9.221939 3.318845 0.350000 -0.490000 0.140000
-1.600798 -9.320045 3.148954 -1.260000 0.700000 -0.770000
-1.600798 -9.320045 3.148954 -1.260000 0.700000 -0.770000
-1.598405 -9.224331 3.323631 -1.050000 0.070000 -0.630000
-1.598405 -9.224331 3.323631 -1.050000 0.070000 -0.630000
-1.622334 -9.221939 3.144169 0.140000 1.050000 -0.420000
-1.538585 -9.068797 3.244668 0.280000 0.070000 -0.140000
-1.538585 -9.068797 3.244668 0.280000 0.070000 -0.140000
-1.540978 -9.188439 3.199204 0.210000 0.210000 0.630000
-1.540978 -9.188439 3.199204 0.210000 0.210000 0.630000
-1.540978 -9.142976 3.302095 0.630000 -0.280000 -0.140000
-1.545763 -9.190832 3.213561 0.140000 0.490000 0.630000
-1.529014 -9.085547 3.285345 1.470000 0.210000 0.700000
-1.567299 -9.140583 3.213561 -1.960000 0.630000 1.470000
-1.567299 -9.140583 3.213561 -1.960000 0.630000 1.470000
-1.584049 -8.934800 3.407379 1.610000 -0.630000 2.030000
-1.584049 -8.934800 3.407379 1.610000 -0.630000 2.030000
-1.596013 -9.231510 3.115455 -0.210000 0.560000 2.450000
-1.624727 -9.300901 3.122634 2.310000 0.770000 1.400000
-1.670190 -9.178867 3.395415 -3.710000 0.210000 3.010000
-1.670190 -9.178867 3.395415 -3.710000 0.210000 3.010000
-1.660619 -9.346365 3.194418 -4.620000 0.420000 2.310000
-1.710868 -9.303294 3.340380 0.070000 0.070000 0.840000
-1.636691 -9.444471 3.292524 -1.050000 0.490000 0.910000
-1.545763 -9.343972 3.287738 0.840000 0.140000 0.210000
-1.634298 -9.367901 3.273381 -0.840000 0.840000 -0.350000
-1.689333 -9.214760 3.151347 -0.700000 0.910000 -0.560000
-1.689333 -9.214760 3.151347 -0.700000 0.910000 -0.560000
-1.641476 -9.119047 3.347559 0.630000 0.280000 -1.540000
-1.588834 -9.336794 3.120241 -0.070000 1.960000 -0.560000
-1.768296 -9.037691 3.194418 1.470000 1.960000 -0.980000
-1.677369 -9.075976 3.180061 -2.100000 1.400000 -1.260000
-1.648655 -8.896514 3.488736 1.260000 1.750000 -0.140000
-1.622334 -9.071191 3.450450 2.100000 0.350000 1.400000
-1.622334 -9.157332 3.335595 -1.400000 -0.700000 1.470000
-1.598405 -9.305687 3.347559 -0.630000 -0.840000 0.980000
-1.665405 -9.363115 3.278167 -2.870000 -0.840000 0.840000
-1.603191 -9.188439 3.335595 1.050000 -1.260000 0.420000
