2.266003 -9.394222 0.708275 -2.590000 3.220000 -1.540000
2.237289 -9.946963 1.103091 -10.920000 2.590000 -0.210000
2.254039 -9.485149 0.595813 4.410000 0.770000 -1.890000
2.254039 -9.485149 0.595813 4.410000 0.770000 -1.890000
2.254039 -9.485149 0.595813 4.410000 0.770000 -1.890000
2.254039 -9.485149 0.595813 4.410000 0.770000 -1.890000
2.208575 -9.829715 1.351945 -5.670000 1.260000 0.140000
2.208575 -9.829715 1.351945 -5.670000 1.260000 0.140000
2.129612 -9.686146 0.710668 -2.590000 2.100000 0.980000
2.191825 -9.762716 1.524228 -2.940000 1.750000 0.350000
2.017149 -9.765109 1.026521 -51.939999 0.980000 0.210000
2.017149 -9.765109 1.026521 -51.939999 0.980000 0.210000
2.014757 -10.291530 0.885344 -47.529999 0.980000 -2.730000
2.277967 -9.925428 0.007178 -66.570000 3.500000 -1.540000
2.165504 -10.241282 -0.772882 -73.010002 4.970000 -1.540000
2.400001 -9.865608 -1.701297 -36.680000 9.800000 1.400000
2.574677 -9.085547 -1.481157 -25.480000 21.910000 6.440000
2.574677 -9.085547 -1.481157 -25.480000 21.910000 6.440000
2.309074 -9.372685 -1.655833 -33.459999 26.880001 9.800000
2.364109 -9.109475 -1.588834 -35.070000 46.759998 23.379999
2.364109 -9.109475 -1.588834 -35.070000 46.759998 23.379999
2.108077 -9.908678 -2.155933 -34.790001 43.119999 19.809999
2.210968 -9.600004 -0.835095 10.710000 22.889999 6.090000
1.998007 -9.767502 -0.746561 9.380000 20.580000 3.920000
2.055435 -9.631111 -0.768096 11.060000 14.070000 4.480000
1.734797 -9.367901 -0.686740 10.360000 9.660000 2.450000
1.734797 -9.367901 -0.686740 10.360000 9.660000 2.450000
1.820938 -9.576077 -0.571885 6.720000 7.910000 2.590000
1.950150 -9.884750 -0.610170 2.450000 4.900000 1.190000
1.880759 -9.647861 -0.660419 3.360000 2.170000 0.350000
1.835295 -9.736395 -0.748954 1.680000 0.980000 0.630000
1.931008 -9.401401 -0.863809 2.240000 0.350000 0.420000
2.000400 -9.513863 -0.772882 0.350000 0.560000 0.560000
1.907080 -9.997212 -0.825524 3.150000 0.490000 1.470000
1.847259 -9.611969 -0.923629 4.130000 -1.190000 0.560000
2.100898 -9.501899 -0.796810 0.490000 0.770000 0.140000
1.983650 -9.437292 -0.732204 0.140000 1.190000 0.350000
1.954936 -9.875179 -0.681954 3.150000 2.240000 3.080000
1.954936 -9.875179 -0.681954 3.150000 2.240000 3.080000
1.849652 -9.506684 -0.653241 4.340000 0.770000 1.050000
1.852045 -9.688539 -0.713061 1.050000 0.630000 0.770000
1.818545 -9.961320 -0.794417 1.540000 1.470000 1.190000
1.761117 -9.748360 -0.660419 3.500000 0.840000 1.960000
1.959722 -9.700503 -0.600598 3.360000 0.420000 1.890000
1.959722 -9.700503 -0.600598 3.360000 0.420000 1.890000
1.794617 -9.870394 -0.607777 0.140000 -0.420000 1.610000
