4.106083 -8.733803 1.780260 -4.130000 4.060000 2.940000
4.113262 -8.793623 1.978864 -8.260000 2.310000 1.680000
4.177868 -8.891729 2.026721 -7.770000 0.700000 0.630000
4.177868 -8.891729 2.026721 -7.770000 0.700000 0.630000
3.979264 -8.561519 2.057827 -11.410000 1.190000 -0.210000
4.357330 -8.461020 1.935793 -33.810001 -2.870000 1.120000
4.204189 -8.475377 1.653440 -57.750000 -0.490000 4.620000
4.220939 -8.338986 1.660619 -80.709999 -0.700000 5.180000
4.079762 -8.154739 1.124627 -155.680008 -4.970000 6.370000
4.141976 -8.927622 -0.411566 -187.600006 -15.750000 7.980000
4.141976 -8.927622 -0.411566 -187.600006 -15.750000 7.980000
3.761517 -7.869993 -1.660619 -198.240005 -16.799999 -1.050000
4.319045 -8.520842 -4.352544 -189.490005 -21.629999 -3.290000
4.134798 -8.063812 -4.354938 -170.449997 -17.430000 -5.530000
4.077370 -7.925028 -5.111069 -137.550003 -17.290001 -5.740000
3.979264 -6.498906 -6.233303 -168.000000 -18.059999 -5.320000
3.979264 -6.498906 -6.233303 -168.000000 -18.059999 -5.320000
4.213760 -6.917650 -7.245467 -87.010002 -15.960000 -11.200000
4.051049 -5.414958 -7.621140 -147.559998 -19.040001 -10.640000
3.854837 -4.354938 -8.434700 -112.980003 -14.280000 -12.810000
3.919443 -3.771089 -8.147561 -92.050003 -15.330000 -13.930000
3.857230 -3.402594 -8.319844 -100.660004 -14.630000 -13.930000
3.857230 -3.402594 -8.319844 -100.660004 -14.630000 -13.930000
3.864408 -2.883351 -8.781659 -88.340004 -14.980000 -14.910000
3.479164 -2.423929 -9.068797 -62.580002 -12.390000 -15.470000
3.479164 -2.423929 -9.068797 -62.580002 -12.390000 -15.470000
3.450450 -1.732404 -8.719445 -40.110001 -14.140000 -16.450001
3.450450 -1.732404 -8.719445 -40.110001 -14.140000 -16.450001
3.414558 -1.658226 -9.523434 -57.680000 -12.950000 -15.400000
3.211168 -1.031307 -9.779467 -24.080000 -11.760000 -3.780000
3.333202 -1.028914 -9.671788 -12.880000 -9.030000 -1.680000
3.218346 -1.143769 -9.492328 6.020000 -5.530000 2.870000
3.249453 -1.395016 -9.911072 -8.470000 -2.240000 2.100000
3.309274 -1.292124 -9.432507 -5.040000 -0.070000 1.260000
3.232704 -1.306481 -9.753145 -3.710000 0.840000 0.560000
3.175276 -1.244268 -9.765109 -2.310000 3.150000 3.150000
3.134598 -1.244268 -9.363115 0.700000 4.340000 3.010000
3.077170 -1.536192 -9.511470 -3.570000 3.990000 2.520000
3.213561 -1.354338 -9.410972 0.630000 4.550000 2.310000
