2.409572 -9.607183 -0.801596 -1.190000 0.910000 -0.350000
2.368894 -9.757930 -0.717847 0.070000 0.840000 0.560000
2.313859 -9.824929 -0.638884 1.260000 1.120000 0.210000
2.404787 -9.729217 -0.653241 0.490000 -0.140000 -0.490000
2.404787 -9.729217 -0.653241 0.490000 -0.140000 -0.490000
2.361716 -9.571291 -0.672383 0.280000 0.350000 -0.910000
2.337788 -9.554541 -0.653241 0.280000 0.420000 -0.840000
2.337788 -9.554541 -0.653241 0.280000 0.420000 -0.840000
2.397608 -9.724431 -0.708275 1.540000 -0.490000 0.560000
1.780260 -9.492328 -0.691526 0.350000 -0.210000 0.770000
2.330609 -9.537791 -0.641276 0.140000 -0.420000 0.280000
2.376073 -9.633504 -0.703490 0.280000 -0.490000 0.210000
2.388037 -9.602397 -0.715454 0.770000 -0.840000 0.210000
2.407180 -9.848858 -0.744168 0.770000 -0.420000 0.560000
2.407180 -9.848858 -0.744168 0.770000 -0.420000 0.560000
2.397608 -9.604790 -0.669990 0.070000 0.350000 0.070000
2.397608 -9.604790 -0.669990 0.070000 0.350000 0.070000
2.373680 -9.564112 -0.665205 1.120000 0.140000 0.140000
2.397608 -9.645468 -0.689133 0.490000 0.280000 -0.210000
2.407180 -9.643075 -0.751346 0.910000 0.630000 -0.280000
2.397608 -9.559326 -0.655633 0.560000 0.980000 -0.140000
2.397608 -9.559326 -0.655633 0.560000 0.980000 -0.140000
2.342573 -9.623933 -0.605384 0.280000 1.190000 -0.420000
2.301895 -9.506684 -0.581456 -0.210000 0.070000 -0.770000
2.352145 -9.556933 -0.713061 1.540000 0.420000 0.420000
2.287539 -9.784252 -0.667598 0.630000 0.490000 0.350000
2.349752 -9.449257 -0.519243 -0.630000 -0.490000 -0.210000
2.349752 -9.449257 -0.519243 -0.630000 -0.490000 -0.210000
2.364109 -9.626326 -0.650848 -0.630000 -0.630000 0.210000
2.385644 -9.638289 -0.677169 1.680000 -0.350000 0.840000
2.356930 -9.588040 -0.691526 -0.140000 -0.210000 -0.280000
2.337788 -9.741181 -0.684347 0.700000 -0.420000 -0.490000
2.423929 -9.686146 -0.693919 0.070000 0.140000 -0.280000
2.423929 -9.686146 -0.693919 0.070000 0.140000 -0.280000
2.411965 -9.631111 -0.595813 -1.260000 0.280000 -0.560000
2.411965 -9.631111 -0.595813 -1.260000 0.280000 -0.560000
2.411965 -9.631111 -0.595813 -1.260000 0.280000 -0.560000
2.378466 -9.676575 -0.583849 0.630000 0.350000 0.560000
2.364109 -9.525827 -0.643669 0.910000 -0.140000 -0.280000
2.354537 -9.623933 -0.610170 -0.490000 0.070000 -0.560000
2.275574 -9.635897 -0.646062 -0.140000 -0.210000 -0.700000
2.275574 -9.635897 -0.646062 -0.140000 -0.210000 -0.700000
2.325824 -9.482756 -0.605384 0.280000 0.140000 -0.210000
2.249253 -9.564112 -0.658026 0.280000 0.280000 0.210000
2.249253 -9.564112 -0.658026 0.280000 0.280000 0.210000
2.136791 -9.597611 -0.660419 0.560000 -0.070000 0.420000
2.337788 -9.578469 -0.488136 0.980000 -0.630000 1.050000
2.337788 -9.578469 -0.488136 0.980000 -0.630000 1.050000
2.309074 -9.736395 -0.614955 0.630000 -0.980000 0.770000
2.325824 -9.549755 -0.631705 -0.070000 -0.770000 -0.560000
2.325824 -9.549755 -0.631705 -0.070000 -0.770000 -0.560000
2.371287 -9.655040 -0.643669 0.700000 -0.420000 -0.280000
2.342573 -9.628718 -0.591027 1.050000 -0.350000 -0.280000
