-0.009571 -9.626326 2.292324 -6.300000 4.830000 5.530000
-0.105284 -9.801002 2.187040 -6.440000 4.550000 4.900000
-0.112463 -9.899107 2.165504 -5.740000 4.970000 3.850000
-0.112463 -9.899107 2.165504 -5.740000 4.970000 3.850000
-0.157926 -9.710074 2.086541 -5.250000 6.160000 3.360000
-0.141177 -9.726824 2.170290 -6.230000 4.480000 3.430000
-0.141177 -9.726824 2.170290 -6.230000 4.480000 3.430000
-0.141177 -9.726824 2.170290 -6.230000 4.480000 3.430000
-0.098106 -9.789038 2.203789 -4.900000 4.620000 2.590000
-0.088534 -9.851252 2.115255 -6.370000 3.850000 1.470000
-0.088534 -9.851252 2.115255 -6.370000 3.850000 1.470000
-0.131605 -9.674182 2.146362 -5.040000 4.550000 0.910000
-0.160319 -9.487542 2.146362 -7.280000 6.790000 1.050000
-0.126820 -9.451650 2.019542 -5.110000 6.510000 1.400000
-0.076570 -9.556933 2.088934 -5.180000 4.340000 4.270000
-0.083749 -9.700503 2.098505 -6.860000 3.220000 4.620000
-0.122034 -9.784252 2.069792 -6.510000 3.360000 4.410000
-0.122034 -9.784252 2.069792 -6.510000 3.360000 4.410000
-0.143569 -9.882358 2.158326 -5.250000 5.740000 2.940000
-0.143569 -9.882358 2.158326 -5.250000 5.740000 2.940000
-0.112463 -9.870394 2.170290 -5.810000 4.760000 2.310000
-0.119641 -9.810574 2.199004 -6.510000 3.430000 1.750000
-0.107677 -9.781858 2.124826 -7.000000 3.500000 1.050000
-0.107677 -9.781858 2.124826 -7.000000 3.500000 1.050000
-0.141177 -9.662218 2.067399 -5.040000 4.060000 1.610000
-0.141177 -9.662218 2.067399 -5.040000 4.060000 1.610000
-0.081356 -9.714860 2.141576 -5.180000 3.640000 1.680000
-0.045464 -9.667004 2.139183 -5.040000 3.360000 1.960000
-0.100499 -9.652647 2.062613 -5.530000 2.730000 1.610000
0.009571 -9.765109 2.017149 -4.690000 3.570000 1.050000
-0.009571 -9.678967 2.158326 -5.670000 4.410000 0.700000
-0.009571 -9.678967 2.158326 -5.670000 4.410000 0.700000
-0.040678 -9.645468 2.079363 -4.270000 5.180000 0.840000
-0.031107 -9.576077 1.995614 -5.740000 4.690000 1.120000
-0.031107 -9.583255 2.031506 -6.300000 4.620000 1.750000
-0.028714 -9.521042 2.091327 -4.970000 5.250000 2.030000
-0.028714 -9.521042 2.091327 -4.970000 5.250000 2.030000
-0.021535 -9.623933 2.098505 -6.440000 5.530000 2.590000
-0.028714 -9.595219 1.990828 -4.340000 5.670000 3.220000
-0.028714 -9.595219 1.990828 -4.340000 5.670000 3.220000
0.002393 -9.671788 2.100898 -5.810000 5.040000 4.830000
-0.071785 -9.817751 2.160719 -5.530000 5.180000 3.290000
-0.045464 -9.796216 2.141576 -3.850000 5.390000 2.870000
-0.040678 -9.879964 2.230111 -5.460000 3.710000 3.010000
-0.040678 -9.879964 2.230111 -5.460000 3.710000 3.010000
-0.102891 -9.705289 2.208575 -4.900000 3.850000 2.100000
