2.005185 -9.805787 -0.165105 -5.530000 3.360000 3.430000
2.007578 -9.827322 -0.172283 -3.010000 6.720000 2.660000
2.062613 -9.789038 -0.196211 -4.060000 6.160000 1.820000
2.007578 -9.690931 -0.145962 -2.310000 5.530000 2.450000
1.986043 -9.753145 -0.153141 -1.120000 6.510000 2.030000
1.928615 -9.793823 -0.038285 -1.750000 7.350000 2.100000
1.928615 -9.793823 -0.038285 -1.750000 7.350000 2.100000
2.050649 -9.832108 -0.028714 -2.730000 8.540000 1.680000
2.009971 -9.729217 0.002393 7.420000 8.820000 1.470000
2.076970 -9.700503 0.074178 6.300000 9.660000 1.820000
2.076970 -9.700503 0.074178 6.300000 9.660000 1.820000
2.065006 -9.872787 0.186640 17.500000 10.990000 1.820000
2.072184 -10.018748 0.241675 26.600000 12.250000 1.820000
1.971686 -10.013963 0.464208 38.360001 15.470000 0.700000
1.978864 -10.202995 1.301696 120.610001 24.570000 2.870000
1.978864 -10.202995 1.301696 120.610001 24.570000 2.870000
1.978864 -10.202995 1.301696 120.610001 24.570000 2.870000
1.895115 -8.408379 3.670590 149.589996 31.150000 2.520000
1.895115 -8.408379 3.670590 149.589996 31.150000 2.520000
1.765903 -8.173882 3.998406 178.360001 32.200001 -3.640000
1.452443 -7.575676 5.639884 157.639999 27.790001 -16.520000
1.584049 -7.020542 6.005985 148.050003 25.059999 -14.630000
1.799403 -5.869594 6.635297 199.570007 25.200001 -13.580000
1.852045 -4.230510 7.298109 215.460007 35.420002 -10.360000
1.079163 -3.507878 7.649854 217.139999 24.290001 -16.170000
1.306481 -0.914058 8.817552 209.580002 44.450001 -11.340000
1.306481 -0.914058 8.817552 209.580002 44.450001 -11.340000
0.875773 0.019143 9.260223 170.449997 35.560001 -9.940000
0.875773 0.019143 9.260223 170.449997 35.560001 -9.940000
0.875773 0.019143 9.260223 170.449997 35.560001 -9.940000
0.875773 0.019143 9.260223 170.449997 35.560001 -9.940000
0.875773 0.019143 9.260223 170.449997 35.560001 -9.940000
0.875773 0.019143 9.260223 170.449997 35.560001 -9.940000
0.614955 1.820938 10.135997 36.119999 18.549999 -1.540000
0.614955 1.820938 10.135997 36.119999 18.549999 -1.540000
0.614955 1.820938 10.135997 36.119999 18.549999 -1.540000
0.332602 2.268396 9.817751 2.800000 8.120000 3.080000
0.332602 2.268396 9.817751 2.800000 8.120000 3.080000
0.162712 2.014757 9.736395 -2.240000 5.740000 5.110000
0.287139 2.031506 9.597611 -5.320000 4.760000 5.460000
0.244068 1.895115 9.403792 -8.680000 4.130000 6.580000
0.244068 1.895115 9.403792 -8.680000 4.130000 6.580000
0.244068 1.895115 9.403792 -8.680000 4.130000 6.580000
0.442672 1.854438 9.178867 -6.790000 4.480000 3.360000
0.354138 1.758725 9.274581 -10.290000 4.970000 4.270000
0.311067 1.581656 9.372685 -8.260000 3.710000 5.040000
0.291924 1.734797 9.348758 -8.120000 3.640000 4.410000
0.291924 1.734797 9.348758 -8.120000 3.640000 4.410000
0.291924 1.734797 9.348758 -8.120000 3.640000 4.410000
