-0.349352 -9.985250 0.143569 0.770000 0.700000 -0.140000
-0.256032 -9.982857 0.172283 0.490000 -0.140000 -0.140000
-0.387637 -9.992428 0.157926 -1.260000 1.750000 -0.560000
-0.368495 -9.875179 0.236889 0.350000 1.330000 -0.490000
-0.220140 -9.966106 0.296710 0.210000 -1.050000 0.630000
-0.291924 -9.891929 0.177069 -0.560000 -0.070000 0.350000
-0.291924 -9.891929 0.177069 -0.560000 -0.070000 0.350000
-0.387637 -10.049855 0.114855 -0.140000 0.770000 0.350000
-0.275175 -9.925428 0.234497 -1.260000 1.120000 0.420000
-0.337388 -10.076177 0.212961 -0.070000 0.770000 0.630000
-0.354138 -9.958927 0.270389 1.400000 0.490000 0.420000
-0.337388 -10.047462 0.277567 -1.890000 -0.140000 -0.350000
-0.356531 -10.140782 0.217747 -1.610000 -0.490000 -0.210000
-0.308674 -9.901501 0.215354 0.490000 -1.120000 -0.350000
-0.306281 -9.949356 0.055035 -0.490000 0.980000 -0.210000
-0.282353 -9.860823 0.251246 -1.260000 -0.210000 -0.910000
-0.282353 -9.997212 0.143569 0.910000 0.420000 0.070000
-0.337388 -9.865608 0.215354 2.240000 -0.490000 -0.140000
-0.323031 -10.013963 0.100499 0.770000 0.490000 0.700000
-0.323031 -10.013963 0.100499 0.770000 0.490000 0.700000
-0.265603 -9.927821 0.205783 2.170000 -0.070000 0.630000
-0.277567 -9.872787 0.107677 -1.330000 0.210000 0.140000
-0.358923 -9.975677 0.126820 0.840000 0.490000 0.140000
-0.263210 -9.980463 0.155533 -0.700000 -0.140000 1.190000
-0.263210 -9.980463 0.155533 -0.700000 -0.140000 1.190000
-0.378066 -9.851252 0.086142 1.120000 0.560000 0.560000
-0.318245 -9.858429 0.210568 0.420000 0.840000 0.910000
-0.294317 -10.016356 0.303888 0.980000 1.050000 1.680000
-0.363709 -10.131211 0.105284 -2.660000 0.770000 0.350000
-0.392423 -9.970891 0.105284 0.630000 0.700000 0.560000
-0.392423 -9.970891 0.105284 0.630000 0.700000 0.560000
-0.385244 -9.848858 0.205783 0.770000 1.400000 0.980000
-0.356531 -9.961320 0.220140 0.700000 0.560000 0.840000
-0.387637 -9.932607 0.232104 -0.700000 1.330000 0.910000
-0.433101 -9.805787 0.284746 -0.980000 -0.560000 0.770000
-0.423530 -10.085747 0.136391 -0.980000 0.840000 0.910000
-0.368495 -10.085747 0.189033 0.420000 0.560000 1.050000
-0.349352 -9.915856 0.318245 0.280000 0.070000 0.630000
-0.349352 -9.915856 0.318245 0.280000 0.070000 0.630000
-0.421137 -10.023535 0.184247 -0.070000 0.070000 0.420000
-0.468993 -10.001998 0.174676 -0.070000 0.070000 0.140000
-0.378066 -9.961320 0.189033 -1.260000 0.070000 -0.070000
-0.442672 -9.745967 0.196211 0.350000 -0.490000 0.210000
-0.294317 -9.853643 0.229711 0.560000 -0.210000 0.840000
-0.368495 -9.860823 0.208176 -0.630000 0.910000 1.820000
-0.447458 -9.920642 0.215354 0.770000 -1.120000 2.870000
-0.385244 -9.961320 0.244068 0.910000 -1.470000 2.380000
