3.127419 -8.664411 3.208775 -0.140000 1.260000 0.210000
3.192025 -8.884550 3.696911 2.030000 0.280000 0.140000
3.096312 -8.580662 3.409772 1.960000 -0.350000 -0.490000
3.244668 -8.853443 3.538985 -1.260000 -0.420000 0.350000
3.165704 -8.764909 3.354738 2.100000 0.210000 0.280000
3.165704 -8.764909 3.354738 2.100000 0.210000 0.280000
3.098706 -8.815158 3.381058 3.500000 0.700000 -0.350000
3.153740 -8.590233 3.505485 -0.630000 0.910000 -1.260000
3.182454 -8.659625 3.598805 5.740000 1.050000 -1.260000
3.069991 -8.709875 3.483950 -2.380000 0.630000 0.070000
3.069991 -8.709875 3.483950 -2.380000 0.630000 0.070000
3.180061 -8.121240 3.699304 -14.140000 1.610000 0.980000
3.129812 -7.992027 4.053442 -30.520000 -0.070000 6.580000
3.120241 -9.860823 2.395216 -84.840004 -0.210000 11.620000
3.148954 -8.776874 1.071985 -129.080002 -15.330000 30.940001
2.012364 -7.625926 1.131805 -129.919998 -18.059999 40.740002
1.718047 -9.406186 -0.334995 -98.840004 -12.390000 29.540001
1.718047 -9.406186 -0.334995 -98.840004 -12.390000 29.540001
2.457429 -10.143176 0.277567 13.930000 -3.010000 7.700000
2.457429 -10.143176 0.277567 13.930000 -3.010000 7.700000
2.237289 -10.564312 -0.583849 -18.200001 -6.790000 3.640000
2.127219 -9.990034 -0.232104 6.790000 -1.540000 -1.120000
2.127219 -9.990034 -0.232104 6.790000 -1.540000 -1.120000
2.105684 -9.896714 -0.378066 -3.920000 -0.980000 -2.310000
2.148755 -9.824929 -0.423530 4.340000 0.770000 -1.820000
2.232504 -9.736395 -0.277567 9.170000 0.980000 -2.730000
2.294717 -9.571291 -0.263210 -5.740000 1.190000 -1.330000
2.208575 -9.643075 -0.291924 -1.680000 -0.140000 -1.400000
2.103291 -9.547362 -0.212961 3.570000 -0.420000 -1.750000
2.155933 -9.635897 -0.272782 2.730000 0.420000 0.490000
2.325824 -9.580862 -0.102891 3.360000 -0.070000 0.070000
2.270789 -9.659825 -0.081356 -0.560000 0.210000 1.540000
2.165504 -9.975677 -0.234497 7.490000 0.140000 0.980000
2.282753 -9.669396 -0.011964 11.760000 -0.350000 -0.490000
2.282753 -9.669396 -0.011964 11.760000 -0.350000 -0.490000
2.292324 -9.844072 -0.028714 -1.610000 0.770000 -1.120000
