1.746760 -9.822537 -0.057428 -5.810000 5.600000 3.990000
1.746760 -9.822537 -0.057428 -5.810000 5.600000 3.990000
1.825724 -9.906286 -0.055035 0.840000 5.740000 2.380000
1.804188 -9.939785 0.031107 10.290000 6.020000 2.240000
1.854438 -9.930215 0.031107 13.510000 7.420000 1.050000
1.777867 -9.815358 0.169890 9.940000 8.890000 0.700000
1.777867 -9.815358 0.169890 9.940000 8.890000 0.700000
1.840081 -9.803394 0.165105 7.070000 9.870000 0.700000
1.974079 -10.226924 0.196211 18.620001 17.990000 -2.240000
2.014757 -10.413565 0.315853 62.230000 21.559999 -0.490000
1.844866 -9.956534 1.033699 142.869995 28.139999 0.210000
1.732404 -8.767302 2.103291 145.669998 30.380001 0.490000
1.732404 -8.767302 2.103291 145.669998 30.380001 0.490000
1.648655 -9.336794 3.517449 68.250000 29.540001 -2.520000
1.768296 -8.511270 4.244867 82.459999 25.340000 -2.800000
1.852045 -8.298308 4.443472 94.639999 24.780001 -1.610000
1.622334 -8.659625 5.091926 100.660004 24.850000 -6.510000
1.720440 -7.448857 5.850451 127.470001 19.180000 -3.430000
1.720440 -7.448857 5.850451 127.470001 19.180000 -3.430000
1.428515 -6.496514 6.795617 130.759995 23.730000 -7.700000
1.428515 -6.496514 6.795617 130.759995 23.730000 -7.700000
1.483550 -6.685547 6.819544 148.119995 13.930000 -11.060000
0.772882 -4.615755 7.724032 165.830002 15.330000 -17.500000
1.677369 -2.548356 8.439486 191.100006 34.020000 -10.430000
1.677369 -2.548356 8.439486 191.100006 34.020000 -10.430000
1.261017 -1.081556 8.750552 182.000000 37.660000 -4.970000
0.818345 -1.052842 9.219545 104.230003 20.090000 -5.880000
0.789631 -0.217747 9.339187 100.099998 25.620001 -3.150000
0.789631 -0.217747 9.339187 100.099998 25.620001 -3.150000
0.789631 -0.217747 9.339187 100.099998 25.620001 -3.150000
0.789631 -0.217747 9.339187 100.099998 25.620001 -3.150000
0.509671 1.469193 9.846465 57.540001 26.320000 2.170000
-0.004786 2.438286 9.805787 42.420002 21.629999 3.990000
-0.004786 2.438286 9.805787 42.420002 21.629999 3.990000
0.028714 2.600998 9.592826 6.720000 13.370000 6.160000
0.057428 2.541178 9.583255 -8.680000 12.110000 7.700000
-0.129212 2.067399 9.477970 -14.000000 8.540000 7.980000
-0.129212 2.067399 9.477970 -14.000000 8.540000 7.980000
-0.071785 2.182254 9.504292 -8.330000 7.210000 7.980000
-0.071785 2.182254 9.504292 -8.330000 7.210000 7.980000
-0.162712 2.151148 9.511470 -13.930000 6.090000 6.860000
-0.162712 2.151148 9.511470 -13.930000 6.090000 6.860000
0.026321 2.031506 9.418150 -6.090000 3.220000 3.430000
