2.112862 -9.296116 2.708675 2.030000 -2.380000 1.750000
2.151148 -9.312866 2.746960 -0.630000 -2.240000 1.050000
2.189433 -9.449257 2.385644 0.560000 -1.750000 0.070000
2.189433 -9.310472 2.476572 3.920000 -0.910000 -1.890000
2.189433 -9.310472 2.476572 3.920000 -0.910000 -1.890000
2.155933 -9.324830 2.682354 -3.500000 -2.660000 -2.170000
2.225325 -9.415757 2.502892 -0.350000 -3.220000 -2.520000
2.206182 -8.927622 3.069991 -0.070000 -5.950000 -2.450000
2.021935 -9.556933 3.077170 -16.590000 -10.850000 -0.280000
2.021935 -9.556933 3.077170 -16.590000 -10.850000 -0.280000
2.289931 -9.224331 2.816352 1.610000 -15.120000 1.540000
2.057827 -9.559326 2.388037 0.070000 -14.350000 1.120000
2.301895 -9.621540 2.043471 1.260000 -13.720000 -0.280000
2.467000 -9.059227 2.567499 4.620000 -13.440001 -3.010000
2.778067 -9.777073 1.713261 -3.220000 -14.630000 -0.980000
2.778067 -9.777073 1.713261 -3.220000 -14.630000 -0.980000
2.450250 -8.930015 3.316452 -32.970001 -17.080000 -0.420000
2.383251 -9.657433 2.746960 -33.529999 -27.860001 -0.630000
2.251646 -8.740981 2.718246 -21.139999 -28.070000 0.700000
2.230111 -9.427721 1.785046 -5.810000 -29.049999 1.330000
2.373680 -9.597611 1.433301 -1.820000 -23.660000 1.750000
2.373680 -9.597611 1.433301 -1.820000 -23.660000 1.750000
2.471786 -9.516255 1.165305 0.560000 -20.020000 0.980000
2.457429 -9.494720 1.270589 5.810000 -19.180000 -0.280000
2.589034 -9.370294 1.335195 4.830000 -17.500000 -0.280000
2.560320 -9.473185 1.141376 -2.100000 -14.560000 1.330000
2.447858 -9.396614 0.835095 -0.770000 -6.230000 0.630000
2.447858 -9.396614 0.835095 -0.770000 -6.230000 0.630000
2.478964 -9.348758 1.055235 2.450000 -4.620000 0.210000
2.493321 -9.451650 1.033699 0.910000 -1.820000 -0.140000
2.526821 -9.470792 1.165305 -1.820000 0.630000 0.560000
2.682354 -9.566505 1.162912 1.470000 0.910000 0.280000
2.682354 -9.566505 1.162912 1.470000 0.910000 0.280000
2.636890 -9.494720 1.222732 1.890000 1.330000 0.280000
2.512464 -9.499505 1.349552 -0.280000 2.170000 0.980000
2.476572 -9.556933 1.229911 0.770000 3.080000 0.560000
2.476572 -9.556933 1.229911 0.770000 3.080000 0.560000
2.462214 -9.303294 1.416551 0.350000 3.220000 0.560000
