2.428715 -9.556933 0.739382 0.210000 1.470000 -1.120000
2.342573 -9.339187 1.079163 1.680000 0.140000 -0.980000
2.342573 -9.339187 1.079163 1.680000 0.140000 -0.980000
2.373680 -9.406186 0.801596 -3.220000 0.840000 1.400000
2.440679 -9.707682 0.997807 3.290000 -0.140000 1.120000
2.440679 -9.707682 0.997807 3.290000 -0.140000 1.120000
2.172683 -9.803394 1.311267 -13.510000 3.220000 2.380000
2.172683 -9.803394 1.311267 -13.510000 3.220000 2.380000
2.146362 -9.784252 1.854438 -14.840000 3.150000 2.380000
2.167897 -9.755538 1.880759 -29.610001 0.770000 0.910000
2.167897 -9.755538 1.880759 -29.610001 0.770000 0.910000
2.411965 -10.377672 -1.476372 -14.070000 2.450000 -7.490000
2.304288 -9.396614 -0.612563 -33.529999 16.590000 -0.700000
2.304288 -9.396614 -0.612563 -33.529999 16.590000 -0.700000
2.414358 -9.578469 -0.803988 -57.400002 15.330000 3.360000
2.414358 -9.578469 -0.803988 -57.400002 15.330000 3.360000
2.533999 -8.877372 -0.830309 -40.250000 24.080000 7.490000
2.452643 -9.700503 -1.447658 -52.709999 33.110001 13.860000
2.304288 -9.382257 -2.012364 -42.349998 43.750000 18.690001
2.304288 -9.382257 -2.012364 -42.349998 43.750000 18.690001
1.875973 -9.667004 -1.926222 -1.050000 32.480000 11.550000
2.110470 -9.681360 -1.560120 17.010000 28.559999 6.650000
2.110470 -9.681360 -1.560120 17.010000 28.559999 6.650000
2.206182 -9.166903 -0.882952 20.160000 21.910000 7.630000
2.043471 -9.635897 -0.559920 6.580000 7.350000 3.500000
1.921437 -9.530612 -0.591027 3.920000 5.530000 0.280000
1.861616 -9.592826 -0.734596 -3.710000 0.280000 -0.070000
2.146362 -9.434900 -0.849452 5.180000 -3.710000 1.120000
2.146362 -9.434900 -0.849452 5.180000 -3.710000 1.120000
2.244468 -9.564112 -0.870987 2.240000 -1.820000 2.730000
1.909473 -9.755538 -1.146162 0.840000 -2.030000 3.010000
2.031506 -9.781858 -1.064806 7.070000 -1.610000 1.750000
2.100898 -9.693325 -1.086342 0.770000 1.190000 5.320000
1.959722 -10.176675 -1.079163 4.620000 0.980000 3.430000
1.741975 -9.858429 -1.091127 8.470000 0.490000 0.840000
2.069792 -9.305687 -0.629312 -2.240000 1.960000 2.450000
1.849652 -10.181459 -0.890130 2.800000 0.910000 2.870000
1.935793 -10.025927 -0.911665 8.890000 0.140000 1.260000
1.868794 -9.738789 -0.547956 9.450000 -0.070000 0.350000
