9.049655 0.447458 3.409772 -0.630000 0.140000 0.350000
8.937192 0.425922 3.462414 1.120000 0.140000 -3.010000
9.013763 0.643669 3.500700 1.540000 -0.140000 -2.660000
8.992228 0.602991 3.507878 1.750000 0.280000 -2.170000
8.977871 0.629312 3.421736 0.770000 -0.350000 -1.050000
8.963513 0.631705 3.378666 1.610000 0.490000 -0.140000
9.018548 0.658026 3.481557 0.770000 0.070000 -0.490000
9.018548 0.658026 3.481557 0.770000 0.070000 -0.490000
9.042477 0.713061 3.376273 -0.420000 -0.420000 -0.350000
9.042477 0.713061 3.376273 -0.420000 -0.420000 -0.350000
9.133404 0.552742 3.455236 0.140000 -0.630000 -1.050000
9.133404 0.552742 3.455236 0.140000 -0.630000 -1.050000
9.054441 0.576670 3.445665 0.210000 -0.420000 -1.120000
9.008978 0.674776 3.464807 -0.070000 0.910000 -0.070000
9.008978 0.674776 3.464807 -0.070000 0.910000 -0.070000
9.020942 0.698704 3.512664 -0.210000 -1.400000 -0.280000
8.851050 0.653241 3.565305 0.280000 -1.190000 -0.070000
8.851050 0.653241 3.565305 0.280000 -1.190000 -0.070000
8.877372 0.815953 3.467200 -0.140000 -2.520000 -0.700000
9.092726 0.689133 3.369094 -1.610000 -5.320000 0.140000
9.229117 0.263210 3.450450 2.310000 -0.490000 0.140000
9.229117 0.263210 3.450450 2.310000 -0.490000 0.140000
9.030513 0.669990 3.359523 3.570000 1.050000 -1.960000
9.030513 0.669990 3.359523 3.570000 1.050000 -1.960000
9.030513 0.669990 3.359523 3.570000 1.050000 -1.960000
8.997013 0.815953 3.259024 1.470000 -1.260000 -0.140000
9.119047 0.492921 3.249453 -0.210000 -1.400000 0.070000
9.119047 0.492921 3.249453 -0.210000 -1.400000 0.070000
9.178867 0.538385 3.314059 -0.700000 -1.330000 -0.630000
9.104690 0.636491 3.433701 0.490000 -1.190000 -1.470000
9.085547 0.643669 3.361916 1.330000 -0.980000 -0.910000
9.001799 0.669990 3.326023 2.240000 0.210000 0.420000
9.001799 0.669990 3.326023 2.240000 0.210000 0.420000
8.999406 0.614955 3.294917 1.540000 0.280000 1.470000
