0.287139 -38.529228 -0.098106 -153.789993 -125.720001 -42.420002
0.287139 -38.529228 -0.098106 -153.789993 -125.720001 -42.420002
0.287139 -38.529228 -0.098106 -153.789993 -125.720001 -42.420002
0.287139 -38.529228 -0.098106 -153.789993 -125.720001 -42.420002
0.287139 -38.529228 -0.098106 -153.789993 -125.720001 -42.420002
0.287139 -38.529228 -0.098106 -153.789993 -125.720001 -42.420002
0.287139 -38.529228 -0.098106 -153.789993 -125.720001 -42.420002
0.287139 -38.529228 -0.098106 -153.789993 -125.720001 -42.420002
0.287139 -38.529228 -0.098106 -153.789993 -125.720001 -42.420002
0.287139 -38.529228 -0.098106 -153.789993 -125.720001 -42.420002
0.287139 -38.529228 -0.098106 -153.789993 -125.720001 -42.420002
0.287139 -38.529228 -0.098106 -153.789993 -125.720001 -42.420002
0.287139 -38.529228 -0.098106 -153.789993 -125.720001 -42.420002
0.287139 -38.529228 -0.098106 -153.789993 -125.720001 -42.420002
0.287139 -38.529228 -0.098106 -153.789993 -125.720001 -42.420002
0.287139 -38.529228 -0.098106 -153.789993 -125.720001 -42.420002
0.287139 -38.529228 -0.098106 -153.789993 -125.720001 -42.420002
0.287139 -38.529228 -0.098106 -153.789993 -125.720001 -42.420002
0.287139 -38.529228 -0.098106 -153.789993 -125.720001 -42.420002
0.287139 -38.529228 -0.098106 -153.789993 -125.720001 -42.420002
0.287139 -38.529228 -0.098106 -153.789993 -125.720001 -42.420002
0.287139 -38.529228 -0.098106 -153.789993 -125.720001 -42.420002
0.287139 -38.529228 -0.098106 -153.789993 -125.720001 -42.420002
0.287139 -38.529228 -0.098106 -153.789993 -125.720001 -42.420002
0.287139 -38.529228 -0.098106 -153.789993 -125.720001 -42.420002
0.287139 -38.529228 -0.098106 -153.789993 -125.720001 -42.420002
0.287139 -38.529228 -0.098106 -153.789993 -125.720001 -42.420002
0.287139 -38.529228 -0.098106 -153.789993 -125.720001 -42.420002
0.287139 -38.529228 -0.098106 -153.789993 -125.720001 -42.420002
0.287139 -38.529228 -0.098106 -153.789993 -125.720001 -42.420002
0.287139 -38.529228 -0.098106 -153.789993 -125.720001 -42.420002
0.287139 -38.529228 -0.098106 -153.789993 -125.720001 -42.420002
0.287139 -38.529228 -0.098106 -153.789993 -125.720001 -42.420002
0.287139 -38.529228 -0.098106 -153.789993 -125.720001 -42.420002
0.287139 -38.529228 -0.098106 -153.789993 -125.720001 -42.420002
0.287139 -38.529228 -0.098106 -153.789993 -125.720001 -42.420002
0.287139 -38.529228 -0.098106 -153.789993 -125.720001 -42.420002
0.287139 -38.529228 -0.098106 -153.789993 -125.720001 -42.420002
0.287139 -38.529228 -0.098106 -153.789993 -125.720001 -42.420002
0.287139 -38.529228 -0.098106 -153.789993 -125.720001 -42.420002
0.287139 -38.529228 -0.098106 -153.789993 -125.720001 -42.420002
0.287139 -38.529228 -0.098106 -153.789993 -125.720001 -42.420002
0.287139 -38.529228 -0.098106 -153.789993 -125.720001 -42.420002
0.287139 -38.529228 -0.098106 -153.789993 -125.720001 -42.420002
0.287139 -38.529228 -0.098106 -153.789993 -125.720001 -42.420002
0.287139 -38.529228 -0.098106 -153.789993 -125.720001 -42.420002
0.287139 -38.529228 -0.098106 -153.789993 -125.720001 -42.420002
0.287139 -38.529228 -0.098106 -153.789993 -125.720001 -42.420002
0.287139 -38.529228 -0.098106 -153.789993 -125.720001 -42.420002
0.287139 -38.529228 -0.098106 -153.789993 -125.720001 -42.420002
0.287139 -38.529228 -0.098106 -153.789993 -125.720001 -42.420002
0.287139 -38.529228 -0.098106 -153.789993 -125.720001 -42.420002
0.287139 -38.529228 -0.098106 -153.789993 -125.720001 -42.420002
0.287139 -38.529228 -0.098106 -153.789993 -125.720001 -42.420002
0.287139 -38.529228 -0.098106 -153.789993 -125.720001 -42.420002
0.287139 -38.529228 -0.098106 -153.789993 -125.720001 -42.420002
0.287139 -38.529228 -0.098106 -153.789993 -125.720001 -42.420002
0.287139 -38.529228 -0.098106 -153.789993 -125.720001 -42.420002
0.287139 -38.529228 -0.098106 -153.789993 -125.720001 -42.420002
0.287139 -38.529228 -0.098106 -153.789993 -125.720001 -42.420002
0.287139 -38.529228 -0.098106 -153.789993 -125.720001 -42.420002
0.287139 -38.529228 -0.098106 -153.789993 -125.720001 -42.420002
0.287139 -38.529228 -0.098106 -153.789993 -125.720001 -42.420002
0.287139 -38.529228 -0.098106 -153.789993 -125.720001 -42.420002
0.287139 -38.529228 -0.098106 -153.789993 -125.720001 -42.420002
0.287139 -38.529228 -0.098106 -153.789993 -125.720001 -42.420002
0.287139 -38.529228 -0.098106 -153.789993 -125.720001 -42.420002
0.287139 -38.529228 -0.098106 -153.789993 -125.720001 -42.420002
0.287139 -38.529228 -0.098106 -153.789993 -125.720001 -42.420002
0.287139 -38.529228 -0.098106 -153.789993 -125.720001 -42.420002
0.287139 -38.529228 -0.098106 -153.789993 -125.720001 -42.420002
0.287139 -38.529228 -0.098106 -153.789993 -125.720001 -42.420002
0.287139 -38.529228 -0.098106 -153.789993 -125.720001 -42.420002
0.287139 -38.529228 -0.098106 -153.789993 -125.720001 -42.420002
0.287139 -38.529228 -0.098106 -153.789993 -125.720001 -42.420002
0.287139 -38.529228 -0.098106 -153.789993 -125.720001 -42.420002
0.287139 -38.529228 -0.098106 -153.789993 -125.720001 -42.420002
0.287139 -38.529228 -0.098106 -153.789993 -125.720001 -42.420002
0.287139 -38.529228 -0.098106 -153.789993 -125.720001 -42.420002
0.287139 -38.529228 -0.098106 -153.789993 -125.720001 -42.420002
0.287139 -38.529228 -0.098106 -153.789993 -125.720001 -42.420002
0.287139 -38.529228 -0.098106 -153.789993 -125.720001 -42.420002
0.287139 -38.529228 -0.098106 -153.789993 -125.720001 -42.420002
0.287139 -38.529228 -0.098106 -153.789993 -125.720001 -42.420002
0.287139 -38.529228 -0.098106 -153.789993 -125.720001 -42.420002
0.287139 -38.529228 -0.098106 -153.789993 -125.720001 -42.420002
0.287139 -38.529228 -0.098106 -153.789993 -125.720001 -42.420002
0.287139 -38.529228 -0.098106 -153.789993 -125.720001 -42.420002
0.287139 -38.529228 -0.098106 -153.789993 -125.720001 -42.420002
0.287139 -38.529228 -0.098106 -153.789993 -125.720001 -42.420002
0.287139 -38.529228 -0.098106 -153.789993 -125.720001 -42.420002
0.287139 -38.529228 -0.098106 -153.789993 -125.720001 -42.420002
0.287139 -38.529228 -0.098106 -153.789993 -125.720001 -42.420002
0.287139 -38.529228 -0.098106 -153.789993 -125.720001 -42.420002
0.287139 -38.529228 -0.098106 -153.789993 -125.720001 -42.420002
0.287139 -38.529228 -0.098106 -153.789993 -125.720001 -42.420002
0.287139 -38.529228 -0.098106 -153.789993 -125.720001 -42.420002
0.287139 -38.529228 -0.098106 -153.789993 -125.720001 -42.420002
0.287139 -38.529228 -0.098106 -153.789993 -125.720001 -42.420002
0.287139 -38.529228 -0.098106 -153.789993 -125.720001 -42.420002
0.287139 -38.529228 -0.098106 -153.789993 -125.720001 -42.420002
0.287139 -38.529228 -0.098106 -153.789993 -125.720001 -42.420002
0.287139 -38.529228 -0.098106 -153.789993 -125.720001 -42.420002
0.287139 -38.529228 -0.098106 -153.789993 -125.720001 -42.420002
0.287139 -38.529228 -0.098106 -153.789993 -125.720001 -42.420002
0.287139 -38.529228 -0.098106 -153.789993 -125.720001 -42.420002
0.287139 -38.529228 -0.098106 -153.789993 -125.720001 -42.420002
0.287139 -38.529228 -0.098106 -153.789993 -125.720001 -42.420002
0.287139 -38.529228 -0.098106 -153.789993 -125.720001 -42.420002
0.287139 -38.529228 -0.098106 -153.789993 -125.720001 -42.420002
0.287139 -38.529228 -0.098106 -153.789993 -125.720001 -42.420002
0.287139 -38.529228 -0.098106 -153.789993 -125.720001 -42.420002
0.287139 -38.529228 -0.098106 -153.789993 -125.720001 -42.420002
0.287139 -38.529228 -0.098106 -153.789993 -125.720001 -42.420002
0.287139 -38.529228 -0.098106 -153.789993 -125.720001 -42.420002
0.287139 -38.529228 -0.098106 -153.789993 -125.720001 -42.420002
0.287139 -38.529228 -0.098106 -153.789993 -125.720001 -42.420002
0.287139 -38.529228 -0.098106 -153.789993 -125.720001 -42.420002
0.287139 -38.529228 -0.098106 -153.789993 -125.720001 -42.420002
0.287139 -38.529228 -0.098106 -153.789993 -125.720001 -42.420002
0.287139 -38.529228 -0.098106 -153.789993 -125.720001 -42.420002
0.287139 -38.529228 -0.098106 -153.789993 -125.720001 -42.420002
0.287139 -38.529228 -0.098106 -153.789993 -125.720001 -42.420002
0.287139 -38.529228 -0.098106 -153.789993 -125.720001 -42.420002
0.287139 -38.529228 -0.098106 -153.789993 -125.720001 -42.420002
0.287139 -38.529228 -0.098106 -153.789993 -125.720001 -42.420002
0.287139 -38.529228 -0.098106 -153.789993 -125.720001 -42.420002
0.287139 -38.529228 -0.098106 -153.789993 -125.720001 -42.420002
0.287139 -38.529228 -0.098106 -153.789993 -125.720001 -42.420002
0.287139 -38.529228 -0.098106 -153.789993 -125.720001 -42.420002
0.287139 -38.529228 -0.098106 -153.789993 -125.720001 -42.420002
0.287139 -38.529228 -0.098106 -153.789993 -125.720001 -42.420002
0.287139 -38.529228 -0.098106 -153.789993 -125.720001 -42.420002
0.287139 -38.529228 -0.098106 -153.789993 -125.720001 -42.420002
0.287139 -38.529228 -0.098106 -153.789993 -125.720001 -42.420002
0.287139 -38.529228 -0.098106 -153.789993 -125.720001 -42.420002
0.287139 -38.529228 -0.098106 -153.789993 -125.720001 -42.420002
0.287139 -38.529228 -0.098106 -153.789993 -125.720001 -42.420002
0.287139 -38.529228 -0.098106 -153.789993 -125.720001 -42.420002
0.287139 -38.529228 -0.098106 -153.789993 -125.720001 -42.420002
0.287139 -38.529228 -0.098106 -153.789993 -125.720001 -42.420002
0.287139 -38.529228 -0.098106 -153.789993 -125.720001 -42.420002
0.287139 -38.529228 -0.098106 -153.789993 -125.720001 -42.420002
0.287139 -38.529228 -0.098106 -153.789993 -125.720001 -42.420002
0.287139 -38.529228 -0.098106 -153.789993 -125.720001 -42.420002
0.287139 -38.529228 -0.098106 -153.789993 -125.720001 -42.420002
0.287139 -38.529228 -0.098106 -153.789993 -125.720001 -42.420002
0.287139 -38.529228 -0.098106 -153.789993 -125.720001 -42.420002
0.287139 -38.529228 -0.098106 -153.789993 -125.720001 -42.420002
0.287139 -38.529228 -0.098106 -153.789993 -125.720001 -42.420002
0.287139 -38.529228 -0.098106 -153.789993 -125.720001 -42.420002
0.287139 -38.529228 -0.098106 -153.789993 -125.720001 -42.420002
0.287139 -38.529228 -0.098106 -153.789993 -125.720001 -42.420002
0.287139 -38.529228 -0.098106 -153.789993 -125.720001 -42.420002
0.287139 -38.529228 -0.098106 -153.789993 -125.720001 -42.420002
0.287139 -38.529228 -0.098106 -153.789993 -125.720001 -42.420002
0.287139 -38.529228 -0.098106 -153.789993 -125.720001 -42.420002
0.287139 -38.529228 -0.098106 -153.789993 -125.720001 -42.420002
0.287139 -38.529228 -0.098106 -153.789993 -125.720001 -42.420002
0.287139 -38.529228 -0.098106 -153.789993 -125.720001 -42.420002
0.287139 -38.529228 -0.098106 -153.789993 -125.720001 -42.420002
0.287139 -38.529228 -0.098106 -153.789993 -125.720001 -42.420002
0.287139 -38.529228 -0.098106 -153.789993 -125.720001 -42.420002
0.287139 -38.529228 -0.098106 -153.789993 -125.720001 -42.420002
0.287139 -38.529228 -0.098106 -153.789993 -125.720001 -42.420002
0.287139 -38.529228 -0.098106 -153.789993 -125.720001 -42.420002
0.287139 -38.529228 -0.098106 -153.789993 -125.720001 -42.420002
0.287139 -38.529228 -0.098106 -153.789993 -125.720001 -42.420002
0.287139 -38.529228 -0.098106 -153.789993 -125.720001 -42.420002
0.287139 -38.529228 -0.098106 -153.789993 -125.720001 -42.420002
0.287139 -38.529228 -0.098106 -153.789993 -125.720001 -42.420002
0.287139 -38.529228 -0.098106 -153.789993 -125.720001 -42.420002
0.287139 -38.529228 -0.098106 -153.789993 -125.720001 -42.420002
0.287139 -38.529228 -0.098106 -153.789993 -125.720001 -42.420002
0.287139 -38.529228 -0.098106 -153.789993 -125.720001 -42.420002
0.287139 -38.529228 -0.098106 -153.789993 -125.720001 -42.420002
0.287139 -38.529228 -0.098106 -153.789993 -125.720001 -42.420002
0.287139 -38.529228 -0.098106 -153.789993 -125.720001 -42.420002
0.287139 -38.529228 -0.098106 -153.789993 -125.720001 -42.420002
0.287139 -38.529228 -0.098106 -153.789993 -125.720001 -42.420002
0.287139 -38.529228 -0.098106 -153.789993 -125.720001 -42.420002
0.287139 -38.529228 -0.098106 -153.789993 -125.720001 -42.420002
0.287139 -38.529228 -0.098106 -153.789993 -125.720001 -42.420002
0.287139 -38.529228 -0.098106 -153.789993 -125.720001 -42.420002
0.287139 -38.529228 -0.098106 -153.789993 -125.720001 -42.420002
0.287139 -38.529228 -0.098106 -153.789993 -125.720001 -42.420002
0.287139 -38.529228 -0.098106 -153.789993 -125.720001 -42.420002
0.287139 -38.529228 -0.098106 -153.789993 -125.720001 -42.420002
0.287139 -38.529228 -0.098106 -153.789993 -125.720001 -42.420002
0.287139 -38.529228 -0.098106 -153.789993 -125.720001 -42.420002
0.287139 -38.529228 -0.098106 -153.789993 -125.720001 -42.420002
0.287139 -38.529228 -0.098106 -153.789993 -125.720001 -42.420002
0.287139 -38.529228 -0.098106 -153.789993 -125.720001 -42.420002
0.287139 -38.529228 -0.098106 -153.789993 -125.720001 -42.420002
0.287139 -38.529228 -0.098106 -153.789993 -125.720001 -42.420002
0.287139 -38.529228 -0.098106 -153.789993 -125.720001 -42.420002
0.287139 -38.529228 -0.098106 -153.789993 -125.720001 -42.420002
0.287139 -38.529228 -0.098106 -153.789993 -125.720001 -42.420002
0.287139 -38.529228 -0.098106 -153.789993 -125.720001 -42.420002
0.287139 -38.529228 -0.098106 -153.789993 -125.720001 -42.420002
0.287139 -38.529228 -0.098106 -153.789993 -125.720001 -42.420002
0.287139 -38.529228 -0.098106 -153.789993 -125.720001 -42.420002
0.287139 -38.529228 -0.098106 -153.789993 -125.720001 -42.420002
0.287139 -38.529228 -0.098106 -153.789993 -125.720001 -42.420002
0.287139 -38.529228 -0.098106 -153.789993 -125.720001 -42.420002
0.287139 -38.529228 -0.098106 -153.789993 -125.720001 -42.420002
0.287139 -38.529228 -0.098106 -153.789993 -125.720001 -42.420002
0.287139 -38.529228 -0.098106 -153.789993 -125.720001 -42.420002
0.287139 -38.529228 -0.098106 -153.789993 -125.720001 -42.420002
0.287139 -38.529228 -0.098106 -153.789993 -125.720001 -42.420002
0.287139 -38.529228 -0.098106 -153.789993 -125.720001 -42.420002
0.287139 -38.529228 -0.098106 -153.789993 -125.720001 -42.420002
0.287139 -38.529228 -0.098106 -153.789993 -125.720001 -42.420002
0.287139 -38.529228 -0.098106 -153.789993 -125.720001 -42.420002
0.287139 -38.529228 -0.098106 -153.789993 -125.720001 -42.420002
0.287139 -38.529228 -0.098106 -153.789993 -125.720001 -42.420002
0.287139 -38.529228 -0.098106 -153.789993 -125.720001 -42.420002
0.287139 -38.529228 -0.098106 -153.789993 -125.720001 -42.420002
0.287139 -38.529228 -0.098106 -153.789993 -125.720001 -42.420002
0.287139 -38.529228 -0.098106 -153.789993 -125.720001 -42.420002
0.287139 -38.529228 -0.098106 -153.789993 -125.720001 -42.420002
0.287139 -38.529228 -0.098106 -153.789993 -125.720001 -42.420002
0.287139 -38.529228 -0.098106 -153.789993 -125.720001 -42.420002
0.287139 -38.529228 -0.098106 -153.789993 -125.720001 -42.420002
0.287139 -38.529228 -0.098106 -153.789993 -125.720001 -42.420002
0.287139 -38.529228 -0.098106 -153.789993 -125.720001 -42.420002
0.287139 -38.529228 -0.098106 -153.789993 -125.720001 -42.420002
0.287139 -38.529228 -0.098106 -153.789993 -125.720001 -42.420002
0.287139 -38.529228 -0.098106 -153.789993 -125.720001 -42.420002
0.287139 -38.529228 -0.098106 -153.789993 -125.720001 -42.420002
0.287139 -38.529228 -0.098106 -153.789993 -125.720001 -42.420002
0.287139 -38.529228 -0.098106 -153.789993 -125.720001 -42.420002
0.287139 -38.529228 -0.098106 -153.789993 -125.720001 -42.420002
0.287139 -38.529228 -0.098106 -153.789993 -125.720001 -42.420002
0.287139 -38.529228 -0.098106 -153.789993 -125.720001 -42.420002
0.287139 -38.529228 -0.098106 -153.789993 -125.720001 -42.420002
0.287139 -38.529228 -0.098106 -153.789993 -125.720001 -42.420002
0.287139 -38.529228 -0.098106 -153.789993 -125.720001 -42.420002
0.287139 -38.529228 -0.098106 -153.789993 -125.720001 -42.420002
0.287139 -38.529228 -0.098106 -153.789993 -125.720001 -42.420002
0.287139 -38.529228 -0.098106 -153.789993 -125.720001 -42.420002
0.287139 -38.529228 -0.098106 -153.789993 -125.720001 -42.420002
0.287139 -38.529228 -0.098106 -153.789993 -125.720001 -42.420002
0.287139 -38.529228 -0.098106 -153.789993 -125.720001 -42.420002
0.287139 -38.529228 -0.098106 -153.789993 -125.720001 -42.420002
0.287139 -38.529228 -0.098106 -153.789993 -125.720001 -42.420002
0.287139 -38.529228 -0.098106 -153.789993 -125.720001 -42.420002
0.287139 -38.529228 -0.098106 -153.789993 -125.720001 -42.420002
0.287139 -38.529228 -0.098106 -153.789993 -125.720001 -42.420002
0.287139 -38.529228 -0.098106 -153.789993 -125.720001 -42.420002
0.287139 -38.529228 -0.098106 -153.789993 -125.720001 -42.420002
0.287139 -38.529228 -0.098106 -153.789993 -125.720001 -42.420002
0.287139 -38.529228 -0.098106 -153.789993 -125.720001 -42.420002
0.287139 -38.529228 -0.098106 -153.789993 -125.720001 -42.420002
0.287139 -38.529228 -0.098106 -153.789993 -125.720001 -42.420002
0.287139 -38.529228 -0.098106 -153.789993 -125.720001 -42.420002
0.287139 -38.529228 -0.098106 -153.789993 -125.720001 -42.420002
0.287139 -38.529228 -0.098106 -153.789993 -125.720001 -42.420002
0.287139 -38.529228 -0.098106 -153.789993 -125.720001 -42.420002
0.287139 -38.529228 -0.098106 -153.789993 -125.720001 -42.420002
0.287139 -38.529228 -0.098106 -153.789993 -125.720001 -42.420002
0.287139 -38.529228 -0.098106 -153.789993 -125.720001 -42.420002
0.287139 -38.529228 -0.098106 -153.789993 -125.720001 -42.420002
0.287139 -38.529228 -0.098106 -153.789993 -125.720001 -42.420002
0.287139 -38.529228 -0.098106 -153.789993 -125.720001 -42.420002
0.287139 -38.529228 -0.098106 -153.789993 -125.720001 -42.420002
0.287139 -38.529228 -0.098106 -153.789993 -125.720001 -42.420002
0.287139 -38.529228 -0.098106 -153.789993 -125.720001 -42.420002
0.287139 -38.529228 -0.098106 -153.789993 -125.720001 -42.420002
0.287139 -38.529228 -0.098106 -153.789993 -125.720001 -42.420002
0.287139 -38.529228 -0.098106 -153.789993 -125.720001 -42.420002
0.287139 -38.529228 -0.098106 -153.789993 -125.720001 -42.420002
0.287139 -38.529228 -0.098106 -153.789993 -125.720001 -42.420002
0.287139 -38.529228 -0.098106 -153.789993 -125.720001 -42.420002
0.287139 -38.529228 -0.098106 -153.789993 -125.720001 -42.420002
0.287139 -38.529228 -0.098106 -153.789993 -125.720001 -42.420002
0.287139 -38.529228 -0.098106 -153.789993 -125.720001 -42.420002
0.287139 -38.529228 -0.098106 -153.789993 -125.720001 -42.420002
0.287139 -38.529228 -0.098106 -153.789993 -125.720001 -42.420002
0.287139 -38.529228 -0.098106 -153.789993 -125.720001 -42.420002
0.287139 -38.529228 -0.098106 -153.789993 -125.720001 -42.420002
0.287139 -38.529228 -0.098106 -153.789993 -125.720001 -42.420002
0.287139 -38.529228 -0.098106 -153.789993 -125.720001 -42.420002
0.287139 -38.529228 -0.098106 -153.789993 -125.720001 -42.420002
0.287139 -38.529228 -0.098106 -153.789993 -125.720001 -42.420002
0.287139 -38.529228 -0.098106 -153.789993 -125.720001 -42.420002
0.287139 -38.529228 -0.098106 -153.789993 -125.720001 -42.420002
0.287139 -38.529228 -0.098106 -153.789993 -125.720001 -42.420002
0.287139 -38.529228 -0.098106 -153.789993 -125.720001 -42.420002
0.287139 -38.529228 -0.098106 -153.789993 -125.720001 -42.420002
0.287139 -38.529228 -0.098106 -153.789993 -125.720001 -42.420002
0.287139 -38.529228 -0.098106 -153.789993 -125.720001 -42.420002
0.287139 -38.529228 -0.098106 -153.789993 -125.720001 -42.420002
0.287139 -38.529228 -0.098106 -153.789993 -125.720001 -42.420002
0.287139 -38.529228 -0.098106 -153.789993 -125.720001 -42.420002
0.287139 -38.529228 -0.098106 -153.789993 -125.720001 -42.420002
0.287139 -38.529228 -0.098106 -153.789993 -125.720001 -42.420002
0.287139 -38.529228 -0.098106 -153.789993 -125.720001 -42.420002
0.287139 -38.529228 -0.098106 -153.789993 -125.720001 -42.420002
0.287139 -38.529228 -0.098106 -153.789993 -125.720001 -42.420002
0.287139 -38.529228 -0.098106 -153.789993 -125.720001 -42.420002
0.287139 -38.529228 -0.098106 -153.789993 -125.720001 -42.420002
0.287139 -38.529228 -0.098106 -153.789993 -125.720001 -42.420002
0.287139 -38.529228 -0.098106 -153.789993 -125.720001 -42.420002
0.287139 -38.529228 -0.098106 -153.789993 -125.720001 -42.420002
0.287139 -38.529228 -0.098106 -153.789993 -125.720001 -42.420002
0.287139 -38.529228 -0.098106 -153.789993 -125.720001 -42.420002
0.287139 -38.529228 -0.098106 -153.789993 -125.720001 -42.420002
0.287139 -38.529228 -0.098106 -153.789993 -125.720001 -42.420002
0.287139 -38.529228 -0.098106 -153.789993 -125.720001 -42.420002
0.287139 -38.529228 -0.098106 -153.789993 -125.720001 -42.420002
0.287139 -38.529228 -0.098106 -153.789993 -125.720001 -42.420002
0.287139 -38.529228 -0.098106 -153.789993 -125.720001 -42.420002
0.287139 -38.529228 -0.098106 -153.789993 -125.720001 -42.420002
0.287139 -38.529228 -0.098106 -153.789993 -125.720001 -42.420002
0.287139 -38.529228 -0.098106 -153.789993 -125.720001 -42.420002
0.287139 -38.529228 -0.098106 -153.789993 -125.720001 -42.420002
0.287139 -38.529228 -0.098106 -153.789993 -125.720001 -42.420002
0.287139 -38.529228 -0.098106 -153.789993 -125.720001 -42.420002
0.287139 -38.529228 -0.098106 -153.789993 -125.720001 -42.420002
0.287139 -38.529228 -0.098106 -153.789993 -125.720001 -42.420002
0.287139 -38.529228 -0.098106 -153.789993 -125.720001 -42.420002
0.287139 -38.529228 -0.098106 -153.789993 -125.720001 -42.420002
0.287139 -38.529228 -0.098106 -153.789993 -125.720001 -42.420002
0.287139 -38.529228 -0.098106 -153.789993 -125.720001 -42.420002
0.287139 -38.529228 -0.098106 -153.789993 -125.720001 -42.420002
0.287139 -38.529228 -0.098106 -153.789993 -125.720001 -42.420002
0.287139 -38.529228 -0.098106 -153.789993 -125.720001 -42.420002
0.287139 -38.529228 -0.098106 -153.789993 -125.720001 -42.420002
0.287139 -38.529228 -0.098106 -153.789993 -125.720001 -42.420002
0.287139 -38.529228 -0.098106 -153.789993 -125.720001 -42.420002
0.287139 -38.529228 -0.098106 -153.789993 -125.720001 -42.420002
0.287139 -38.529228 -0.098106 -153.789993 -125.720001 -42.420002
0.287139 -38.529228 -0.098106 -153.789993 -125.720001 -42.420002
0.287139 -38.529228 -0.098106 -153.789993 -125.720001 -42.420002
0.287139 -38.529228 -0.098106 -153.789993 -125.720001 -42.420002
0.287139 -38.529228 -0.098106 -153.789993 -125.720001 -42.420002
0.287139 -38.529228 -0.098106 -153.789993 -125.720001 -42.420002
0.287139 -38.529228 -0.098106 -153.789993 -125.720001 -42.420002
0.287139 -38.529228 -0.098106 -153.789993 -125.720001 -42.420002
0.287139 -38.529228 -0.098106 -153.789993 -125.720001 -42.420002
0.287139 -38.529228 -0.098106 -153.789993 -125.720001 -42.420002
0.287139 -38.529228 -0.098106 -153.789993 -125.720001 -42.420002
0.287139 -38.529228 -0.098106 -153.789993 -125.720001 -42.420002
0.287139 -38.529228 -0.098106 -153.789993 -125.720001 -42.420002
0.287139 -38.529228 -0.098106 -153.789993 -125.720001 -42.420002
0.287139 -38.529228 -0.098106 -153.789993 -125.720001 -42.420002
0.287139 -38.529228 -0.098106 -153.789993 -125.720001 -42.420002
0.287139 -38.529228 -0.098106 -153.789993 -125.720001 -42.420002
0.287139 -38.529228 -0.098106 -153.789993 -125.720001 -42.420002
0.287139 -38.529228 -0.098106 -153.789993 -125.720001 -42.420002
0.287139 -38.529228 -0.098106 -153.789993 -125.720001 -42.420002
0.287139 -38.529228 -0.098106 -153.789993 -125.720001 -42.420002
0.287139 -38.529228 -0.098106 -153.789993 -125.720001 -42.420002
0.287139 -38.529228 -0.098106 -153.789993 -125.720001 -42.420002
0.287139 -38.529228 -0.098106 -153.789993 -125.720001 -42.420002
0.287139 -38.529228 -0.098106 -153.789993 -125.720001 -42.420002
0.287139 -38.529228 -0.098106 -153.789993 -125.720001 -42.420002
0.287139 -38.529228 -0.098106 -153.789993 -125.720001 -42.420002
0.287139 -38.529228 -0.098106 -153.789993 -125.720001 -42.420002
0.287139 -38.529228 -0.098106 -153.789993 -125.720001 -42.420002
0.287139 -38.529228 -0.098106 -153.789993 -125.720001 -42.420002
0.287139 -38.529228 -0.098106 -153.789993 -125.720001 -42.420002
0.287139 -38.529228 -0.098106 -153.789993 -125.720001 -42.420002
0.287139 -38.529228 -0.098106 -153.789993 -125.720001 -42.420002
0.287139 -38.529228 -0.098106 -153.789993 -125.720001 -42.420002
0.287139 -38.529228 -0.098106 -153.789993 -125.720001 -42.420002
0.287139 -38.529228 -0.098106 -153.789993 -125.720001 -42.420002
0.287139 -38.529228 -0.098106 -153.789993 -125.720001 -42.420002
0.287139 -38.529228 -0.098106 -153.789993 -125.720001 -42.420002
0.287139 -38.529228 -0.098106 -153.789993 -125.720001 -42.420002
0.287139 -38.529228 -0.098106 -153.789993 -125.720001 -42.420002
0.287139 -38.529228 -0.098106 -153.789993 -125.720001 -42.420002
0.287139 -38.529228 -0.098106 -153.789993 -125.720001 -42.420002
0.287139 -38.529228 -0.098106 -153.789993 -125.720001 -42.420002
0.287139 -38.529228 -0.098106 -153.789993 -125.720001 -42.420002
0.287139 -38.529228 -0.098106 -153.789993 -125.720001 -42.420002
0.287139 -38.529228 -0.098106 -153.789993 -125.720001 -42.420002
0.287139 -38.529228 -0.098106 -153.789993 -125.720001 -42.420002
0.287139 -38.529228 -0.098106 -153.789993 -125.720001 -42.420002
0.287139 -38.529228 -0.098106 -153.789993 -125.720001 -42.420002
0.287139 -38.529228 -0.098106 -153.789993 -125.720001 -42.420002
0.287139 -38.529228 -0.098106 -153.789993 -125.720001 -42.420002
0.287139 -38.529228 -0.098106 -153.789993 -125.720001 -42.420002
0.287139 -38.529228 -0.098106 -153.789993 -125.720001 -42.420002
0.287139 -38.529228 -0.098106 -153.789993 -125.720001 -42.420002
0.287139 -38.529228 -0.098106 -153.789993 -125.720001 -42.420002
0.287139 -38.529228 -0.098106 -153.789993 -125.720001 -42.420002
0.287139 -38.529228 -0.098106 -153.789993 -125.720001 -42.420002
0.287139 -38.529228 -0.098106 -153.789993 -125.720001 -42.420002
0.287139 -38.529228 -0.098106 -153.789993 -125.720001 -42.420002
0.287139 -38.529228 -0.098106 -153.789993 -125.720001 -42.420002
0.287139 -38.529228 -0.098106 -153.789993 -125.720001 -42.420002
0.287139 -38.529228 -0.098106 -153.789993 -125.720001 -42.420002
0.287139 -38.529228 -0.098106 -153.789993 -125.720001 -42.420002
0.287139 -38.529228 -0.098106 -153.789993 -125.720001 -42.420002
0.287139 -38.529228 -0.098106 -153.789993 -125.720001 -42.420002
0.287139 -38.529228 -0.098106 -153.789993 -125.720001 -42.420002
0.287139 -38.529228 -0.098106 -153.789993 -125.720001 -42.420002
0.287139 -38.529228 -0.098106 -153.789993 -125.720001 -42.420002
0.287139 -38.529228 -0.098106 -153.789993 -125.720001 -42.420002
0.287139 -38.529228 -0.098106 -153.789993 -125.720001 -42.420002
0.287139 -38.529228 -0.098106 -153.789993 -125.720001 -42.420002
0.287139 -38.529228 -0.098106 -153.789993 -125.720001 -42.420002
0.937986 -6.209375 -7.874779 1.680000 -0.840000 0.560000
0.937986 -6.209375 -7.874779 1.680000 -0.840000 0.560000
0.904487 -5.936593 -7.752745 -0.350000 0.420000 0.700000
0.904487 -5.936593 -7.752745 -0.350000 0.420000 0.700000
0.940379 -6.039484 -7.757531 0.700000 -0.210000 1.330000
0.940379 -6.039484 -7.757531 0.700000 -0.210000 1.330000
0.940379 -6.039484 -7.757531 0.700000 -0.210000 1.330000
0.940379 -6.039484 -7.757531 0.700000 -0.210000 1.330000
0.890130 -5.984450 -7.812566 -0.840000 -0.350000 0.910000
0.890130 -5.984450 -7.812566 -0.840000 -0.350000 0.910000
0.832702 -6.025128 -7.793423 -3.920000 0.070000 -0.140000
0.832702 -6.025128 -7.793423 -3.920000 0.070000 -0.140000
0.897308 -5.893522 -7.769495 -3.430000 -0.280000 -0.420000
0.897308 -5.893522 -7.769495 -3.430000 -0.280000 -0.420000
0.897308 -5.893522 -7.769495 -3.430000 -0.280000 -0.420000
0.897308 -5.893522 -7.769495 -3.430000 -0.280000 -0.420000
0.897308 -5.893522 -7.769495 -3.430000 -0.280000 -0.420000
0.978664 -5.773881 -7.563712 -7.420000 -0.210000 -0.560000
0.978664 -5.773881 -7.563712 -7.420000 -0.210000 -0.560000
0.940379 -5.520242 -7.688138 -15.680000 -1.960000 0.350000
0.811167 -5.302495 -7.680960 -30.450001 -3.080000 2.730000
0.686740 -5.273781 -8.063812 -32.130001 -5.740000 3.080000
0.471386 -4.943572 -8.468199 -13.230000 -6.650000 1.540000
0.471386 -4.943572 -8.468199 -13.230000 -6.650000 1.540000
0.677169 -5.012963 -8.520842 -15.190001 -5.740000 1.750000
0.677169 -5.012963 -8.520842 -15.190001 -5.740000 1.750000
0.677169 -5.012963 -8.520842 -15.190001 -5.740000 1.750000
0.459422 -4.816752 -8.638089 -0.840000 -3.990000 -0.560000
0.547956 -4.929214 -8.738588 6.650000 -4.060000 -1.190000
0.459422 -4.886144 -8.714661 12.390000 -2.030000 -1.330000
0.459422 -4.886144 -8.714661 12.390000 -2.030000 -1.330000
0.564706 -4.955536 -8.700303 13.650000 -1.050000 -0.910000
0.564706 -4.955536 -8.700303 13.650000 -1.050000 -0.910000
0.607777 -4.929214 -8.662018 3.010000 2.030000 -0.350000
0.607777 -4.929214 -8.662018 3.010000 2.030000 -0.350000
0.708275 -4.867002 -8.528020 1.820000 1.890000 -0.840000
0.708275 -4.867002 -8.528020 1.820000 1.890000 -0.840000
0.662812 -4.945964 -8.238488 1.470000 1.890000 1.960000
0.504886 -4.984250 -8.303094 1.960000 0.280000 2.240000
0.612563 -5.036892 -8.513663 0.560000 0.840000 2.310000
0.519243 -5.079963 -8.417950 2.660000 0.280000 0.280000
0.519243 -5.079963 -8.417950 2.660000 0.280000 0.280000
0.579063 -5.158926 -8.389235 0.420000 -0.070000 -0.070000
0.519243 -5.082355 -8.267202 1.540000 1.050000 0.420000
0.588634 -5.364708 -8.372486 6.090000 1.260000 -0.070000
0.588634 -5.364708 -8.372486 6.090000 1.260000 -0.070000
0.588634 -5.364708 -8.372486 6.090000 1.260000 -0.070000
0.648455 -5.352744 -8.250452 6.020000 0.070000 -1.330000
0.547956 -5.283352 -8.185846 2.590000 -0.210000 -1.190000
0.629312 -5.209175 -8.293523 7.840000 -0.350000 -1.190000
0.629312 -5.209175 -8.293523 7.840000 -0.350000 -1.190000
0.602991 -5.197211 -8.214561 3.430000 -0.140000 -0.840000
0.734596 -5.355137 -8.382057 2.030000 0.280000 -0.630000
0.736989 -5.166104 -8.250452 0.630000 0.700000 -0.350000
0.772882 -5.273781 -8.264810 -0.560000 0.630000 0.210000
0.638884 -5.335995 -8.216952 0.070000 0.840000 0.420000
0.638884 -5.335995 -8.216952 0.070000 0.840000 0.420000
0.629312 -5.292924 -8.130811 1.120000 0.630000 0.490000
0.650848 -5.379066 -8.087741 2.800000 -0.980000 0.280000
0.650848 -5.379066 -8.087741 2.800000 -0.980000 0.280000
0.650848 -5.379066 -8.087741 2.800000 -0.980000 0.280000
0.650848 -5.379066 -8.087741 2.800000 -0.980000 0.280000
0.567099 -5.338387 -8.341379 1.750000 -2.170000 -0.280000
0.574277 -5.489135 -8.346166 0.770000 -2.170000 -0.490000
0.574277 -5.489135 -8.346166 0.770000 -2.170000 -0.490000
0.559920 -5.383851 -8.353344 3.080000 -1.680000 -0.630000
0.559920 -5.383851 -8.353344 3.080000 -1.680000 -0.630000
0.543171 -5.364708 -8.374879 -0.700000 -0.910000 -0.770000
0.397209 -5.580062 -8.360522 -0.280000 -0.700000 -0.840000
0.397209 -5.580062 -8.360522 -0.280000 -0.700000 -0.840000
0.504886 -5.544170 -8.439486 0.980000 -0.210000 -1.400000
0.579063 -5.283352 -8.135597 0.910000 0.070000 -0.350000
0.636491 -5.462814 -8.183454 1.960000 -0.350000 -0.630000
0.636491 -5.462814 -8.183454 1.960000 -0.350000 -0.630000
0.574277 -5.304887 -8.073383 -1.680000 -0.070000 -0.140000
0.665205 -5.369494 -8.202596 0.070000 -1.190000 -0.140000
0.665205 -5.369494 -8.202596 0.070000 -1.190000 -0.140000
0.672383 -5.534599 -8.384450 2.660000 -1.120000 0.700000
0.583849 -5.592027 -8.355737 -0.490000 -0.910000 0.210000
0.583849 -5.592027 -8.355737 -0.490000 -0.910000 0.210000
0.559920 -5.575277 -8.575876 2.380000 0.420000 0.070000
0.524028 -5.469993 -8.410772 -0.420000 1.680000 0.280000
0.564706 -5.486742 -8.362915 -0.630000 1.400000 0.210000
0.550349 -5.539384 -8.204988 3.570000 3.500000 -0.070000
0.612563 -5.498707 -8.087741 2.590000 1.820000 -0.350000
0.612563 -5.498707 -8.087741 2.590000 1.820000 -0.350000
0.602991 -5.539384 -8.135597 1.960000 0.840000 -0.350000
0.614955 -5.465207 -8.197811 -0.980000 0.560000 -0.350000
0.614955 -5.465207 -8.197811 -0.980000 0.560000 -0.350000
0.614955 -5.465207 -8.197811 -0.980000 0.560000 -0.350000
0.636491 -5.371887 -8.092526 -0.770000 0.280000 0.350000
0.634098 -5.596812 -8.303094 1.260000 -1.190000 -0.560000
0.595813 -5.711668 -8.410772 -1.540000 -0.420000 -0.770000
0.624527 -5.563312 -8.315059 1.750000 0.490000 -0.560000
0.624527 -5.563312 -8.315059 1.750000 0.490000 -0.560000
0.562313 -5.426922 -8.267202 1.680000 0.700000 -0.840000
0.650848 -5.515456 -8.250452 2.450000 0.280000 -0.700000
0.624527 -5.520242 -8.291130 0.210000 -0.140000 -0.630000
0.624527 -5.565705 -8.267202 0.280000 0.280000 -0.700000
0.574277 -5.374279 -8.188239 0.630000 0.560000 -0.420000
0.583849 -5.527420 -8.231310 1.330000 -0.420000 -0.420000
