0.930808 -9.492328 2.256432 0.910000 0.490000 -1.120000
0.930808 -9.492328 2.256432 0.910000 0.490000 -1.120000
0.930808 -9.492328 2.256432 0.910000 0.490000 -1.120000
0.930808 -9.492328 2.256432 0.910000 0.490000 -1.120000
0.930808 -9.492328 2.256432 0.910000 0.490000 -1.120000
0.930808 -9.492328 2.256432 0.910000 0.490000 -1.120000
0.930808 -9.492328 2.256432 0.910000 0.490000 -1.120000
0.930808 -9.492328 2.256432 0.910000 0.490000 -1.120000
0.985843 -9.616754 2.177469 0.630000 -0.280000 -0.630000
1.033699 -9.506684 2.239682 0.770000 0.140000 -0.560000
1.076770 -9.564112 2.127219 -0.210000 0.210000 0.070000
1.076770 -9.564112 2.127219 -0.210000 0.210000 0.070000
1.062413 -9.592826 2.163112 0.840000 0.560000 0.280000
1.062413 -9.592826 2.163112 0.840000 0.560000 0.280000
1.016950 -9.561719 2.132005 -0.630000 -0.070000 0.280000
0.973879 -9.631111 2.096112 0.770000 0.210000 0.770000
0.945165 -9.595219 2.254039 1.260000 0.630000 0.560000
0.945165 -9.595219 2.254039 1.260000 0.630000 0.560000
1.038485 -9.544970 2.218147 -0.140000 0.070000 0.560000
1.038485 -9.544970 2.218147 -0.140000 0.070000 0.560000
0.909273 -9.513863 2.225325 -1.050000 -0.140000 0.560000
0.887737 -9.590433 2.292324 -0.350000 0.560000 0.140000
0.949951 -9.645468 2.237289 1.190000 0.210000 0.280000
0.928415 -9.561719 2.232504 0.630000 -0.140000 1.260000
0.923629 -9.669396 2.244468 0.210000 -1.050000 0.560000
0.923629 -9.669396 2.244468 0.210000 -1.050000 0.560000
0.928415 -9.635897 2.175076 0.070000 -0.910000 -0.140000
0.928415 -9.671788 2.155933 -1.190000 -1.050000 -0.350000
0.957129 -9.597611 2.191825 -0.280000 -0.280000 -0.210000
0.961915 -9.669396 2.170290 -0.280000 -0.490000 -0.210000
1.033699 -9.576077 2.191825 0.560000 -0.140000 -0.140000
1.009771 -9.611969 2.225325 0.560000 0.070000 -0.070000
1.002593 -9.628718 2.189433 1.050000 -0.070000 -0.210000
0.949951 -9.604790 2.227718 0.070000 -0.140000 -0.490000
0.954736 -9.616754 2.215754 0.840000 0.910000 -0.630000
0.937986 -9.566505 2.165504 1.400000 1.120000 -0.420000
1.033699 -9.645468 2.184647 3.220000 1.190000 0.420000
1.033699 -9.645468 2.184647 3.220000 1.190000 0.420000
1.033699 -9.645468 2.184647 3.220000 1.190000 0.420000
0.882952 -9.533006 2.280360 2.240000 1.610000 -0.490000
0.916451 -9.588040 2.313859 -0.560000 0.840000 -0.420000
