2.658426 -8.762517 3.893122 -2.520000 -1.190000 -0.840000
2.596212 -8.638089 3.806981 7.280000 -0.910000 -2.730000
2.596212 -8.638089 3.806981 7.280000 -0.910000 -2.730000
2.768496 -8.528020 3.869194 -5.950000 -1.050000 -0.070000
2.689533 -8.640482 4.017549 9.310000 -0.910000 -1.680000
2.780460 -8.762517 3.730411 -4.620000 -1.820000 -0.560000
2.780460 -8.762517 3.730411 -4.620000 -1.820000 -0.560000
2.706282 -8.604590 3.797409 3.780000 -1.120000 -1.960000
2.794817 -8.606983 3.814159 -2.730000 -1.680000 -0.560000
2.794817 -8.606983 3.814159 -2.730000 -1.680000 -0.560000
2.928815 -8.712267 3.670590 -30.240000 -1.400000 3.920000
2.608176 -9.590433 3.739982 -53.270000 -1.610000 8.680000
2.608176 -9.590433 3.739982 -53.270000 -1.610000 8.680000
2.754139 -9.250652 2.349752 -143.080002 2.170000 18.480000
2.754139 -9.250652 2.349752 -143.080002 2.170000 18.480000
2.754139 -9.250652 2.349752 -143.080002 2.170000 18.480000
2.431108 -7.881958 1.868794 -121.660004 -27.719999 42.420002
2.364109 -10.281959 -0.509671 21.629999 -0.560000 0.770000
2.105684 -9.767502 0.715454 1.400000 0.560000 5.740000
2.105684 -9.767502 0.715454 1.400000 0.560000 5.740000
1.990828 -10.325029 -0.069392 -8.890000 -0.210000 2.730000
2.038685 -10.004392 0.796810 0.910000 1.610000 0.140000
2.014757 -9.913465 0.299103 -3.710000 0.840000 -0.770000
2.014757 -9.913465 0.299103 -3.710000 0.840000 -0.770000
1.947758 -9.722038 0.911665 6.370000 0.490000 -1.190000
2.045863 -9.731609 0.445065 1.750000 0.700000 -1.470000
2.045863 -9.731609 0.445065 1.750000 0.700000 -1.470000
2.029114 -9.521042 0.655633 6.650000 -1.190000 -2.170000
2.029114 -9.521042 0.655633 6.650000 -1.190000 -2.170000
1.947758 -9.341579 0.808774 -0.140000 -0.910000 -1.050000
2.139183 -9.619147 0.648455 -1.890000 -1.470000 -0.770000
2.139183 -9.619147 0.648455 -1.890000 -1.470000 -0.770000
2.103291 -9.750752 0.445065 -3.150000 -1.260000 0.490000
2.103291 -9.750752 0.445065 -3.150000 -1.260000 0.490000
2.120041 -9.906286 0.430708 0.560000 -0.140000 0.140000
2.098505 -9.592826 0.600598 2.030000 -0.140000 -0.350000
2.067399 -9.817751 0.440279 -2.940000 -0.560000 -0.070000
2.031506 -9.695717 0.478565 3.010000 0.070000 -0.070000
