1.071985 -9.717253 2.225325 0.140000 -0.840000 0.420000
1.081556 -9.645468 2.232504 0.700000 -0.420000 -0.490000
1.150948 -9.607183 2.215754 0.630000 -0.490000 -0.070000
1.021735 -9.652647 2.175076 0.560000 0.210000 -0.140000
1.021735 -9.652647 2.175076 0.560000 0.210000 -0.140000
1.040878 -9.561719 2.165504 0.210000 0.280000 -0.490000
0.978664 -9.506684 2.213361 1.260000 1.330000 -0.630000
1.033699 -9.523434 2.289931 1.330000 0.420000 0.140000
1.033699 -9.523434 2.289931 1.330000 0.420000 0.140000
1.105484 -9.700503 2.347359 0.560000 -0.840000 0.140000
1.067199 -9.540184 2.242075 -0.140000 -0.840000 -0.210000
1.071985 -9.710074 2.158326 1.470000 -0.560000 0.280000
1.060020 -9.568897 2.227718 2.730000 -0.770000 -0.070000
1.083949 -9.458827 2.242075 1.820000 -0.280000 0.140000
1.138984 -9.686146 2.187040 -0.210000 -0.350000 -0.140000
1.122234 -9.446864 2.268396 -0.070000 -0.140000 -0.350000
1.110270 -9.667004 2.105684 -1.470000 -0.350000 -0.490000
1.110270 -9.667004 2.105684 -1.470000 -0.350000 -0.490000
1.119841 -9.477970 2.218147 -0.140000 0.070000 -0.210000
1.131805 -9.590433 2.220540 0.560000 0.490000 -0.350000
1.131805 -9.590433 2.220540 0.560000 0.490000 -0.350000
1.127020 -9.566505 2.234896 1.050000 0.770000 -0.280000
1.105484 -9.583255 2.287539 -1.400000 0.840000 -0.210000
1.105484 -9.583255 2.287539 -1.400000 0.840000 -0.210000
1.105484 -9.583255 2.287539 -1.400000 0.840000 -0.210000
1.105484 -9.583255 2.287539 -1.400000 0.840000 -0.210000
1.026521 -9.566505 2.210968 -0.140000 0.490000 -0.700000
1.062413 -9.506684 2.170290 -0.070000 0.840000 0.140000
1.036092 -9.552148 2.179861 -1.610000 -1.050000 0.140000
1.069592 -9.592826 2.143969 -1.610000 -1.260000 0.420000
1.110270 -9.676575 2.215754 0.840000 -0.350000 0.210000
1.110270 -9.676575 2.215754 0.840000 -0.350000 0.210000
1.110270 -9.676575 2.215754 0.840000 -0.350000 0.210000
1.117448 -9.602397 2.191825 -0.210000 0.140000 -0.700000
1.141376 -9.611969 2.196611 -0.070000 0.070000 -0.420000
1.062413 -9.607183 2.108077 0.210000 -0.140000 -0.560000
1.062413 -9.607183 2.108077 0.210000 -0.140000 -0.560000
1.162912 -9.619147 2.213361 -0.140000 0.070000 -0.280000
1.050449 -9.523434 2.196611 -0.630000 0.350000 -1.050000
1.086342 -9.616754 2.172683 0.280000 0.560000 -0.420000
