2.845066 -8.477771 2.435893 -2.450000 -1.330000 9.800000
2.565106 -8.159525 2.299503 -3.570000 0.420000 10.780000
1.514657 -5.587241 1.576870 -3.570000 7.210000 28.910000
1.332802 -5.259424 1.569692 -7.070000 9.800000 37.099998
0.370888 -4.716253 0.763310 -7.000000 20.020000 53.830002
0.370888 -4.716253 0.763310 -7.000000 20.020000 53.830002
-0.014357 -5.668597 1.313660 4.900000 32.830002 81.059998
-0.681954 -5.950950 1.529014 4.900000 42.139999 89.739998
-1.871187 -7.767102 2.210968 8.750000 49.980000 109.690002
-2.373680 -7.989635 2.352145 13.230000 50.330002 117.669998
-3.732803 -8.542377 2.639283 4.690000 55.720001 125.580002
-5.075177 -9.576077 2.392823 -12.390000 47.459999 136.850006
-5.075177 -9.576077 2.392823 -12.390000 47.459999 136.850006
-5.326423 -10.478169 2.873780 -12.390000 40.670002 140.210007
-7.566105 -10.595419 2.840281 -18.620001 38.849998 136.080002
-7.566105 -10.595419 2.840281 -18.620001 38.849998 136.080002
-7.764710 -9.444471 1.854438 -43.750000 25.900000 126.419998
-7.764710 -9.444471 1.854438 -43.750000 25.900000 126.419998
-8.877372 -9.525827 2.191825 -41.369999 15.400000 117.739998
-8.824730 -8.635696 1.660619 -47.320000 9.520000 111.160004
-8.953942 -8.858230 1.277767 -23.450001 -3.080000 114.590004
-9.085547 -7.707282 0.973879 -26.950001 -2.380000 108.430000
-9.028119 -9.580862 1.435694 -20.090000 -5.390000 103.389999
-9.028119 -9.580862 1.435694 -20.090000 -5.390000 103.389999
-9.535398 -7.551748 1.088734 11.480000 2.450000 85.050003
-9.535398 -7.551748 1.088734 11.480000 2.450000 85.050003
-8.614161 -8.556733 1.483550 -2.310000 -1.610000 58.799999
-9.226725 -6.125626 1.182054 0.350000 0.560000 28.139999
-8.551948 -5.656632 1.088734 -47.670002 -8.330000 16.450001
-8.793623 -5.144568 0.643669 -27.860001 -7.700000 12.670000
-8.793623 -5.144568 0.643669 -27.860001 -7.700000 12.670000
-8.989835 -4.620540 0.547956 -9.170000 -5.110000 12.670000
-8.989835 -4.620540 0.547956 -9.170000 -5.110000 12.670000
-8.949157 -3.857230 0.827917 4.200000 -3.710000 8.820000
-9.186047 -3.527020 0.780060 -8.190000 -2.590000 6.090000
-9.375079 -3.742374 0.619741 -10.080000 -1.750000 5.250000
-9.186047 -3.586841 0.801596 4.270000 2.310000 -1.190000
-9.219545 -3.294917 0.832702 1.680000 1.260000 -0.140000
-9.121440 -3.342773 0.863809 2.940000 0.700000 0.910000
