1.751546 -9.700503 0.658026 -5.180000 3.990000 2.870000
1.751546 -9.700503 0.658026 -5.180000 3.990000 2.870000
1.885544 -9.789038 0.827917 -0.700000 2.940000 2.100000
1.799403 -9.786645 0.667598 -8.120000 2.870000 2.310000
1.799403 -9.786645 0.667598 -8.120000 2.870000 2.310000
1.799403 -9.786645 0.667598 -8.120000 2.870000 2.310000
1.880759 -9.829715 0.887737 17.780001 8.610000 0.490000
1.978864 -9.769895 1.191626 13.930000 10.220000 0.420000
1.978864 -9.769895 1.191626 13.930000 10.220000 0.420000
1.899901 -9.975677 1.299303 12.880000 10.290000 -0.210000
2.081756 -9.994821 1.249053 29.260000 10.920000 -0.630000
1.880759 -9.769895 1.818545 83.650002 18.480000 -3.220000
1.756332 -9.805787 2.093720 81.269997 23.309999 -3.710000
1.756332 -9.805787 2.093720 81.269997 23.309999 -3.710000
1.746760 -9.365508 2.349752 91.910004 24.639999 -3.080000
1.875973 -8.417950 3.905087 97.580002 32.060001 -2.660000
1.875973 -8.417950 3.905087 97.580002 32.060001 -2.660000
1.749153 -7.721639 4.575077 105.000000 33.110001 -2.660000
1.579263 -5.879165 6.324231 205.449997 32.200001 -6.020000
1.450050 -6.240481 6.831509 187.600006 28.630001 -10.640000
1.521835 -5.111069 7.188039 176.050003 22.610001 -8.750000
1.385444 -4.043870 7.625926 202.160004 21.770000 -11.410000
1.385444 -4.043870 7.625926 202.160004 21.770000 -11.410000
1.414158 -3.878766 8.130811 217.699997 23.590000 -11.410000
1.127020 -1.775474 8.568698 215.040009 29.820000 -6.370000
1.208375 0.476172 8.848659 208.110001 38.360001 0.350000
1.208375 0.476172 8.848659 208.110001 38.360001 0.350000
1.208375 0.476172 8.848659 208.110001 38.360001 0.350000
1.208375 0.476172 8.848659 208.110001 38.360001 0.350000
0.985843 1.177269 9.547362 128.729996 28.980000 -4.060000
0.062213 2.957529 9.970891 33.389999 20.020000 3.500000
0.114855 2.624927 9.628718 -9.520000 9.310000 2.100000
0.143569 2.562713 9.547362 -3.500000 7.350000 2.800000
0.143569 2.562713 9.547362 -3.500000 7.350000 2.800000
0.129212 2.880959 9.554541 2.240000 5.390000 0.910000
0.126820 2.921637 9.399008 -5.670000 5.950000 2.030000
0.131605 2.553142 9.114261 -19.250000 4.130000 4.340000
0.131605 2.553142 9.114261 -19.250000 4.130000 4.340000
0.131605 2.423929 9.241080 -10.430000 3.920000 3.220000
0.198604 2.615355 9.396614 -5.250000 4.760000 3.570000
0.198604 2.615355 9.396614 -5.250000 4.760000 3.570000
0.234497 2.536392 9.286544 -8.610000 4.060000 4.200000
0.095713 2.301895 9.205189 -24.430000 2.870000 3.990000
