0.772882 -10.030712 -0.631705 0.350000 0.350000 -0.280000
0.856631 -9.997212 -0.531207 -0.770000 0.910000 -0.350000
0.859023 -9.985250 -0.559920 0.490000 0.490000 -0.560000
0.859023 -9.985250 -0.559920 0.490000 0.490000 -0.560000
0.835095 -9.906286 -0.571885 0.070000 0.490000 -0.630000
0.835095 -9.906286 -0.571885 0.070000 0.490000 -0.630000
0.818345 -9.879964 -0.588634 0.210000 0.840000 0.700000
0.818345 -9.879964 -0.588634 0.210000 0.840000 0.700000
0.878166 -9.872787 -0.442672 1.750000 0.910000 0.420000
0.782453 -9.695717 -0.423530 -1.680000 0.070000 0.420000
0.839881 -9.911072 -0.535992 -2.310000 -0.490000 0.770000
0.887737 -9.841680 -0.485743 -0.420000 0.560000 0.770000
0.792024 -9.949356 -0.514457 -1.260000 0.910000 0.840000
0.753739 -9.946963 -0.468993 2.520000 -0.420000 1.120000
0.875773 -10.076177 -0.552742 -1.190000 -0.770000 -0.070000
0.875773 -10.076177 -0.552742 -1.190000 -0.770000 -0.070000
0.837488 -10.054641 -0.600598 -0.630000 -0.980000 -0.490000
0.861416 -9.958927 -0.576670 -1.680000 0.700000 -0.770000
0.811167 -9.942179 -0.591027 -1.330000 0.350000 -0.350000
0.873380 -9.877571 -0.552742 0.980000 -0.350000 -0.210000
0.796810 -9.817751 -0.557528 -0.140000 0.770000 0.140000
0.796810 -9.860823 -0.576670 -1.120000 1.400000 0.210000
0.729811 -10.042676 -0.526421 -0.210000 1.470000 0.210000
0.839881 -9.863215 -0.504886 -0.070000 0.210000 0.210000
0.835095 -10.047462 -0.600598 0.070000 0.700000 -0.490000
0.830309 -9.688539 -0.516850 1.190000 -0.350000 -0.350000
0.693919 -9.887143 -0.543171 -0.980000 -0.700000 0.910000
0.842274 -10.107283 -0.624527 -2.100000 0.350000 0.700000
0.825524 -9.932607 -0.504886 -4.340000 2.030000 -0.070000
0.780060 -10.234102 -0.665205 -0.210000 -0.560000 -0.210000
0.856631 -9.817751 -0.555135 -0.770000 2.100000 -0.490000
0.772882 -9.865608 -0.502493 0.350000 0.350000 -0.210000
0.772882 -9.865608 -0.502493 0.350000 0.350000 -0.210000
0.801596 -9.875179 -0.492921 1.120000 -0.420000 0.140000
0.887737 -9.745967 -0.550349 -0.980000 0.490000 -0.070000
0.887737 -9.726824 -0.445065 -4.200000 0.770000 -0.420000
0.887737 -9.726824 -0.445065 -4.200000 0.770000 -0.420000
0.729811 -9.918249 -0.598206 -1.330000 -1.330000 1.890000
0.772882 -9.966106 -0.787239 1.540000 -0.420000 0.560000
0.772882 -9.966106 -0.787239 1.540000 -0.420000 0.560000
0.775275 -9.906286 -0.612563 2.660000 -0.420000 -0.210000
0.820738 -9.958927 -0.674776 1.400000 -0.210000 -0.070000
0.902094 -9.839286 -0.646062 1.400000 -0.280000 0.070000
0.808774 -9.946963 -0.631705 -0.980000 -0.280000 0.350000
0.763310 -9.994821 -0.775275 -0.490000 0.070000 0.350000
0.866202 -9.877571 -0.598206 0.070000 1.050000 0.420000
0.715454 -9.755538 -0.528814 3.290000 0.210000 0.420000
0.744168 -9.810574 -0.543171 -3.500000 0.910000 0.490000
0.760918 -9.829715 -0.602991 -1.120000 -0.140000 0.560000
0.758525 -9.645468 -0.583849 0.700000 -0.140000 1.120000
0.758525 -9.645468 -0.583849 0.700000 -0.140000 1.120000
0.631705 -9.769895 -0.409173 -2.730000 0.140000 1.190000
0.763310 -10.047462 -0.497707 -4.620000 -0.980000 1.400000
0.849452 -10.143176 -0.579063 -1.470000 -2.170000 1.820000
