2.419144 -8.860621 3.814159 -3.220000 2.380000 -2.450000
2.285146 -8.908479 4.000800 4.690000 1.400000 -1.680000
2.232504 -9.004191 3.814159 -0.280000 1.470000 -0.210000
2.232504 -9.004191 3.814159 -0.280000 1.470000 -0.210000
2.285146 -8.961121 3.960121 -0.700000 -0.560000 -1.190000
2.287539 -8.798409 3.469593 6.650000 -3.150000 -3.920000
2.220540 -9.236296 3.718446 37.520000 -4.690000 -13.650000
2.500499 -9.882358 3.897908 53.970001 -5.600000 -35.630001
2.462214 -9.882358 5.355137 91.840004 1.330000 -47.740002
2.462214 -9.882358 5.355137 91.840004 1.330000 -47.740002
3.007778 -8.202596 5.005785 88.550003 2.940000 -52.430000
3.357130 -8.317451 5.175675 59.849998 0.210000 -51.869999
3.337988 -7.869993 6.199803 91.910004 1.400000 -58.310001
3.857230 -6.436693 6.233303 95.970001 0.840000 -60.970001
3.933800 -5.900701 6.750153 83.720001 -2.030000 -63.420002
3.933800 -5.900701 6.750153 83.720001 -2.030000 -63.420002
4.275974 -5.249853 6.326623 85.190002 -1.540000 -62.090000
4.421937 -4.713861 6.668797 96.809998 3.010000 -65.239998
4.529613 -4.058227 7.180861 80.010002 3.990000 -66.919998
4.960321 -2.321038 7.659425 73.570000 -2.940000 -65.029999
4.814359 -1.921437 7.896315 75.739998 -6.930000 -62.790001
4.962714 -1.222732 7.680960 66.989998 -12.250000 -61.320000
4.962714 -1.222732 7.680960 66.989998 -12.250000 -61.320000
5.144568 -0.265603 7.755138 73.849998 -11.550000 -54.599998
5.003392 -0.141177 7.812566 69.650002 -11.340000 -52.430000
5.458029 0.636491 7.788638 59.220001 -12.530000 -48.509998
5.276174 1.349552 7.451250 68.040001 -7.070000 -43.540001
5.249853 2.091327 7.247860 10.990000 -8.260000 -25.549999
5.300103 2.009971 7.630712 3.010000 -7.210000 -17.639999
5.292924 2.062613 7.357929 -8.470000 -6.300000 -4.970000
5.424529 1.469193 7.391429 0.770000 -1.750000 -0.070000
5.424529 1.469193 7.391429 0.770000 -1.750000 -0.070000
5.376673 1.378266 7.805387 -7.070000 -1.820000 -0.070000
5.388636 1.428515 7.850852 -8.120000 0.630000 1.190000
5.312066 1.390230 7.965706 -2.170000 1.820000 0.630000
5.603990 1.112662 7.628319 -7.560000 0.840000 0.140000
5.460421 1.304088 7.671390 -15.540000 -0.910000 1.470000
