2.175076 -9.004191 2.548356 -6.440000 -3.080000 4.970000
2.021935 -8.810372 2.354537 -7.140000 0.490000 4.270000
1.847259 -8.216952 2.108077 -3.290000 2.030000 4.270000
1.954936 -7.774280 2.165504 -2.380000 3.710000 13.020000
1.703690 -7.544570 2.129612 -1.330000 7.140000 18.690001
1.081556 -6.750153 1.892723 -10.570000 10.430000 36.750000
1.081556 -6.750153 1.892723 -10.570000 10.430000 36.750000
1.067199 -7.097112 2.055435 -4.270000 13.020000 44.869999
0.040678 -6.503692 1.947758 -3.500000 18.480000 53.689999
-0.057428 -7.343572 1.942972 -9.590000 15.820000 69.090004
-1.457229 -7.776673 2.112862 -8.470000 16.940001 85.540001
-2.024328 -8.336594 1.782653 0.210000 15.050000 104.650002
-2.191825 -8.523234 2.179861 5.880000 15.750000 107.449997
-3.579663 -7.786245 1.191626 8.120000 23.870001 108.849998
-3.579663 -7.786245 1.191626 8.120000 23.870001 108.849998
-4.007978 -9.243474 2.189433 6.160000 24.010000 121.590004
-4.180261 -8.815158 2.383251 7.210000 28.700001 116.900002
-6.087341 -9.942179 3.235096 21.559999 34.369999 119.209999
-6.087341 -9.942179 3.235096 21.559999 34.369999 119.209999
-6.508478 -8.659625 2.859423 1.190000 36.750000 100.870003
-8.128418 -8.882158 1.079163 -53.130001 34.860001 103.949997
-7.568498 -9.296116 2.354537 -1.330000 23.450001 115.150002
-8.580662 -8.300702 0.815953 7.560000 22.680000 110.250000
-8.580662 -8.300702 0.815953 7.560000 22.680000 110.250000
-8.525627 -7.645068 0.926022 14.350000 29.610001 104.860001
-8.898908 -8.228917 1.086342 11.620000 37.380001 92.750000
-8.592626 -7.853244 1.607977 -17.219999 26.110001 67.199997
-9.375079 -7.185646 1.500300 -31.010000 14.420000 50.119999
-8.731410 -6.242875 0.665205 -54.320000 -3.920000 44.730000
-8.463413 -6.510870 0.445065 -52.500000 -9.240000 45.920002
-8.939585 -5.228317 0.196211 -18.620001 -8.540000 31.150000
-8.939585 -5.228317 0.196211 -18.620001 -8.540000 31.150000
-8.939585 -5.228317 0.196211 -18.620001 -8.540000 31.150000
-9.068797 -4.972286 0.153141 -11.270000 -1.960000 19.180000
-9.068797 -4.972286 0.153141 -11.270000 -1.960000 19.180000
-9.109475 -4.646862 0.133998 -8.260000 1.820000 9.450000
-9.109475 -4.646862 0.133998 -8.260000 1.820000 9.450000
-9.109475 -4.646862 0.133998 -8.260000 1.820000 9.450000
-9.135797 -4.180261 0.246461 -1.120000 -0.840000 1.890000
