2.574677 -8.987441 2.158326 -7.910000 -0.560000 2.380000
2.277967 -7.298109 2.155933 12.670000 1.400000 10.640000
2.277967 -7.298109 2.155933 12.670000 1.400000 10.640000
2.115255 -7.087541 2.079363 -6.230000 3.780000 18.059999
1.840081 -6.860222 1.830509 -5.740000 5.460000 24.500000
1.540978 -6.063413 1.488336 -9.450000 8.540000 35.000000
0.545564 -5.941379 1.574477 -2.310000 12.950000 64.050003
0.244068 -6.065805 1.316052 -18.620001 12.390000 79.519997
0.244068 -6.065805 1.316052 -18.620001 12.390000 79.519997
-0.813560 -7.611568 1.294517 5.950000 17.500000 95.269997
-1.823331 -6.896115 1.935793 13.580000 19.670000 100.309998
-2.263610 -7.948956 1.112662 -26.880001 17.500000 112.559998
-3.739982 -8.628519 2.208575 -2.450000 26.670000 122.360001
-3.739982 -8.628519 2.208575 -2.450000 26.670000 122.360001
-5.508278 -8.879765 1.009771 -4.760000 31.780001 123.270004
-5.467600 -9.619147 2.419144 -4.970000 21.910000 134.750000
-6.015556 -8.657232 1.832902 -18.480000 29.260000 125.160004
-7.446464 -9.769895 0.729811 -22.260000 25.900000 130.479996
-8.032705 -7.401000 0.325424 -26.600000 17.150000 118.510002
-8.535198 -11.720046 1.574477 -52.360001 5.670000 141.399994
-8.654840 -9.166903 2.053042 25.059999 7.910000 121.309998
-8.654840 -9.166903 2.053042 25.059999 7.910000 121.309998
-9.322437 -7.724032 0.662812 -1.680000 4.130000 106.470001
-9.214760 -9.731609 0.701097 -46.200001 -8.400000 112.980003
-9.233903 -6.453443 0.440279 3.780000 8.120000 90.160004
-9.078369 -7.255038 0.715454 -31.639999 5.810000 83.230003
-9.104690 -6.343372 0.926022 -13.370000 8.540000 63.910000
-8.858230 -6.606583 1.270589 -21.280001 4.480000 58.029999
-9.231510 -6.561120 1.196411 -25.129999 1.050000 45.570000
-9.511470 -5.522634 1.048056 -54.950001 -12.110000 35.139999
-9.291330 -5.450850 0.945165 -70.419998 -21.770000 34.580002
-8.764909 -5.560920 0.591027 -52.920002 -23.379999 31.290001
-8.977871 -4.979464 0.557528 -8.260000 -10.990000 17.430000
-9.219545 -4.065405 0.720240 -10.850000 -3.990000 3.570000
-9.171689 -4.118048 0.564706 -10.710000 -2.310000 -2.170000
-9.142976 -3.888337 0.500100 -1.820000 -1.400000 -3.850000
-9.049655 -3.378666 0.600598 6.230000 -2.170000 -3.640000
-9.154939 -3.364309 0.354138 3.500000 -2.730000 -2.030000
-9.183653 -3.531806 0.399601 5.460000 -2.940000 -2.100000
