1.797010 -9.662218 1.308874 -1.540000 5.600000 6.510000
1.931008 -9.753145 1.148555 9.310000 6.580000 6.160000
1.885544 -9.695717 1.670190 25.480000 9.730000 2.030000
1.926222 -10.258030 1.481157 35.070000 10.640000 2.660000
1.840081 -10.255639 1.746760 84.840004 15.260000 -1.680000
1.840081 -10.255639 1.746760 84.840004 15.260000 -1.680000
1.818545 -9.777073 2.163112 105.209999 17.360001 -4.620000
1.643869 -9.930215 2.591427 120.400002 22.400000 -9.450000
1.667797 -8.994620 3.725625 235.830002 21.139999 -19.040001
1.744368 -7.204789 5.848059 245.630005 22.820000 -26.809999
1.799403 -4.701896 7.640282 208.250000 24.150000 -25.270000
1.639083 -4.737789 7.585248 193.550003 13.020000 -27.650000
2.019542 -3.582055 8.164310 178.919998 19.670000 -29.680000
1.864009 -2.036292 8.819944 145.529999 18.480000 -22.680000
1.864009 -2.036292 8.819944 145.529999 18.480000 -22.680000
1.864009 -2.036292 8.819944 145.529999 18.480000 -22.680000
2.002793 -1.232304 8.394022 139.020004 21.070000 -17.710001
1.629512 0.390030 9.516255 95.269997 18.340000 -9.940000
1.629512 0.390030 9.516255 95.269997 18.340000 -9.940000
1.629512 0.390030 9.516255 95.269997 18.340000 -9.940000
1.488336 1.670190 9.320045 65.660004 19.110001 -1.960000
1.141376 2.163112 9.305687 54.459999 18.410000 0.350000
1.012164 2.778067 9.111869 36.610001 17.219999 -0.700000
1.012164 2.778067 9.111869 36.610001 17.219999 -0.700000
0.796810 3.170490 9.434900 -8.750000 10.990000 2.520000
0.820738 2.512464 9.126225 -10.570000 7.280000 1.470000
0.945165 3.038885 9.214760 1.260000 8.120000 2.170000
1.105484 3.132205 9.241080 -4.690000 8.260000 2.800000
0.827917 2.699104 9.102298 -21.840000 5.880000 4.690000
0.827917 2.699104 9.102298 -21.840000 5.880000 4.690000
0.827917 2.699104 9.102298 -21.840000 5.880000 4.690000
0.827917 2.699104 9.102298 -21.840000 5.880000 4.690000
0.827917 2.699104 9.102298 -21.840000 5.880000 4.690000
0.827917 2.699104 9.102298 -21.840000 5.880000 4.690000
0.827917 2.699104 9.102298 -21.840000 5.880000 4.690000
