1.909473 -8.525627 2.096112 -2.730000 3.920000 9.100000
1.529014 -7.905886 1.909473 -1.470000 4.760000 13.860000
1.026521 -6.671190 1.529014 -9.730000 6.510000 21.910000
0.997807 -6.297909 1.459622 -10.150000 9.240000 27.860001
0.997807 -6.297909 1.459622 -10.150000 9.240000 27.860001
-0.555135 -5.721239 1.174876 -16.870001 19.950001 63.000000
-0.555135 -5.721239 1.174876 -16.870001 19.950001 63.000000
-1.210768 -7.470392 1.631905 8.820000 19.110001 94.430000
-2.388037 -7.049256 1.529014 5.390000 21.139999 108.010002
-2.790031 -8.080563 1.866402 -15.470000 17.219999 116.690002
-2.790031 -8.080563 1.866402 -15.470000 17.219999 116.690002
-3.744767 -8.513663 1.392623 -12.040000 17.639999 125.230003
-4.197011 -9.655040 1.698904 -10.010000 18.200001 132.789993
-4.682754 -9.640682 1.768296 7.840000 20.090000 131.389999
-6.876972 -10.767702 2.622534 14.630000 23.240000 130.619995
-7.389036 -10.198210 2.945565 29.680000 23.309999 123.199997
-7.389036 -10.198210 2.945565 29.680000 23.309999 123.199997
-8.221739 -10.569098 2.306681 -12.600000 8.750000 119.070000
-8.221739 -10.569098 2.306681 -12.600000 8.750000 119.070000
-8.128418 -7.542177 1.088734 -56.910000 1.470000 91.489998
-8.128418 -7.542177 1.088734 -56.910000 1.470000 91.489998
-8.784052 -8.200203 0.349352 -6.090000 4.550000 91.209999
-7.834101 -7.345965 0.741775 13.020000 10.220000 89.739998
-9.126225 -7.233503 1.308874 48.369999 21.629999 81.059998
-9.126225 -7.233503 1.308874 48.369999 21.629999 81.059998
-8.997013 -6.376873 1.229911 43.189999 16.030001 72.099998
-8.504091 -7.209574 1.804188 -9.380000 4.620000 67.550003
-8.504091 -7.209574 1.804188 -9.380000 4.620000 67.550003
-8.898908 -7.331609 1.902294 3.990000 -1.050000 53.830002
-8.793623 -6.826723 1.852045 2.520000 -4.830000 47.389999
-9.224331 -6.372087 1.966900 -28.980000 -6.860000 31.639999
-8.970692 -5.831308 1.454836 -37.590000 -10.080000 16.590000
-9.018548 -5.034499 1.189233 -34.790001 -8.540000 12.320000
-8.590233 -4.735396 1.239482 -13.020000 -2.520000 6.230000
-8.886944 -3.969693 1.433301 10.570000 3.080000 2.590000
-9.042477 -3.716053 1.265803 7.840000 1.750000 2.730000
