1.787439 -9.681360 0.976272 2.520000 3.220000 -0.210000
1.816152 -9.712467 1.354338 1.680000 2.170000 -1.540000
1.928615 -9.633504 1.557728 -5.390000 1.540000 0.700000
1.787439 -9.619147 1.024128 4.690000 3.290000 -1.680000
1.875973 -9.815358 1.509871 -2.730000 1.540000 0.770000
1.875973 -9.815358 1.509871 -2.730000 1.540000 0.770000
1.875973 -9.815358 1.509871 -2.730000 1.540000 0.770000
1.885544 -9.719646 1.036092 -0.770000 3.010000 -1.120000
1.885544 -9.578469 1.825724 -6.580000 3.990000 -0.980000
1.885544 -9.578469 1.825724 -6.580000 3.990000 -0.980000
1.885544 -9.578469 1.825724 -6.580000 3.990000 -0.980000
1.885544 -9.628718 0.739382 -47.599998 2.590000 3.710000
1.993221 -8.934800 1.083949 -54.880001 1.610000 8.890000
1.751546 -10.234102 -0.643669 -61.180000 7.140000 9.310000
1.897508 -9.987641 -1.177269 -67.690002 17.710001 2.870000
1.897508 -9.987641 -1.177269 -67.690002 17.710001 2.870000
1.761117 -9.748360 -2.024328 -63.980000 36.889999 3.990000
1.722832 -9.729217 -2.333002 -59.010002 39.900002 5.530000
2.151148 -9.841680 -2.227718 -35.840000 44.869999 15.960000
1.777867 -9.927821 -2.663212 2.940000 41.230000 17.920000
1.416551 -9.549755 -2.395216 27.580000 34.580002 14.770000
1.416551 -9.549755 -2.395216 27.580000 34.580002 14.770000
2.021935 -9.449257 -0.586242 19.389999 12.600000 6.860000
2.021935 -9.449257 -0.586242 19.389999 12.600000 6.860000
1.636691 -9.576077 -0.918844 1.190000 2.030000 0.070000
1.392623 -9.786645 -1.337588 -1.680000 1.680000 0.630000
1.605584 -9.614362 -1.165305 2.170000 -1.960000 -0.910000
1.605584 -9.614362 -1.165305 2.170000 -1.960000 -0.910000
1.732404 -9.956534 -1.184447 2.660000 -0.910000 1.610000
1.406980 -9.848858 -1.373480 5.600000 -1.260000 1.540000
1.624727 -9.413363 -1.217947 7.210000 -2.310000 -0.630000
1.548156 -9.731609 -1.421337 3.990000 0.630000 1.190000
1.651048 -9.391829 -1.148555 6.860000 -0.280000 0.070000
1.832902 -9.846465 -1.136591 -0.630000 1.960000 2.660000
1.631905 -10.006784 -1.265803 2.170000 1.960000 2.170000
1.600798 -9.712467 -1.162912 2.590000 1.330000 0.910000
1.655833 -9.803394 -1.194018 1.680000 1.750000 0.770000
1.655833 -9.803394 -1.194018 1.680000 1.750000 0.770000
1.538585 -9.494720 -1.100698 2.240000 1.050000 0.630000
1.478764 -10.150353 -0.868595 0.350000 1.050000 1.820000
1.404587 -9.973285 -0.916451 4.060000 0.070000 0.630000
1.521835 -9.655040 -0.976272 2.730000 -0.980000 2.240000
1.454836 -9.779467 -0.918844 4.760000 -2.450000 2.380000
