5.493921 -7.695317 2.093720 -7.420000 3.780000 0.560000
5.493921 -7.695317 2.093720 -7.420000 3.780000 0.560000
5.548956 -7.676175 1.983650 -5.250000 3.710000 1.750000
5.548956 -7.676175 1.983650 -5.250000 3.710000 1.750000
5.548956 -7.676175 1.983650 -5.250000 3.710000 1.750000
5.584848 -7.963314 1.950150 -29.820000 4.550000 3.570000
5.584848 -7.963314 1.950150 -29.820000 4.550000 3.570000
5.584848 -7.963314 1.950150 -29.820000 4.550000 3.570000
5.584848 -7.963314 1.950150 -29.820000 4.550000 3.570000
5.692525 -8.487342 0.528814 -48.720001 -0.700000 4.410000
5.505885 -7.290931 1.122234 -99.470001 0.980000 4.200000
5.639884 -8.236095 -0.442672 -143.919998 -6.370000 9.590000
5.656632 -8.350951 -0.959522 -133.490005 -6.860000 7.140000
5.656632 -8.350951 -0.959522 -133.490005 -6.860000 7.140000
5.321638 -8.470592 -1.646262 -129.080002 -9.240000 2.240000
5.594419 -8.293523 -2.557927 -56.840000 -6.580000 -1.540000
5.513064 -8.365308 -3.747160 -86.239998 -8.750000 -3.430000
5.513064 -8.365308 -3.747160 -86.239998 -8.750000 -3.430000
5.513064 -8.365308 -3.747160 -86.239998 -8.750000 -3.430000
5.398208 -7.671390 -4.984250 -107.940002 -12.110000 -3.080000
5.534599 -6.905686 -5.431707 -79.169998 -9.800000 -9.030000
5.699703 -6.477371 -6.075377 -122.849998 -10.360000 -1.190000
5.508278 -5.204390 -5.936593 -84.980003 -9.240000 -3.850000
5.498707 -4.711468 -5.737988 -76.230003 -8.750000 -5.040000
5.498707 -4.711468 -5.737988 -76.230003 -8.750000 -5.040000
5.419744 -5.556134 -6.429514 -102.410004 -13.930000 -3.150000
5.670990 -5.295317 -6.881758 -69.440002 -16.100000 -5.530000
5.029713 -3.981657 -6.680761 -81.620003 -14.210000 -5.040000
5.393422 -4.460221 -7.740781 -77.349998 -17.150000 -5.040000
5.340781 -3.603590 -7.788638 -71.470001 -15.330000 -5.810000
4.814359 -3.053242 -7.963314 -49.420002 -19.389999 -7.630000
4.814359 -3.053242 -7.963314 -49.420002 -19.389999 -7.630000
4.728218 -2.938386 -7.793423 -45.009998 -19.460001 -9.520000
4.728218 -2.938386 -7.793423 -45.009998 -19.460001 -9.520000
4.567898 -2.165504 -8.365308 -34.860001 -18.129999 -4.620000
4.639683 -2.361716 -8.796017 -36.959999 -16.590000 -1.820000
4.582255 -2.366502 -8.712267 -14.210000 -11.480000 1.190000
4.543970 -2.330609 -9.212367 -7.280000 -2.520000 2.800000
4.543970 -2.330609 -9.212367 -7.280000 -2.520000 2.800000
4.788038 -2.342573 -8.961121 -6.300000 3.080000 2.940000
4.788038 -2.342573 -8.961121 -6.300000 3.080000 2.940000
4.689932 -2.282753 -9.006584 -4.970000 4.900000 1.890000
4.520042 -2.256432 -8.489735 -5.180000 6.020000 2.520000
4.520042 -2.256432 -8.489735 -5.180000 6.020000 2.520000
4.572684 -2.411965 -8.635696 -2.870000 6.510000 3.080000
4.532006 -2.282753 -8.465806 2.520000 7.560000 1.680000
4.534399 -2.160719 -8.250452 -2.310000 7.000000 1.540000
4.625326 -2.287539 -8.374879 -5.180000 5.740000 2.730000
