0.306281 -10.049855 -0.174676 3.220000 0.350000 2.170000
0.167498 -10.126426 -0.088534 1.750000 0.700000 1.540000
0.232104 -10.269995 -0.229711 -0.700000 -0.910000 -0.560000
0.232104 -10.269995 -0.229711 -0.700000 -0.910000 -0.560000
0.143569 -9.999605 -0.323031 -0.280000 0.070000 -1.260000
0.215354 -9.832108 -0.327817 0.910000 -0.210000 -1.050000
0.253639 -9.767502 -0.203390 2.170000 1.540000 -0.420000
0.291924 -9.745967 -0.093320 -0.560000 -0.770000 1.050000
0.301496 -10.016356 -0.224925 0.910000 -1.540000 1.120000
0.301496 -10.016356 -0.224925 0.910000 -1.540000 1.120000
0.220140 -9.877571 -0.150748 -2.450000 -0.280000 0.560000
0.308674 -10.064213 -0.313460 1.820000 0.210000 1.540000
0.174676 -9.937392 -0.272782 1.330000 0.350000 0.770000
0.138784 -10.033106 -0.234497 1.120000 0.420000 1.260000
0.277567 -9.963714 -0.229711 -0.490000 1.400000 -1.120000
0.198604 -10.021141 -0.325424 -1.680000 0.840000 -0.840000
0.234497 -9.911072 -0.155533 -0.700000 0.840000 -0.350000
0.234497 -9.911072 -0.155533 -0.700000 0.840000 -0.350000
0.349352 -9.810574 -0.095713 -3.150000 1.050000 -0.560000
0.246461 -9.911072 -0.133998 1.680000 -0.140000 0.210000
0.129212 -9.951750 -0.241675 -0.070000 -0.490000 0.070000
0.129212 -9.951750 -0.241675 -0.070000 -0.490000 0.070000
0.258425 -9.834501 -0.150748 1.330000 0.420000 0.770000
0.251246 -9.822537 -0.133998 1.120000 -0.140000 0.770000
0.241675 -9.899107 -0.035892 -0.560000 -0.140000 0.770000
0.217747 -10.135997 -0.248854 -2.730000 -2.940000 1.190000
0.244068 -10.080962 -0.311067 0.140000 -3.850000 1.190000
0.136391 -10.066606 -0.392423 -0.350000 -0.350000 0.420000
0.145962 -10.269995 -0.334995 -1.050000 -0.350000 -0.910000
0.145962 -10.269995 -0.334995 -1.050000 -0.350000 -0.910000
0.203390 -10.162319 -0.306281 2.100000 -1.190000 -0.350000
0.162712 -9.973285 -0.301496 -0.210000 0.980000 -1.260000
0.282353 -9.949356 -0.327817 0.560000 0.210000 -1.330000
0.265603 -9.805787 -0.318245 1.610000 0.420000 -0.700000
0.215354 -9.827322 -0.277567 0.490000 2.030000 -0.350000
0.291924 -9.762716 -0.016750 0.630000 -0.350000 1.260000
0.277567 -10.025927 -0.165105 -0.700000 -0.630000 0.840000
0.112463 -9.982857 -0.330210 -0.280000 0.490000 0.630000
0.196211 -9.923036 -0.212961 0.630000 0.490000 0.490000
0.203390 -9.798609 -0.110070 0.350000 0.420000 0.630000
0.143569 -10.045070 -0.265603 -0.350000 -0.490000 0.770000
0.258425 -9.973285 -0.169890 -0.280000 -1.330000 0.700000
0.217747 -9.899107 -0.306281 -0.770000 -0.140000 -0.350000
0.107677 -9.966106 -0.301496 -0.280000 1.190000 0.280000
0.244068 -9.915856 -0.196211 3.430000 -0.350000 0.770000
0.244068 -9.915856 -0.196211 3.430000 -0.350000 0.770000
0.263210 -9.851252 -0.131605 -0.630000 -0.560000 0.350000
0.210568 -10.073784 -0.258425 -4.060000 1.050000 -0.280000
0.124427 -9.961320 -0.275175 -1.120000 -0.490000 -0.420000
0.234497 -9.796216 -0.346959 0.630000 0.420000 0.420000
0.205783 -9.805787 -0.265603 1.190000 1.190000 0.700000
0.205783 -9.805787 -0.265603 1.190000 1.190000 0.700000
0.177069 -10.066606 -0.263210 1.260000 -0.140000 1.610000
0.177069 -10.066606 -0.263210 1.260000 -0.140000 1.610000
0.212961 -9.949356 -0.165105 1.820000 -0.280000 1.470000
0.212961 -9.949356 -0.165105 1.820000 -0.280000 1.470000
0.212961 -9.949356 -0.165105 1.820000 -0.280000 1.470000
0.212961 -9.949356 -0.165105 1.820000 -0.280000 1.470000
