3.093920 -8.819944 2.888137 2.520000 -0.280000 0.280000
3.019742 -8.834301 2.770889 -5.110000 -0.280000 0.280000
3.026921 -8.812766 2.706282 1.540000 0.420000 0.980000
3.074777 -8.882158 2.773281 -2.100000 0.770000 1.890000
2.993421 -9.004191 2.883351 1.820000 1.190000 1.120000
2.993421 -9.004191 2.883351 1.820000 1.190000 1.120000
2.988636 -9.202796 2.737389 0.490000 3.710000 0.490000
2.988636 -9.202796 2.737389 0.490000 3.710000 0.490000
3.038885 -9.224331 3.361916 -4.550000 2.800000 3.570000
2.907279 -8.906086 2.768496 -5.740000 1.750000 5.040000
2.780460 -9.475577 2.627320 -21.420000 4.760000 4.270000
2.959922 -8.477771 3.093920 -50.680000 3.290000 8.890000
2.828316 -8.793623 3.211168 -72.309998 3.570000 14.490000
2.828316 -8.793623 3.211168 -72.309998 3.570000 14.490000
2.677568 -6.967900 0.966700 -128.940002 -14.350000 48.020000
2.677568 -6.967900 0.966700 -128.940002 -14.350000 48.020000
2.251646 -10.908878 -0.832702 -4.200000 -0.840000 -0.630000
2.251646 -10.908878 -0.832702 -4.200000 -0.840000 -0.630000
2.201397 -9.973285 0.753739 4.900000 -2.030000 7.560000
2.201397 -9.973285 0.753739 4.900000 -2.030000 7.560000
2.313859 -10.128819 0.193819 1.890000 -1.260000 0.980000
2.275574 -10.135997 0.337388 4.130000 -1.540000 -0.350000
2.239682 -10.305886 -0.011964 6.090000 0.210000 -1.540000
2.239682 -10.305886 -0.011964 6.090000 0.210000 -1.540000
2.199004 -9.968499 0.222532 6.300000 -0.350000 -1.260000
2.285146 -9.695717 0.413958 2.800000 -1.050000 -2.450000
2.282753 -9.554541 0.102891 -0.770000 -1.680000 -3.920000
2.275574 -9.231510 0.313460 6.160000 -0.630000 -2.240000
2.275574 -9.231510 0.313460 6.160000 -0.630000 -2.240000
2.342573 -9.195618 0.492921 3.710000 -1.960000 -0.980000
2.330609 -9.468399 0.253639 -2.380000 -0.630000 0.770000
2.378466 -9.583255 0.014357 0.280000 -1.050000 0.910000
2.378466 -9.583255 0.014357 0.280000 -1.050000 0.910000
2.263610 -9.817751 0.289532 -1.890000 -2.380000 0.560000
2.263610 -9.817751 0.289532 -1.890000 -2.380000 0.560000
2.306681 -9.717253 0.368495 0.630000 -0.840000 0.840000
2.306681 -9.717253 0.368495 0.630000 -0.840000 0.840000
