1.033699 -0.801596 9.568897 -0.490000 3.640000 2.520000
1.158126 -1.148555 9.377472 1.330000 2.590000 2.380000
1.158126 -1.148555 9.377472 1.330000 2.590000 2.380000
1.119841 -0.665205 9.377472 6.370000 4.200000 1.330000
1.167697 -0.885344 9.355937 10.220000 5.040000 1.890000
1.167697 -0.885344 9.355937 10.220000 5.040000 1.890000
1.057628 -0.344566 9.473185 11.620000 6.160000 0.910000
1.057628 -0.344566 9.473185 11.620000 6.160000 0.910000
1.069592 -0.375673 9.370294 5.320000 6.160000 -0.910000
1.220340 -0.705883 9.396614 17.010000 5.810000 -2.380000
1.239482 -0.605384 9.537791 43.610001 7.560000 -4.760000
1.170090 -0.909273 8.987441 62.230000 6.440000 -7.420000
1.253839 -0.136391 8.867801 144.339996 8.330000 -9.100000
0.581456 1.225125 7.774280 217.350006 4.690000 -11.760000
0.581456 1.225125 7.774280 217.350006 4.690000 -11.760000
1.167697 1.842474 7.546963 279.019989 3.010000 -15.120000
1.167697 1.842474 7.546963 279.019989 3.010000 -15.120000
0.622134 9.671788 4.168297 201.740005 0.770000 -23.799999
0.751346 9.621540 2.782853 159.389999 8.680000 -25.480000
0.729811 10.293922 2.720639 125.160004 11.410000 -21.910000
0.323031 9.176475 1.220340 127.540001 17.500000 -24.290001
0.323031 9.176475 1.220340 127.540001 17.500000 -24.290001
-0.344566 8.401200 0.583849 96.529999 17.500000 -23.730000
-0.181855 9.796216 -0.033500 96.879997 22.049999 -31.150000
-0.689133 9.286544 -0.595813 92.750000 25.690001 -32.549999
-0.689133 9.286544 -0.595813 92.750000 25.690001 -32.549999
-0.457029 9.827322 -1.416551 77.279999 24.080000 -33.389999
-1.165305 9.789038 -1.600798 61.670002 23.170000 -28.350000
-1.198804 9.887143 -1.452443 43.470001 19.950001 -24.780001
-1.356731 9.111869 -2.490928 47.810001 17.080000 -22.469999
-1.356731 9.111869 -2.490928 47.810001 17.080000 -22.469999
-1.682154 9.731609 -2.383251 0.560000 7.140000 -1.750000
-1.351945 9.745967 -2.225325 13.090000 8.540000 -1.680000
-1.459622 8.685946 -3.419343 11.550000 0.840000 0.630000
-1.459622 8.685946 -3.419343 11.550000 0.840000 0.630000
-1.186840 9.537791 -3.330809 13.090000 4.410000 0.840000
-1.239482 8.642875 -3.560520 14.140000 4.130000 -1.330000
-1.380659 8.492127 -4.000800 10.010000 5.110000 -0.630000
-1.653440 8.157133 -3.677768 -33.110001 -2.310000 3.290000
-1.653440 8.157133 -3.677768 -33.110001 -2.310000 3.290000
-1.866402 9.671788 -2.620141 -24.570000 4.900000 3.990000
-1.959722 9.334401 -2.603391 -43.889999 -4.270000 5.180000
-1.959722 9.334401 -2.603391 -43.889999 -4.270000 5.180000
-1.674976 10.214959 -2.184647 -50.330002 -7.420000 6.300000
