2.414358 -9.300901 2.311467 0.350000 0.700000 0.280000
2.328217 -9.406186 2.713461 2.660000 0.420000 1.610000
2.328217 -9.406186 2.713461 2.660000 0.420000 1.610000
2.304288 -9.544970 2.266003 4.200000 0.350000 1.470000
2.333002 -10.037891 1.308874 24.080000 4.620000 -0.210000
2.450250 -8.216952 3.529413 16.030001 -1.680000 -2.380000
2.450250 -8.216952 3.529413 16.030001 -1.680000 -2.380000
2.409572 -9.186047 3.038885 -15.680000 -3.150000 0.910000
2.555535 -9.741181 1.957329 12.180000 -6.440000 -3.360000
2.323431 -10.470992 2.529213 -28.840000 -14.420000 -2.030000
2.323431 -10.470992 2.529213 -28.840000 -14.420000 -2.030000
2.323431 -10.470992 2.529213 -28.840000 -14.420000 -2.030000
2.462214 -8.468199 2.890530 20.230000 -17.080000 -3.290000
2.443072 -8.477771 2.742175 -13.300000 -14.770000 6.720000
2.797210 -8.760124 2.091327 14.350000 -15.120000 -0.070000
2.797210 -8.760124 2.091327 14.350000 -15.120000 -0.070000
2.797210 -8.760124 2.091327 14.350000 -15.120000 -0.070000
2.708675 -8.405986 2.498107 -3.850000 -24.080000 -3.010000
2.579463 -9.262616 2.361716 -6.020000 -24.990000 -0.280000
2.665605 -8.951550 1.892723 7.490000 -24.430000 -0.630000
2.665605 -8.951550 1.892723 7.490000 -24.430000 -0.630000
2.514857 -9.272188 1.947758 0.070000 -22.260000 1.470000
2.679961 -9.363115 1.952543 -3.010000 -17.500000 3.080000
2.682354 -9.631111 1.801795 -0.350000 -15.470000 1.680000
2.816352 -9.403792 1.459622 0.840000 -13.930000 1.960000
2.629712 -9.339187 1.931008 -0.770000 -11.970000 1.820000
2.629712 -9.339187 1.931008 -0.770000 -11.970000 1.820000
2.842674 -9.384650 1.746760 -3.570000 -6.790000 -2.730000
2.830709 -9.272188 1.567299 -0.140000 -6.230000 -2.800000
2.830709 -9.272188 1.567299 -0.140000 -6.230000 -2.800000
2.780460 -9.214760 1.406980 0.490000 -1.540000 -0.210000
2.924029 -9.403792 1.641476 -7.560000 -0.420000 0.630000
2.861816 -9.434900 1.605584 -6.860000 -0.210000 1.540000
2.801995 -9.631111 1.619941 -1.470000 -0.980000 -0.560000
2.835495 -9.485149 1.617548 0.140000 0.210000 -0.770000
2.811567 -9.456435 1.576870 0.770000 1.540000 -1.190000
2.811567 -9.456435 1.576870 0.770000 1.540000 -1.190000
2.811567 -9.284152 1.806581 0.910000 1.680000 -1.260000
2.811567 -9.284152 1.806581 0.910000 1.680000 -1.260000
2.569891 -9.188439 1.708475 -1.820000 1.260000 0.070000
2.569891 -9.188439 1.708475 -1.820000 1.260000 0.070000
2.751746 -9.267403 1.751546 0.980000 2.870000 1.540000
2.699104 -9.466006 1.813759 6.300000 1.680000 0.910000
2.718246 -9.401401 1.859223 2.310000 1.120000 0.840000
