1.576870 -9.937392 2.696711 27.440001 9.660000 -11.760000
1.579263 -9.037691 4.079762 41.580002 9.730000 -25.480000
1.782653 -9.808180 3.900301 15.330000 11.410000 -28.630001
1.911865 -8.788837 4.185047 56.840000 16.100000 -30.799999
1.911865 -8.788837 4.185047 56.840000 16.100000 -30.799999
2.143969 -8.061419 4.388437 67.059998 13.930000 -35.000000
2.328217 -8.487342 4.029513 74.970001 13.720000 -36.959999
2.318645 -7.795816 5.788238 122.570000 10.920000 -45.430000
2.589034 -6.958328 5.783452 60.340000 11.410000 -42.770000
2.677568 -7.140182 6.685547 91.070000 16.730000 -38.639999
2.646462 -6.431907 6.910471 81.760002 18.129999 -42.000000
2.646462 -6.431907 6.910471 81.760002 18.129999 -42.000000
2.282753 -6.285945 7.831708 81.760002 16.379999 -44.520000
2.282753 -6.285945 7.831708 81.760002 16.379999 -44.520000
2.868994 -4.926822 7.982457 68.949997 13.860000 -50.959999
3.062813 -4.582255 8.097312 37.310001 10.850000 -52.150002
3.345166 -4.194618 7.771888 36.889999 7.980000 -49.910000
3.046063 -4.060620 8.300702 88.620003 11.900000 -52.220001
3.046063 -4.060620 8.300702 88.620003 11.900000 -52.220001
3.046063 -4.060620 8.300702 88.620003 11.900000 -52.220001
3.560520 -2.294717 8.056634 71.959999 5.670000 -49.490002
3.560520 -2.294717 8.056634 71.959999 5.670000 -49.490002
3.560520 -2.294717 8.056634 71.959999 5.670000 -49.490002
3.728018 -0.875773 8.894121 38.849998 4.690000 -25.690001
3.728018 -0.875773 8.894121 38.849998 4.690000 -25.690001
3.515057 -0.488136 9.329616 -4.620000 -2.590000 -14.700000
3.515057 -0.488136 9.329616 -4.620000 -2.590000 -14.700000
3.596412 -0.442672 9.006584 14.980000 -4.550000 -13.510000
3.596412 -0.442672 9.006584 14.980000 -4.550000 -13.510000
3.483950 -0.318245 8.980263 0.490000 -1.120000 -6.860000
3.483950 -0.318245 8.980263 0.490000 -1.120000 -6.860000
3.474378 -0.464208 9.241080 2.240000 2.800000 -3.430000
3.285345 -0.411566 9.068797 -5.040000 1.540000 0.210000
3.285345 -0.411566 9.068797 -5.040000 1.540000 0.210000
3.342773 -0.710668 9.174082 5.460000 -4.130000 0.980000
3.716053 -0.435494 8.738588 -1.470000 -4.130000 -0.210000
3.515057 -0.145962 8.877372 -7.350000 -0.910000 2.450000
3.515057 -0.145962 8.877372 -7.350000 -0.910000 2.450000
