2.086541 -9.707682 1.442872 -2.870000 0.350000 -0.700000
2.206182 -9.626326 1.378266 -0.140000 0.350000 -1.890000
2.115255 -9.571291 1.363909 -0.980000 -1.470000 0.420000
2.115255 -9.571291 1.363909 -0.980000 -1.470000 0.420000
1.988436 -9.635897 1.426122 -3.920000 0.350000 0.140000
1.923829 -9.820145 1.859223 -4.270000 -0.350000 -2.310000
1.988436 -9.410972 1.959722 -21.700001 -2.030000 -3.080000
1.988436 -9.410972 1.959722 -21.700001 -2.030000 -3.080000
1.976472 -9.336794 1.543371 -40.810001 -1.400000 -1.540000
1.993221 -10.272388 1.445265 -34.790001 -1.050000 -1.680000
2.088934 -9.126225 0.162712 -53.619999 2.730000 7.630000
2.057827 -10.923235 -0.069392 -35.560001 4.760000 0.980000
2.057827 -10.923235 -0.069392 -35.560001 4.760000 0.980000
2.292324 -8.927622 0.540778 -20.790001 0.770000 -0.490000
2.158326 -8.958728 -0.236889 -48.439999 3.780000 4.340000
2.000400 -10.016356 -1.543371 -62.439999 11.970000 5.880000
1.950150 -9.540184 -1.220340 -48.720001 17.850000 5.460000
1.950150 -9.540184 -1.220340 -48.720001 17.850000 5.460000
1.890330 -9.200402 -1.557728 -57.959999 24.920000 11.480000
1.978864 -9.504292 -2.541178 -56.000000 44.029999 19.250000
1.978864 -9.504292 -2.541178 -56.000000 44.029999 19.250000
1.648655 -10.353743 -2.825923 -18.340000 50.400002 13.860000
1.648655 -10.353743 -2.825923 -18.340000 50.400002 13.860000
1.648655 -10.353743 -2.825923 -18.340000 50.400002 13.860000
1.785046 -8.662018 -0.971486 27.370001 30.940001 3.500000
2.328217 -9.157332 -0.272782 19.670000 18.340000 2.520000
2.328217 -9.157332 -0.272782 19.670000 18.340000 2.520000
2.328217 -9.157332 -0.272782 19.670000 18.340000 2.520000
2.328217 -9.157332 -0.272782 19.670000 18.340000 2.520000
1.801795 -9.623933 -1.069592 0.700000 0.700000 1.890000
1.785046 -9.879964 -1.079163 3.150000 2.520000 1.890000
1.852045 -9.702895 -0.993021 5.530000 2.380000 2.380000
1.852045 -9.702895 -0.993021 5.530000 2.380000 2.380000
1.852045 -9.702895 -0.993021 5.530000 2.380000 2.380000
1.696511 -9.676575 -0.937986 3.850000 2.170000 1.120000
1.986043 -9.595219 -0.610170 4.900000 0.910000 1.680000
1.698904 -9.327222 -0.830309 4.690000 -0.700000 0.700000
1.768296 -9.698111 -0.837488 -1.680000 1.120000 4.060000
1.768296 -9.698111 -0.837488 -1.680000 1.120000 4.060000
1.698904 -9.731609 -0.835095 0.420000 0.840000 2.800000
1.648655 -9.576077 -0.722632 -1.120000 1.260000 2.030000
1.725225 -10.035499 -0.899701 -0.280000 1.260000 3.850000
1.940579 -9.908678 -0.693919 1.820000 0.420000 3.290000
1.557728 -9.999605 -0.681954 4.340000 -0.350000 1.190000
1.706082 -10.200603 -0.909273 -0.910000 0.910000 0.350000
