2.311467 -9.329616 2.486143 -6.790000 3.290000 3.710000
2.311467 -9.329616 2.486143 -6.790000 3.290000 3.710000
2.330609 -9.334401 2.545963 -7.280000 3.500000 3.010000
2.330609 -9.334401 2.545963 -7.280000 3.500000 3.010000
2.330609 -9.334401 2.545963 -7.280000 3.500000 3.010000
2.347359 -9.315259 2.577070 -2.030000 3.570000 3.360000
2.407180 -9.272188 2.385644 -0.490000 3.360000 3.010000
2.407180 -9.272188 2.385644 -0.490000 3.360000 3.010000
2.285146 -9.221939 2.498107 -4.760000 3.640000 2.940000
2.285146 -9.221939 2.498107 -4.760000 3.640000 2.940000
2.285146 -9.221939 2.498107 -4.760000 3.640000 2.940000
2.316252 -9.159724 2.076970 -94.430000 -2.940000 1.890000
2.428715 -9.817751 1.371087 -92.470001 -6.720000 3.290000
2.428715 -9.817751 1.371087 -92.470001 -6.720000 3.290000
2.316252 -9.588040 0.004786 -141.330002 -7.910000 3.570000
2.316252 -9.588040 0.004786 -141.330002 -7.910000 3.570000
2.431108 -8.195417 -0.562313 -199.500000 -12.740000 -0.700000
2.431108 -8.195417 -0.562313 -199.500000 -12.740000 -0.700000
2.373680 -9.628718 -2.543570 -198.660004 -12.670000 2.170000
2.490928 -8.925228 -3.763910 -142.589996 -6.860000 -1.330000
2.476572 -7.642675 -4.661219 -129.289993 -0.420000 -3.010000
2.476572 -7.642675 -4.661219 -129.289993 -0.420000 -3.010000
2.476572 -7.642675 -4.661219 -129.289993 -0.420000 -3.010000
2.610569 -7.125826 -6.132804 -126.840004 -7.280000 -6.020000
2.584249 -7.515855 -6.551548 -121.940002 -9.030000 -4.270000
2.646462 -6.460621 -7.247860 -70.489998 -10.780000 -9.660000
2.646462 -6.460621 -7.247860 -70.489998 -10.780000 -9.660000
2.486143 -6.362515 -7.147361 -61.950001 -11.760000 -10.290000
2.340181 -5.527420 -7.515855 -33.810001 -9.450000 -1.820000
2.340181 -5.527420 -7.515855 -33.810001 -9.450000 -1.820000
2.349752 -5.647062 -8.080563 -26.320000 -4.130000 -0.140000
2.349752 -5.647062 -8.080563 -26.320000 -4.130000 -0.140000
2.182254 -4.960321 -7.970492 -48.650002 -9.870000 -9.240000
2.182254 -4.960321 -7.970492 -48.650002 -9.870000 -9.240000
2.311467 -4.895715 -8.240881 -45.570000 -11.410000 -9.730000
2.311467 -4.895715 -8.240881 -45.570000 -11.410000 -9.730000
2.277967 -4.208975 -8.762517 -49.560001 -6.510000 -10.920000
2.251646 -4.201797 -8.834301 -17.080000 -1.680000 -5.320000
2.069792 -3.730411 -8.571091 -25.690001 -0.980000 -2.520000
2.069792 -3.730411 -8.571091 -25.690001 -0.980000 -2.520000
2.069792 -3.730411 -8.571091 -25.690001 -0.980000 -2.520000
2.112862 -3.850052 -8.910872 -6.650000 -4.130000 0.070000
2.112862 -3.850052 -8.910872 -6.650000 -4.130000 0.070000
2.112862 -3.850052 -8.910872 -6.650000 -4.130000 0.070000
2.112862 -3.850052 -8.910872 -6.650000 -4.130000 0.070000
2.112862 -3.850052 -8.910872 -6.650000 -4.130000 0.070000
2.053042 -3.625126 -8.997013 0.420000 3.360000 3.500000
2.053042 -3.625126 -8.997013 0.420000 3.360000 3.500000
2.117648 -4.072584 -8.977871 -1.960000 5.880000 3.780000
2.117648 -4.072584 -8.977871 -1.960000 5.880000 3.780000
2.208575 -4.027121 -8.843873 2.100000 5.950000 3.710000
