1.217947 1.158126 9.432507 0.070000 0.840000 -0.140000
1.213161 1.112662 9.363115 0.840000 0.700000 -0.280000
1.189233 1.174876 9.422935 0.350000 0.770000 0.840000
1.189233 1.174876 9.422935 0.350000 0.770000 0.840000
1.138984 1.069592 9.415757 -0.210000 0.630000 0.280000
1.177269 1.217947 9.501899 2.940000 1.680000 0.350000
1.177269 1.217947 9.501899 2.940000 1.680000 0.350000
1.153341 1.287339 9.432507 0.210000 0.980000 0.910000
1.191626 1.174876 9.446864 -0.420000 1.050000 0.910000
1.155733 1.143769 9.410972 0.490000 0.560000 0.560000
1.256232 1.172483 9.420543 0.420000 0.770000 -0.490000
1.256232 1.172483 9.420543 0.420000 0.770000 -0.490000
1.203590 1.311267 9.432507 -0.070000 0.770000 -0.490000
1.201197 1.153341 9.468399 -1.050000 0.210000 0.070000
1.184447 1.229911 9.418150 0.770000 0.700000 0.350000
1.174876 1.246661 9.415757 -0.700000 0.210000 0.140000
1.241875 1.160519 9.358330 -0.280000 0.140000 0.420000
1.162912 1.210768 9.387043 1.330000 0.840000 0.490000
1.162912 1.210768 9.387043 1.330000 0.840000 0.490000
1.136591 1.198804 9.298509 -0.210000 0.840000 0.280000
1.155733 1.138984 9.226725 -0.980000 0.420000 -0.840000
1.284946 1.337588 9.540184 14.140000 1.260000 0.350000
1.210768 1.581656 9.573684 -2.310000 0.140000 1.330000
1.351945 1.170090 9.434900 -2.240000 -1.260000 1.890000
1.351945 1.170090 9.434900 -2.240000 -1.260000 1.890000
1.134198 1.282553 9.425328 0.560000 0.770000 2.100000
1.158126 1.215554 9.387043 -1.260000 0.350000 1.540000
1.186840 1.217947 9.312866 -1.190000 0.280000 0.980000
1.277767 1.186840 9.253045 -1.960000 0.280000 0.350000
1.234696 1.177269 9.389436 -0.630000 0.420000 0.070000
1.115055 1.177269 9.202796 -1.470000 0.350000 -0.350000
1.203590 1.155733 9.157332 -0.700000 0.560000 -0.630000
1.258625 1.464408 9.403792 1.470000 2.310000 -0.700000
1.263410 1.306481 9.365508 -1.680000 2.100000 0.420000
1.184447 1.277767 9.458827 0.770000 2.870000 1.120000
1.158126 1.213161 9.458827 -1.470000 2.100000 0.630000
1.136591 1.158126 9.394222 -0.770000 1.470000 0.140000
1.148555 1.256232 9.506684 -0.070000 1.190000 -0.770000
1.148555 1.332802 9.544970 -1.050000 0.420000 -0.070000
1.170090 1.239482 9.461221 -3.710000 -0.280000 -0.770000
1.124627 1.306481 9.308081 -1.680000 -0.700000 -0.630000
1.234696 1.241875 9.245867 -1.120000 -0.840000 -0.910000
1.234696 1.241875 9.245867 -1.120000 -0.840000 -0.910000
1.098306 1.332802 9.284152 -0.630000 -0.140000 -0.350000
