-1.737189 -9.016156 3.062813 2.590000 0.490000 -0.210000
-1.658226 -9.265009 3.175276 -2.660000 0.630000 1.120000
-1.686940 -9.231510 3.156133 -0.770000 1.260000 -0.140000
-1.686940 -9.231510 3.156133 -0.770000 1.260000 -0.140000
-1.667797 -9.107083 3.311667 1.260000 1.190000 0.420000
-1.691726 -9.250652 3.254239 -1.890000 0.980000 1.750000
-1.713261 -9.396614 3.108276 -0.420000 0.140000 0.490000
-1.758725 -8.932407 3.495914 -0.210000 0.490000 1.120000
-1.758725 -8.932407 3.495914 -0.210000 0.490000 1.120000
-1.720440 -9.595219 2.897708 -2.030000 0.700000 0.280000
-1.696511 -9.085547 3.304488 0.980000 -0.070000 0.770000
-1.696511 -9.085547 3.304488 0.980000 -0.070000 0.770000
-1.686940 -9.107083 3.187240 3.430000 0.350000 2.100000
-1.768296 -9.461221 3.031706 -2.170000 -0.560000 -0.700000
-1.768296 -9.461221 3.031706 -2.170000 -0.560000 -0.700000
-1.794617 -9.133404 3.189633 0.980000 0.070000 1.050000
-1.722832 -9.020942 3.448057 4.270000 -0.490000 0.770000
-1.689333 -9.073583 3.125026 -1.190000 0.630000 1.400000
-1.856830 -9.291330 3.098706 0.140000 -0.140000 -2.310000
-1.612763 -8.874979 3.354738 3.290000 -1.400000 0.560000
-1.674976 -9.131011 3.141776 -1.330000 0.630000 0.560000
-1.674976 -9.131011 3.141776 -1.330000 0.630000 0.560000
-1.749153 -9.257831 3.146562 1.190000 1.400000 -0.700000
-1.749153 -9.257831 3.146562 1.190000 1.400000 -0.700000
-1.615155 -9.202796 3.182454 -1.120000 -0.070000 0.700000
-1.727618 -9.075976 3.148954 1.120000 -0.350000 1.610000
-1.727618 -9.075976 3.148954 1.120000 -0.350000 1.610000
-1.710868 -9.312866 3.196811 -0.840000 -0.420000 0.630000
-1.701297 -9.119047 3.275774 0.210000 -0.420000 0.490000
-1.674976 -9.427721 3.098706 -1.680000 -0.140000 0.630000
-1.667797 -9.056834 3.294917 0.210000 0.280000 0.980000
-1.684547 -9.351151 3.113062 0.630000 0.840000 1.050000
-1.684547 -9.351151 3.113062 0.630000 0.840000 1.050000
-1.703690 -9.262616 3.208775 -2.170000 0.770000 -0.210000
-1.703690 -9.262616 3.208775 -2.170000 0.770000 -0.210000
-1.624727 -9.248260 3.153740 -1.540000 0.840000 0.140000
-1.820938 -9.343972 3.139383 -0.700000 1.050000 0.140000
-1.739582 -9.310472 3.206382 -0.490000 0.910000 -0.630000
-1.703690 -9.202796 3.345166 -2.660000 0.140000 -0.420000
-1.703690 -9.202796 3.345166 -2.660000 0.140000 -0.420000
-1.816152 -9.320045 3.175276 -2.240000 0.770000 -0.910000
-1.698904 -9.140583 3.309274 0.630000 0.350000 -1.400000
-1.708475 -9.205189 3.268596 -2.310000 0.350000 -1.750000
