2.005185 -9.815358 1.368695 1.400000 4.620000 2.870000
1.954936 -9.710074 1.272982 14.490000 7.210000 0.770000
1.954936 -9.710074 1.272982 14.490000 7.210000 0.770000
2.005185 -9.887143 1.411765 15.330000 7.210000 0.350000
2.007578 -9.848858 1.555335 43.610001 10.850000 -0.490000
1.947758 -9.822537 1.739582 59.080002 12.810000 -0.770000
2.041078 -9.312866 2.297110 60.760002 17.780001 1.610000
1.971686 -9.607183 2.416751 70.769997 23.379999 0.350000
1.801795 -9.638289 2.823531 73.779999 24.920000 -1.820000
2.031506 -9.547362 2.859423 124.949997 25.059999 -5.740000
1.734797 -8.063812 4.307081 186.199997 32.970001 -12.810000
1.727618 -7.398607 5.558527 186.970001 16.870001 -22.680000
2.002793 -4.981857 7.432107 220.080002 29.820000 -22.260000
2.002793 -4.981857 7.432107 220.080002 29.820000 -22.260000
2.002793 -4.981857 7.432107 220.080002 29.820000 -22.260000
2.017149 -3.371487 7.649854 191.449997 23.379999 -18.340000
1.351945 -1.313660 8.937192 141.960007 18.200001 -14.700000
1.720440 -0.614955 9.090333 132.440002 22.330000 -10.710000
1.507478 0.801596 9.375079 129.220001 25.900000 -6.650000
1.507478 0.801596 9.375079 129.220001 25.900000 -6.650000
1.507478 0.801596 9.375079 129.220001 25.900000 -6.650000
1.507478 0.801596 9.375079 129.220001 25.900000 -6.650000
1.507478 0.801596 9.375079 129.220001 25.900000 -6.650000
1.507478 0.801596 9.375079 129.220001 25.900000 -6.650000
1.507478 0.801596 9.375079 129.220001 25.900000 -6.650000
1.507478 0.801596 9.375079 129.220001 25.900000 -6.650000
1.014557 2.323431 9.576077 -6.160000 6.090000 3.990000
0.880559 2.268396 9.322437 -4.760000 5.810000 4.550000
0.784846 2.452643 9.384650 -9.450000 5.460000 4.970000
0.784846 2.452643 9.384650 -9.450000 5.460000 4.970000
0.947558 2.000400 9.324830 -4.620000 4.340000 2.730000
0.947558 2.000400 9.324830 -4.620000 4.340000 2.730000
0.918844 2.005185 9.346365 -13.230000 4.060000 5.740000
0.918844 2.005185 9.346365 -13.230000 4.060000 5.740000
0.995414 1.871187 9.238688 -7.070000 3.990000 4.340000
0.981057 2.103291 9.092726 -8.260000 4.270000 4.760000
