3.883551 -8.690732 2.256432 -4.690000 -2.310000 7.700000
3.598805 -8.295916 2.057827 -0.420000 -2.870000 7.980000
2.952743 -7.228717 1.890330 -2.170000 -4.550000 14.560000
2.732604 -6.412765 1.263410 -11.480000 -3.220000 22.750000
2.569891 -6.396015 1.339981 -4.760000 0.140000 31.990000
2.569891 -6.396015 1.339981 -4.760000 0.140000 31.990000
1.677369 -5.788238 1.021735 -25.410000 12.530000 57.889999
1.428515 -6.474977 1.091127 -8.540000 17.219999 66.779999
0.004786 -5.828916 1.397408 1.260000 23.450001 82.669998
-0.131605 -7.745567 1.454836 -30.590000 18.129999 98.349998
-0.131605 -7.745567 1.454836 -30.590000 18.129999 98.349998
-0.610170 -7.855636 1.550549 -7.770000 21.490000 106.050003
-2.502892 -9.473185 1.371087 -12.250000 19.110001 129.990005
-3.163311 -9.513863 2.041078 2.730000 21.770000 129.500000
-3.163311 -9.513863 2.041078 2.730000 21.770000 129.500000
-3.984050 -9.738789 1.004985 -18.410000 15.260000 130.619995
-4.381258 -11.420943 2.206182 -5.250000 7.210000 137.970001
-5.139783 -10.810772 1.552942 -1.330000 10.080000 127.610001
-6.142376 -10.932807 0.555135 -20.719999 6.720000 127.400002
-6.719046 -10.071390 1.801795 8.190000 9.100000 116.550003
-7.089933 -8.956335 0.765703 -4.410000 10.710000 109.410004
-7.520642 -10.176675 0.629312 -16.100000 0.560000 122.779999
-7.558927 -7.865208 0.315853 -35.770000 -10.150000 101.639999
-8.236095 -10.284351 -0.050249 -7.350000 -5.320000 113.680000
-8.236095 -10.284351 -0.050249 -7.350000 -5.320000 113.680000
-8.695518 -8.027920 0.375673 30.520000 9.520000 94.849998
-8.276773 -8.338986 0.428315 13.930000 12.180000 83.230003
-8.551948 -8.819944 1.198804 8.400000 18.549999 68.389999
-8.293523 -7.156933 1.753939 -7.560000 13.580000 48.230000
-8.166703 -8.054241 0.744168 6.440000 3.990000 38.639999
-8.166703 -8.054241 0.744168 6.440000 3.990000 38.639999
-8.396415 -7.022934 0.875773 26.460001 7.000000 29.750000
-8.391629 -6.592227 0.873380 21.910000 9.240000 23.240000
-8.810372 -5.663811 0.830309 6.090000 9.170000 3.780000
-8.810372 -5.663811 0.830309 6.090000 9.170000 3.780000
-8.429914 -5.130211 0.957129 1.820000 4.200000 -1.120000
-8.429914 -5.130211 0.957129 1.820000 4.200000 -1.120000
-8.662018 -4.670790 0.720240 -11.620000 -2.940000 -1.470000
-8.662018 -4.670790 0.720240 -11.620000 -2.940000 -1.470000
-8.573483 -4.907679 0.684347 -10.430000 -5.040000 0.980000
