0.997807 -9.844072 -0.674776 -1.260000 -0.140000 -0.070000
0.937986 -9.920642 -0.545564 0.350000 0.490000 0.140000
0.990629 -9.872787 -0.631705 -0.910000 1.400000 0.210000
0.990629 -9.872787 -0.631705 -0.910000 1.400000 0.210000
0.942772 -9.812965 -0.521635 0.770000 1.680000 0.280000
0.983450 -9.970891 -0.622134 -3.010000 1.050000 1.260000
0.983450 -9.970891 -0.622134 -3.010000 1.050000 1.260000
1.004985 -9.942179 -0.602991 2.100000 0.700000 -0.280000
0.954736 -9.980463 -0.459422 0.770000 0.980000 0.070000
0.954736 -9.980463 -0.459422 0.770000 0.980000 0.070000
1.024128 -9.951750 -0.562313 -1.330000 1.050000 0.210000
0.978664 -9.808180 -0.567099 1.120000 1.470000 -0.070000
0.978664 -9.808180 -0.567099 1.120000 1.470000 -0.070000
0.978664 -9.808180 -0.567099 1.120000 1.470000 -0.070000
0.961915 -9.856036 -0.507278 0.980000 1.050000 0.140000
0.957129 -9.834501 -0.607777 -1.890000 0.420000 0.630000
0.916451 -9.896714 -0.583849 -0.700000 0.840000 0.420000
0.921237 -9.961320 -0.521635 0.350000 0.770000 0.210000
0.964308 -9.944571 -0.593420 0.210000 0.420000 0.350000
0.966700 -9.985250 -0.665205 -0.350000 1.050000 0.140000
0.966700 -9.985250 -0.665205 -0.350000 1.050000 0.140000
0.894916 -9.726824 -0.557528 0.910000 1.470000 0.490000
0.894916 -9.726824 -0.557528 0.910000 1.470000 0.490000
1.019342 -9.903893 -0.540778 0.350000 1.120000 0.980000
1.009771 -9.836893 -0.607777 -2.030000 0.560000 0.630000
0.914058 -9.958927 -0.502493 -0.700000 0.070000 0.350000
0.914058 -9.958927 -0.502493 -0.700000 0.070000 0.350000
0.990629 -10.006784 -0.677169 0.210000 -0.140000 0.280000
0.990629 -10.006784 -0.677169 0.210000 -0.140000 0.280000
0.914058 -9.894321 -0.512064 1.890000 0.700000 0.420000
0.961915 -9.927821 -0.466600 1.190000 -0.140000 0.210000
0.859023 -9.923036 -0.555135 -0.770000 0.280000 0.070000
0.954736 -9.822537 -0.509671 1.260000 0.280000 0.140000
0.995414 -9.851252 -0.409173 1.680000 0.210000 0.350000
1.033699 -9.899107 -0.602991 -1.400000 0.140000 0.560000
0.961915 -9.887143 -0.679562 -1.820000 0.630000 0.700000
0.904487 -10.004392 -0.550349 1.260000 0.630000 0.070000
