-0.045464 -9.712467 2.021935 -7.070000 4.270000 2.100000
-0.153141 -9.700503 1.919044 -3.640000 5.390000 2.030000
-0.126820 -9.774680 1.931008 -7.700000 4.410000 2.030000
-0.126820 -9.774680 1.931008 -7.700000 4.410000 2.030000
-0.143569 -9.724431 1.892723 -6.860000 4.900000 2.030000
-0.143569 -9.724431 1.892723 -6.860000 4.900000 2.030000
-0.122034 -9.628718 1.935793 -5.250000 5.040000 2.520000
-0.169890 -9.678967 1.962115 -4.760000 6.090000 3.570000
-0.098106 -9.745967 2.002793 -5.530000 5.880000 3.990000
-0.098106 -9.745967 2.002793 -5.530000 5.880000 3.990000
-0.095713 -9.865608 2.079363 -5.670000 5.180000 3.220000
-0.138784 -9.872787 2.067399 -5.950000 4.690000 2.870000
-0.138784 -9.872787 2.067399 -5.950000 4.690000 2.870000
-0.167498 -9.812965 2.029114 -4.480000 4.970000 2.170000
-0.095713 -9.724431 2.014757 -4.690000 5.040000 2.030000
-0.095713 -9.650253 1.945365 -5.530000 5.530000 1.680000
-0.095713 -9.650253 1.945365 -5.530000 5.530000 1.680000
-0.124427 -9.518648 2.026721 -4.690000 5.530000 2.310000
-0.143569 -9.592826 2.019542 -6.020000 5.110000 3.220000
-0.117248 -9.638289 1.964507 -6.300000 5.250000 2.730000
-0.117248 -9.700503 2.065006 -5.740000 5.250000 3.920000
-0.117248 -9.700503 2.065006 -5.740000 5.250000 3.920000
-0.184247 -9.767502 2.072184 -6.720000 4.270000 3.360000
-0.107677 -9.798609 2.007578 -5.250000 3.710000 3.430000
-0.105284 -9.834501 2.029114 -4.690000 3.850000 3.430000
-0.215354 -9.772287 2.081756 -4.550000 4.060000 2.940000
-0.145962 -9.808180 1.923829 -5.250000 3.080000 2.800000
-0.093320 -9.745967 1.931008 -6.510000 3.080000 2.870000
-0.143569 -9.743573 1.945365 -6.300000 3.640000 2.590000
-0.160319 -9.693325 1.806581 -6.580000 3.640000 2.450000
-0.174676 -9.597611 1.823331 -5.250000 4.130000 2.730000
-0.174676 -9.597611 1.823331 -5.250000 4.130000 2.730000
-0.153141 -9.643075 1.792224 -8.260000 4.970000 3.990000
-0.133998 -9.738789 1.818545 -6.860000 6.930000 3.150000
-0.114855 -9.738789 1.813759 -6.160000 7.770000 3.080000
-0.114855 -9.738789 1.813759 -6.160000 7.770000 3.080000
-0.157926 -9.801002 2.127219 -6.160000 7.140000 3.710000
-0.157926 -9.801002 2.127219 -6.160000 7.140000 3.710000
-0.236889 -9.803394 2.153540 -6.300000 6.230000 3.850000
-0.236889 -9.803394 2.153540 -6.300000 6.230000 3.850000
-0.236889 -9.803394 2.153540 -6.300000 6.230000 3.850000
-0.236889 -9.803394 2.153540 -6.300000 6.230000 3.850000
-0.236889 -9.803394 2.153540 -6.300000 6.230000 3.850000
-0.148355 -9.717253 1.919044 -7.420000 3.430000 2.450000
-0.122034 -9.777073 1.971686 -6.860000 4.270000 1.890000
-0.181855 -9.628718 1.878366 -4.200000 5.110000 2.660000
-0.265603 -9.810574 1.938186 -7.630000 5.390000 3.080000
-0.265603 -9.810574 1.938186 -7.630000 5.390000 3.080000
-0.244068 -9.765109 1.998007 -4.130000 5.950000 2.660000
-0.244068 -9.765109 1.998007 -4.130000 5.950000 2.660000
-0.186640 -9.686146 2.112862 -3.150000 5.530000 3.430000
