1.174876 -10.107283 1.036092 0.420000 3.150000 3.570000
1.194018 -10.040283 0.796810 -7.070000 2.100000 1.190000
1.194018 -10.040283 0.796810 -7.070000 2.100000 1.190000
1.210768 -9.944571 0.863809 -4.550000 1.890000 0.140000
1.196411 -9.812965 0.725025 -2.590000 3.080000 -0.840000
1.272982 -9.868000 0.703490 -2.870000 4.690000 -0.560000
1.272982 -9.868000 0.703490 -2.870000 4.690000 -0.560000
1.191626 -9.626326 0.811167 -1.400000 3.360000 1.260000
1.191626 -9.626326 0.811167 -1.400000 3.360000 1.260000
1.191626 -9.626326 0.811167 -1.400000 3.360000 1.260000
1.191626 -9.626326 0.811167 -1.400000 3.360000 1.260000
1.191626 -9.626326 0.811167 -1.400000 3.360000 1.260000
1.191626 -9.626326 0.811167 -1.400000 3.360000 1.260000
1.191626 -9.626326 0.811167 -1.400000 3.360000 1.260000
1.191626 -9.626326 0.811167 -1.400000 3.360000 1.260000
1.191626 -9.626326 0.811167 -1.400000 3.360000 1.260000
1.292124 -9.669396 0.887737 -5.390000 3.990000 4.270000
1.222732 -9.877571 0.918844 -6.510000 3.360000 3.990000
1.222732 -9.877571 0.918844 -6.510000 3.360000 3.990000
1.222732 -9.877571 0.918844 -6.510000 3.360000 3.990000
1.289732 -9.870394 0.863809 -7.980000 3.640000 2.590000
1.318445 -9.889536 0.823131 -9.800000 4.200000 2.520000
1.318445 -9.889536 0.823131 -9.800000 4.200000 2.520000
1.213161 -9.765109 0.794417 -4.690000 5.600000 1.680000
1.229911 -9.712467 0.863809 -5.740000 4.410000 2.380000
1.258625 -9.769895 0.904487 -5.950000 3.990000 2.660000
1.289732 -9.870394 0.827917 -6.370000 5.320000 3.850000
1.287339 -9.829715 0.866202 -4.760000 4.970000 3.570000
1.239482 -9.750752 0.890130 -5.180000 3.990000 2.520000
1.158126 -9.726824 0.949951 -5.180000 5.110000 3.150000
1.342373 -9.798609 0.894916 -4.410000 4.760000 3.430000
1.179662 -9.899107 0.775275 -8.400000 4.060000 2.940000
1.325624 -9.918249 0.892523 -7.280000 4.900000 2.870000
1.241875 -9.777073 0.806381 -7.070000 5.110000 1.540000
1.241875 -9.777073 0.806381 -7.070000 5.110000 1.540000
1.217947 -9.805787 0.844666 -5.600000 5.320000 2.940000
1.320838 -9.927821 0.792024 -6.790000 4.480000 1.750000
1.320838 -9.927821 0.792024 -6.790000 4.480000 1.750000
1.320838 -9.927821 0.792024 -6.790000 4.480000 1.750000
1.282553 -9.834501 0.835095 -6.160000 5.180000 1.960000
1.268196 -9.839286 0.815953 -6.650000 5.390000 1.540000
1.268196 -9.839286 0.815953 -6.650000 5.390000 1.540000
1.241875 -9.736395 0.866202 -2.870000 6.930000 1.960000
1.342373 -9.796216 0.823131 -5.390000 5.250000 2.240000
1.301696 -9.832108 0.904487 -4.830000 4.900000 2.310000
1.301696 -9.832108 0.904487 -4.830000 4.900000 2.310000
1.246661 -9.738789 0.760918 -5.390000 5.110000 1.890000
1.253839 -9.793823 0.859023 -7.770000 5.110000 2.730000
1.253839 -9.793823 0.859023 -7.770000 5.110000 2.730000
1.227518 -9.793823 0.820738 -3.710000 5.670000 2.870000
1.241875 -9.777073 0.899701 -5.740000 5.320000 3.570000
1.289732 -9.891929 0.878166 -6.510000 4.900000 3.640000
1.289732 -9.891929 0.878166 -6.510000 4.900000 3.640000
1.292124 -9.755538 0.894916 -5.600000 5.600000 2.940000
1.392623 -9.903893 0.916451 -6.160000 4.970000 3.500000
1.440479 -9.777073 0.801596 -6.300000 4.060000 2.310000
1.440479 -9.777073 0.801596 -6.300000 4.060000 2.310000
1.368695 -9.683753 0.713061 -6.790000 5.250000 3.430000
1.395016 -9.705289 0.736989 -6.720000 5.390000 5.110000
1.220340 -9.932607 0.784846 -1.680000 6.020000 6.160000
