1.658226 -9.422935 3.335595 35.279999 0.070000 -14.980000
1.584049 -9.537791 3.469593 55.230000 1.120000 -19.180000
1.584049 -9.537791 3.469593 55.230000 1.120000 -19.180000
1.615155 -10.006784 4.577469 61.529999 4.340000 -37.099998
1.966900 -9.444471 3.859623 66.849998 -1.400000 -52.360001
2.567499 -8.659625 5.300103 93.800003 8.750000 -81.830002
2.567499 -8.659625 5.300103 93.800003 8.750000 -81.830002
3.041277 -7.520642 6.058627 85.400002 6.020000 -83.930000
3.452843 -7.264609 5.532206 90.510002 6.090000 -82.389999
3.457629 -5.871986 6.376873 90.300003 6.160000 -78.889999
4.232903 -5.223531 6.860222 96.389999 5.110000 -77.699997
3.931407 -4.890929 7.307681 90.160004 -3.850000 -73.709999
3.931407 -4.890929 7.307681 90.160004 -3.850000 -73.709999
4.479364 -3.847659 7.523034 80.360001 -5.040000 -78.959999
4.426722 -3.345166 7.779066 63.910000 -6.720000 -78.680000
5.182854 -2.048256 7.350751 48.580002 -11.970000 -69.860001
5.182854 -2.048256 7.350751 48.580002 -11.970000 -69.860001
5.082355 -1.730011 7.731210 50.959999 -12.040000 -67.410004
5.237889 -1.074377 7.508677 56.209999 -10.990000 -61.180000
5.343173 -0.354138 7.513463 31.990000 -14.070000 -55.160000
5.087141 0.014357 7.582855 38.709999 -9.450000 -41.160000
5.769095 0.208176 7.477571 5.670000 -12.670000 -36.330002
5.726025 0.622134 7.489535 6.720000 -10.990000 -29.960001
5.575277 0.344566 7.420143 16.379999 -9.310000 -26.040001
5.895915 0.830309 7.240681 0.350000 -6.020000 -19.950001
5.596812 0.918844 7.338787 1.260000 -1.820000 -7.770000
5.800202 0.820738 7.523034 -10.220000 0.210000 -0.630000
5.737988 0.571885 7.515855 -3.080000 0.910000 1.050000
5.848059 0.485743 7.556533 -1.610000 3.640000 1.120000
5.680561 0.040678 7.843673 -9.870000 1.820000 2.730000
5.680561 0.040678 7.843673 -9.870000 1.820000 2.730000
5.661418 0.093320 7.850852 -9.730000 0.980000 0.700000
5.661418 0.093320 7.850852 -9.730000 0.980000 0.700000
5.749953 0.370888 7.712067 -13.090000 0.420000 2.380000
5.649454 0.133998 7.838887 -15.470000 -0.070000 3.780000
