1.131805 -9.958927 -0.248854 -4.060000 -1.680000 -0.350000
1.131805 -9.958927 -0.248854 -4.060000 -1.680000 -0.350000
1.146162 -10.112068 -0.464208 -5.880000 -2.520000 -0.910000
1.134198 -9.978070 -0.394816 -2.520000 -0.350000 -1.330000
1.105484 -10.009177 -0.466600 -2.800000 -0.700000 -1.400000
1.105484 -10.009177 -0.466600 -2.800000 -0.700000 -1.400000
1.031307 -9.937392 -0.452243 1.820000 -0.560000 -1.400000
1.002593 -9.676575 -0.380459 3.640000 0.840000 -1.470000
1.076770 -9.738789 -0.208176 2.870000 1.330000 -0.280000
1.205983 -9.920642 -0.394816 0.700000 1.120000 0.140000
1.205983 -9.920642 -0.394816 0.700000 1.120000 0.140000
1.117448 -9.791430 -0.459422 -1.960000 -0.630000 0.140000
1.117448 -9.791430 -0.459422 -1.960000 -0.630000 0.140000
1.064806 -9.798609 -0.480957 0.070000 -0.420000 -0.350000
1.064806 -9.798609 -0.480957 0.070000 -0.420000 -0.350000
1.155733 -9.839286 -0.385244 -1.330000 0.420000 0.560000
1.105484 -9.975677 -0.289532 0.560000 -0.420000 0.210000
1.122234 -9.982857 -0.404387 -2.030000 -0.350000 0.350000
1.122234 -9.982857 -0.404387 -2.030000 -0.350000 0.350000
1.021735 -9.970891 -0.413958 -2.310000 -0.490000 0.350000
1.040878 -9.899107 -0.380459 -0.070000 -0.280000 -0.700000
1.040878 -9.899107 -0.380459 -0.070000 -0.280000 -0.700000
1.167697 -9.894321 -0.569492 -1.260000 0.490000 -0.910000
1.024128 -9.896714 -0.416351 1.260000 0.280000 -0.700000
1.076770 -9.801002 -0.538385 2.310000 0.280000 -0.280000
1.016950 -9.772287 -0.452243 1.400000 1.050000 0.140000
1.098306 -9.714860 -0.318245 0.770000 1.400000 0.490000
1.105484 -9.801002 -0.368495 0.910000 1.050000 1.120000
1.122234 -9.958927 -0.428315 -3.290000 -0.070000 1.050000
1.103091 -10.004392 -0.473779 -2.800000 0.140000 0.490000
1.103091 -10.004392 -0.473779 -2.800000 0.140000 0.490000
1.055235 -9.973285 -0.502493 -0.420000 0.280000 0.350000
1.122234 -9.913465 -0.416351 1.190000 0.630000 0.140000
1.162912 -9.934999 -0.382852 -0.280000 0.140000 -0.140000
1.138984 -9.937392 -0.325424 -0.070000 0.350000 -0.140000
1.079163 -9.884750 -0.356531 1.610000 0.630000 -0.770000
1.148555 -9.863215 -0.378066 1.190000 0.420000 -0.910000
1.150948 -9.879964 -0.330210 -0.070000 0.700000 -0.560000
1.150948 -9.879964 -0.330210 -0.070000 0.700000 -0.560000
1.179662 -9.891929 -0.406780 -0.630000 0.560000 -0.700000
1.184447 -9.841680 -0.401994 1.260000 0.910000 -0.420000
1.301696 -9.786645 -0.323031 2.310000 0.700000 0.210000
1.158126 -9.879964 -0.459422 -0.420000 0.070000 0.840000
1.057628 -9.772287 -0.311067 -0.560000 0.840000 0.490000
1.198804 -9.827322 -0.291924 1.750000 0.560000 1.050000
1.186840 -9.808180 -0.428315 -0.700000 -0.280000 1.820000
1.155733 -9.796216 -0.272782 -1.820000 -0.560000 1.750000
1.115055 -9.973285 -0.289532 0.280000 -0.700000 1.120000
