-0.717847 -9.798609 1.926222 -7.700000 3.780000 1.120000
-0.717847 -9.798609 1.926222 -7.700000 3.780000 1.120000
-0.717847 -9.798609 1.926222 -7.700000 3.780000 1.120000
-0.717847 -9.798609 1.926222 -7.700000 3.780000 1.120000
-0.681954 -9.879964 1.859223 -4.620000 3.780000 -0.210000
-0.710668 -9.611969 1.677369 -5.250000 4.760000 0.770000
-0.710668 -9.611969 1.677369 -5.250000 4.760000 0.770000
-0.710668 -9.611969 1.677369 -5.250000 4.760000 0.770000
-0.832702 -9.647861 1.816152 -4.690000 6.020000 0.560000
-0.832702 -9.647861 1.816152 -4.690000 6.020000 0.560000
-0.832702 -9.647861 1.816152 -4.690000 6.020000 0.560000
-0.832702 -9.647861 1.816152 -4.690000 6.020000 0.560000
-0.832702 -9.647861 1.816152 -4.690000 6.020000 0.560000
-0.691526 -9.681360 1.959722 -6.650000 5.040000 1.190000
-0.691526 -9.681360 1.959722 -6.650000 5.040000 1.190000
-0.555135 -9.657433 1.880759 -5.180000 3.080000 2.730000
-0.624527 -9.829715 1.792224 -8.120000 2.940000 2.800000
-0.665205 -9.717253 1.835295 -4.060000 4.620000 2.100000
-0.665205 -9.717253 1.835295 -4.060000 4.620000 2.100000
-0.665205 -9.717253 1.835295 -4.060000 4.620000 2.100000
-0.665205 -9.717253 1.835295 -4.060000 4.620000 2.100000
-0.665205 -9.717253 1.835295 -4.060000 4.620000 2.100000
-0.665205 -9.717253 1.835295 -4.060000 4.620000 2.100000
-0.665205 -9.717253 1.835295 -4.060000 4.620000 2.100000
-0.665205 -9.717253 1.835295 -4.060000 4.620000 2.100000
-0.665205 -9.717253 1.835295 -4.060000 4.620000 2.100000
-0.665205 -9.717253 1.835295 -4.060000 4.620000 2.100000
-0.588634 -9.650253 1.842474 -4.690000 4.270000 2.940000
-0.617348 -9.832108 2.041078 -4.830000 4.620000 2.940000
-0.617348 -9.832108 2.041078 -4.830000 4.620000 2.940000
-0.617348 -9.832108 2.041078 -4.830000 4.620000 2.940000
-0.591027 -9.533006 1.907080 -6.300000 3.570000 2.660000
-0.552742 -9.621540 1.923829 -7.980000 3.710000 2.940000
-0.552742 -9.621540 1.923829 -7.980000 3.710000 2.940000
-0.681954 -9.695717 1.923829 -4.760000 3.220000 4.620000
-0.679562 -9.777073 1.864009 -5.670000 2.800000 4.270000
-0.679562 -9.777073 1.864009 -5.670000 2.800000 4.270000
-0.672383 -9.803394 1.892723 -5.110000 2.590000 3.920000
-0.672383 -9.803394 1.892723 -5.110000 2.590000 3.920000
-0.672383 -9.803394 1.892723 -5.110000 2.590000 3.920000
-0.672383 -9.803394 1.892723 -5.110000 2.590000 3.920000
-0.672383 -9.803394 1.892723 -5.110000 2.590000 3.920000
-0.672383 -9.803394 1.892723 -5.110000 2.590000 3.920000
-0.672383 -9.803394 1.892723 -5.110000 2.590000 3.920000
-0.693919 -9.760324 1.864009 -6.300000 2.590000 3.570000
-0.684347 -9.879964 1.885544 -4.970000 4.830000 2.310000
-0.684347 -9.879964 1.885544 -4.970000 4.830000 2.310000
-0.684347 -9.879964 1.885544 -4.970000 4.830000 2.310000
-0.684347 -9.879964 1.885544 -4.970000 4.830000 2.310000
-0.684347 -9.879964 1.885544 -4.970000 4.830000 2.310000
-0.684347 -9.879964 1.885544 -4.970000 4.830000 2.310000
-0.684347 -9.879964 1.885544 -4.970000 4.830000 2.310000
-0.684347 -9.879964 1.885544 -4.970000 4.830000 2.310000
-0.684347 -9.879964 1.885544 -4.970000 4.830000 2.310000
