4.603791 -8.382057 2.376073 -5.180000 1.610000 2.450000
4.603791 -8.382057 2.376073 -5.180000 1.610000 2.450000
4.603791 -8.382057 2.376073 -5.180000 1.610000 2.450000
4.532006 -8.322237 2.400001 -10.360000 -0.630000 2.800000
4.532006 -8.322237 2.400001 -10.360000 -0.630000 2.800000
4.532006 -8.322237 2.400001 -10.360000 -0.630000 2.800000
4.532006 -8.322237 2.400001 -10.360000 -0.630000 2.800000
4.532006 -8.322237 2.400001 -10.360000 -0.630000 2.800000
4.584648 -8.480164 0.803988 -161.419998 -7.490000 11.690000
4.510471 -7.618747 0.212961 -213.430008 -9.380000 10.640000
4.283153 -7.731210 -0.722632 -255.360001 -15.610000 12.250000
4.283153 -7.731210 -0.722632 -255.360001 -15.610000 12.250000
4.496114 -8.812766 -3.067599 -222.529999 -23.170000 5.390000
4.192225 -7.788638 -4.182654 -201.110001 -19.809999 -3.990000
4.572684 -6.920043 -6.898508 -185.850006 -22.540001 -8.820000
4.292724 -6.061020 -6.872187 -139.300003 -17.710001 -10.290000
4.268795 -5.041678 -7.582855 -127.400002 -19.809999 -13.300000
4.206582 -4.484150 -7.927422 -117.040001 -19.530001 -13.440001
4.098906 -4.012764 -7.855636 -122.430000 -18.969999 -14.910000
4.091727 -3.974478 -8.982656 -103.809998 -20.090000 -14.280000
4.091727 -3.974478 -8.982656 -103.809998 -20.090000 -14.280000
3.708875 -3.156133 -7.972885 -49.980000 -17.360001 -13.790000
3.653840 -2.531606 -8.685946 -43.259998 -19.809999 -12.390000
3.783052 -1.986043 -8.932407 -30.799999 -10.010000 -8.190000
3.742374 -1.823331 -8.831908 -28.000000 -9.660000 -6.790000
3.742374 -1.823331 -8.831908 -28.000000 -9.660000 -6.790000
3.653840 -1.761117 -9.523434 -8.470000 -2.870000 0.280000
3.567699 -1.799403 -9.549755 -4.410000 0.070000 1.890000
3.632305 -1.564906 -9.410972 -5.040000 2.030000 2.520000
3.620341 -2.005185 -9.202796 -5.390000 3.570000 3.920000
3.620341 -1.969293 -9.276974 -4.270000 4.270000 3.290000
3.582055 -1.940579 -9.212367 -5.670000 4.270000 2.590000
3.596412 -1.883151 -9.128618 -6.160000 4.620000 3.360000
3.634698 -2.129612 -9.159724 -4.130000 4.900000 3.640000
3.586841 -2.024328 -9.109475 -1.890000 5.390000 2.240000
