1.904687 -9.731609 1.074377 2.170000 -0.070000 -0.700000
1.904687 -9.731609 1.074377 2.170000 -0.070000 -0.700000
1.828116 -9.681360 1.110270 -2.030000 -0.770000 -1.400000
1.928615 -9.678967 1.172483 -1.330000 -0.490000 -2.100000
1.983650 -9.583255 1.210768 2.100000 0.560000 -1.330000
1.959722 -9.590433 1.153341 -1.120000 -0.420000 -1.120000
1.765903 -9.528220 1.234696 -1.120000 0.210000 -0.560000
1.859223 -9.516255 1.222732 0.840000 0.560000 0.210000
1.830509 -9.544970 1.217947 -0.630000 0.420000 0.840000
1.914258 -9.576077 1.268196 0.280000 -0.070000 1.120000
1.859223 -9.705289 1.184447 0.420000 -1.050000 0.560000
1.859223 -9.705289 1.184447 0.420000 -1.050000 0.560000
1.911865 -9.686146 0.935594 -1.960000 0.420000 0.420000
1.799403 -9.652647 1.179662 -2.730000 -0.140000 0.630000
1.799403 -9.652647 1.179662 -2.730000 -0.140000 0.630000
1.923829 -9.789038 1.057628 -1.050000 -0.280000 0.420000
1.828116 -9.695717 1.215554 -0.070000 -0.280000 0.560000
1.828116 -9.695717 1.215554 -0.070000 -0.280000 0.560000
1.763510 -9.820145 1.069592 0.700000 0.490000 0.490000
1.816152 -9.738789 1.313660 0.140000 0.420000 0.140000
1.799403 -9.724431 1.189233 0.840000 -0.420000 -0.140000
1.840081 -9.734003 1.088734 0.630000 -0.560000 0.140000
1.840081 -9.734003 1.088734 0.630000 -0.560000 0.140000
1.801795 -9.578469 1.115055 1.120000 -0.490000 -0.070000
1.792224 -9.592826 1.148555 0.490000 -0.070000 0.490000
1.780260 -9.693325 1.148555 0.350000 0.630000 0.140000
1.780260 -9.693325 1.148555 0.350000 0.630000 0.140000
1.837688 -9.521042 1.337588 1.190000 -0.140000 1.470000
1.837688 -9.521042 1.337588 1.190000 -0.140000 1.470000
1.804188 -9.762716 1.251446 2.450000 0.280000 1.050000
1.804188 -9.762716 1.251446 2.450000 0.280000 1.050000
1.811367 -9.640682 1.119841 -0.980000 -0.840000 -0.140000
1.847259 -9.578469 1.215554 2.520000 -0.140000 0.140000
1.847259 -9.578469 1.215554 2.520000 -0.140000 0.140000
1.847259 -9.578469 1.215554 2.520000 -0.140000 0.140000
1.873580 -9.652647 1.141376 0.980000 0.070000 1.120000
1.770689 -9.588040 1.239482 -0.210000 -0.350000 0.630000
1.770689 -9.588040 1.239482 -0.210000 -0.350000 0.630000
1.746760 -9.659825 1.256232 0.980000 0.630000 1.120000
