0.926022 -8.094919 2.096112 0.980000 6.370000 12.810000
0.435494 -7.161718 1.804188 3.430000 10.150000 20.719999
0.246461 -7.030113 1.696511 0.420000 16.240000 37.590000
-0.485743 -6.771688 1.816152 0.280000 24.150000 46.759998
-0.957129 -6.661618 1.727618 -6.510000 27.160000 49.490002
-1.495514 -6.838687 1.299303 -15.960000 29.400000 61.180000
-1.495514 -6.838687 1.299303 -15.960000 29.400000 61.180000
-1.753939 -7.630712 1.744368 -12.460000 29.120001 77.209999
-1.942972 -7.836494 1.639083 -16.870001 28.980000 80.080002
-2.589034 -9.099905 1.919044 -27.580000 28.700001 90.720001
-3.888337 -8.882158 2.433501 -2.100000 30.170000 94.570000
-4.797609 -9.384650 2.431108 -18.690001 28.000000 101.639999
-5.280960 -9.229117 2.569891 -0.350000 22.540001 106.190002
-5.280960 -9.229117 2.569891 -0.350000 22.540001 106.190002
-5.580062 -8.532805 2.203789 -8.680000 22.400000 102.059998
-6.592227 -8.901299 1.643869 -20.930000 23.940001 111.300003
-7.147361 -8.487342 1.797010 -0.280000 11.970000 118.090004
-7.147361 -8.487342 1.797010 -0.280000 11.970000 118.090004
-7.147361 -8.487342 1.797010 -0.280000 11.970000 118.090004
-8.018349 -8.956335 1.060020 -12.530000 -5.880000 129.990005
-8.018349 -8.956335 1.060020 -12.530000 -5.880000 129.990005
-9.810574 -7.085148 1.440479 -5.670000 3.290000 104.440002
-8.573483 -8.614161 0.820738 -14.210000 -6.160000 106.680000
-9.597611 -6.762117 1.495514 71.820000 16.100000 85.120003
-9.217153 -6.601797 2.215754 21.840000 10.080000 73.500000
-9.217153 -6.601797 2.215754 21.840000 10.080000 73.500000
-9.382257 -6.709475 2.175076 -2.100000 8.820000 64.959999
-9.494720 -5.656632 1.727618 -42.700001 0.490000 47.040001
-8.961121 -6.056234 1.284946 -27.020000 -0.910000 30.660000
-8.961121 -6.056234 1.284946 -27.020000 -0.910000 30.660000
-8.858230 -4.682754 1.234696 -11.480000 -2.100000 21.420000
-9.092726 -4.321437 1.127020 -15.050000 -2.310000 17.780001
-8.822337 -4.266403 1.213161 -5.950000 1.330000 12.530000
-9.193225 -3.570091 1.095913 12.460000 6.650000 6.020000
-9.224331 -3.220739 1.179662 12.040000 5.040000 5.950000
-9.128618 -3.165704 1.261017 11.480000 5.110000 3.010000
-9.183653 -2.873780 1.136591 5.670000 3.780000 -0.070000
-9.370294 -2.995814 1.304088 1.400000 1.190000 1.260000
-9.370294 -2.907279 1.256232 -1.680000 0.910000 0.770000
