1.454836 -11.210374 2.354537 -0.140000 5.460000 -18.760000
1.653440 -12.959527 1.995614 -46.830002 10.990000 -67.900002
1.653440 -12.959527 1.995614 -46.830002 10.990000 -67.900002
1.873580 -13.677374 2.153540 -35.910000 16.799999 -105.699997
2.246860 -13.435699 1.950150 -38.290001 20.650000 -138.460007
2.287539 -13.330415 1.598405 -36.540001 20.090000 -155.889999
3.069991 -12.083755 1.430908 -20.230000 17.920000 -188.580002
4.132405 -9.276974 1.521835 -18.690001 12.810000 -221.339996
4.924429 -6.872187 1.658226 34.509998 7.280000 -231.210007
4.924429 -6.872187 1.658226 34.509998 7.280000 -231.210007
5.704489 -3.771089 1.986043 10.150000 -11.480000 -221.830002
6.168696 -3.373880 1.995614 2.520000 -16.870001 -212.869995
6.884151 -0.311067 1.337588 -0.210000 -33.389999 -186.899994
6.685547 -0.122034 1.062413 5.040000 -37.590000 -176.399994
7.235896 1.746760 0.679562 33.250000 -41.439999 -163.520004
7.235896 1.746760 0.679562 33.250000 -41.439999 -163.520004
7.401000 3.471986 0.205783 11.760000 -38.150002 -139.440002
7.542177 4.185047 -0.150748 -0.280000 -37.660000 -125.370003
8.073383 5.690133 -0.619741 -15.750000 -12.250000 -58.170002
8.499306 5.441278 -0.677169 -32.340000 -8.820000 -43.400002
9.001799 4.754539 -0.430708 -4.340000 -0.350000 -23.030001
9.001799 4.754539 -0.430708 -4.340000 -0.350000 -23.030001
9.365508 4.625326 -0.205783 0.910000 3.640000 -10.290000
9.365508 4.625326 -0.205783 0.910000 3.640000 -10.290000
9.178867 3.823731 -0.002393 -4.340000 1.190000 3.710000
9.272188 3.929015 0.186640 -14.280000 0.560000 7.350000
9.152546 3.519842 0.196211 -25.549999 -2.940000 10.850000
9.078369 2.775674 0.066999 -4.760000 -2.100000 9.520000
