9.406186 0.301496 2.414358 1.330000 0.210000 -1.680000
9.382257 0.200997 2.409572 0.630000 0.420000 0.630000
9.444471 0.239282 2.493321 0.910000 0.840000 0.280000
9.444471 0.239282 2.493321 0.910000 0.840000 0.280000
9.444471 0.239282 2.493321 0.910000 0.840000 0.280000
9.444471 0.239282 2.493321 0.910000 0.840000 0.280000
9.329616 0.167498 2.488536 -0.280000 -0.280000 -0.350000
9.288938 0.272782 2.440679 0.420000 -0.140000 -0.140000
9.288938 0.272782 2.440679 0.420000 -0.140000 -0.140000
9.288938 0.272782 2.440679 0.420000 -0.140000 -0.140000
9.288938 0.272782 2.440679 0.420000 -0.140000 -0.140000
9.288938 0.272782 2.440679 0.420000 -0.140000 -0.140000
9.434900 0.102891 2.589034 0.700000 0.420000 1.050000
9.432507 0.160319 2.395216 3.430000 -0.140000 -2.170000
9.432507 0.160319 2.395216 3.430000 -0.140000 -2.170000
9.387043 0.358923 2.483750 1.260000 -0.350000 -1.960000
9.387043 0.358923 2.483750 1.260000 -0.350000 -1.960000
9.406186 0.354138 2.455036 1.330000 0.630000 -0.350000
9.367901 0.232104 2.378466 -0.140000 0.560000 -0.140000
9.432507 0.265603 2.481357 -0.420000 -0.140000 -0.840000
9.432507 0.265603 2.481357 -0.420000 -0.140000 -0.840000
9.432507 0.265603 2.481357 -0.420000 -0.140000 -0.840000
9.334401 0.246461 2.378466 1.260000 -0.770000 -0.630000
9.372685 0.296710 2.462214 0.630000 -0.210000 -0.210000
9.372685 0.296710 2.462214 0.630000 -0.210000 -0.210000
9.418150 0.299103 2.550749 1.610000 1.260000 0.770000
9.418150 0.299103 2.550749 1.610000 1.260000 0.770000
9.456435 0.267996 2.493321 0.840000 0.560000 -0.280000
9.456435 0.267996 2.493321 0.840000 0.560000 -0.280000
9.327222 0.445065 2.356930 1.260000 0.490000 -1.400000
9.281759 0.294317 2.349752 0.420000 0.350000 -1.050000
9.322437 0.373280 2.421536 1.330000 0.770000 -0.350000
9.389436 0.375673 2.531606 0.560000 0.560000 -0.140000
9.334401 0.303888 2.464607 0.490000 0.840000 -0.840000
9.334401 0.303888 2.464607 0.490000 0.840000 -0.840000
9.332008 0.380459 2.531606 0.700000 -1.680000 0.210000
9.320045 0.370888 2.404787 0.350000 -1.190000 0.420000
9.320045 0.370888 2.404787 0.350000 -1.190000 0.420000
