3.579663 -7.494320 5.197211 -1.330000 -0.490000 -0.140000
3.500700 -7.412964 5.335995 2.450000 0.770000 -0.350000
3.737589 -7.436893 5.149354 0.700000 -0.770000 1.260000
3.737589 -7.436893 5.149354 0.700000 -0.770000 1.260000
3.737589 -7.436893 5.149354 0.700000 -0.770000 1.260000
3.665804 -7.551748 5.158926 -1.470000 -0.140000 1.890000
3.665804 -7.551748 5.158926 -1.470000 -0.140000 1.890000
3.665804 -7.551748 5.158926 -1.470000 -0.140000 1.890000
3.701697 -7.673782 5.257031 -1.260000 -0.910000 1.190000
3.696911 -7.465607 5.261817 -1.960000 -1.540000 -0.630000
3.591627 -7.594819 5.276174 1.540000 1.330000 -0.770000
3.591627 -7.594819 5.276174 1.540000 1.330000 -0.770000
3.591627 -7.594819 5.276174 1.540000 1.330000 -0.770000
3.699304 -7.393822 5.190032 -0.070000 -0.140000 -0.070000
3.689733 -7.688138 5.257031 0.070000 0.280000 0.770000
3.713661 -7.542177 5.130211 -0.350000 -0.420000 -2.730000
3.713661 -7.542177 5.130211 -0.350000 -0.420000 -2.730000
3.713661 -7.542177 5.130211 -0.350000 -0.420000 -2.730000
3.613162 -7.389036 5.273781 0.980000 0.770000 -0.910000
3.613162 -7.389036 5.273781 0.980000 0.770000 -0.910000
3.713661 -7.484749 5.273781 0.490000 -0.280000 -1.050000
3.713661 -7.484749 5.273781 0.490000 -0.280000 -1.050000
3.713661 -7.484749 5.273781 0.490000 -0.280000 -1.050000
3.620341 -7.506285 5.197211 1.120000 1.400000 0.280000
3.594020 -7.515855 5.328816 -1.610000 -0.070000 0.770000
3.594020 -7.515855 5.328816 -1.610000 -0.070000 0.770000
3.594020 -7.515855 5.328816 -1.610000 -0.070000 0.770000
3.613162 -7.549356 5.302495 0.490000 0.420000 0.350000
3.613162 -7.549356 5.302495 0.490000 0.420000 0.350000
3.543770 -7.530212 5.175675 1.400000 0.490000 -0.280000
3.543770 -7.530212 5.175675 1.400000 0.490000 -0.280000
3.615555 -7.561320 5.197211 -1.120000 0.070000 -1.750000
3.615555 -7.561320 5.197211 -1.120000 0.070000 -1.750000
3.816552 -7.508677 5.072784 0.280000 0.840000 -1.540000
3.816552 -7.508677 5.072784 0.280000 0.840000 -1.540000
3.816552 -7.508677 5.072784 0.280000 0.840000 -1.540000
3.672983 -7.446464 5.182854 -2.240000 -0.560000 -0.350000
3.771089 -7.458428 5.295317 -2.310000 1.960000 0.140000
3.723232 -7.496714 5.029713 -2.380000 -0.070000 0.630000
3.723232 -7.496714 5.029713 -2.380000 -0.070000 0.630000
3.617948 -7.532606 5.082355 1.820000 1.960000 0.840000
3.617948 -7.532606 5.082355 1.820000 1.960000 0.840000
3.617948 -7.532606 5.082355 1.820000 1.960000 0.840000
3.720839 -7.496714 5.335995 -0.980000 1.330000 0.350000
3.711268 -7.556533 5.204390 -0.630000 0.490000 0.840000
3.711268 -7.556533 5.204390 -0.630000 0.490000 0.840000
3.620341 -7.647461 5.340781 0.560000 0.210000 -0.210000
3.620341 -7.647461 5.340781 0.560000 0.210000 -0.210000
