4.721039 -8.530413 2.057827 -10.080000 1.050000 3.500000
4.826324 -8.520842 2.184647 -11.200000 2.240000 3.570000
4.826324 -8.520842 2.184647 -11.200000 2.240000 3.570000
4.826324 -8.520842 2.184647 -11.200000 2.240000 3.570000
4.826324 -8.520842 2.184647 -11.200000 2.240000 3.570000
4.826324 -8.267202 2.143969 -18.969999 0.350000 2.730000
4.675575 -8.243275 1.962115 -54.110001 -1.960000 6.440000
4.675575 -8.243275 1.962115 -54.110001 -1.960000 6.440000
4.685147 -7.719246 2.041078 -87.849998 -1.400000 7.000000
4.685147 -7.719246 2.041078 -87.849998 -1.400000 7.000000
4.582255 -7.573284 -0.636491 -247.380005 -24.219999 6.860000
4.587041 -8.683553 -3.285345 -208.460007 -28.700001 2.450000
4.220939 -6.965507 -4.213760 -193.970001 -27.790001 -6.020000
4.283153 -6.613762 -4.756931 -205.940002 -30.940001 -4.620000
4.283153 -6.613762 -4.756931 -205.940002 -30.940001 -4.620000
4.443472 -6.697510 -6.494121 -183.119995 -28.490000 -7.560000
4.278367 -4.601398 -6.965507 -190.190002 -25.340000 -10.500000
4.278367 -4.601398 -6.965507 -190.190002 -25.340000 -10.500000
4.177868 -3.615555 -9.056834 -127.959999 -21.559999 -20.930000
4.000800 -3.268596 -8.654840 -121.590004 -19.389999 -21.280001
4.137190 -2.244468 -8.786445 -67.760002 -19.879999 -24.290001
3.859623 -2.041078 -8.743374 -60.619999 -20.230000 -24.780001
3.859623 -2.041078 -8.743374 -60.619999 -20.230000 -24.780001
3.634698 -2.007578 -8.606983 -53.130001 -19.460001 -23.730000
3.553342 -1.406980 -9.422935 -15.260000 -16.170000 -15.820000
3.632305 -1.428515 -9.430114 -7.910000 -8.260000 -3.640000
3.634698 -1.292124 -9.353544 -10.010000 -5.390000 -0.280000
3.637090 -1.746760 -9.394222 -4.900000 1.400000 1.750000
3.637090 -1.746760 -9.394222 -4.900000 1.400000 1.750000
3.584448 -1.605584 -9.509077 -0.770000 2.800000 1.750000
3.723232 -1.529014 -9.176475 -0.840000 4.830000 3.010000
3.828516 -1.706082 -9.281759 -4.900000 4.970000 3.220000
3.672983 -1.696511 -9.133404 -1.610000 5.390000 3.360000
