2.182254 -9.719646 1.540978 2.590000 -0.070000 0.210000
2.234896 -9.681360 1.409373 10.640000 0.980000 0.770000
2.254039 -9.346365 1.540978 9.450000 1.890000 -0.210000
2.254039 -9.516255 1.806581 -3.150000 -0.070000 0.350000
2.254039 -9.516255 1.806581 -3.150000 -0.070000 0.350000
2.328217 -9.899107 1.021735 7.840000 -0.140000 -1.330000
2.328217 -9.899107 1.021735 7.840000 -0.140000 -1.330000
2.194218 -10.638489 0.775275 -13.230000 0.420000 -2.240000
2.392823 -10.432706 0.055035 1.610000 -0.070000 -4.830000
2.373680 -7.752745 2.974278 52.639999 -0.980000 -1.610000
2.373680 -7.752745 2.974278 52.639999 -0.980000 -1.610000
2.476572 -11.332408 1.143769 -3.290000 -7.490000 -7.770000
2.476572 -11.332408 1.143769 -3.290000 -7.490000 -7.770000
2.301895 -10.789237 1.284946 -26.110001 -13.160000 -3.850000
2.541178 -10.234102 1.856830 17.920000 -14.770000 -11.410000
2.474179 -8.853443 2.376073 -16.379999 -18.059999 -8.470000
2.359323 -10.083356 2.055435 -7.490000 -17.430000 -9.240000
2.411965 -9.308081 1.892723 4.270000 -18.340000 -10.290000
2.529213 -9.231510 1.744368 -4.200000 -20.090000 -9.520000
2.529213 -9.231510 1.744368 -4.200000 -20.090000 -9.520000
2.699104 -9.530612 1.450050 -0.210000 -16.870001 -6.790000
2.924029 -9.468399 1.129412 -2.100000 -17.150000 -8.400000
2.782853 -9.327222 1.339981 -7.280000 -15.610000 -8.540000
2.945565 -9.291330 1.081556 -8.050000 -13.440001 -7.980000
2.967100 -9.169296 0.885344 -10.150000 -9.380000 -6.090000
2.967100 -9.169296 0.885344 -10.150000 -9.380000 -6.090000
3.108276 -9.315259 1.016950 0.770000 -4.760000 -2.590000
3.046063 -9.109475 0.988236 1.960000 -1.610000 -1.680000
3.046063 -9.461221 1.306481 -0.840000 0.210000 -0.980000
3.165704 -9.430114 1.148555 1.330000 -0.210000 -1.890000
3.036492 -9.248260 1.064806 -0.280000 0.280000 0.980000
3.074777 -9.406186 1.265803 1.120000 0.700000 0.910000
2.981457 -9.348758 1.275374 -0.140000 -0.910000 -1.610000
3.058028 -9.064013 1.284946 1.610000 -0.420000 0.070000
3.024528 -9.276974 1.189233 0.350000 -1.190000 0.700000
3.034099 -9.315259 1.093520 2.170000 0.210000 2.100000
3.019742 -9.286544 1.091127 0.350000 0.210000 2.660000
2.969493 -9.466006 1.256232 2.170000 0.630000 3.010000
2.959922 -9.202796 1.194018 -0.210000 1.820000 1.960000
2.902494 -9.169296 1.399801 -0.560000 1.120000 1.960000
