1.923829 -9.671788 2.261217 3.360000 0.630000 4.200000
1.923829 -9.671788 2.261217 3.360000 0.630000 4.200000
1.588834 -8.807980 2.170290 -5.880000 -0.280000 3.360000
1.457229 -8.415558 1.983650 -3.990000 0.490000 7.420000
1.107877 -7.080362 1.804188 6.580000 3.430000 13.090000
0.961915 -6.798009 1.813759 0.140000 3.710000 21.420000
0.961915 -6.798009 1.813759 0.140000 3.710000 21.420000
0.662812 -6.350551 1.607977 2.170000 6.230000 36.119999
-0.320638 -5.723632 1.629512 -1.890000 10.780000 60.270000
-1.246661 -6.108876 1.521835 -8.330000 14.490000 77.769997
-1.246661 -6.108876 1.521835 -8.330000 14.490000 77.769997
-2.160719 -6.565905 1.464408 -4.550000 19.460001 95.340004
-2.402394 -7.267002 1.911865 -0.770000 19.809999 102.970001
-3.192025 -7.853244 1.720440 18.270000 26.250000 111.020004
-4.584648 -9.690931 2.306681 3.010000 21.629999 128.240005
-5.675776 -8.666803 1.749153 -3.990000 31.430000 124.529999
-5.675776 -8.666803 1.749153 -3.990000 31.430000 124.529999
-6.431907 -10.480563 2.127219 -2.170000 29.400000 128.029999
-6.915257 -9.463614 2.514857 15.050000 32.480000 122.220001
-8.274381 -10.796415 2.091327 -24.219999 21.350000 125.720001
-8.274381 -10.796415 2.091327 -24.219999 21.350000 125.720001
-8.226524 -9.875179 2.117648 -1.120000 16.379999 119.000000
-7.791030 -9.040084 1.383051 -42.910000 8.960000 106.889999
-8.807980 -8.970692 1.701297 -0.280000 16.660000 88.059998
-8.542377 -7.860423 1.519442 -23.030001 10.710000 77.349998
-8.329416 -8.042276 1.119841 -5.040000 7.630000 75.599998
-8.329416 -8.042276 1.119841 -5.040000 7.630000 75.599998
-8.353344 -7.434500 1.576870 9.800000 5.810000 74.199997
-9.092726 -6.075377 1.639083 10.780000 3.360000 63.560001
-8.609376 -5.580062 0.746561 -33.670002 -8.680000 60.549999
-9.044869 -6.020342 1.485943 21.629999 -5.390000 48.580002
-9.061620 -5.307281 0.859023 -19.879999 -12.880000 36.889999
-8.807980 -4.855037 1.172483 -5.110000 -8.330000 26.389999
-9.188439 -4.682754 1.012164 -4.620000 -1.470000 14.000000
-9.260223 -4.340580 0.954736 -5.950000 -0.560000 10.500000
-9.260223 -4.340580 0.954736 -5.950000 -0.560000 10.500000
-9.068797 -3.706482 1.048056 -6.020000 -2.800000 7.630000
-9.016156 -3.641876 1.081556 -4.760000 -2.100000 6.720000
-9.011370 -3.527020 0.940379 -3.430000 -1.330000 5.530000
-9.174082 -3.445665 1.036092 0.140000 -0.560000 3.990000
-9.064013 -3.491128 1.091127 1.120000 -1.260000 3.640000
