9.243474 0.378066 3.354738 -0.630000 0.420000 1.050000
9.243474 0.378066 3.354738 -0.630000 0.420000 1.050000
9.198010 0.294317 3.416951 -0.280000 0.420000 0.490000
9.107083 0.358923 3.390630 0.840000 0.070000 -1.470000
9.035298 0.528814 3.311667 1.330000 0.140000 -1.540000
9.047262 0.569492 3.359523 0.140000 -0.070000 -0.420000
8.992228 0.457029 3.314059 0.630000 -0.140000 0.210000
8.992228 0.457029 3.314059 0.630000 -0.140000 0.210000
9.171689 0.552742 3.328416 0.770000 -0.560000 0.070000
9.255438 0.466600 3.383451 0.210000 -0.350000 0.490000
9.123833 0.392423 3.409772 0.560000 -0.840000 -0.560000
9.123833 0.392423 3.409772 0.560000 -0.840000 -0.560000
9.135797 0.337388 3.318845 2.380000 -0.070000 -1.960000
9.126225 0.579063 3.345166 1.890000 0.140000 -2.240000
9.006584 0.602991 3.249453 1.750000 0.420000 -0.840000
9.044869 0.626920 3.330809 1.540000 0.770000 -0.210000
9.013763 0.602991 3.342773 1.120000 0.630000 0.280000
9.013763 0.602991 3.342773 1.120000 0.630000 0.280000
9.040084 0.607777 3.364309 0.350000 -0.140000 0.420000
9.083155 0.598206 3.345166 0.700000 -0.700000 0.350000
9.152546 0.650848 3.244668 0.980000 -0.280000 0.350000
9.152546 0.650848 3.244668 0.980000 -0.280000 0.350000
9.152546 0.650848 3.244668 0.980000 -0.280000 0.350000
9.152546 0.650848 3.244668 0.980000 -0.280000 0.350000
9.121440 0.586242 3.287738 0.140000 0.070000 0.560000
9.121440 0.586242 3.287738 0.140000 0.070000 0.560000
9.121440 0.586242 3.287738 0.140000 0.070000 0.560000
9.150154 0.583849 3.326023 0.070000 -0.420000 0.630000
9.099905 0.605384 3.354738 -0.420000 0.420000 0.700000
9.020942 0.509671 3.369094 -0.630000 0.280000 0.910000
9.020942 0.509671 3.369094 -0.630000 0.280000 0.910000
9.020942 0.509671 3.369094 -0.630000 0.280000 0.910000
9.085547 0.411566 3.378666 -0.350000 -0.350000 0.420000
9.085547 0.411566 3.378666 -0.350000 -0.350000 0.420000
9.092726 0.519243 3.393023 -0.560000 -0.840000 0.490000
9.140583 0.454636 3.318845 0.630000 -0.280000 0.280000
9.147761 0.423530 3.376273 -0.630000 0.280000 0.070000
