3.479164 -7.901100 4.589434 0.560000 1.470000 -0.350000
3.479164 -7.901100 4.589434 0.560000 1.470000 -0.350000
3.467200 -8.008778 4.687540 0.070000 0.770000 0.420000
3.467200 -8.008778 4.687540 0.070000 0.770000 0.420000
3.467200 -8.008778 4.687540 0.070000 0.770000 0.420000
3.498307 -8.075776 4.582255 -1.120000 -0.560000 0.490000
3.498307 -8.075776 4.582255 -1.120000 -0.560000 0.490000
3.352344 -8.181061 4.536791 2.520000 0.840000 0.070000
3.393023 -7.903493 4.637290 1.680000 1.680000 -0.980000
3.393023 -7.903493 4.637290 1.680000 1.680000 -0.980000
3.393023 -7.903493 4.637290 1.680000 1.680000 -0.980000
3.393023 -7.903493 4.637290 1.680000 1.680000 -0.980000
3.393023 -7.903493 4.637290 1.680000 1.680000 -0.980000
3.352344 -7.891530 4.697111 2.520000 0.630000 -1.120000
3.311667 -7.929814 4.706682 0.140000 0.210000 -0.630000
3.440879 -7.858029 4.500899 -2.520000 -0.840000 -0.420000
3.273381 -7.975278 4.733003 9.030000 0.560000 -1.890000
3.273381 -7.975278 4.733003 9.030000 0.560000 -1.890000
3.273381 -7.975278 4.733003 9.030000 0.560000 -1.890000
3.455236 -8.056634 4.472186 -1.120000 0.770000 -1.050000
3.455236 -8.056634 4.472186 -1.120000 0.770000 -1.050000
3.491128 -7.956135 4.694718 2.870000 1.120000 -1.960000
3.491128 -8.006385 4.687540 0.070000 1.400000 0.280000
3.491128 -8.006385 4.687540 0.070000 1.400000 0.280000
3.450450 -7.910671 4.835894 2.380000 0.560000 -1.890000
3.450450 -7.910671 4.835894 2.380000 0.560000 -1.890000
3.328416 -8.008778 4.826324 1.400000 1.190000 -1.680000
3.426522 -7.786245 4.802395 -0.140000 -0.280000 -2.100000
3.426522 -7.786245 4.802395 -0.140000 -0.280000 -2.100000
3.462414 -7.709675 4.804788 6.860000 2.660000 -0.980000
3.462414 -7.709675 4.804788 6.860000 2.660000 -0.980000
3.462414 -7.709675 4.804788 6.860000 2.660000 -0.980000
3.536592 -7.688138 4.924429 1.680000 1.540000 -1.400000
3.443272 -7.676175 5.120641 0.490000 -2.100000 -2.030000
3.443272 -7.676175 5.120641 0.490000 -2.100000 -2.030000
3.594020 -7.738388 4.347759 -0.140000 -0.630000 0.280000
3.594020 -7.738388 4.347759 -0.140000 -0.630000 0.280000
3.594020 -7.738388 4.347759 -0.140000 -0.630000 0.280000
3.505485 -7.566105 4.835894 4.760000 3.360000 -1.050000
3.584448 -7.424929 5.089533 5.250000 0.840000 -3.150000
3.651447 -7.523034 5.249853 -5.320000 -0.630000 -1.470000
3.651447 -7.523034 5.249853 -5.320000 -0.630000 -1.470000
3.431308 -7.554141 5.319244 -4.830000 -1.610000 -0.070000
3.431308 -7.554141 5.319244 -4.830000 -1.610000 -0.070000
3.431308 -7.554141 5.319244 -4.830000 -1.610000 -0.070000
3.519842 -7.788638 5.307281 2.310000 0.630000 -0.070000
3.519842 -7.788638 5.307281 2.310000 0.630000 -0.070000
3.560520 -7.501499 5.276174 -4.480000 0.140000 -0.630000
