2.512464 -9.946963 1.129412 -0.980000 1.960000 3.640000
2.349752 -9.571291 1.253839 0.280000 2.030000 0.700000
2.584249 -9.580862 0.983450 2.870000 2.520000 -1.540000
2.584249 -9.580862 0.983450 2.870000 2.520000 -1.540000
2.440679 -9.626326 1.478764 -0.980000 2.310000 -1.190000
2.239682 -9.777073 1.672583 3.080000 1.890000 -1.470000
2.270789 -9.877571 2.806781 -1.470000 -0.070000 3.430000
2.543570 -8.652447 0.282353 -40.599998 4.130000 10.850000
2.321038 -9.327222 -0.232104 -60.200001 10.990000 16.940001
2.837888 -10.274779 -1.220340 4.340000 19.320000 8.960000
2.837888 -10.274779 -1.220340 4.340000 19.320000 8.960000
2.385644 -8.338986 -0.057428 -39.549999 34.369999 14.420000
2.471786 -9.755538 0.138784 -29.610001 33.810001 15.610000
2.471786 -9.755538 0.138784 -29.610001 33.810001 15.610000
2.311467 -9.540184 -0.157926 -41.020000 37.029999 20.020000
2.311467 -9.540184 -0.157926 -41.020000 37.029999 20.020000
2.311467 -9.540184 -0.157926 -41.020000 37.029999 20.020000
1.406980 -9.750752 -0.693919 -16.730000 23.520000 12.880000
1.710868 -9.903893 0.076570 14.280000 9.870000 9.100000
1.639083 -10.191031 0.145962 0.490000 2.730000 2.730000
1.641476 -10.018748 0.021535 0.560000 1.820000 1.400000
1.624727 -9.801002 0.031107 0.140000 2.380000 -0.420000
1.543371 -10.006784 -0.162712 -1.120000 1.190000 0.490000
1.543371 -10.006784 -0.162712 -1.120000 1.190000 0.490000
1.543371 -10.006784 -0.162712 -1.120000 1.190000 0.490000
1.557728 -9.836893 -0.110070 1.680000 -0.210000 -0.280000
1.557728 -9.836893 -0.110070 1.680000 -0.210000 -0.280000
1.746760 -9.779467 -0.035892 1.680000 -1.050000 0.840000
1.600798 -9.930215 -0.081356 5.950000 -0.770000 1.610000
1.600798 -9.930215 -0.081356 5.950000 -0.770000 1.610000
1.639083 -9.899107 -0.179462 -1.260000 1.050000 0.420000
1.588834 -9.927821 0.066999 -1.680000 1.190000 0.070000
1.588834 -9.927821 0.066999 -1.680000 1.190000 0.070000
1.801795 -9.355937 0.155533 2.660000 -1.680000 -0.560000
1.801795 -9.355937 0.155533 2.660000 -1.680000 -0.560000
1.526621 -10.246067 -0.332602 2.520000 1.330000 1.190000
1.586441 -9.504292 0.124427 1.400000 1.120000 1.260000
