1.947758 -8.786445 2.349752 8.190000 -0.070000 0.840000
1.954936 -9.669396 2.227718 -21.350000 -0.980000 6.300000
1.954936 -9.669396 2.227718 -21.350000 -0.980000 6.300000
1.823331 -9.377472 1.919044 7.140000 -0.910000 1.610000
1.823331 -9.377472 1.919044 7.140000 -0.910000 1.610000
1.828116 -9.942179 1.756332 -11.340000 -0.140000 2.940000
1.828116 -9.942179 1.756332 -11.340000 -0.140000 2.940000
1.655833 -9.705289 2.275574 -52.639999 3.010000 0.070000
1.588834 -9.332008 2.088934 -112.070000 3.570000 10.500000
1.588834 -9.332008 2.088934 -112.070000 3.570000 10.500000
1.758725 -9.712467 1.038485 -126.349998 1.750000 13.930000
1.593620 -9.894321 -0.799203 -37.450001 6.580000 0.420000
1.629512 -10.033106 -0.916451 -44.799999 7.630000 -1.960000
1.629512 -10.033106 -0.916451 -44.799999 7.630000 -1.960000
2.108077 -10.490135 -0.035892 -34.509998 4.060000 -9.240000
1.974079 -9.896714 -2.316252 -21.000000 12.600000 -1.260000
1.301696 -9.518648 -3.136991 14.630000 62.299999 24.639999
1.134198 -8.815158 -2.076970 25.480000 50.680000 19.950001
1.653440 -9.506684 -0.145962 27.719999 28.350000 7.350000
1.653440 -9.506684 -0.145962 27.719999 28.350000 7.350000
1.497907 -9.308081 -0.088534 28.840000 13.370000 4.200000
1.378266 -9.521042 -0.442672 7.140000 7.140000 1.680000
1.490728 -9.894321 -0.327817 1.820000 5.250000 1.470000
1.473979 -10.061819 -0.356531 0.420000 4.480000 1.680000
1.378266 -10.126426 -0.473779 8.680000 3.780000 1.540000
1.354338 -10.025927 -0.390030 6.230000 -0.070000 0.700000
1.639083 -10.033106 -0.246461 1.750000 2.170000 2.380000
1.433301 -9.669396 -0.387637 0.770000 3.570000 1.610000
1.395016 -9.879964 -0.217747 -1.960000 2.170000 2.030000
1.395016 -9.879964 -0.217747 -1.960000 2.170000 2.030000
1.521835 -10.262815 -0.545564 -7.000000 1.890000 0.770000
1.495514 -9.717253 -0.473779 -0.910000 1.120000 0.350000
1.550549 -10.092925 -0.399601 1.540000 2.660000 2.660000
1.184447 -9.748360 -0.057428 3.360000 0.840000 0.700000
1.275374 -9.896714 -0.167498 2.520000 0.420000 -0.140000
1.143769 -9.975677 -0.196211 -7.910000 -1.120000 -0.490000
1.143769 -9.975677 -0.196211 -7.910000 -1.120000 -0.490000
1.536192 -9.839286 -0.296710 -2.170000 -3.920000 0.560000
1.311267 -10.018748 -0.454636 2.380000 -2.310000 3.500000
