2.675175 -9.485149 1.074377 -0.490000 -1.330000 -1.260000
2.663212 -9.461221 0.940379 2.030000 -0.560000 0.630000
2.663212 -9.461221 0.940379 2.030000 -0.560000 0.630000
2.634498 -9.652647 0.653241 -20.650000 0.210000 2.170000
2.517249 -9.767502 0.327817 2.520000 2.310000 1.120000
2.538785 -9.229117 0.820738 8.960000 3.080000 1.050000
2.538785 -9.229117 0.820738 8.960000 3.080000 1.050000
2.567499 -9.458827 -0.308674 -19.740000 6.370000 6.230000
2.567499 -9.458827 -0.308674 -19.740000 6.370000 6.230000
2.641676 -10.205389 1.366302 14.000000 10.640000 -0.490000
2.584249 -9.399008 0.222532 -29.330000 7.000000 5.880000
2.665605 -9.789038 -0.055035 -36.820000 13.860000 6.300000
2.718246 -9.583255 0.397209 -42.279999 14.420000 7.560000
2.617748 -9.372685 -1.124627 -55.510002 23.799999 14.910000
2.416751 -10.100104 -0.988236 -50.540001 42.209999 25.340000
2.416751 -10.100104 -0.988236 -50.540001 42.209999 25.340000
2.299503 -9.611969 -1.619941 -16.240000 43.189999 27.790001
1.825724 -9.274581 0.076570 27.790001 13.580000 13.370000
1.751546 -9.279366 0.160319 13.860000 6.230000 11.340000
1.495514 -9.499505 -0.260818 5.530000 7.070000 10.290000
1.569692 -9.846465 -0.131605 -4.340000 5.250000 4.900000
1.773082 -9.975677 -0.260818 -2.940000 2.870000 0.980000
1.763510 -9.901501 -0.289532 -0.840000 2.170000 0.560000
1.739582 -9.769895 -0.251246 0.910000 1.050000 3.220000
1.586441 -9.958927 -0.344566 1.330000 0.560000 1.750000
1.586441 -9.958927 -0.344566 1.330000 0.560000 1.750000
1.586441 -9.958927 -0.344566 1.330000 0.560000 1.750000
1.674976 -9.700503 -0.354138 3.850000 -0.980000 0.280000
1.689333 -9.449257 -0.279960 2.240000 -1.050000 -0.280000
1.794617 -9.760324 -0.296710 -0.560000 0.420000 -0.140000
1.703690 -9.379865 -0.387637 -0.630000 -0.420000 -0.210000
1.868794 -9.616754 -0.301496 -2.170000 -0.210000 2.030000
1.655833 -9.980463 -0.423530 3.640000 -0.140000 3.850000
