2.184647 -9.042477 3.517449 -1.890000 4.200000 2.380000
2.163112 -8.709875 3.661019 -4.760000 4.060000 1.680000
2.055435 -9.174082 3.421736 -14.000000 3.500000 3.360000
2.122434 -8.740981 3.634698 -10.430000 2.730000 1.260000
2.122434 -8.740981 3.634698 -10.430000 2.730000 1.260000
2.069792 -8.233703 3.627519 -59.360001 2.800000 1.610000
2.041078 -8.346166 3.718446 -101.220001 -0.630000 2.940000
2.187040 -7.676175 2.778067 -186.130005 -3.850000 4.060000
2.019542 -8.834301 -1.249053 -334.110016 -21.910000 7.980000
2.134398 -9.542577 -3.656233 -272.649994 -27.230000 -5.600000
2.086541 -8.080563 -5.240282 -244.790009 -28.910000 -12.320000
2.108077 -7.700103 -6.496514 -251.860001 -26.389999 -11.620000
2.108077 -7.700103 -6.496514 -251.860001 -26.389999 -11.620000
2.349752 -7.956135 -7.609176 -221.199997 -26.180000 -11.480000
2.081756 -6.137590 -7.563712 -157.710007 -22.260000 -12.180000
2.069792 -4.996214 -8.224132 -126.489998 -23.170000 -15.260000
1.940579 -4.591826 -8.585447 -90.090004 -24.710001 -17.570000
1.871187 -4.297509 -9.049655 -81.059998 -25.200001 -18.760000
1.871187 -4.297509 -9.049655 -81.059998 -25.200001 -18.760000
1.749153 -3.943372 -8.800802 -62.090000 -23.799999 -17.920000
1.641476 -3.388237 -9.482756 -26.110001 -19.809999 -11.410000
1.674976 -3.519842 -9.879964 -5.880000 -8.540000 -3.780000
1.600798 -3.232704 -9.937392 7.770000 -3.500000 0.980000
1.600798 -3.232704 -9.937392 7.770000 -3.500000 0.980000
1.519442 -3.002992 -9.894321 -5.740000 -0.910000 1.050000
1.562513 -3.574877 -9.597611 -5.180000 1.330000 -0.070000
1.588834 -3.309274 -9.542577 -3.640000 2.310000 -0.630000
1.519442 -2.981457 -9.276974 -4.410000 3.080000 0.980000
1.502693 -3.357130 -9.298509 -6.720000 3.150000 1.190000
1.502693 -3.357130 -9.298509 -6.720000 3.150000 1.190000
1.459622 -3.340380 -9.097511 -7.350000 3.850000 1.610000
