2.361716 -8.956335 3.077170 -3.500000 -0.070000 -4.270000
2.450250 -8.918050 3.208775 -2.100000 1.330000 -2.730000
2.457429 -9.401401 3.199204 -7.700000 -0.980000 -3.290000
2.309074 -10.083356 3.486342 -13.230000 -0.560000 -12.530000
2.426322 -11.669796 3.409772 -24.920000 -6.440000 -35.910000
2.426322 -11.669796 3.409772 -24.920000 -6.440000 -35.910000
2.859423 -12.282358 3.448057 -39.549999 -10.290000 -81.410004
2.859423 -12.282358 3.448057 -39.549999 -10.290000 -81.410004
3.704089 -12.559926 2.660819 -42.910000 -12.180000 -135.169998
3.952943 -11.490334 2.644069 -17.430000 -8.330000 -163.029999
3.952943 -11.490334 2.644069 -17.430000 -8.330000 -163.029999
4.165904 -10.277173 1.966900 -20.719999 -13.440001 -188.789993
4.610970 -9.669396 1.720440 -20.510000 -13.020000 -199.639999
5.053641 -6.321837 1.488336 6.300000 -13.440001 -222.040009
6.116055 -2.995814 1.012164 41.090000 -15.400000 -221.550003
6.343372 -0.512064 1.289732 8.680000 -19.250000 -219.169998
6.343372 -0.512064 1.289732 8.680000 -19.250000 -219.169998
6.644868 0.330210 0.897308 21.490000 -19.809999 -214.339996
6.266802 3.065206 0.918844 64.959999 -21.070000 -196.839996
7.269395 5.280960 0.090927 -2.730000 -29.680000 -159.809998
6.716653 7.733603 0.330210 15.190001 -19.040001 -115.779999
7.341179 8.343772 0.239282 -17.500000 -15.610000 -78.260002
7.817351 7.802995 -0.011964 -19.670000 -13.230000 -57.330002
7.747960 7.805387 0.543171 15.330000 -2.380000 -18.340000
8.276773 6.269196 0.315853 -27.160000 -4.200000 6.160000
8.482556 5.319244 0.016750 -13.860000 -4.620000 15.120000
8.403593 5.003392 0.452243 21.210001 2.660000 19.879999
8.717053 3.732803 0.710668 -33.040001 -3.850000 19.530001
9.073583 3.328416 0.447458 -15.540000 -2.100000 17.639999
8.867801 3.826123 0.581456 13.930000 1.120000 8.890000
