1.545763 -9.128618 4.019942 23.799999 7.560000 -13.160000
1.586441 -9.147761 3.926622 57.330002 8.050000 -22.610001
1.643869 -8.432307 3.948158 88.269997 8.820000 -30.870001
1.445265 -9.221939 4.957928 80.430000 9.030000 -51.590000
1.445265 -9.221939 4.957928 80.430000 9.030000 -51.590000
2.021935 -8.652447 5.551349 75.529999 7.560000 -65.309998
2.804388 -7.544570 6.477371 56.560001 5.670000 -70.279999
3.060420 -6.948757 6.314659 77.000000 11.340000 -64.959999
3.170490 -6.685547 6.427122 70.139999 12.250000 -65.449997
3.077170 -6.185446 6.692725 62.160000 9.520000 -64.330002
3.397808 -6.108876 7.594819 85.540001 7.140000 -73.360001
3.342773 -5.723632 7.496714 64.190002 4.340000 -76.019997
3.342773 -5.723632 7.496714 64.190002 4.340000 -76.019997
3.890730 -4.646862 7.319644 52.990002 -2.800000 -74.690002
3.976871 -4.185047 7.685746 50.470001 -3.150000 -77.070000
4.663611 -3.371487 7.558927 59.570000 0.630000 -68.599998
4.835894 -2.182254 7.616355 50.750000 -0.840000 -63.420002
5.063213 -1.768296 7.611568 43.189999 0.140000 -54.880001
4.993821 -1.366302 7.982457 27.650000 -0.770000 -46.759998
4.902894 -1.292124 7.829315 14.420000 -8.400000 -36.680000
4.902894 -1.292124 7.829315 14.420000 -8.400000 -36.680000
4.960321 -1.395016 7.927422 33.599998 -4.830000 -33.950001
4.804788 -0.940379 8.195417 12.740000 -4.830000 -31.150000
4.974678 -1.344766 8.255238 39.970001 -6.440000 -21.910000
4.902894 -0.586242 8.003991 15.540000 -6.510000 -21.000000
4.902894 -0.586242 8.003991 15.540000 -6.510000 -21.000000
5.204390 -0.279960 8.032705 -15.610000 -6.440000 -9.520000
5.067998 -0.401994 8.032705 0.140000 -4.410000 -6.720000
5.194818 -0.732204 7.740781 -1.680000 -0.630000 -5.250000
5.008178 -0.772882 7.853244 2.240000 5.180000 4.060000
5.082355 -0.715454 8.355737 -4.060000 1.470000 3.570000
4.960321 -1.239482 8.391629 -12.810000 -1.890000 5.600000
4.960321 -1.239482 8.391629 -12.810000 -1.890000 5.600000
5.247460 -1.021735 7.472785 -16.870001 -2.380000 5.460000
5.046463 -1.220340 8.008778 -1.610000 1.260000 4.060000
4.876573 -1.354338 8.520842 -9.310000 1.610000 4.410000
5.197211 -1.251446 7.779066 -9.310000 1.190000 4.130000
