1.859223 -9.580862 1.517050 -1.260000 -1.190000 -0.980000
1.859223 -9.580862 1.517050 -1.260000 -1.190000 -0.980000
1.933401 -9.678967 1.239482 3.570000 2.240000 0.560000
1.720440 -9.564112 2.392823 -9.940000 0.840000 3.220000
1.658226 -9.647861 0.535992 -45.150002 0.420000 7.210000
1.658226 -9.647861 0.535992 -45.150002 0.420000 7.210000
1.818545 -8.729016 -0.189033 -31.500000 12.880000 12.320000
1.818545 -8.729016 -0.189033 -31.500000 12.880000 12.320000
1.600798 -10.193424 -0.086142 -43.470001 17.639999 7.350000
2.029114 -10.234102 0.169890 -23.870001 9.310000 2.660000
1.933401 -9.284152 -0.086142 -33.250000 14.210000 8.330000
1.933401 -9.284152 -0.086142 -33.250000 14.210000 8.330000
1.933401 -9.284152 -0.086142 -33.250000 14.210000 8.330000
1.617548 -9.571291 -0.349352 -20.020000 22.190001 11.690000
1.655833 -9.387043 -0.406780 -31.850000 25.410000 16.940001
1.380659 -10.255639 -1.445265 -22.400000 36.119999 21.980000
1.380659 -10.255639 -1.445265 -22.400000 36.119999 21.980000
1.079163 -9.284152 -0.741775 15.330000 25.969999 20.790001
1.079163 -9.284152 -0.741775 15.330000 25.969999 20.790001
0.916451 -9.729217 0.117248 21.280001 7.560000 6.860000
0.916451 -9.729217 0.117248 21.280001 7.560000 6.860000
0.916451 -9.729217 0.117248 21.280001 7.560000 6.860000
0.866202 -10.011569 -0.136391 0.840000 3.710000 0.770000
0.902094 -9.870394 -0.165105 5.530000 1.330000 -0.350000
0.902094 -9.870394 -0.165105 5.530000 1.330000 -0.350000
0.902094 -9.870394 -0.165105 5.530000 1.330000 -0.350000
0.957129 -9.846465 0.055035 2.380000 1.260000 0.490000
0.930808 -9.894321 -0.023928 2.030000 0.210000 -1.050000
0.930808 -9.894321 -0.023928 2.030000 0.210000 -1.050000
0.971486 -9.540184 -0.136391 -0.840000 0.210000 0.350000
0.916451 -10.176675 -0.062213 0.280000 -0.630000 0.070000
0.916451 -10.176675 -0.062213 0.280000 -0.630000 0.070000
0.978664 -9.930215 -0.023928 2.310000 -0.840000 0.140000
0.969093 -9.846465 -0.047856 -0.980000 -0.700000 1.190000
0.969093 -9.846465 -0.047856 -0.980000 -0.700000 1.190000
1.105484 -9.937392 0.129212 0.840000 -2.100000 0.210000
0.988236 -9.958927 -0.047856 3.360000 -1.890000 1.750000
