2.273181 -8.793623 2.108077 -0.910000 0.840000 6.930000
1.928615 -8.245667 1.837688 -3.640000 1.610000 8.960000
1.655833 -7.058826 1.584049 6.370000 5.320000 16.520000
1.048056 -6.029913 1.227518 4.130000 9.660000 21.280001
1.048056 -6.029913 1.227518 4.130000 9.660000 21.280001
0.471386 -5.615955 0.732204 -26.180000 18.900000 35.209999
0.634098 -6.350551 1.337588 -15.190001 27.299999 54.810001
0.634098 -6.350551 1.337588 -15.190001 27.299999 54.810001
-0.567099 -6.573084 1.210768 -13.510000 28.350000 75.180000
-0.569492 -8.343772 2.189433 -9.170000 22.820000 91.629997
-0.569492 -8.343772 2.189433 -9.170000 22.820000 91.629997
-1.203590 -8.090133 2.124826 -7.210000 23.940001 96.529999
-2.031506 -9.576077 2.086541 -10.150000 17.850000 106.260002
-2.964707 -9.808180 2.189433 0.420000 10.220000 110.040001
-3.383451 -9.343972 1.679761 -7.280000 11.340000 109.480003
-3.383451 -9.343972 1.679761 -7.280000 11.340000 109.480003
-4.180261 -10.028319 2.103291 -15.680000 11.410000 114.449997
-5.675776 -8.566305 0.928415 -10.990000 16.660000 101.989998
-6.008378 -9.992428 1.928615 1.540000 12.180000 113.959999
-6.269196 -8.329416 2.086541 17.920000 10.920000 103.320000
-6.900900 -7.185646 0.519243 -9.590000 13.790000 105.349998
-8.157133 -9.466006 2.060220 -7.630000 10.640000 123.970001
-8.157133 -9.466006 2.060220 -7.630000 10.640000 123.970001
-7.982457 -7.446464 1.105484 1.680000 12.110000 110.879997
-8.310273 -7.738388 0.772882 -28.559999 9.100000 109.550003
-8.829515 -8.293523 1.710868 13.020000 8.890000 107.099998
-9.056834 -8.389235 1.689333 12.390000 7.630000 98.000000
-9.198010 -7.286145 1.316052 -15.120000 -1.750000 88.480003
-9.198010 -7.286145 1.316052 -15.120000 -1.750000 88.480003
-8.566305 -8.283953 1.514657 1.260000 -2.800000 81.410004
-9.083155 -7.274181 1.765903 17.430000 -2.660000 78.330002
-8.633304 -6.731010 1.562513 -16.870001 -9.170000 59.920002
-9.095119 -5.742774 1.406980 -14.000000 -2.520000 34.439999
-9.028119 -5.051248 1.064806 -41.580002 -13.650000 27.440001
-8.733803 -4.926822 1.016950 -16.520000 -5.460000 24.219999
-8.839087 -4.441079 0.947558 3.010000 0.490000 19.320000
-8.839087 -4.441079 0.947558 3.010000 0.490000 19.320000
-8.839087 -4.441079 0.947558 3.010000 0.490000 19.320000
-9.267403 -3.661019 1.148555 7.210000 2.030000 12.180000
-9.267403 -3.661019 1.148555 7.210000 2.030000 12.180000
-9.150154 -3.421736 1.160519 -7.000000 -0.630000 6.650000
-9.241080 -3.617948 1.251446 -1.190000 -0.630000 4.900000
-9.241080 -3.617948 1.251446 -1.190000 -0.630000 4.900000
