1.651048 -9.858429 1.162912 -9.030000 6.300000 3.010000
1.706082 -9.860823 1.138984 -0.210000 6.160000 2.520000
1.725225 -9.772287 1.177269 -0.420000 5.880000 2.730000
1.600798 -9.865608 1.110270 8.050000 7.280000 1.610000
1.600798 -9.865608 1.110270 8.050000 7.280000 1.610000
1.682154 -9.961320 1.349552 11.340000 8.890000 0.420000
1.682154 -9.961320 1.349552 11.340000 8.890000 0.420000
1.682154 -9.961320 1.349552 11.340000 8.890000 0.420000
1.667797 -9.753145 1.552942 43.400002 12.600000 -0.700000
1.667797 -9.753145 1.552942 43.400002 12.600000 -0.700000
1.631905 -9.765109 2.139183 27.719999 12.950000 -1.190000
1.631905 -9.765109 2.139183 27.719999 12.950000 -1.190000
1.483550 -8.420342 3.610770 174.300003 30.520000 -7.630000
1.629512 -8.848659 3.562913 178.220001 22.330000 -13.230000
1.617548 -5.888737 5.558527 215.040009 22.330000 -11.060000
1.435694 -5.670990 6.429514 188.860001 19.809999 -12.530000
1.435694 -5.670990 6.429514 188.860001 19.809999 -12.530000
1.686940 -6.343372 6.786045 155.330002 8.470000 -13.370000
1.529014 -4.575077 7.357929 180.600006 15.820000 -9.590000
1.170090 -3.543770 8.224132 149.240005 14.490000 -8.470000
1.060020 -0.693919 9.169296 150.009995 28.490000 -0.490000
1.004985 -1.308874 9.365508 116.199997 17.500000 -6.930000
1.397408 -1.031307 9.343972 115.080002 20.440001 -6.720000
0.904487 0.665205 9.633504 89.879997 18.900000 -2.310000
0.904487 0.665205 9.633504 89.879997 18.900000 -2.310000
0.904487 0.665205 9.633504 89.879997 18.900000 -2.310000
0.904487 0.665205 9.633504 89.879997 18.900000 -2.310000
0.904487 0.665205 9.633504 89.879997 18.900000 -2.310000
0.904487 0.665205 9.633504 89.879997 18.900000 -2.310000
0.904487 0.665205 9.633504 89.879997 18.900000 -2.310000
0.696311 1.890330 9.901501 5.600000 6.020000 3.570000
0.851845 1.203590 9.360723 -12.880000 2.940000 1.890000
0.851845 1.203590 9.360723 -12.880000 2.940000 1.890000
0.969093 1.557728 9.288938 -2.730000 3.850000 2.380000
0.818345 1.421337 9.284152 -4.760000 3.990000 2.030000
0.818345 1.421337 9.284152 -4.760000 3.990000 2.030000
0.897308 1.679761 9.418150 0.700000 5.040000 3.500000
