3.754339 -7.338787 5.587241 -1.610000 -0.770000 0.490000
3.716053 -7.441679 5.438886 1.680000 0.630000 0.490000
3.790231 -7.345965 5.587241 -2.730000 -2.450000 -0.980000
3.790231 -7.345965 5.587241 -2.730000 -2.450000 -0.980000
3.661019 -7.491928 5.374279 0.980000 -0.560000 0.070000
3.773481 -7.252645 5.398208 -0.070000 -0.560000 -0.980000
3.771089 -7.264609 5.359922 2.310000 0.070000 -1.330000
3.692125 -7.221539 5.364708 2.030000 -0.280000 -1.540000
3.692125 -7.221539 5.364708 2.030000 -0.280000 -1.540000
3.692125 -7.221539 5.364708 2.030000 -0.280000 -1.540000
3.692125 -7.221539 5.364708 2.030000 -0.280000 -1.540000
3.751946 -7.207181 5.422136 6.720000 1.680000 -0.910000
3.751946 -7.207181 5.422136 6.720000 1.680000 -0.910000
3.842873 -7.197611 5.414958 -2.800000 -0.280000 0.770000
3.842873 -7.197611 5.414958 -2.800000 -0.280000 0.770000
3.763910 -7.381857 5.350351 0.700000 0.700000 0.980000
3.766303 -7.259824 5.424529 -0.910000 0.700000 -0.490000
3.747160 -7.166504 5.453243 -0.490000 0.420000 0.350000
3.747160 -7.166504 5.453243 -0.490000 0.420000 0.350000
3.780660 -7.156933 5.563312 -0.490000 1.330000 0.770000
3.780660 -7.156933 5.563312 -0.490000 1.330000 0.770000
3.787838 -7.343572 5.625526 -3.220000 -0.350000 1.120000
3.830909 -7.393822 5.400600 -2.380000 -2.240000 -0.700000
3.778267 -7.412964 5.266603 0.770000 -1.120000 -0.140000
3.917051 -7.085148 5.127820 -0.910000 0.420000 0.630000
3.917051 -7.085148 5.127820 -0.910000 0.420000 0.630000
3.567699 -7.422535 5.522634 1.540000 -0.280000 0.070000
3.567699 -7.422535 5.522634 1.540000 -0.280000 0.070000
3.818945 -7.109076 5.402994 -0.840000 -0.630000 0.630000
3.957729 -7.221539 5.295317 -1.890000 -0.770000 0.700000
3.730411 -7.353144 5.532206 0.070000 -0.630000 0.910000
3.730411 -7.353144 5.532206 0.070000 -0.630000 0.910000
3.730411 -7.353144 5.532206 0.070000 -0.630000 0.910000
3.821337 -7.319644 5.331209 -2.870000 -0.350000 -0.420000
3.744767 -7.137790 5.221139 0.770000 1.680000 -0.420000
3.744767 -7.137790 5.221139 0.770000 1.680000 -0.420000
3.603590 -7.197611 5.615955 1.820000 1.610000 -0.070000
3.603590 -7.197611 5.615955 1.820000 1.610000 -0.070000
3.603590 -7.197611 5.615955 1.820000 1.610000 -0.070000
3.756732 -7.235896 5.410172 -0.910000 -0.840000 0.350000
3.756732 -7.235896 5.410172 -0.910000 -0.840000 0.350000
3.787838 -7.290931 5.271388 0.840000 0.700000 0.490000
3.751946 -7.298109 5.307281 -0.210000 1.260000 0.280000
3.751946 -7.298109 5.307281 -0.210000 1.260000 0.280000
3.751946 -7.298109 5.307281 -0.210000 1.260000 0.280000
3.701697 -7.314859 5.599205 -0.980000 0.070000 0.910000
3.701697 -7.314859 5.599205 -0.980000 0.070000 0.910000
3.773481 -7.276574 5.548956 0.280000 -0.700000 -0.420000
3.795017 -7.302894 5.505885 -0.210000 -0.490000 -0.560000
3.795017 -7.302894 5.505885 -0.210000 -0.490000 -0.560000
3.773481 -7.360322 5.479564 0.420000 -1.050000 -0.700000
