1.038485 -8.578269 2.100898 0.280000 1.890000 5.460000
0.746561 -6.685547 1.524228 6.090000 4.900000 19.460001
-0.014357 -5.864808 1.497907 -4.270000 10.290000 33.810001
-0.014357 -5.864808 1.497907 -4.270000 10.290000 33.810001
-1.172483 -5.728417 1.014557 -16.379999 18.480000 56.910000
-1.172483 -5.728417 1.014557 -16.379999 18.480000 56.910000
-1.361516 -6.022735 1.194018 -2.030000 25.410000 78.400002
-1.938186 -5.852845 1.201197 -9.450000 29.260000 85.680000
-3.010171 -7.599605 1.392623 -9.030000 28.910000 103.389999
-3.720839 -7.551748 1.785046 -3.640000 24.920000 118.300003
-4.362115 -7.953743 1.605584 -23.450001 21.490000 127.750000
-5.455636 -9.489935 1.672583 -5.530000 17.010000 134.820007
-6.312266 -9.583255 1.524228 0.070000 18.830000 135.449997
-6.711867 -9.726824 2.103291 -7.980000 14.840000 142.940002
-6.711867 -9.726824 2.103291 -7.980000 14.840000 142.940002
-7.027720 -10.447062 1.713261 -31.920000 14.420000 131.320007
-7.994420 -10.403993 1.162912 -9.310000 13.020000 124.180000
-8.176274 -9.049655 0.612563 -29.610001 9.100000 102.340004
-8.176274 -9.049655 0.612563 -29.610001 9.100000 102.340004
-8.611769 -7.889136 1.124627 21.000000 14.630000 88.129997
-8.611769 -7.889136 1.124627 21.000000 14.630000 88.129997
-8.874979 -7.913064 1.004985 -1.260000 9.520000 82.809998
-8.714661 -7.843673 1.007378 12.670000 7.350000 63.139999
-8.463413 -6.630512 0.765703 -7.420000 1.470000 54.180000
-8.171489 -7.128219 0.887737 -9.520000 0.770000 48.720001
-8.903693 -6.599405 1.172483 12.880000 0.280000 36.889999
-8.903693 -6.599405 1.172483 12.880000 0.280000 36.889999
-8.927622 -5.331209 0.916451 -14.070000 -5.670000 22.469999
-8.927622 -5.331209 0.916451 -14.070000 -5.670000 22.469999
-8.678767 -5.326423 0.870987 -35.209999 -9.660000 20.299999
-8.650054 -5.417351 0.746561 -33.599998 -10.500000 13.510000
-8.872586 -4.859823 0.653241 -14.350000 -2.800000 5.600000
-8.781659 -4.754539 0.777667 -9.170000 -0.350000 2.870000
-9.131011 -4.673182 0.581456 8.890000 6.300000 -2.240000
-9.131011 -4.673182 0.581456 8.890000 6.300000 -2.240000
-9.102298 -4.115655 0.794417 10.990000 8.330000 -7.770000
-8.970692 -3.866802 0.827917 13.090000 7.700000 -6.720000
-9.131011 -3.696911 0.835095 14.070000 5.460000 -4.200000
-9.131011 -3.696911 0.835095 14.070000 5.460000 -4.200000
-9.097511 -3.692125 0.847059 10.080000 3.080000 -3.150000
-9.075976 -3.538985 0.861416 3.710000 1.400000 -3.220000
