1.962115 -9.753145 1.806581 -2.030000 -0.980000 -1.960000
1.969293 -9.487542 0.882952 -0.070000 -1.190000 0.350000
1.794617 -9.698111 1.447658 -0.910000 -0.490000 0.280000
1.945365 -9.473185 1.134198 -6.090000 2.030000 2.870000
1.945365 -9.473185 1.134198 -6.090000 2.030000 2.870000
1.945365 -9.473185 1.134198 -6.090000 2.030000 2.870000
1.926222 -10.045070 0.143569 -56.490002 6.440000 8.260000
2.002793 -10.315458 -0.095713 -36.750000 8.750000 5.460000
1.789831 -10.387242 1.191626 -9.940000 10.570000 -1.190000
1.789831 -10.387242 1.191626 -9.940000 10.570000 -1.190000
1.741975 -9.992428 0.421137 -52.920002 12.180000 -3.290000
2.009971 -10.368099 0.227318 -65.099998 10.640000 0.210000
2.187040 -10.186246 -0.291924 -43.750000 5.390000 -4.340000
1.789831 -8.831908 -2.048256 -42.209999 15.680000 1.820000
1.789831 -8.831908 -2.048256 -42.209999 15.680000 1.820000
2.120041 -9.571291 -1.500300 -40.389999 27.230000 5.110000
2.120041 -9.571291 -1.500300 -40.389999 27.230000 5.110000
1.765903 -9.808180 -2.354537 -26.389999 36.680000 16.309999
1.641476 -9.731609 -2.277967 8.610000 30.590000 12.250000
1.596013 -9.600004 -1.818545 22.049999 24.850000 9.800000
1.691726 -8.575876 -0.973879 21.139999 17.500000 8.400000
1.703690 -9.418150 -1.127020 10.360000 10.990000 5.530000
1.703690 -9.418150 -1.127020 10.360000 10.990000 5.530000
1.727618 -9.769895 -0.906880 7.000000 10.220000 3.010000
1.567299 -9.628718 -0.693919 2.590000 5.180000 0.560000
1.497907 -10.078569 -1.158126 4.200000 1.890000 1.540000
1.823331 -9.590433 -0.751346 6.860000 -0.630000 3.710000
1.430908 -9.506684 -0.959522 9.450000 -1.680000 3.080000
1.430908 -9.506684 -0.959522 9.450000 -1.680000 3.080000
1.670190 -9.604790 -0.935594 3.850000 0.700000 2.170000
1.631905 -9.901501 -0.847059 1.470000 0.420000 2.170000
1.631905 -9.434900 -0.959522 3.430000 -2.170000 1.330000
1.521835 -9.657433 -1.117448 -0.140000 -1.610000 1.540000
1.543371 -9.894321 -1.162912 0.910000 -0.560000 0.840000
1.674976 -9.626326 -0.990629 5.390000 -1.540000 1.960000
1.847259 -9.537791 -0.899701 2.310000 0.560000 2.520000
1.531406 -9.863215 -0.892523 -0.840000 2.030000 1.260000
1.531406 -9.863215 -0.892523 -0.840000 2.030000 1.260000
1.550549 -10.011569 -0.808774 1.120000 0.210000 1.890000
1.593620 -9.652647 -0.725025 6.300000 -1.400000 3.080000
1.538585 -9.743573 -0.787239 5.110000 -1.050000 2.240000
1.517050 -9.762716 -0.784846 2.660000 1.050000 2.030000
