2.074577 -9.757930 0.942772 9.030000 0.910000 -0.210000
2.074577 -9.757930 0.942772 9.030000 0.910000 -0.210000
2.124826 -9.714860 1.225125 -3.290000 -0.350000 2.170000
2.060220 -9.801002 0.926022 -2.100000 1.190000 0.840000
2.060220 -9.801002 0.926022 -2.100000 1.190000 0.840000
2.127219 -9.755538 1.136591 1.190000 1.610000 0.840000
1.976472 -9.760324 1.600798 -2.520000 2.240000 2.450000
1.976472 -9.760324 1.600798 -2.520000 2.240000 2.450000
1.935793 -9.454042 1.229911 -25.620001 2.380000 8.050000
1.935793 -9.454042 1.229911 -25.620001 2.380000 8.050000
1.935793 -10.705488 0.729811 -9.240000 12.040000 4.060000
2.167897 -9.193225 -0.263210 -36.750000 11.760000 13.580000
2.167897 -9.193225 -0.263210 -36.750000 11.760000 13.580000
1.837688 -9.827322 0.165105 -18.830000 15.750000 8.820000
1.837688 -9.827322 0.165105 -18.830000 15.750000 8.820000
1.746760 -10.425529 -0.715454 -33.250000 20.930000 12.810000
1.746760 -10.425529 -0.715454 -33.250000 20.930000 12.810000
1.409373 -9.853643 -1.148555 -9.940000 31.430000 19.530001
1.146162 -9.597611 -0.914058 2.380000 28.070000 15.400000
1.179662 -9.985250 -0.390030 9.800000 17.710001 11.060000
1.179662 -9.985250 -0.390030 9.800000 17.710001 11.060000
0.966700 -9.554541 -0.145962 6.650000 3.640000 4.620000
0.966700 -9.554541 -0.145962 6.650000 3.640000 4.620000
1.194018 -9.942179 -0.313460 -0.630000 1.820000 2.030000
1.225125 -9.279366 -0.313460 6.930000 -0.210000 1.400000
1.229911 -10.109675 -0.129212 2.170000 1.750000 1.680000
1.229911 -10.109675 -0.129212 2.170000 1.750000 1.680000
1.325624 -9.566505 -0.279960 10.150000 -0.840000 1.050000
1.162912 -9.975677 -0.468993 8.610000 2.170000 1.190000
1.012164 -9.839286 -0.277567 5.950000 -0.630000 0.490000
1.012164 -9.839286 -0.277567 5.950000 -0.630000 0.490000
1.074377 -10.102496 -0.339781 5.460000 0.070000 0.210000
1.048056 -9.858429 -0.122034 6.720000 -0.700000 1.190000
