0.464208 2.615355 9.229117 8.050000 3.850000 1.540000
0.464208 2.615355 9.229117 8.050000 3.850000 1.540000
0.461815 2.756532 9.131011 3.010000 3.080000 4.480000
0.579063 2.352145 9.121440 -6.440000 0.700000 6.300000
0.442672 2.763710 9.315259 1.330000 3.570000 10.710000
0.368495 3.005385 9.470792 5.040000 3.150000 13.930000
0.368495 3.005385 9.470792 5.040000 3.150000 13.930000
0.303888 3.378666 9.719646 9.380000 4.060000 17.080000
0.303888 3.378666 9.719646 9.380000 4.060000 17.080000
-0.847059 6.558727 9.221939 28.840000 6.790000 74.970001
-0.535992 6.204589 8.774480 1.890000 1.610000 89.809998
-0.622134 5.599205 8.714661 2.800000 4.690000 101.639999
-0.622134 5.599205 8.714661 2.800000 4.690000 101.639999
-1.371087 4.790431 8.781659 -9.870000 6.930000 133.419998
-1.371087 4.790431 8.781659 -9.870000 6.930000 133.419998
-1.375873 4.472186 8.853443 -28.980000 2.870000 136.779999
-1.375873 4.472186 8.853443 -28.980000 2.870000 136.779999
-1.375873 4.472186 8.853443 -28.980000 2.870000 136.779999
-1.320838 1.241875 8.587841 -28.210001 3.990000 165.410004
-1.373480 0.658026 8.348558 -16.870001 8.610000 171.289993
-1.373480 0.658026 8.348558 -16.870001 8.610000 171.289993
-1.373480 0.658026 8.348558 -16.870001 8.610000 171.289993
-1.373480 0.658026 8.348558 -16.870001 8.610000 171.289993
0.382852 -3.739982 9.595219 -71.260002 -4.970000 123.830002
0.382852 -3.739982 9.595219 -71.260002 -4.970000 123.830002
0.715454 -3.775874 9.260223 -29.469999 5.320000 116.129997
0.593420 -2.208575 9.083155 -8.820000 8.330000 97.370003
1.071985 -4.297509 9.410972 1.400000 -0.770000 89.180000
1.361516 -2.591427 9.238688 23.870001 9.100000 54.670002
1.361516 -2.591427 9.238688 23.870001 9.100000 54.670002
1.361516 -2.591427 9.238688 23.870001 9.100000 54.670002
1.361516 -2.591427 9.238688 23.870001 9.100000 54.670002
1.361516 -2.591427 9.238688 23.870001 9.100000 54.670002
1.361516 -2.591427 9.238688 23.870001 9.100000 54.670002
1.361516 -2.591427 9.238688 23.870001 9.100000 54.670002
1.361516 -2.591427 9.238688 23.870001 9.100000 54.670002
1.361516 -2.591427 9.238688 23.870001 9.100000 54.670002
1.445265 -1.048056 9.504292 -3.010000 4.130000 -3.570000
1.457229 -1.117448 9.523434 2.170000 5.390000 -5.040000
1.232304 -0.806381 9.559326 5.110000 6.300000 -5.460000
1.512264 -0.559920 9.437292 -0.630000 3.360000 -9.380000
1.512264 -0.559920 9.437292 -0.630000 3.360000 -9.380000
1.318445 -0.703490 9.858429 6.090000 5.320000 -7.770000
1.292124 -0.849452 9.997212 5.040000 3.360000 -10.360000
