0.588634 -9.906286 2.112862 -5.250000 5.320000 3.640000
0.524028 -9.963714 1.990828 -6.790000 3.290000 2.450000
0.562313 -10.028319 1.928615 -5.180000 4.200000 1.680000
0.598206 -9.872787 2.043471 -2.800000 6.440000 -0.280000
0.598206 -9.872787 2.043471 -2.800000 6.440000 -0.280000
0.631705 -9.597611 2.050649 -7.140000 3.220000 0.420000
0.631705 -9.597611 2.050649 -7.140000 3.220000 0.420000
0.514457 -9.387043 1.935793 -5.320000 5.320000 2.030000
0.636491 -9.482756 1.950150 -7.210000 5.460000 2.940000
0.598206 -9.497113 1.995614 -2.730000 6.720000 3.710000
0.598206 -9.497113 1.995614 -2.730000 6.720000 3.710000
0.555135 -9.671788 2.050649 -6.160000 4.830000 4.270000
0.555135 -9.671788 2.050649 -6.160000 4.830000 4.270000
0.502493 -9.942179 2.000400 -5.880000 6.300000 3.150000
0.502493 -9.942179 2.000400 -5.880000 6.300000 3.150000
0.528814 -9.521042 2.088934 -6.930000 4.620000 3.150000
0.528814 -9.521042 2.088934 -6.930000 4.620000 3.150000
0.473779 -9.705289 1.966900 -5.600000 1.960000 3.710000
0.607777 -9.724431 1.947758 -5.880000 3.150000 3.430000
0.617348 -9.647861 1.983650 -4.130000 5.110000 2.240000
0.598206 -9.722038 1.864009 -6.790000 3.150000 3.150000
0.591027 -9.674182 1.897508 -7.420000 3.430000 3.150000
0.579063 -9.619147 1.933401 -4.830000 5.530000 2.730000
0.593420 -9.592826 1.942972 -6.510000 5.460000 3.430000
0.559920 -9.592826 1.928615 -7.560000 6.090000 3.360000
0.509671 -9.755538 2.000400 -5.880000 5.670000 3.290000
0.579063 -9.734003 2.065006 -5.250000 5.040000 3.360000
0.579063 -9.734003 2.065006 -5.250000 5.040000 3.360000
0.485743 -9.762716 1.990828 -6.300000 5.180000 3.220000
0.547956 -9.719646 2.055435 -5.320000 4.690000 3.150000
0.464208 -9.729217 2.067399 -5.950000 4.270000 2.870000
0.464208 -9.729217 2.067399 -5.950000 4.270000 2.870000
0.476172 -9.724431 2.084148 -4.690000 5.180000 1.470000
0.507278 -9.590433 1.995614 -5.530000 4.270000 2.660000
0.430708 -9.652647 2.002793 -5.460000 4.200000 3.430000
0.545564 -9.671788 2.029114 -6.370000 4.270000 3.220000
0.516850 -9.700503 1.935793 -5.950000 3.920000 3.080000
0.516850 -9.700503 1.935793 -5.950000 3.920000 3.080000
0.516850 -9.700503 1.935793 -5.950000 3.920000 3.080000
0.457029 -9.702895 2.043471 -4.830000 4.340000 2.450000
0.516850 -9.844072 1.976472 -8.260000 2.590000 2.520000
0.540778 -9.796216 1.978864 -3.990000 4.060000 2.170000
0.540778 -9.796216 1.978864 -3.990000 4.060000 2.170000
0.543171 -9.702895 1.928615 -4.200000 3.780000 1.680000
0.564706 -9.808180 2.033899 -6.720000 3.220000 1.610000
0.564706 -9.808180 2.033899 -6.720000 3.220000 1.610000
0.473779 -9.722038 1.954936 -3.290000 4.480000 1.190000
0.526421 -9.647861 1.983650 -4.620000 3.500000 1.610000
0.622134 -9.765109 1.885544 -6.510000 3.080000 1.750000
0.457029 -9.571291 1.758725 -5.320000 4.340000 1.890000
0.457029 -9.571291 1.758725 -5.320000 4.340000 1.890000
0.514457 -9.690931 1.988436 -5.880000 4.340000 1.960000
0.562313 -9.640682 1.938186 -6.510000 4.060000 2.380000
0.591027 -9.774680 2.048256 -5.180000 4.760000 2.660000
0.591027 -9.774680 2.048256 -5.180000 4.760000 2.660000
0.533599 -9.530612 2.076970 -3.570000 5.530000 2.730000
0.533599 -9.530612 2.076970 -3.570000 5.530000 2.730000
0.421137 -9.530612 2.103291 -5.180000 3.710000 4.130000
