1.347159 -9.556933 2.249253 1.470000 3.430000 -7.490000
1.514657 -10.128819 2.208575 -13.090000 4.550000 -12.810000
1.500300 -11.337193 2.275574 -22.540001 7.350000 -33.320000
1.543371 -12.851851 2.139183 -30.309999 9.730000 -64.959999
1.543371 -12.851851 2.139183 -30.309999 9.730000 -64.959999
1.540978 -13.344771 2.268396 -30.660000 10.920000 -84.699997
3.010171 -12.820745 1.335195 -43.889999 7.840000 -153.369995
3.294917 -12.205789 1.294517 -22.820000 12.670000 -164.710007
3.495914 -10.947165 1.536192 -11.830000 10.150000 -185.149994
4.548756 -9.741181 0.981057 -5.320000 6.160000 -204.750000
4.548756 -9.741181 0.981057 -5.320000 6.160000 -204.750000
4.795217 -9.044869 1.136591 4.760000 6.090000 -212.940002
5.812167 -5.474778 1.064806 10.640000 -5.390000 -223.160004
5.647062 -4.553542 1.067199 4.760000 -7.630000 -225.960007
6.640083 -2.031506 1.038485 7.000000 -13.440001 -229.040009
6.805188 -0.390030 0.916451 11.830000 -17.850000 -220.500000
6.805188 -0.390030 0.916451 11.830000 -17.850000 -220.500000
7.044470 0.957129 0.459422 34.369999 -18.760000 -215.600006
6.769295 3.610770 0.368495 65.309998 -16.660000 -195.509995
7.109076 6.659225 -0.126820 11.970000 -15.470000 -133.350006
6.891330 6.850651 -0.172283 -5.600000 -6.300000 -89.459999
6.891330 6.850651 -0.172283 -5.600000 -6.300000 -89.459999
7.171289 7.159326 0.126820 9.100000 -0.700000 -53.970001
7.295716 6.685547 0.014357 5.390000 1.750000 -34.369999
7.594819 6.214160 0.299103 -7.210000 1.470000 -9.310000
8.432307 5.230711 0.162712 -17.710001 -0.140000 11.270000
9.001799 4.697111 0.212961 -18.969999 -3.150000 13.440001
8.951550 4.340580 0.351745 -0.910000 0.350000 11.760000
8.736196 4.307081 0.399601 -10.010000 0.210000 10.570000
8.961121 4.220939 0.370888 -21.139999 0.350000 10.570000
