1.835295 -7.125826 2.376073 6.230000 -2.730000 19.460001
0.713061 -5.453243 1.586441 -4.340000 1.260000 37.450001
0.287139 -5.204390 1.464408 -2.870000 9.240000 57.260002
0.287139 -5.204390 1.464408 -2.870000 9.240000 57.260002
-0.066999 -5.247460 1.395016 -4.270000 13.230000 65.800003
-0.586242 -5.589634 1.050449 10.010000 20.370001 87.779999
-2.548356 -6.190232 1.507478 -1.540000 35.209999 110.949997
-3.436093 -8.544770 1.751546 -10.080000 28.420000 133.490005
-3.436093 -8.544770 1.751546 -10.080000 28.420000 133.490005
-3.981657 -8.372486 1.959722 10.360000 31.219999 135.380005
-6.570691 -9.844072 1.864009 -16.870001 30.940001 141.820007
-6.855437 -9.494720 2.050649 -36.750000 29.120001 130.339996
-7.637890 -8.360522 0.957129 -51.869999 30.660000 129.289993
-8.872586 -10.648061 1.706082 -38.080002 22.330000 148.470001
-8.872586 -10.648061 1.706082 -38.080002 22.330000 148.470001
-8.181061 -8.769694 1.083949 -17.430000 20.020000 136.779999
-8.827123 -9.604790 0.495314 -32.340000 24.570000 139.089996
-8.903693 -8.796017 1.971686 34.439999 25.059999 120.400002
-9.334401 -8.815158 1.911865 2.240000 18.200001 113.610001
-9.334401 -8.815158 1.911865 2.240000 18.200001 113.610001
-9.145369 -8.896514 1.272982 2.030000 11.690000 100.309998
-8.891729 -8.353344 1.923829 43.049999 14.700000 89.180000
-9.310472 -7.240681 2.139183 36.959999 16.379999 82.040001
-8.587841 -7.197611 1.485943 -18.480000 -1.680000 72.660004
-8.920443 -6.800402 1.598405 26.950001 3.990000 50.259998
-9.504292 -5.807381 1.813759 23.100000 1.470000 41.230000
-9.159724 -4.783253 1.756332 -40.180000 -12.530000 33.459999
-8.965906 -4.948357 0.937986 -54.180000 -18.969999 25.549999
-8.719445 -4.931608 1.103091 -29.960001 -11.130000 19.530001
-9.463614 -3.333202 1.368695 -6.020000 4.200000 -3.220000
-9.391829 -3.309274 1.258625 -7.770000 4.410000 -5.110000
-9.272188 -3.175276 1.246661 0.770000 3.220000 -5.600000
-9.427721 -3.014957 1.284946 9.940000 2.240000 -3.010000
-9.363115 -2.801995 1.347159 7.770000 1.190000 -2.450000
-9.274581 -2.799603 1.277767 -8.190000 -1.610000 -2.380000
-9.231510 -3.292524 1.091127 0.630000 -2.380000 -1.540000
-9.231510 -3.292524 1.091127 0.630000 -2.380000 -1.540000
-9.336794 -2.687140 1.196411 4.270000 -1.820000 0.350000
-9.336794 -2.687140 1.196411 4.270000 -1.820000 0.350000
