0.337388 -9.834501 1.916651 -5.600000 4.060000 2.660000
0.311067 -9.872787 2.005185 -5.810000 4.480000 1.960000
0.203390 -9.621540 1.954936 -4.200000 5.320000 2.100000
0.303888 -9.585647 1.844866 -6.790000 5.250000 3.360000
0.303888 -9.585647 1.844866 -6.790000 5.250000 3.360000
0.318245 -9.655040 1.990828 -5.250000 5.460000 2.030000
0.246461 -9.786645 2.115255 -6.790000 5.250000 2.660000
0.251246 -9.834501 2.045863 -5.600000 5.250000 2.030000
0.303888 -9.736395 2.129612 -5.950000 4.130000 1.960000
0.313460 -9.753145 2.048256 -5.810000 3.220000 2.100000
0.287139 -9.700503 1.952543 -5.250000 3.500000 2.240000
0.287139 -9.700503 1.952543 -5.250000 3.500000 2.240000
0.337388 -9.724431 1.950150 -5.950000 4.620000 1.960000
0.291924 -9.611969 2.021935 -6.160000 4.620000 1.960000
0.291924 -9.611969 2.021935 -6.160000 4.620000 1.960000
0.330210 -9.590433 1.957329 -6.370000 3.500000 3.710000
0.344566 -9.707682 1.971686 -6.020000 5.110000 3.290000
0.387637 -9.748360 2.108077 -5.810000 4.970000 2.940000
0.275175 -9.726824 2.088934 -4.550000 4.410000 3.080000
0.275175 -9.726824 2.088934 -4.550000 4.410000 3.080000
0.299103 -9.714860 2.088934 -6.510000 3.640000 3.080000
0.306281 -9.810574 1.954936 -7.280000 3.010000 2.450000
0.260818 -9.628718 1.935793 -5.600000 4.200000 3.360000
0.301496 -9.561719 1.981257 -3.780000 5.040000 3.710000
0.270389 -9.466006 2.057827 -5.810000 4.830000 4.130000
0.296710 -9.521042 2.062613 -5.670000 4.410000 4.760000
0.200997 -10.001998 1.933401 -6.300000 3.710000 5.180000
0.200997 -10.001998 1.933401 -6.300000 3.710000 5.180000
0.200997 -10.001998 1.933401 -6.300000 3.710000 5.180000
0.239282 -10.078569 2.012364 -5.460000 6.440000 1.470000
0.239282 -10.078569 2.012364 -5.460000 6.440000 1.470000
0.267996 -9.717253 2.122434 -5.740000 4.620000 0.140000
0.267996 -9.717253 2.122434 -5.740000 4.620000 0.140000
0.172283 -9.329616 1.935793 -6.930000 3.500000 1.960000
0.277567 -9.293723 1.921437 -7.630000 3.710000 2.730000
0.277567 -9.293723 1.921437 -7.630000 3.710000 2.730000
0.177069 -9.571291 2.091327 -5.250000 5.320000 4.550000
0.210568 -9.631111 2.079363 -6.860000 5.110000 4.410000
0.177069 -9.772287 2.165504 -4.970000 5.530000 4.480000
0.291924 -9.882358 2.122434 -6.930000 3.220000 4.620000
0.291924 -9.882358 2.122434 -6.930000 3.220000 4.620000
0.232104 -9.949356 2.067399 -7.630000 3.010000 3.990000
0.143569 -9.719646 1.978864 -3.850000 4.620000 3.080000
0.256032 -9.765109 2.043471 -4.620000 3.710000 3.640000
0.133998 -9.705289 2.091327 -5.530000 3.150000 3.920000
0.239282 -9.896714 2.108077 -6.370000 2.030000 3.010000
0.239282 -9.896714 2.108077 -6.370000 2.030000 3.010000
