1.706082 -9.583255 3.125026 6.300000 2.450000 -8.680000
1.536192 -9.762716 2.785245 38.779999 7.770000 -20.299999
1.753939 -9.207582 3.517449 63.980000 7.980000 -32.900002
1.835295 -9.214760 3.993621 55.090000 8.750000 -38.080002
2.091327 -9.475577 3.696911 77.980003 3.500000 -52.290001
2.091327 -9.475577 3.696911 77.980003 3.500000 -52.290001
2.804388 -7.843673 5.180461 113.470001 5.110000 -74.199997
3.079563 -7.783852 5.682954 105.910004 12.250000 -72.099998
3.115455 -7.008578 6.506085 76.300003 11.830000 -71.820000
3.115455 -7.008578 6.506085 76.300003 11.830000 -71.820000
3.268596 -6.474977 7.398607 85.820000 0.910000 -81.129997
3.268596 -6.474977 7.398607 85.820000 0.910000 -81.129997
4.266403 -5.209175 6.876972 85.610001 -1.400000 -86.660004
4.505685 -4.034299 6.977471 71.260002 -5.250000 -87.150002
4.802395 -3.153740 7.587641 62.930000 -7.770000 -80.570000
4.981857 -2.873780 7.104291 50.610001 -7.490000 -79.169998
4.945964 -2.098505 7.640282 42.840000 -6.580000 -74.340004
4.945964 -2.098505 7.640282 42.840000 -6.580000 -74.340004
5.321638 -1.607977 7.697710 52.009998 -7.980000 -69.230003
4.950750 -1.607977 7.925028 40.810001 -12.320000 -67.340004
5.402994 -1.160519 7.611568 23.309999 -15.960000 -61.529999
5.278566 -0.794417 7.865208 28.980000 -16.309999 -60.200001
5.453243 -0.198604 7.525427 45.360001 -17.150000 -53.340000
5.661418 0.263210 7.164111 23.660000 -12.810000 -47.040001
5.623133 0.734596 7.192825 21.559999 -7.560000 -38.150002
5.541777 0.727418 7.231110 23.030001 -5.320000 -34.580002
5.560920 1.124627 7.499106 -3.850000 -1.330000 -16.309999
5.972485 0.839881 7.740781 -3.430000 -2.660000 -2.590000
5.903094 0.543171 7.592427 0.980000 -2.240000 -0.910000
5.903094 0.543171 7.592427 0.980000 -2.240000 -0.910000
5.910272 0.473779 7.465607 -4.900000 -2.450000 2.030000
5.871986 0.129212 7.558927 -11.970000 -4.410000 5.180000
5.642276 0.239282 7.367501 -0.280000 1.400000 4.690000
5.735595 -0.043071 7.460821 -3.780000 1.820000 4.690000
5.912664 -0.090927 7.697710 -8.540000 1.260000 4.760000
5.996413 0.229711 7.496714 -4.340000 1.260000 7.070000
6.032306 0.162712 7.594819 -14.070000 0.630000 9.660000
5.840880 0.440279 7.759924 -28.280001 1.330000 12.670000
5.726025 0.179462 7.934600 -46.549999 -2.520000 18.690001
