-0.284746 -9.992428 0.038285 -0.070000 0.140000 -0.630000
-0.227318 -9.956534 0.033500 0.560000 0.070000 -0.980000
-0.265603 -9.875179 -0.050249 -0.210000 0.140000 -0.630000
-0.177069 -9.748360 0.009571 -0.070000 0.770000 -0.420000
-0.177069 -9.748360 0.009571 -0.070000 0.770000 -0.420000
-0.224925 -10.018748 0.009571 1.120000 0.490000 -0.140000
-0.224925 -10.018748 0.009571 1.120000 0.490000 -0.140000
-0.215354 -9.966106 0.090927 -1.610000 1.680000 -0.420000
-0.248854 -9.968499 0.031107 -1.050000 0.700000 -1.260000
-0.203390 -9.676575 0.167498 1.680000 0.350000 0.630000
-0.203390 -9.676575 0.167498 1.680000 0.350000 0.630000
-0.191426 -9.968499 0.014357 -1.050000 0.210000 0.840000
-0.284746 -9.839286 0.050249 1.540000 -0.980000 0.910000
-0.184247 -9.791430 -0.040678 -0.560000 -0.910000 0.980000
-0.184247 -9.791430 -0.040678 -0.560000 -0.910000 0.980000
-0.184247 -9.791430 -0.040678 -0.560000 -0.910000 0.980000
-0.184247 -9.791430 -0.040678 -0.560000 -0.910000 0.980000
-0.236889 -9.930215 0.033500 1.050000 -0.140000 1.120000
-0.279960 -10.013963 -0.066999 1.330000 0.980000 0.840000
-0.258425 -10.112068 -0.033500 -1.470000 0.210000 0.630000
-0.248854 -10.028319 0.011964 0.840000 -0.140000 0.420000
-0.229711 -10.100104 -0.043071 -1.190000 0.490000 0.210000
-0.229711 -10.100104 -0.043071 -1.190000 0.490000 0.210000
-0.258425 -9.812965 0.160319 -0.350000 -0.560000 0.280000
-0.184247 -10.088140 -0.004786 -0.210000 -1.190000 0.140000
-0.263210 -10.080962 -0.136391 1.470000 0.420000 -0.350000
-0.256032 -9.939785 0.114855 -1.260000 1.050000 0.210000
-0.222532 -10.066606 0.009571 -0.070000 -0.210000 0.630000
-0.222532 -10.066606 0.009571 -0.070000 -0.210000 0.630000
-0.299103 -10.066606 0.129212 -0.140000 1.330000 1.120000
-0.260818 -10.076177 0.150748 0.560000 -1.120000 0.630000
-0.220140 -10.083356 0.021535 -0.700000 -0.140000 -0.350000
-0.344566 -10.126426 -0.004786 -0.910000 1.260000 -0.420000
-0.344566 -10.126426 -0.004786 -0.910000 1.260000 -0.420000
-0.258425 -9.927821 -0.093320 -1.330000 0.630000 -0.350000
-0.332602 -9.827322 0.090927 1.680000 0.910000 0.070000
-0.294317 -9.966106 0.069392 -0.980000 -0.280000 0.910000
-0.294317 -9.966106 0.069392 -0.980000 -0.280000 0.910000
-0.253639 -10.073784 -0.117248 1.540000 0.560000 0.630000
-0.253639 -10.073784 -0.117248 1.540000 0.560000 0.630000
-0.222532 -9.980463 -0.033500 1.470000 1.190000 0.700000
-0.320638 -9.872787 0.043071 3.920000 0.980000 -0.140000
-0.256032 -9.844072 0.090927 0.910000 1.960000 -0.840000
-0.265603 -9.858429 0.200997 -3.780000 0.630000 0.140000
-0.265603 -9.858429 0.200997 -3.780000 0.630000 0.140000
-0.232104 -9.915856 0.026321 -1.400000 -0.700000 0.560000
-0.251246 -9.741181 0.093320 1.400000 1.960000 0.770000
-0.397209 -9.934999 0.253639 -1.260000 0.770000 0.910000
-0.349352 -10.155140 0.110070 -0.490000 -1.330000 1.260000
-0.210568 -10.131211 0.047856 0.350000 -0.980000 0.560000
