2.684747 -9.296116 2.794817 -3.220000 1.400000 -4.060000
2.766103 -9.796216 2.976671 -9.310000 0.420000 -6.650000
2.734996 -10.511670 3.069991 -8.190000 1.470000 -20.160000
2.914458 -12.598210 2.945565 -31.990000 -4.900000 -69.580002
2.854637 -13.076776 2.974278 -24.430000 0.280000 -113.610001
3.294917 -12.863814 3.148954 -24.710001 2.170000 -133.419998
3.294917 -12.863814 3.148954 -24.710001 2.170000 -133.419998
3.495914 -12.031113 2.749353 -8.680000 2.380000 -171.360001
4.077370 -10.609775 2.679961 7.420000 -3.780000 -197.750000
4.603791 -9.717253 2.787638 13.160000 -7.910000 -208.460007
5.235496 -5.194818 2.199004 36.820000 -22.889999 -234.990005
5.235496 -5.194818 2.199004 36.820000 -22.889999 -234.990005
5.749953 -3.620341 2.019542 32.900002 -28.070000 -234.990005
5.749953 -3.620341 2.019542 32.900002 -28.070000 -234.990005
5.833702 0.126820 1.351945 26.040001 -36.259998 -218.680008
5.867201 1.093520 1.000200 39.970001 -37.310001 -211.960007
5.867201 1.093520 1.000200 39.970001 -37.310001 -211.960007
6.862615 5.919843 0.330210 52.990002 -35.630001 -173.740005
7.372287 8.528020 -0.009571 4.270000 -22.680000 -110.040001
7.709675 8.788837 -0.138784 -0.910000 -10.850000 -64.889999
7.764710 8.458629 0.033500 -0.910000 -7.560000 -44.590000
7.764710 8.458629 0.033500 -0.910000 -7.560000 -44.590000
7.848458 7.826923 0.653241 -11.620000 -0.770000 -10.780000
8.236095 5.661418 0.308674 -18.690001 2.380000 11.270000
8.520842 5.233103 0.323031 -15.610000 0.560000 15.190001
8.183454 4.067799 0.626920 0.210000 0.350000 14.980000
8.695518 4.273581 0.763310 -3.150000 -1.820000 8.680000
8.774480 4.208975 0.619741 -13.720000 -0.840000 8.050000
8.449057 4.508078 0.851845 -2.030000 2.170000 7.350000
8.449057 4.508078 0.851845 -2.030000 2.170000 7.350000
8.559127 4.405186 0.928415 -8.820000 2.800000 8.190000
8.559127 4.405186 0.928415 -8.820000 2.800000 8.190000
