2.021935 -10.076177 2.675175 44.099998 2.450000 -27.930000
2.021935 -10.076177 2.675175 44.099998 2.450000 -27.930000
2.433501 -9.784252 3.704089 100.940002 2.590000 -57.889999
2.859423 -9.181261 4.103691 114.309998 3.640000 -65.730003
3.211168 -8.748159 4.950750 128.800003 2.450000 -79.239998
3.414558 -7.403394 5.618347 126.699997 0.490000 -85.959999
3.737589 -7.233503 5.869594 112.279999 -0.980000 -88.830002
4.240082 -6.319445 5.446064 101.989998 2.730000 -91.840004
4.240082 -6.319445 5.446064 101.989998 2.730000 -91.840004
4.283153 -5.556134 6.357729 94.919998 1.820000 -92.190002
5.017749 -3.701697 6.903293 88.900002 -0.210000 -91.419998
5.395815 -2.943172 7.197611 51.520000 -7.560000 -83.930000
5.022535 -2.598605 7.133004 40.880001 -7.770000 -77.139999
5.357530 -2.098505 7.070791 39.200001 -7.560000 -70.279999
5.357530 -2.098505 7.070791 39.200001 -7.560000 -70.279999
5.357530 -2.098505 7.070791 39.200001 -7.560000 -70.279999
5.357530 -2.098505 7.070791 39.200001 -7.560000 -70.279999
5.721239 -0.684347 7.231110 1.400000 -4.970000 -44.660000
5.637490 -0.765703 7.331609 24.990000 -2.380000 -34.090000
5.848059 -0.507278 7.422535 23.240000 -3.500000 -27.580000
5.848059 -0.507278 7.422535 23.240000 -3.500000 -27.580000
5.661418 -0.421137 7.345965 23.170000 0.910000 -19.389999
5.704489 -0.143569 7.633104 11.200000 -0.630000 -17.920000
5.977271 -0.181855 7.764710 11.270000 0.630000 -12.390000
5.979663 -0.208176 7.365108 -11.900000 -1.820000 -5.600000
5.991628 -0.600598 7.238289 1.750000 0.630000 -2.940000
6.022735 -0.636491 7.499106 0.070000 0.420000 -2.310000
6.022735 -0.636491 7.499106 0.070000 0.420000 -2.310000
5.946165 -0.598206 7.496714 -8.610000 -1.190000 -0.980000
6.063413 -0.466600 7.556533 1.120000 0.280000 0.070000
6.005985 -0.342174 7.635497 -0.210000 1.120000 0.910000
5.900701 -0.248854 7.515855 -9.240000 0.490000 8.820000
5.900701 -0.248854 7.515855 -9.240000 0.490000 8.820000
6.044270 -0.289532 7.353144 -21.350000 2.030000 15.470000
5.867201 -0.112463 7.678568 -26.809999 3.920000 20.719999
5.678168 -0.885344 7.448857 -51.450001 -3.290000 29.330000
6.128019 -0.832702 6.742974 -41.580002 1.120000 37.660000
5.517848 -2.486143 7.487142 -33.320000 -6.580000 41.650002
5.517848 -2.486143 7.487142 -33.320000 -6.580000 41.650002
5.828916 -2.318645 7.216753 -7.280000 2.100000 42.349998
5.903094 -1.603191 6.848258 -18.410000 5.600000 46.200001
5.529813 -2.301895 7.322037 -60.200001 1.610000 56.560001
