1.191626 -9.887143 -0.461815 -0.910000 -0.070000 0.280000
1.220340 -9.937392 -0.382852 1.260000 -0.490000 -0.560000
1.220340 -9.937392 -0.382852 1.260000 -0.490000 -0.560000
1.208375 -9.911072 -0.327817 -0.770000 -0.490000 -0.560000
1.146162 -9.882358 -0.363709 -0.630000 -0.840000 -0.560000
1.141376 -9.784252 -0.445065 1.260000 -0.700000 -0.280000
1.103091 -9.808180 -0.447458 0.980000 0.070000 -0.280000
1.191626 -9.906286 -0.349352 0.210000 0.350000 0.070000
1.194018 -9.903893 -0.354138 -0.350000 0.140000 0.140000
1.086342 -9.868000 -0.296710 -0.630000 0.420000 0.070000
1.086342 -9.868000 -0.296710 -0.630000 0.420000 0.070000
1.210768 -9.851252 -0.342174 0.070000 -2.030000 0.420000
1.208375 -9.868000 -0.339781 -1.750000 -1.820000 0.490000
1.217947 -9.860823 -0.492921 3.920000 -0.350000 -1.750000
1.203590 -9.863215 -0.308674 4.550000 0.770000 -1.470000
1.153341 -9.786645 -0.205783 -0.910000 1.190000 -0.770000
1.256232 -9.774680 -0.308674 -0.980000 0.840000 -0.560000
1.256232 -9.774680 -0.308674 -0.980000 0.840000 -0.560000
1.330409 -9.724431 -0.356531 -0.210000 0.630000 -0.560000
1.172483 -9.851252 -0.397209 -1.680000 0.490000 0.980000
1.213161 -9.882358 -0.291924 -3.990000 1.890000 0.350000
1.184447 -9.815358 -0.399601 -0.700000 0.560000 0.630000
1.184447 -9.815358 -0.399601 -0.700000 0.560000 0.630000
1.213161 -9.946963 -0.380459 -0.630000 0.210000 -0.210000
1.194018 -9.860823 -0.394816 -1.540000 0.630000 -0.280000
1.172483 -9.927821 -0.327817 1.400000 0.700000 0.140000
1.172483 -9.927821 -0.327817 1.400000 0.700000 0.140000
1.251446 -9.923036 -0.509671 -3.290000 0.560000 -1.050000
1.244268 -9.903893 -0.490529 0.980000 1.470000 -0.490000
1.244268 -9.903893 -0.490529 0.980000 1.470000 -0.490000
1.277767 -9.884750 -0.342174 0.210000 1.960000 -0.910000
1.244268 -9.920642 -0.378066 2.030000 1.540000 -0.420000
1.232304 -9.944571 -0.392423 -0.840000 0.980000 -0.490000
1.232304 -9.944571 -0.392423 -0.840000 0.980000 -0.490000
1.246661 -9.894321 -0.291924 0.700000 0.560000 0.070000
1.091127 -9.803394 -0.308674 0.420000 0.630000 -0.070000
1.296910 -9.879964 -0.435494 0.350000 1.050000 -0.280000
1.342373 -9.978070 -0.492921 -1.330000 -0.140000 -0.490000
1.265803 -9.801002 -0.418744 -0.630000 0.070000 -0.490000
1.203590 -9.681360 -0.330210 1.610000 1.050000 0.770000
1.203590 -9.681360 -0.330210 1.610000 1.050000 0.770000
1.203590 -9.681360 -0.330210 1.610000 1.050000 0.770000
1.294517 -9.853643 -0.378066 -2.170000 -0.840000 1.120000
1.294517 -9.853643 -0.378066 -2.170000 -0.840000 1.120000
