5.130211 -7.886744 2.969493 -7.280000 2.380000 3.080000
5.132604 -7.932207 3.034099 -4.340000 3.500000 3.570000
5.041678 -7.860423 2.986243 -2.590000 4.830000 2.940000
5.041678 -7.860423 2.986243 -2.590000 4.830000 2.940000
5.041678 -7.860423 2.986243 -2.590000 4.830000 2.940000
5.056034 -7.807780 3.093920 0.420000 2.590000 3.850000
4.991428 -7.714460 3.101098 -4.690000 3.010000 3.990000
5.079963 -7.688138 3.019742 -25.270000 1.750000 5.250000
5.237889 -7.747960 2.991028 -53.830002 1.400000 7.070000
5.094319 -7.219146 3.139383 -81.410004 4.760000 9.030000
5.094319 -7.219146 3.139383 -81.410004 4.760000 9.030000
4.823930 -7.446464 1.146162 -258.860016 -11.760000 14.490000
4.687540 -8.298308 -0.265603 -270.760010 -22.260000 11.760000
4.687540 -8.298308 -0.265603 -270.760010 -22.260000 11.760000
5.101498 -9.516255 -2.376073 -121.730003 -19.809999 1.540000
4.532006 -8.336594 -3.249453 -196.770004 -19.460001 6.370000
4.780859 -6.943972 -3.670590 -127.190002 -11.410000 -0.350000
4.993821 -7.482357 -4.953143 -135.869995 -14.700000 1.400000
4.993821 -7.482357 -4.953143 -135.869995 -14.700000 1.400000
4.979464 -6.515656 -5.826523 -124.180000 -15.680000 -7.070000
4.979464 -6.515656 -5.826523 -124.180000 -15.680000 -7.070000
4.642076 -5.046463 -6.183054 -104.720001 -12.950000 -11.340000
4.907679 -5.472386 -7.288538 -119.279999 -18.620001 -9.100000
4.819145 -4.625326 -7.288538 -88.480003 -16.730000 -10.290000
4.409972 -3.771089 -7.216753 -112.840004 -17.570000 -10.500000
4.721039 -4.036692 -8.204988 -105.980003 -21.210001 -10.920000
4.608576 -3.206382 -8.171489 -86.449997 -18.969999 -12.040000
4.249653 -3.074777 -8.465806 -84.559998 -19.670000 -10.710000
4.338188 -2.261217 -8.647661 -57.260002 -17.570000 -11.480000
4.340580 -2.409572 -8.788837 -47.320000 -18.620001 -12.320000
3.979264 -1.904687 -8.743374 -30.450001 -15.540000 -12.670000
3.979264 -1.574477 -9.322437 -12.740000 -8.540000 -5.110000
4.055835 -1.509871 -9.303294 -7.630000 -4.060000 -2.520000
4.055835 -1.509871 -9.303294 -7.630000 -4.060000 -2.520000
4.055835 -1.509871 -9.303294 -7.630000 -4.060000 -2.520000
4.055835 -1.509871 -9.303294 -7.630000 -4.060000 -2.520000
4.055835 -1.509871 -9.303294 -7.630000 -4.060000 -2.520000
4.101298 -1.799403 -9.178867 0.910000 3.920000 3.850000
4.101298 -1.799403 -9.178867 0.910000 3.920000 3.850000
4.101298 -1.799403 -9.178867 0.910000 3.920000 3.850000
4.168297 -1.835295 -9.080762 -3.430000 6.020000 3.640000
