0.729811 -9.923036 -0.476172 2.240000 0.840000 0.210000
0.763310 -9.875179 -0.445065 -0.420000 1.470000 0.490000
0.801596 -9.942179 -0.406780 -1.330000 0.980000 0.980000
0.782453 -10.097712 -0.435494 -1.540000 0.560000 0.280000
0.708275 -9.961320 -0.416351 1.540000 0.910000 -1.120000
0.708275 -9.961320 -0.416351 1.540000 0.910000 -1.120000
0.780060 -9.860823 -0.330210 0.140000 0.210000 0.140000
0.780060 -9.860823 -0.330210 0.140000 0.210000 0.140000
0.825524 -9.961320 -0.423530 0.490000 -0.210000 -0.490000
0.782453 -9.970891 -0.354138 0.770000 0.210000 -0.770000
0.820738 -9.875179 -0.478565 0.070000 -0.700000 -0.770000
0.768096 -9.834501 -0.392423 -0.770000 -0.490000 -0.560000
0.760918 -9.796216 -0.531207 -1.960000 0.840000 -0.210000
0.760918 -9.796216 -0.531207 -1.960000 0.840000 -0.210000
0.787239 -9.781858 -0.516850 -0.490000 1.470000 0.490000
0.787239 -9.781858 -0.516850 -0.490000 1.470000 0.490000
0.854238 -10.035499 -0.361316 -1.120000 0.840000 0.910000
0.758525 -10.006784 -0.380459 -0.280000 0.560000 0.560000
0.813560 -10.025927 -0.401994 0.560000 0.420000 0.280000
0.847059 -10.033106 -0.452243 0.140000 0.210000 -0.070000
0.801596 -9.951750 -0.425922 1.610000 -0.280000 -0.210000
0.801596 -9.951750 -0.425922 1.610000 -0.280000 -0.210000
0.827917 -9.913465 -0.411566 1.820000 1.260000 -0.490000
0.856631 -9.903893 -0.334995 1.540000 1.120000 -0.490000
0.760918 -9.846465 -0.464208 -1.050000 0.350000 0.420000
0.751346 -9.906286 -0.397209 -0.280000 -0.280000 0.700000
0.794417 -9.829715 -0.442672 0.210000 -0.280000 0.700000
0.701097 -10.009177 -0.449851 0.420000 0.560000 0.630000
0.815953 -9.930215 -0.447458 0.980000 0.630000 0.280000
0.827917 -9.970891 -0.500100 -1.260000 1.190000 0.140000
0.784846 -9.932607 -0.399601 2.450000 0.980000 -0.280000
0.825524 -9.911072 -0.366102 1.750000 0.910000 -0.280000
0.801596 -9.994821 -0.382852 0.350000 0.560000 -0.070000
0.815953 -9.875179 -0.471386 0.630000 0.980000 -0.070000
0.768096 -9.994821 -0.394816 1.260000 0.560000 -0.700000
0.837488 -9.875179 -0.349352 0.140000 0.700000 -0.350000
0.770489 -10.004392 -0.351745 -0.840000 0.700000 -0.140000
