2.354537 -9.544970 1.883151 2.100000 -0.630000 -0.700000
2.344966 -9.590433 1.875973 3.290000 -2.730000 -4.060000
2.344966 -9.590433 1.875973 3.290000 -2.730000 -4.060000
2.467000 -9.781858 1.179662 0.280000 -1.610000 -5.670000
2.651247 -9.664611 1.194018 8.610000 -1.820000 -6.230000
2.562713 -9.872787 2.328217 -12.530000 -10.360000 -4.200000
2.562713 -9.872787 2.328217 -12.530000 -10.360000 -4.200000
2.550749 -9.494720 2.462214 -4.620000 -12.950000 -4.830000
2.514857 -9.298509 1.983650 -8.680000 -13.090000 -2.100000
2.605784 -9.451650 1.808974 -13.160000 -12.600000 -3.080000
2.600998 -9.363115 1.761117 -23.030001 -15.960000 -2.310000
2.500499 -9.686146 1.887937 -21.770000 -15.610000 -3.360000
2.500499 -9.686146 1.887937 -21.770000 -15.610000 -3.360000
2.651247 -9.628718 1.715654 -22.190001 -17.500000 -3.570000
2.758924 -9.552148 1.201197 -20.930000 -17.360001 -3.080000
2.799603 -9.473185 1.067199 -16.170000 -17.500000 -4.130000
2.763710 -9.442079 1.057628 -6.930000 -19.809999 -4.760000
2.892922 -9.439686 0.509671 4.970000 -19.040001 -6.370000
2.835495 -9.303294 0.854238 4.410000 -20.160000 -6.650000
2.835495 -9.303294 0.854238 4.410000 -20.160000 -6.650000
3.005385 -9.322437 0.636491 4.970000 -20.790001 -3.640000
2.916851 -9.422935 0.528814 0.980000 -19.180000 -2.870000
3.019742 -9.403792 0.361316 -0.350000 -14.700000 -1.540000
3.019742 -9.403792 0.361316 -0.350000 -14.700000 -1.540000
2.986243 -9.212367 0.224925 0.280000 -9.170000 -1.540000
2.986243 -9.212367 0.224925 0.280000 -9.170000 -1.540000
3.043670 -9.358330 0.236889 1.820000 -0.700000 -0.140000
3.122634 -9.303294 0.315853 -3.990000 1.680000 0.070000
3.007778 -9.418150 0.459422 -2.660000 2.170000 0.630000
3.007778 -9.418150 0.459422 -2.660000 2.170000 0.630000
3.060420 -9.434900 0.593420 1.400000 3.290000 0.700000
3.046063 -9.425328 0.751346 -0.770000 3.430000 0.420000
3.046063 -9.425328 0.751346 -0.770000 3.430000 0.420000
3.050849 -9.367901 0.715454 3.360000 3.290000 1.260000
