2.060220 -9.635897 0.334995 -3.290000 3.850000 2.450000
2.005185 -9.717253 0.251246 -3.990000 4.060000 3.360000
2.021935 -9.865608 0.282353 -3.850000 4.130000 3.290000
1.986043 -9.808180 0.282353 -2.310000 4.270000 2.660000
1.986043 -9.808180 0.282353 -2.310000 4.270000 2.660000
2.084148 -9.846465 0.284746 -1.190000 5.180000 3.640000
1.931008 -9.853643 0.315853 0.980000 5.670000 1.890000
2.038685 -9.803394 0.296710 7.770000 7.000000 2.800000
2.038685 -9.803394 0.296710 7.770000 7.000000 2.800000
1.935793 -10.430314 0.868595 90.650002 18.480000 2.030000
1.935793 -10.430314 0.868595 90.650002 18.480000 2.030000
1.864009 -10.191031 1.471586 107.660004 19.950001 1.540000
1.864009 -10.191031 1.471586 107.660004 19.950001 1.540000
1.864009 -10.191031 1.471586 107.660004 19.950001 1.540000
1.887937 -8.319844 4.692325 126.419998 28.980000 -9.660000
1.761117 -8.212167 5.003392 130.199997 27.440001 -8.960000
1.495514 -7.300502 6.300302 101.290001 22.049999 -7.980000
1.466800 -6.238089 7.144968 116.550003 16.590000 -14.910000
1.737189 -5.620740 7.097112 137.059998 22.120001 -11.270000
1.694118 -3.833302 7.805387 143.430008 25.059999 -5.740000
1.694118 -3.833302 7.805387 143.430008 25.059999 -5.740000
1.584049 -3.067599 7.927422 203.210007 29.400000 -8.680000
1.584049 -3.067599 7.927422 203.210007 29.400000 -8.680000
1.194018 -1.196411 8.664411 204.330002 33.110001 -8.820000
1.000200 -0.203390 8.554340 181.860001 36.330002 -5.390000
1.000200 -0.203390 8.554340 181.860001 36.330002 -5.390000
1.000200 -0.203390 8.554340 181.860001 36.330002 -5.390000
1.000200 -0.203390 8.554340 181.860001 36.330002 -5.390000
1.000200 -0.203390 8.554340 181.860001 36.330002 -5.390000
1.000200 -0.203390 8.554340 181.860001 36.330002 -5.390000
1.000200 -0.203390 8.554340 181.860001 36.330002 -5.390000
1.000200 -0.203390 8.554340 181.860001 36.330002 -5.390000
1.024128 0.445065 8.760124 152.250000 36.540001 -7.910000
-0.112463 4.228118 9.379865 22.889999 10.080000 -2.800000
-0.023928 4.290331 9.241080 9.590000 5.390000 -2.100000
-0.083749 4.266403 9.150154 3.710000 4.760000 -1.820000
-0.021535 4.381258 9.119047 -4.690000 4.270000 0.490000
-0.043071 4.240082 8.961121 -12.250000 2.240000 1.820000
-0.098106 3.905087 8.757731 -9.590000 1.260000 2.800000
-0.098106 3.905087 8.757731 -9.590000 1.260000 2.800000
0.009571 3.620341 8.547162 -19.110001 3.780000 4.200000
0.009571 3.620341 8.547162 -19.110001 3.780000 4.200000
0.035892 3.424129 8.551948 -11.690000 4.270000 3.150000
0.035892 3.424129 8.551948 -11.690000 4.270000 3.150000
0.050249 3.917051 8.717053 -8.260000 5.390000 3.850000
