2.656033 -9.877571 3.172883 -1.960000 -1.540000 -10.290000
2.533999 -12.095718 3.567699 -12.950000 -6.650000 -47.880001
2.656033 -12.404392 3.625126 -36.750000 -8.400000 -88.480003
2.622534 -12.940384 3.184847 -49.490002 -8.820000 -111.440002
2.622534 -12.940384 3.184847 -49.490002 -8.820000 -111.440002
3.249453 -12.787244 2.517249 -29.960001 -7.840000 -160.860001
3.694518 -11.394621 2.792424 -31.010000 -10.500000 -192.570007
4.455436 -9.434900 2.074577 25.690001 -7.910000 -228.759995
4.455436 -9.434900 2.074577 25.690001 -7.910000 -228.759995
4.455436 -9.434900 2.074577 25.690001 -7.910000 -228.759995
5.855237 -5.333601 2.014757 14.560000 -16.870001 -245.419998
5.855237 -5.333601 2.014757 14.560000 -16.870001 -245.419998
6.180661 -0.244068 1.545763 41.930000 -27.930000 -234.710007
6.180661 -0.244068 1.545763 41.930000 -27.930000 -234.710007
6.508478 2.773281 0.543171 50.049999 -28.559999 -207.550003
6.099305 5.213961 0.533599 47.740002 -25.760000 -181.300003
6.553941 6.441479 0.133998 40.320000 -26.880001 -164.430008
6.821937 8.429914 0.468993 4.760000 -16.520000 -115.150002
6.821937 8.429914 0.468993 4.760000 -16.520000 -115.150002
7.058826 7.877172 0.143569 -10.010000 -7.280000 -73.849998
7.357929 7.511070 0.684347 -8.190000 -0.980000 -21.139999
7.807780 6.273981 0.550349 -18.760000 -1.750000 6.580000
8.185846 5.704489 0.911665 -14.630000 -2.030000 11.830000
8.310273 4.898108 1.210768 0.490000 -1.120000 16.730000
8.745767 4.297509 1.217947 -22.820000 -4.130000 15.820000
8.745767 4.297509 1.217947 -22.820000 -4.130000 15.820000
8.784052 3.943372 1.064806 -18.969999 -4.480000 15.400000
8.712267 4.017549 1.182054 1.470000 -1.750000 8.470000
8.563912 3.811767 1.531406 -5.320000 -1.820000 6.650000
