4.876573 -7.613962 3.426522 -8.260000 2.800000 1.260000
5.168497 -7.814958 3.321238 11.130000 3.920000 0.980000
5.168497 -7.814958 3.321238 11.130000 3.920000 0.980000
4.914857 -7.515855 3.684947 8.820000 5.040000 0.560000
5.020142 -7.585248 3.548556 2.170000 0.980000 2.030000
4.881358 -6.929615 3.938586 -5.950000 -0.910000 3.570000
4.881358 -6.929615 3.938586 -5.950000 -0.910000 3.570000
5.111069 -7.168896 3.783052 -45.080002 -4.970000 7.630000
5.228317 -7.087541 3.830909 -70.139999 -2.940000 10.290000
5.228317 -7.087541 3.830909 -70.139999 -2.940000 10.290000
4.764110 -8.630912 -0.205783 -226.240005 -16.170000 14.490000
4.823930 -7.779066 -0.306281 -242.759995 -19.460001 8.330000
4.728218 -9.353544 -3.290131 -212.169998 -23.450001 6.650000
4.728218 -9.353544 -3.290131 -212.169998 -23.450001 6.650000
4.833502 -8.796017 -3.823731 -148.610001 -21.350000 -0.070000
4.661219 -7.013363 -3.244668 -165.059998 -18.059999 -1.190000
5.067998 -8.209774 -5.228317 -111.580002 -20.650000 -2.660000
4.414758 -6.800402 -5.355137 -151.550003 -20.930000 -6.020000
4.752146 -5.783452 -6.214160 -97.440002 -17.430000 -14.140000
4.752146 -5.783452 -6.214160 -97.440002 -17.430000 -14.140000
4.584648 -4.972286 -6.410372 -131.180008 -24.360001 -12.600000
4.871787 -4.883751 -7.621140 -79.029999 -26.880001 -13.650000
4.371687 -4.120440 -7.537392 -76.230003 -20.860001 -14.280000
4.280759 -3.369094 -8.341379 -120.750000 -23.170000 -11.900000
4.280759 -3.242275 -9.099905 -100.379997 -21.910000 -10.920000
4.280759 -3.242275 -9.099905 -100.379997 -21.910000 -10.920000
4.082155 -2.383251 -8.721838 -75.040001 -16.309999 -7.910000
4.031906 -2.158326 -8.999406 -47.250000 -12.880000 -5.530000
4.103691 -2.088934 -9.286544 -30.380001 -11.410000 -4.130000
4.070191 -1.847259 -9.020942 -32.410000 -7.700000 -1.680000
3.996014 -1.641476 -9.128618 -5.040000 1.820000 2.940000
3.991228 -1.605584 -9.212367 -4.200000 3.360000 2.240000
4.003192 -1.667797 -9.288938 -0.630000 4.620000 2.030000
4.003192 -1.667797 -9.288938 -0.630000 4.620000 2.030000
3.993621 -1.493121 -8.973085 -0.630000 6.580000 1.890000
3.981657 -1.526621 -8.891729 -6.720000 6.300000 3.010000
