3.395415 -8.925228 2.218147 -11.060000 3.360000 3.220000
3.412165 -9.085547 2.158326 -20.020000 2.520000 3.640000
3.361916 -9.020942 1.952543 -38.150002 1.960000 2.940000
3.493521 -8.738588 1.631905 -89.949997 -0.280000 3.710000
3.455236 -9.595219 0.892523 -95.340004 -3.430000 5.670000
3.455236 -9.595219 0.892523 -95.340004 -3.430000 5.670000
3.390630 -8.374879 1.093520 -139.509995 -2.940000 2.730000
3.390630 -8.374879 1.093520 -139.509995 -2.940000 2.730000
3.481557 -8.688338 0.184247 -184.729996 -8.820000 5.180000
3.481557 -8.688338 0.184247 -184.729996 -8.820000 5.180000
3.328416 -8.638089 -1.911865 -123.620003 -9.030000 -4.550000
3.328416 -8.638089 -1.911865 -123.620003 -9.030000 -4.550000
3.290131 -8.733803 -2.653640 -146.860001 -8.890000 -0.490000
3.498307 -7.719246 -3.591627 -86.309998 -7.490000 -4.200000
3.294917 -7.391429 -3.639483 -124.180000 -9.940000 -1.540000
3.507878 -8.056634 -5.450850 -150.500000 -17.290001 -2.170000
3.414558 -7.003791 -5.886343 -116.410004 -14.350000 -6.370000
3.254239 -6.745367 -5.788238 -125.790001 -14.770000 -3.150000
3.223132 -6.506085 -7.037291 -94.989998 -13.300000 -3.640000
3.223132 -6.506085 -7.037291 -94.989998 -13.300000 -3.640000
3.184847 -5.625526 -7.018148 -86.379997 -10.710000 -4.410000
3.373880 -5.350351 -7.858029 -71.680000 -10.780000 -3.080000
3.201597 -5.259424 -8.123632 -54.599998 -7.980000 -3.850000
3.201597 -5.259424 -8.123632 -54.599998 -7.980000 -3.850000
3.201597 -5.259424 -8.123632 -54.599998 -7.980000 -3.850000
3.158526 -4.740182 -8.520842 -40.810001 -4.620000 -3.290000
3.158526 -4.740182 -8.520842 -40.810001 -4.620000 -3.290000
3.148954 -4.048656 -8.796017 -43.470001 -2.800000 -5.320000
3.086741 -3.658626 -8.389235 -36.540001 -3.710000 -7.070000
3.091527 -3.361916 -8.520842 -30.100000 -5.670000 -6.440000
2.974278 -3.390630 -8.721838 -22.540001 -6.230000 -3.150000
2.763710 -3.323631 -9.066404 -7.910000 -2.940000 -2.100000
2.859423 -3.038885 -8.673983 -7.910000 -1.050000 -2.100000
2.790031 -3.263810 -9.080762 -4.340000 1.820000 3.080000
3.067599 -3.148954 -8.941978 -3.780000 2.660000 4.200000
2.857030 -3.299703 -8.836694 -3.290000 3.640000 3.570000
3.168097 -3.553342 -8.798409 -4.060000 3.570000 4.270000
3.168097 -3.553342 -8.798409 -4.060000 3.570000 4.270000
2.900101 -3.574877 -8.865408 1.960000 3.220000 4.130000
2.880959 -3.529413 -8.642875 -10.710000 3.990000 3.780000
2.950350 -3.680161 -8.807980 -1.540000 3.220000 2.590000
2.950350 -3.680161 -8.807980 -1.540000 3.220000 2.590000
2.902494 -3.534199 -8.836694 -2.800000 4.130000 3.220000
2.902494 -3.534199 -8.836694 -2.800000 4.130000 3.220000
