2.036292 -9.836893 -0.117248 0.700000 0.700000 -0.350000
2.017149 -9.695717 -0.095713 1.470000 -0.070000 0.490000
1.942972 -9.860823 -0.215354 1.890000 1.540000 1.470000
1.942972 -9.860823 -0.215354 1.890000 1.540000 1.470000
1.945365 -9.566505 0.026321 3.500000 1.960000 1.680000
1.940579 -9.822537 0.098106 -0.210000 0.910000 -0.420000
1.964507 -9.588040 0.050249 -1.190000 0.280000 -1.260000
1.883151 -9.659825 -0.002393 -0.210000 0.490000 -0.350000
1.883151 -9.659825 -0.002393 -0.210000 0.490000 -0.350000
1.849652 -9.745967 -0.009571 2.310000 0.840000 1.120000
1.933401 -9.851252 0.086142 1.750000 0.420000 0.630000
1.933401 -9.851252 0.086142 1.750000 0.420000 0.630000
2.021935 -9.772287 -0.009571 0.140000 -0.350000 -0.280000
1.921437 -9.473185 -0.035892 0.840000 0.630000 1.400000
1.942972 -9.875179 0.023928 0.700000 0.910000 0.420000
1.942972 -9.875179 0.023928 0.700000 0.910000 0.420000
1.885544 -9.757930 0.107677 -0.630000 0.350000 -0.420000
1.871187 -9.616754 0.081356 1.750000 1.050000 0.280000
1.856830 -9.501899 0.062213 -0.490000 -0.070000 0.070000
1.856830 -9.501899 0.062213 -0.490000 -0.070000 0.070000
1.897508 -9.841680 0.011964 0.280000 -0.280000 0.210000
1.852045 -9.662218 0.062213 2.030000 -0.210000 -0.140000
1.940579 -9.513863 0.007178 0.910000 -0.490000 0.210000
1.926222 -9.791430 -0.011964 1.680000 -0.280000 -0.070000
1.954936 -9.511470 0.019143 -0.630000 -0.070000 -0.280000
1.954936 -9.511470 0.019143 -0.630000 -0.070000 -0.280000
1.952543 -9.683753 0.038285 1.680000 0.140000 -0.210000
1.895115 -9.925428 -0.035892 0.070000 -0.490000 0.420000
1.935793 -9.702895 -0.014357 1.050000 0.280000 0.420000
1.859223 -9.717253 0.071785 0.630000 -0.420000 -0.490000
1.859223 -9.717253 0.071785 0.630000 -0.420000 -0.490000
1.859223 -9.717253 0.071785 0.630000 -0.420000 -0.490000
1.966900 -9.736395 0.033500 -0.770000 0.070000 -0.350000
1.966900 -9.736395 0.033500 -0.770000 0.070000 -0.350000
1.950150 -9.683753 0.133998 0.560000 -1.610000 -0.070000
1.950150 -9.683753 0.133998 0.560000 -1.610000 -0.070000
1.950150 -9.683753 0.133998 0.560000 -1.610000 -0.070000
1.942972 -9.686146 -0.021535 0.700000 0.420000 0.700000
1.942972 -9.686146 -0.021535 0.700000 0.420000 0.700000
1.942972 -9.686146 -0.021535 0.700000 0.420000 0.700000
1.942972 -9.686146 -0.021535 0.700000 0.420000 0.700000
1.942972 -9.686146 -0.021535 0.700000 0.420000 0.700000
1.864009 -9.621540 -0.014357 -0.980000 0.350000 -0.490000
1.864009 -9.621540 -0.014357 -0.980000 0.350000 -0.490000
1.993221 -9.832108 -0.047856 0.840000 0.280000 -0.070000
1.916651 -9.681360 0.028714 0.980000 1.050000 -0.350000
