2.239682 -9.183653 2.653640 0.840000 -3.780000 0.980000
2.316252 -9.221939 2.639283 0.210000 -4.760000 0.910000
2.373680 -9.415757 2.084148 5.600000 -3.850000 1.190000
2.225325 -9.384650 2.892922 -1.330000 -7.490000 3.290000
2.306681 -9.358330 2.574677 20.719999 -10.010000 0.840000
2.306681 -9.358330 2.574677 20.719999 -10.010000 0.840000
2.002793 -8.346166 3.622734 -1.400000 -12.740000 4.060000
2.088934 -10.169496 2.445465 -8.330000 -12.250000 3.080000
2.333002 -9.322437 2.495714 43.049999 -7.770000 -1.120000
2.359323 -10.588240 2.380858 -17.219999 -12.600000 -0.560000
2.359323 -10.588240 2.380858 -17.219999 -12.600000 -0.560000
2.390430 -8.334201 3.704089 17.990000 -10.570000 -2.660000
2.088934 -10.296316 3.330809 -29.750000 -16.660000 0.560000
2.311467 -8.458629 3.357130 2.100000 -14.560000 0.350000
2.187040 -9.664611 3.108276 -10.780000 -18.129999 -0.420000
2.187040 -9.664611 3.108276 -10.780000 -18.129999 -0.420000
2.459821 -9.200402 2.562713 -9.870000 -19.320000 0.560000
2.325824 -9.351151 2.486143 -10.500000 -21.000000 2.520000
2.352145 -9.241080 2.251646 -14.770000 -20.860001 2.590000
2.550749 -9.300901 2.239682 -0.350000 -24.500000 1.750000
2.342573 -9.360723 1.931008 -3.080000 -20.370001 3.080000
2.419144 -9.535398 1.849652 -8.190000 -18.340000 2.520000
2.617748 -9.353544 1.703690 -16.100000 -15.400000 2.030000
2.617748 -9.353544 1.703690 -16.100000 -15.400000 2.030000
2.519642 -9.293723 1.572084 -4.550000 -14.560000 1.120000
2.498107 -9.456435 1.605584 -1.890000 -5.810000 1.330000
2.612962 -9.604790 1.514657 -1.960000 -4.760000 0.910000
2.651247 -9.320045 1.521835 -1.330000 -3.150000 0.630000
2.455036 -9.262616 1.550549 -4.620000 -0.210000 1.330000
2.574677 -9.592826 1.481157 -7.280000 1.120000 1.260000
2.577070 -9.566505 1.780260 1.330000 2.940000 0.980000
2.622534 -9.530612 1.782653 -2.800000 1.960000 0.140000
2.622534 -9.530612 1.782653 -2.800000 1.960000 0.140000
2.514857 -9.592826 1.868794 -1.050000 0.980000 -0.140000
2.421536 -9.332008 1.737189 2.170000 0.560000 -0.630000
2.467000 -9.305687 1.703690 0.630000 1.750000 2.100000
