2.323431 -8.872586 4.015156 -4.410000 -0.770000 -3.220000
2.141576 -8.918050 4.060620 17.850000 -3.500000 -14.420000
2.273181 -8.963513 4.359723 27.090000 -3.080000 -19.110001
2.407180 -9.332008 4.146761 38.009998 -2.450000 -30.730000
2.407180 -9.332008 4.146761 38.009998 -2.450000 -30.730000
2.833102 -8.879765 4.780859 58.240002 -1.050000 -44.170002
2.993421 -9.028119 5.721239 95.410004 2.030000 -65.590004
3.527020 -7.795816 6.049056 94.639999 -1.120000 -73.709999
3.527020 -7.795816 6.049056 94.639999 -1.120000 -73.709999
3.493521 -7.697710 6.211767 98.349998 2.240000 -74.970001
3.493521 -7.697710 6.211767 98.349998 2.240000 -74.970001
3.799802 -5.601598 6.336195 60.410000 -3.080000 -74.690002
4.450650 -5.228317 6.575477 65.730003 -1.470000 -75.949997
4.328616 -4.510471 6.506085 50.820000 2.030000 -69.930000
4.632504 -4.187439 6.546762 39.759998 -0.560000 -67.059998
4.532006 -4.168297 7.104291 59.500000 0.280000 -68.040001
4.532006 -4.168297 7.104291 59.500000 0.280000 -68.040001
5.008178 -3.352344 7.168896 71.610001 -0.980000 -71.680000
5.170890 -2.615355 7.353144 55.160000 -9.100000 -67.199997
5.651847 -0.753739 7.290931 81.059998 -10.150000 -62.650002
5.651847 -0.753739 7.290931 81.059998 -10.150000 -62.650002
5.517848 -0.466600 7.896315 76.930000 -8.540000 -58.590000
5.670990 0.430708 7.642675 53.830002 -13.860000 -54.250000
5.682954 0.507278 7.262216 31.710001 -11.200000 -48.230000
5.862415 1.478764 7.255038 24.850000 -14.910000 -37.310001
5.584848 1.560120 7.164111 41.230000 -9.030000 -31.500000
5.905487 1.811367 6.996613 21.840000 -8.960000 -26.880001
5.850451 2.053042 6.843473 -7.980000 -7.630000 -15.820000
5.797810 1.895115 7.166504 8.400000 -2.380000 -9.310000
5.910272 2.029114 7.027720 2.310000 0.420000 -6.860000
5.857630 1.854438 7.116255 -6.790000 3.080000 2.030000
5.783452 1.347159 7.601997 -1.400000 2.660000 2.800000
5.958128 1.344766 7.317252 -8.260000 3.080000 4.340000
5.862415 1.351945 7.357929 -13.370000 1.820000 6.860000
5.781059 0.952343 7.544570 -0.560000 3.850000 4.410000
5.907879 0.894916 7.585248 -11.270000 2.240000 3.920000
5.761917 0.873380 7.515855 -11.830000 0.910000 5.810000
