1.801795 -9.698111 0.866202 -5.110000 5.600000 2.030000
1.852045 -9.954143 0.859023 -3.010000 5.110000 1.820000
1.899901 -9.872787 0.784846 5.390000 6.020000 1.470000
1.818545 -10.121639 0.981057 29.820000 8.540000 -0.770000
1.818545 -10.121639 0.981057 29.820000 8.540000 -0.770000
1.911865 -10.293922 0.859023 43.820000 11.480000 -2.660000
1.966900 -10.088140 1.866402 132.649994 22.120001 -10.500000
2.007578 -9.707682 2.517249 161.770004 27.580000 -12.460000
1.856830 -9.212367 3.192025 174.930008 28.000000 -13.020000
1.856830 -9.212367 3.192025 174.930008 28.000000 -13.020000
1.931008 -7.724032 5.125426 215.250000 22.190001 -24.990000
1.971686 -7.257431 5.603990 189.559998 11.900000 -25.129999
1.938186 -4.869394 7.197611 210.350006 11.480000 -22.120001
1.971686 -3.787838 7.915457 203.910004 20.160000 -20.719999
1.971686 -3.787838 7.915457 203.910004 20.160000 -20.719999
1.895115 -3.065206 7.929814 187.529999 16.590000 -19.180000
2.148755 -0.914058 8.228917 176.399994 27.860001 -12.320000
1.765903 -0.330210 8.822337 120.190002 18.549999 -12.950000
1.828116 0.428315 8.563912 146.440002 25.200001 -7.700000
1.828116 0.428315 8.563912 146.440002 25.200001 -7.700000
1.828116 0.428315 8.563912 146.440002 25.200001 -7.700000
1.828116 0.428315 8.563912 146.440002 25.200001 -7.700000
1.907080 2.053042 9.442079 133.490005 31.219999 -3.430000
0.988236 2.943172 9.530612 16.240000 13.580000 2.520000
1.079163 2.754139 9.494720 -2.310000 9.870000 3.010000
1.079163 2.754139 9.494720 -2.310000 9.870000 3.010000
1.002593 2.550749 9.229117 -5.390000 7.700000 1.960000
1.007378 2.665605 9.245867 -2.660000 7.840000 2.170000
1.033699 2.790031 9.360723 -9.940000 6.300000 4.060000
0.957129 2.653640 9.214760 -14.700000 5.670000 4.550000
0.976272 2.452643 9.071191 -14.490000 4.620000 5.390000
0.966700 2.572284 9.205189 -4.760000 6.090000 4.410000
0.966700 2.572284 9.205189 -4.760000 6.090000 4.410000
1.012164 2.390430 9.011370 -9.450000 4.830000 3.080000
1.012164 2.390430 9.011370 -9.450000 4.830000 3.080000
