-1.586441 -9.267403 3.156133 -0.980000 0.070000 1.260000
-1.605584 -9.188439 3.239882 0.490000 -0.630000 0.980000
-1.653440 -9.274581 3.134598 -0.420000 -0.350000 1.400000
-1.677369 -9.399008 3.172883 -0.840000 0.350000 0.840000
-1.677369 -9.375079 3.230310 -0.560000 0.140000 -0.560000
-1.670190 -9.279366 3.187240 -0.210000 0.420000 -1.050000
-1.679761 -9.202796 3.266203 -0.210000 1.050000 -0.980000
-1.653440 -9.212367 3.297310 -0.280000 0.770000 -1.610000
-1.615155 -9.174082 3.134598 -0.980000 1.190000 -1.260000
-1.598405 -9.013763 3.311667 0.070000 0.630000 -0.210000
-1.598405 -9.013763 3.311667 0.070000 0.630000 -0.210000
-1.581656 -9.080762 3.297310 2.030000 0.420000 0.700000
-1.581656 -9.080762 3.297310 2.030000 0.420000 0.700000
-1.727618 -9.152546 3.220739 1.050000 0.490000 0.840000
-1.619941 -9.329616 3.201597 -1.400000 0.280000 0.770000
-1.610370 -9.250652 3.273381 0.490000 -0.420000 0.490000
-1.651048 -9.293723 3.376273 -1.190000 -0.560000 0.280000
-1.588834 -9.243474 3.139383 -0.210000 0.560000 0.280000
-1.588834 -9.243474 3.139383 -0.210000 0.560000 0.280000
-1.670190 -9.209974 3.242275 -0.350000 0.350000 -0.280000
-1.653440 -8.898908 3.208775 1.330000 0.490000 0.210000
-1.629512 -9.133404 3.172883 -0.910000 1.330000 0.630000
-1.631905 -9.241080 3.359523 0.350000 0.840000 0.840000
-1.631905 -9.241080 3.359523 0.350000 0.840000 0.840000
-1.636691 -9.305687 3.297310 -0.140000 0.770000 0.770000
-1.636691 -9.305687 3.297310 -0.140000 0.770000 0.770000
-1.617548 -9.241080 3.294917 -0.350000 0.140000 0.280000
-1.617548 -9.241080 3.294917 -0.350000 0.140000 0.280000
-1.596013 -9.267403 3.326023 -0.350000 -0.140000 0.140000
-1.596013 -9.267403 3.326023 -0.350000 -0.140000 0.140000
-1.596013 -9.267403 3.326023 -0.350000 -0.140000 0.140000
-1.670190 -9.207582 3.278167 1.750000 0.210000 0.140000
-1.610370 -9.286544 3.141776 0.070000 0.840000 -0.280000
-1.610370 -9.286544 3.141776 0.070000 0.840000 -0.280000
-1.639083 -9.181261 3.294917 -0.980000 1.120000 0.630000
-1.639083 -9.181261 3.294917 -0.980000 1.120000 0.630000
-1.660619 -9.181261 3.196811 -0.140000 1.260000 0.910000
-1.653440 -9.131011 3.294917 0.280000 0.560000 0.070000
-1.727618 -9.238688 3.354738 -1.050000 0.420000 1.050000
-1.727618 -9.238688 3.354738 -1.050000 0.420000 1.050000
-1.670190 -9.109475 3.165704 -0.350000 0.280000 0.420000
-1.646262 -9.341579 3.263810 2.450000 1.190000 -0.070000
-1.598405 -9.186047 3.211168 1.610000 1.190000 0.630000
-1.663012 -9.286544 3.136991 0.070000 1.400000 -0.420000
-1.646262 -9.126225 3.359523 0.070000 0.770000 -0.210000
-1.665405 -9.315259 3.393023 0.420000 0.490000 0.210000
