-0.093320 -9.796216 1.993221 -5.950000 2.660000 2.030000
-0.100499 -9.729217 1.892723 -5.460000 2.660000 1.750000
-0.105284 -9.664611 1.875973 -5.530000 3.360000 2.030000
-0.105284 -9.664611 1.875973 -5.530000 3.360000 2.030000
-0.114855 -9.765109 1.749153 -5.320000 3.780000 1.960000
-0.098106 -9.662218 1.835295 -6.090000 3.850000 2.240000
-0.086142 -9.777073 1.847259 -5.600000 5.460000 1.330000
-0.086142 -9.777073 1.847259 -5.600000 5.460000 1.330000
-0.136391 -9.688539 1.837688 -6.790000 6.160000 1.680000
-0.136391 -9.688539 1.837688 -6.790000 6.160000 1.680000
-0.066999 -9.839286 1.988436 -6.020000 5.390000 2.870000
-0.066999 -9.777073 2.048256 -5.740000 4.620000 1.750000
-0.071785 -9.734003 1.940579 -5.740000 4.060000 2.730000
-0.071785 -9.734003 1.940579 -5.740000 4.060000 2.730000
-0.066999 -9.757930 1.942972 -6.440000 4.340000 2.380000
-0.057428 -9.659825 1.933401 -5.040000 4.200000 3.220000
-0.047856 -9.705289 2.014757 -5.250000 3.850000 3.150000
-0.064606 -9.748360 1.878366 -6.510000 3.500000 3.500000
-0.074178 -9.767502 1.883151 -5.110000 3.710000 3.500000
-0.040678 -9.777073 1.878366 -5.740000 4.060000 2.800000
-0.040678 -9.777073 1.878366 -5.740000 4.060000 2.800000
-0.131605 -9.757930 1.897508 -5.320000 4.830000 2.590000
-0.093320 -9.662218 1.986043 -5.180000 5.040000 2.450000
-0.093320 -9.662218 1.986043 -5.180000 5.040000 2.450000
-0.055035 -9.573684 2.012364 -3.990000 4.270000 3.850000
-0.105284 -9.595219 1.878366 -4.900000 3.500000 4.200000
-0.105284 -9.595219 1.878366 -4.900000 3.500000 4.200000
-0.141177 -9.714860 1.923829 -4.550000 5.320000 4.480000
-0.141177 -9.714860 1.923829 -4.550000 5.320000 4.480000
-0.141177 -9.815358 1.897508 -6.510000 4.830000 4.900000
-0.129212 -9.820145 2.000400 -5.320000 5.040000 3.850000
-0.138784 -9.832108 1.962115 -5.740000 5.040000 3.780000
-0.110070 -9.851252 1.974079 -6.930000 4.270000 3.290000
-0.136391 -9.863215 1.964507 -4.760000 4.970000 2.170000
-0.129212 -9.798609 1.969293 -5.110000 5.250000 2.520000
-0.081356 -9.832108 2.091327 -5.460000 4.900000 2.100000
-0.117248 -9.657433 1.959722 -5.460000 3.990000 1.960000
-0.117248 -9.657433 1.959722 -5.460000 3.990000 1.960000
-0.136391 -9.695717 1.856830 -6.440000 3.850000 2.380000
-0.162712 -9.561719 1.854438 -5.950000 4.410000 2.730000
-0.162712 -9.561719 1.854438 -5.950000 4.410000 2.730000
-0.169890 -9.643075 1.832902 -5.530000 4.620000 3.430000
-0.169890 -9.643075 1.832902 -5.530000 4.620000 3.430000
-0.117248 -9.731609 1.904687 -6.790000 5.040000 3.710000
-0.117248 -9.731609 1.904687 -6.790000 5.040000 3.710000
