1.701297 -9.253045 2.175076 3.010000 1.680000 -1.330000
1.770689 -9.693325 2.086541 -5.040000 3.010000 -0.840000
1.701297 -9.501899 2.321038 -3.920000 2.240000 -0.420000
1.579263 -9.734003 2.203789 -11.270000 1.890000 0.490000
1.708475 -9.990034 1.950150 -9.590000 1.960000 -2.590000
1.567299 -9.635897 2.139183 -0.350000 2.730000 -5.390000
1.567299 -9.635897 2.139183 -0.350000 2.730000 -5.390000
1.514657 -9.480364 2.380858 -13.860000 4.550000 -5.810000
1.694118 -9.944571 2.507678 -31.710001 1.960000 -8.750000
1.471586 -9.719646 2.634498 -25.830000 4.130000 -11.760000
1.904687 -10.102496 0.909273 -50.259998 6.650000 -1.820000
1.904687 -10.102496 0.909273 -50.259998 6.650000 -1.820000
1.962115 -9.052048 0.815953 -44.240002 14.490000 6.720000
2.184647 -10.226924 0.136391 -39.759998 14.700000 0.630000
1.756332 -9.501899 -0.040678 -57.540001 15.750000 4.200000
1.933401 -9.822537 -0.397209 -56.279999 18.340000 3.010000
1.942972 -9.640682 -0.198604 -52.779999 21.840000 8.610000
1.607977 -9.724431 -1.555335 -51.590000 33.810001 12.600000
1.806581 -9.552148 -1.588834 -43.889999 37.869999 15.610000
1.763510 -10.423136 -1.849652 -19.110001 47.320000 19.110001
1.275374 -9.595219 -1.165305 7.910000 41.860001 12.110000
1.275374 -9.595219 -1.165305 7.910000 41.860001 12.110000
1.533799 -9.310472 0.021535 12.180000 23.730000 6.230000
1.280160 -9.678967 -0.447458 10.010000 13.300000 2.030000
1.682154 -9.432507 -0.090927 12.040000 9.240000 2.030000
1.682154 -9.432507 -0.090927 12.040000 9.240000 2.030000
1.306481 -9.523434 -0.203390 13.860000 3.220000 4.270000
1.306481 -9.523434 -0.203390 13.860000 3.220000 4.270000
1.402194 -9.786645 -0.327817 0.070000 1.260000 2.940000
1.335195 -9.961320 -0.401994 -0.490000 -0.980000 1.050000
1.564906 -9.985250 -0.313460 2.240000 -2.520000 0.630000
1.564906 -9.985250 -0.313460 2.240000 -2.520000 0.630000
1.270589 -10.169496 -0.519243 -3.220000 -0.630000 3.710000
1.270589 -10.169496 -0.519243 -3.220000 -0.630000 3.710000
1.500300 -9.633504 -0.234497 7.770000 -3.010000 1.820000
1.323231 -9.796216 -0.473779 -0.070000 -0.910000 -0.630000
1.548156 -10.092925 -0.512064 5.950000 0.700000 1.050000
1.335195 -10.329816 -0.466600 12.390000 0.980000 0.630000
1.337588 -9.870394 -0.189033 9.520000 1.540000 2.030000
