0.918844 1.873580 9.324830 -0.980000 0.140000 0.420000
0.926022 1.799403 9.312866 -0.140000 0.420000 0.490000
0.899701 1.923829 9.336794 1.190000 0.490000 0.490000
0.947558 1.832902 9.293723 -0.070000 0.140000 0.630000
0.947558 1.832902 9.293723 -0.070000 0.140000 0.630000
0.937986 1.875973 9.281759 0.980000 1.190000 0.490000
0.937986 1.875973 9.281759 0.980000 1.190000 0.490000
0.937986 1.875973 9.281759 0.980000 1.190000 0.490000
0.976272 1.825724 9.291330 -0.350000 0.700000 -0.210000
0.947558 1.911865 9.387043 0.770000 1.260000 0.210000
0.976272 1.837688 9.341579 -0.490000 0.280000 -0.070000
0.976272 1.837688 9.341579 -0.490000 0.280000 -0.070000
0.966700 1.895115 9.312866 -0.420000 0.560000 0.770000
0.966700 1.895115 9.312866 -0.420000 0.560000 0.770000
0.954736 1.792224 9.267403 -0.770000 0.140000 -0.070000
1.019342 1.890330 9.334401 -0.980000 0.140000 0.490000
1.026521 1.926222 9.308081 0.210000 0.560000 0.490000
1.026521 1.926222 9.308081 0.210000 0.560000 0.490000
0.964308 1.904687 9.281759 -0.210000 0.910000 0.070000
0.964308 1.904687 9.281759 -0.210000 0.910000 0.070000
0.997807 1.931008 9.403792 0.630000 0.770000 0.840000
0.997807 1.931008 9.403792 0.630000 0.770000 0.840000
0.870987 1.837688 9.367901 -0.490000 0.560000 1.190000
0.870987 1.837688 9.367901 -0.490000 0.560000 1.190000
0.961915 1.741975 9.315259 -1.050000 0.070000 0.280000
0.961915 1.741975 9.315259 -1.050000 0.070000 0.280000
0.959522 1.818545 9.169296 -1.540000 -0.070000 -0.140000
0.988236 1.811367 9.226725 -0.140000 1.820000 -0.280000
0.988236 1.811367 9.226725 -0.140000 1.820000 -0.280000
0.988236 1.811367 9.226725 -0.140000 1.820000 -0.280000
0.937986 1.765903 9.329616 -0.910000 1.400000 -0.420000
0.937986 1.765903 9.329616 -0.910000 1.400000 -0.420000
0.973879 1.864009 9.463614 -0.140000 1.540000 -0.840000
0.973879 1.864009 9.463614 -0.140000 1.540000 -0.840000
0.993021 1.878366 9.446864 -0.070000 0.490000 -0.280000
0.993021 1.878366 9.446864 -0.070000 0.490000 -0.280000
0.993021 1.878366 9.446864 -0.070000 0.490000 -0.280000
0.926022 1.844866 9.422935 -1.820000 -1.050000 0.770000
0.926022 1.844866 9.422935 -1.820000 -1.050000 0.770000
0.926022 1.844866 9.422935 -1.820000 -1.050000 0.770000
0.926022 1.844866 9.422935 -1.820000 -1.050000 0.770000
0.926022 1.844866 9.422935 -1.820000 -1.050000 0.770000
0.926022 1.844866 9.422935 -1.820000 -1.050000 0.770000
0.894916 1.732404 9.303294 -2.310000 -0.840000 1.050000
0.894916 1.732404 9.303294 -2.310000 -0.840000 1.050000
0.926022 1.651048 9.190832 -1.330000 -0.560000 -0.630000
0.926022 1.651048 9.190832 -1.330000 -0.560000 -0.630000
0.954736 1.813759 9.408579 1.190000 1.260000 0.140000
0.954736 1.813759 9.408579 1.190000 1.260000 0.140000
0.954736 1.813759 9.408579 1.190000 1.260000 0.140000
1.000200 1.902294 9.406186 0.770000 1.120000 -0.420000
