2.892922 -9.329616 2.206182 -9.660000 1.120000 5.950000
2.553142 -8.786445 2.175076 8.120000 0.840000 9.800000
2.553142 -8.786445 2.175076 8.120000 0.840000 9.800000
2.543570 -8.604590 2.182254 6.230000 0.420000 10.430000
2.170290 -8.030313 1.957329 -0.630000 2.100000 10.010000
1.588834 -6.692725 1.682154 -3.360000 1.470000 24.290001
1.588834 -6.692725 1.682154 -3.360000 1.470000 24.290001
1.404587 -6.032306 1.502693 -18.900000 4.340000 35.420002
0.311067 -5.860023 1.048056 -20.020000 7.490000 53.270000
-0.473779 -6.508478 1.220340 -13.160000 11.340000 84.769997
-1.505085 -6.345766 1.112662 -12.460000 11.830000 102.059998
-1.722832 -7.058826 0.995414 -23.240000 11.270000 110.599998
-1.722832 -7.058826 0.995414 -23.240000 11.270000 110.599998
-2.701497 -8.260024 0.971486 1.540000 16.309999 122.010002
-4.319045 -7.534998 0.631705 -2.590000 22.190001 135.520004
-5.460421 -9.138189 1.129412 12.600000 28.000000 138.669998
-6.838687 -10.703095 1.287339 7.630000 24.219999 142.940002
-7.475177 -10.717452 1.758725 31.710001 28.350000 143.639999
-7.475177 -10.717452 1.758725 31.710001 28.350000 143.639999
-7.755138 -8.087741 0.966700 25.270000 34.930000 129.990005
-9.774680 -9.346365 0.756132 2.240000 41.790001 136.919998
-9.035298 -7.654640 1.710868 -20.580000 28.840000 126.980003
-9.035298 -7.654640 1.710868 -20.580000 28.840000 126.980003
-10.332209 -9.075976 0.382852 -69.930000 11.270000 132.649994
-9.767502 -10.346564 1.024128 -36.470001 3.500000 139.089996
-9.561719 -7.869993 1.627119 12.530000 12.390000 115.080002
-9.796216 -8.185846 0.811167 -25.760000 6.300000 80.430000
-8.975478 -7.913064 1.268196 -0.560000 6.440000 62.790001
-8.898908 -6.376873 1.483550 1.820000 5.180000 46.549999
-9.169296 -5.869594 1.079163 -17.500000 0.350000 40.880001
-9.169296 -5.869594 1.079163 -17.500000 0.350000 40.880001
-8.927622 -5.824130 0.792024 -41.439999 -13.650000 32.830002
-8.874979 -5.213961 0.818345 -28.070000 -14.770000 24.920000
-9.109475 -4.689932 0.638884 -22.540001 -12.740000 9.730000
-9.121440 -4.158726 0.535992 -12.670000 -9.450000 2.940000
-9.140583 -4.051049 0.480957 -8.470000 -6.580000 -0.560000
-9.296116 -3.797409 0.574277 -0.210000 -1.890000 -5.390000
-9.207582 -3.450450 0.588634 4.760000 -0.700000 -6.860000
-9.150154 -3.412165 0.756132 6.790000 -0.560000 -7.350000
