1.268196 -9.980463 -0.181855 -1.540000 -0.420000 1.190000
1.194018 -10.004392 -0.150748 -1.750000 -0.350000 0.840000
1.203590 -9.970891 -0.275175 -0.910000 0.280000 -0.140000
1.182054 -9.856036 -0.191426 1.470000 0.210000 -0.420000
1.182054 -9.856036 -0.191426 1.470000 0.210000 -0.420000
1.294517 -9.963714 -0.301496 -0.700000 0.140000 -0.770000
1.294517 -9.963714 -0.301496 -0.700000 0.140000 -0.770000
1.275374 -9.937392 -0.244068 1.330000 0.070000 -0.560000
1.179662 -9.903893 -0.299103 -0.630000 0.910000 -0.350000
1.316052 -9.894321 -0.256032 0.210000 0.490000 -0.140000
1.316052 -9.894321 -0.256032 0.210000 0.490000 -0.140000
1.284946 -9.856036 -0.222532 0.140000 0.350000 -0.140000
1.184447 -9.870394 -0.074178 1.050000 0.140000 -0.350000
1.220340 -9.870394 -0.342174 -1.540000 0.140000 -0.210000
1.191626 -9.786645 -0.095713 0.560000 0.350000 -0.350000
1.198804 -9.738789 -0.074178 1.470000 0.140000 -0.070000
1.299303 -9.927821 -0.210568 -0.840000 0.770000 0.350000
1.237089 -9.896714 -0.124427 0.140000 0.350000 0.420000
1.237089 -9.896714 -0.124427 0.140000 0.350000 0.420000
1.203590 -9.760324 -0.035892 0.980000 0.700000 0.280000
1.186840 -9.918249 -0.155533 1.330000 0.560000 0.350000
1.294517 -9.889536 -0.248854 -1.400000 0.560000 0.350000
1.304088 -9.968499 -0.356531 -1.330000 1.050000 0.280000
1.275374 -9.992428 -0.265603 -0.210000 1.260000 -0.140000
1.275374 -9.992428 -0.265603 -0.210000 1.260000 -0.140000
1.294517 -9.918249 -0.272782 -0.700000 1.540000 0.140000
1.165305 -9.846465 -0.069392 1.120000 1.190000 -0.210000
1.261017 -9.889536 -0.181855 0.350000 1.470000 0.070000
1.210768 -9.906286 -0.009571 -0.420000 0.630000 0.840000
1.210768 -9.906286 -0.009571 -0.420000 0.630000 0.840000
1.249053 -9.915856 -0.055035 0.070000 -0.490000 0.560000
1.249053 -9.915856 -0.055035 0.070000 -0.490000 0.560000
1.198804 -9.879964 -0.095713 -1.190000 -0.560000 0.070000
1.270589 -9.987641 -0.318245 -1.400000 -0.070000 0.140000
1.304088 -9.865608 -0.244068 -0.630000 -0.140000 0.070000
1.222732 -9.860823 -0.107677 0.210000 -0.210000 -0.350000
1.272982 -9.894321 -0.344566 -0.770000 0.210000 -0.560000
