0.418744 -9.513863 2.108077 -3.360000 7.000000 3.850000
0.461815 -9.602397 2.105684 -7.840000 7.280000 2.240000
0.461815 -9.602397 2.105684 -7.840000 7.280000 2.240000
0.521635 -9.779467 2.199004 -3.710000 6.370000 3.220000
0.521635 -9.779467 2.199004 -3.710000 6.370000 3.220000
0.521635 -9.779467 2.199004 -3.710000 6.370000 3.220000
0.490529 -9.614362 2.043471 -5.810000 4.760000 1.890000
0.447458 -9.698111 1.904687 -3.710000 4.830000 2.170000
0.461815 -9.702895 2.065006 -5.950000 5.530000 3.010000
0.473779 -9.717253 2.122434 -3.220000 6.370000 2.380000
0.473779 -9.717253 2.122434 -3.220000 6.370000 2.380000
0.442672 -9.635897 2.045863 -5.600000 5.530000 2.940000
0.385244 -9.583255 2.086541 -5.600000 7.140000 1.680000
0.385244 -9.583255 2.086541 -5.600000 7.140000 1.680000
0.440279 -9.595219 2.117648 -6.370000 6.930000 1.890000
0.464208 -9.592826 2.143969 -9.240000 5.740000 3.150000
0.464208 -9.592826 2.143969 -9.240000 5.740000 3.150000
0.311067 -9.652647 2.084148 -7.840000 3.710000 3.570000
0.284746 -9.741181 2.132005 -4.620000 5.810000 3.990000
0.284746 -9.741181 2.132005 -4.620000 5.810000 3.990000
0.373280 -9.860823 2.057827 -5.670000 5.670000 3.150000
0.555135 -9.609575 2.191825 -6.930000 4.620000 3.360000
0.447458 -9.633504 2.148755 -4.620000 3.780000 3.570000
0.334995 -9.580862 1.962115 -10.640000 0.770000 3.990000
0.334995 -9.580862 1.962115 -10.640000 0.770000 3.990000
0.320638 -9.820145 1.799403 -2.100000 6.440000 4.480000
0.320638 -9.820145 1.799403 -2.100000 6.440000 4.480000
0.394816 -9.702895 2.081756 -4.270000 7.000000 4.060000
0.361316 -9.808180 2.127219 -6.720000 5.600000 3.710000
0.330210 -9.839286 1.954936 -5.810000 4.760000 2.940000
0.332602 -9.683753 1.983650 -6.650000 4.410000 2.660000
0.332602 -9.683753 1.983650 -6.650000 4.410000 2.660000
0.339781 -9.824929 2.069792 -3.150000 5.880000 2.030000
0.339781 -9.824929 2.069792 -3.150000 5.880000 2.030000
0.342174 -9.736395 2.146362 -7.770000 3.780000 2.870000
0.272782 -9.643075 1.854438 -4.620000 3.290000 3.710000
0.301496 -9.707682 2.021935 -5.390000 3.850000 4.200000
0.485743 -9.942179 1.981257 -5.460000 5.110000 2.240000
0.485743 -9.942179 1.981257 -5.460000 5.110000 2.240000
0.485743 -9.942179 1.981257 -5.460000 5.110000 2.240000
0.256032 -9.863215 1.978864 -7.770000 4.130000 -1.890000
0.490529 -9.437292 1.856830 -10.080000 3.710000 -1.330000
0.447458 -9.473185 1.902294 -7.700000 4.130000 1.400000
0.447458 -9.473185 1.902294 -7.700000 4.130000 1.400000
0.349352 -9.528220 1.986043 -6.510000 5.110000 2.030000
0.349352 -9.528220 1.986043 -6.510000 5.110000 2.030000
0.430708 -9.662218 2.017149 -6.650000 3.570000 4.410000
0.392423 -9.841680 1.887937 -7.070000 3.780000 4.060000
0.423530 -9.858429 1.938186 -4.970000 6.020000 3.080000
0.447458 -9.681360 2.110470 -4.550000 4.900000 3.640000
0.397209 -9.726824 1.983650 -5.880000 3.500000 3.640000
0.459422 -9.817751 1.914258 -6.230000 3.150000 3.080000
0.370888 -9.829715 2.033899 -4.060000 4.480000 2.800000
0.339781 -9.714860 2.045863 -5.670000 3.430000 2.310000
0.270389 -9.528220 1.995614 -5.810000 2.310000 3.150000
0.270389 -9.528220 1.995614 -5.810000 2.310000 3.150000
0.351745 -9.552148 1.916651 -6.860000 1.820000 3.430000
0.416351 -9.784252 1.811367 -7.000000 2.170000 3.710000
