-0.126820 -9.822537 1.964507 -7.000000 4.130000 2.800000
-0.186640 -9.690931 1.914258 -5.320000 4.970000 1.960000
-0.160319 -9.707682 1.883151 -6.930000 4.480000 2.520000
-0.179462 -9.693325 1.825724 -6.440000 5.880000 2.240000
-0.179462 -9.693325 1.825724 -6.440000 5.880000 2.240000
-0.150748 -9.674182 1.895115 -7.140000 4.900000 2.940000
-0.150748 -9.674182 1.895115 -7.140000 4.900000 2.940000
-0.124427 -9.667004 1.921437 -5.950000 5.250000 3.850000
-0.131605 -9.791430 1.837688 -6.020000 4.970000 3.640000
-0.098106 -9.707682 1.852045 -5.180000 5.040000 4.130000
-0.165105 -9.901501 1.880759 -5.460000 4.690000 3.990000
-0.150748 -9.870394 1.725225 -5.810000 4.200000 2.940000
-0.150748 -9.870394 1.725225 -5.810000 4.200000 2.940000
-0.222532 -9.844072 1.897508 -5.880000 4.830000 2.800000
-0.150748 -9.932607 1.933401 -5.670000 5.390000 0.630000
-0.129212 -9.879964 2.009971 -5.110000 5.390000 0.070000
-0.098106 -9.894321 1.916651 -6.090000 3.710000 0.350000
-0.098106 -9.894321 1.916651 -6.090000 3.710000 0.350000
-0.191426 -9.748360 1.868794 -7.140000 3.290000 -0.070000
-0.191426 -9.748360 1.868794 -7.140000 3.290000 -0.070000
-0.133998 -9.588040 1.828116 -4.550000 4.200000 1.750000
-0.133998 -9.588040 1.828116 -4.550000 4.200000 1.750000
-0.122034 -9.518648 1.816152 -4.970000 4.130000 2.240000
-0.062213 -9.657433 1.828116 -5.670000 4.410000 3.150000
-0.102891 -9.710074 1.842474 -5.600000 4.270000 3.710000
-0.066999 -9.863215 1.899901 -4.830000 4.900000 3.500000
-0.105284 -9.844072 1.954936 -4.900000 4.060000 3.080000
-0.011964 -9.786645 1.868794 -5.670000 3.500000 3.570000
-0.011964 -9.786645 1.868794 -5.670000 3.500000 3.570000
-0.210568 -9.920642 1.895115 -5.810000 3.220000 2.660000
-0.107677 -9.762716 1.797010 -5.950000 3.150000 2.310000
-0.138784 -9.808180 1.749153 -6.510000 4.200000 1.890000
-0.062213 -9.745967 1.818545 -7.560000 4.550000 2.380000
-0.064606 -9.808180 1.777867 -5.600000 5.040000 2.100000
-0.064606 -9.808180 1.777867 -5.600000 5.040000 2.100000
-0.064606 -9.808180 1.777867 -5.600000 5.040000 2.100000
-0.081356 -9.722038 1.911865 -6.790000 3.990000 3.290000
-0.081356 -9.722038 1.911865 -6.790000 3.990000 3.290000
-0.081356 -9.722038 1.911865 -6.790000 3.990000 3.290000
-0.081356 -9.722038 1.911865 -6.790000 3.990000 3.290000
-0.081356 -9.722038 1.911865 -6.790000 3.990000 3.290000
-0.081356 -9.722038 1.911865 -6.790000 3.990000 3.290000
-0.081356 -9.722038 1.911865 -6.790000 3.990000 3.290000
-0.107677 -9.731609 1.926222 -4.830000 4.060000 3.290000
-0.093320 -9.767502 1.983650 -5.320000 3.990000 2.940000
-0.126820 -9.803394 1.921437 -6.580000 2.800000 3.990000
-0.126820 -9.803394 1.921437 -6.580000 2.800000 3.990000
-0.047856 -9.875179 1.861616 -6.160000 3.290000 3.150000
-0.047856 -9.875179 1.861616 -6.160000 3.290000 3.150000
-0.047856 -9.875179 1.861616 -6.160000 3.290000 3.150000
