1.751546 -8.659625 4.491328 20.230000 9.170000 -8.120000
1.923829 -8.508877 4.838287 15.540000 6.650000 -9.940000
1.931008 -8.341379 4.756931 42.490002 4.690000 -15.890000
2.000400 -9.032906 4.967500 46.410000 3.780000 -26.180000
2.000400 -9.032906 4.967500 46.410000 3.780000 -26.180000
2.005185 -8.238488 6.202196 65.309998 3.570000 -38.290001
2.122434 -7.925028 6.075377 59.430000 3.010000 -42.139999
2.675175 -8.212167 5.773881 74.550003 4.060000 -49.209999
2.457429 -6.939186 6.183054 54.250000 4.550000 -55.510002
2.457429 -6.939186 6.183054 54.250000 4.550000 -55.510002
2.955136 -6.625726 6.778866 77.419998 9.730000 -60.060001
3.072384 -6.094519 7.039684 84.840004 8.050000 -70.769997
2.868994 -5.962914 7.274181 85.190002 6.160000 -71.889999
3.491128 -4.835894 7.970492 92.750000 2.030000 -76.090004
3.888337 -3.637090 7.814958 95.760002 3.570000 -71.889999
4.101298 -2.737389 8.188239 80.570000 -1.610000 -63.910000
3.991228 -2.292324 7.956135 55.020000 -0.140000 -56.560001
4.240082 -1.813759 7.920243 51.450001 0.490000 -56.279999
4.125226 -1.179662 8.307880 58.869999 -2.310000 -53.340000
4.094120 -0.440279 8.331808 49.770000 -6.020000 -49.349998
4.094120 -0.440279 8.331808 49.770000 -6.020000 -49.349998
3.984050 -0.256032 8.800802 40.320000 -11.900000 -40.880001
3.984050 -0.256032 8.800802 40.320000 -11.900000 -40.880001
4.472186 0.289532 8.104490 23.450001 -19.180000 -36.750000
4.532006 0.457029 8.358130 23.240000 -22.330000 -34.160000
5.017749 0.835095 7.424929 17.710001 -10.290000 -29.820000
5.017749 0.835095 7.424929 17.710001 -10.290000 -29.820000
4.814359 1.241875 7.872386 11.130000 -8.120000 -26.250000
4.965107 1.402194 8.087741 24.430000 -0.140000 -19.740000
4.639683 1.517050 8.173882 12.600000 6.160000 -15.260000
4.754539 1.205983 8.367701 -14.280000 -3.920000 -1.890000
4.558327 0.892523 8.327023 -9.730000 -5.180000 0.070000
4.558327 0.892523 8.327023 -9.730000 -5.180000 0.070000
4.721039 0.567099 8.166703 -9.310000 -7.630000 0.490000
4.716253 0.792024 8.003991 -6.440000 -3.010000 0.280000
4.778467 0.607777 8.092526 -1.680000 -2.380000 0.840000
4.764110 0.519243 8.042276 -4.830000 4.480000 -0.910000
4.646862 0.626920 8.157133 -0.490000 6.440000 -0.210000
4.587041 0.775275 8.465806 3.850000 7.490000 -0.350000
4.515256 0.937986 8.530413 -2.730000 5.320000 1.680000
4.759324 0.973879 8.209774 -17.710001 5.110000 6.090000
