0.997807 -9.710074 2.318645 0.490000 -0.420000 0.770000
1.002593 -9.662218 2.196611 0.490000 -0.910000 -0.070000
1.040878 -9.628718 2.160719 -0.840000 -1.330000 0.420000
1.040878 -9.628718 2.160719 -0.840000 -1.330000 0.420000
0.988236 -9.626326 2.177469 0.630000 -0.980000 0.700000
1.100698 -9.686146 2.160719 -1.050000 -0.280000 0.070000
1.043271 -9.683753 2.227718 1.050000 0.140000 0.070000
1.086342 -9.678967 2.194218 -0.070000 -0.350000 -0.280000
1.086342 -9.678967 2.194218 -0.070000 -0.350000 -0.280000
1.040878 -9.667004 2.175076 -0.490000 -1.120000 -0.210000
0.964308 -9.564112 2.155933 1.540000 -0.350000 -0.280000
1.040878 -9.638289 2.177469 -0.070000 0.140000 -0.630000
1.040878 -9.638289 2.177469 -0.070000 0.140000 -0.630000
1.040878 -9.638289 2.177469 -0.070000 0.140000 -0.630000
0.995414 -9.523434 2.201397 0.910000 0.350000 -0.700000
0.995414 -9.523434 2.201397 0.910000 0.350000 -0.700000
1.057628 -9.513863 2.215754 0.630000 0.280000 -0.560000
1.004985 -9.530612 2.225325 1.680000 0.210000 0.280000
0.990629 -9.533006 2.347359 1.820000 0.210000 0.910000
0.995414 -9.652647 2.234896 -0.560000 -0.910000 0.700000
0.966700 -9.552148 2.189433 0.280000 -1.610000 -0.070000
0.966700 -9.552148 2.189433 0.280000 -1.610000 -0.070000
1.048056 -9.616754 2.232504 0.210000 -1.470000 0.210000
0.964308 -9.619147 2.182254 -0.560000 -0.350000 0.490000
1.016950 -9.547362 2.160719 -0.420000 -0.210000 -0.070000
1.088734 -9.719646 2.210968 2.100000 0.630000 0.280000
1.045663 -9.614362 2.282753 0.840000 -0.140000 -0.770000
1.045663 -9.614362 2.282753 0.840000 -0.140000 -0.770000
1.014557 -9.571291 2.225325 0.210000 -0.280000 -0.630000
1.007378 -9.561719 2.187040 1.960000 -0.070000 0.140000
0.983450 -9.485149 2.225325 0.490000 -0.980000 0.140000
0.983450 -9.485149 2.225325 0.490000 -0.980000 0.140000
0.983450 -9.485149 2.225325 0.490000 -0.980000 0.140000
1.043271 -9.528220 2.177469 -0.630000 -1.400000 0.490000
1.043271 -9.528220 2.177469 -0.630000 -1.400000 0.490000
1.043271 -9.528220 2.177469 -0.630000 -1.400000 0.490000
0.995414 -9.468399 2.199004 0.140000 0.140000 -0.210000
0.940379 -9.542577 2.182254 -1.190000 0.210000 -0.140000
1.040878 -9.576077 2.270789 1.120000 0.840000 0.560000
1.040878 -9.576077 2.270789 1.120000 0.840000 0.560000
0.961915 -9.626326 2.287539 0.560000 0.560000 0.070000
