2.033899 -9.394222 2.498107 3.080000 1.540000 -0.980000
2.026721 -9.291330 2.474179 4.200000 1.680000 -0.140000
2.062613 -9.501899 2.612962 -0.140000 0.420000 -0.980000
2.062613 -9.501899 2.612962 -0.140000 0.420000 -0.980000
2.062613 -9.501899 2.612962 -0.140000 0.420000 -0.980000
2.005185 -9.573684 2.373680 2.240000 0.490000 -0.840000
2.005185 -9.573684 2.373680 2.240000 0.490000 -0.840000
2.287539 -9.154939 2.419144 9.520000 -4.200000 -0.420000
2.148755 -9.207582 2.505285 1.890000 -7.770000 1.260000
2.012364 -9.590433 3.163311 -5.040000 -10.010000 0.630000
2.009971 -9.889536 2.512464 3.360000 -13.930000 -0.560000
2.057827 -9.025726 3.206382 0.840000 -12.740000 -0.140000
2.057827 -9.025726 3.206382 0.840000 -12.740000 -0.140000
2.124826 -9.647861 2.897708 -5.110000 -16.379999 -1.610000
2.182254 -9.736395 2.021935 4.620000 -15.330000 -0.700000
2.199004 -9.750752 2.440679 -13.020000 -15.470000 0.560000
2.285146 -9.530612 2.199004 0.420000 -13.790000 0.630000
1.947758 -8.829515 2.842674 -23.309999 -16.799999 0.490000
2.380858 -9.468399 1.792224 -8.190000 -19.600000 -3.640000
2.222932 -8.408379 2.455036 -2.730000 -19.809999 -3.990000
2.222932 -8.408379 2.455036 -2.730000 -19.809999 -3.990000
2.378466 -9.650253 2.359323 -1.330000 -22.049999 0.420000
2.371287 -9.475577 2.120041 -3.710000 -23.799999 1.540000
2.392823 -9.420543 2.153540 3.780000 -22.889999 0.140000
2.373680 -9.439686 1.864009 5.250000 -19.950001 0.420000
2.373680 -9.439686 1.864009 5.250000 -19.950001 0.420000
2.409572 -9.530612 1.679761 0.980000 -17.639999 -0.350000
2.423929 -9.140583 1.505085 -5.740000 -10.360000 0.210000
2.512464 -9.248260 1.493121 -8.190000 -7.980000 0.490000
2.529213 -9.408579 1.619941 -0.630000 -1.540000 -0.140000
2.567499 -9.566505 1.519442 1.120000 0.420000 -0.280000
2.524428 -9.202796 1.854438 -0.070000 0.420000 0.350000
2.531606 -9.298509 1.806581 -1.330000 0.280000 1.050000
2.531606 -9.298509 1.806581 -1.330000 0.280000 1.050000
2.438286 -9.413363 1.885544 3.360000 0.560000 0.770000
2.457429 -9.588040 1.758725 4.410000 1.680000 1.120000
2.388037 -9.686146 1.572084 -6.510000 2.170000 0.560000
2.474179 -9.588040 1.777867 -3.570000 2.940000 -0.210000
2.481357 -9.310472 1.878366 3.570000 2.940000 0.350000
