3.644269 -7.314859 5.288138 -1.680000 -1.680000 -0.770000
3.529413 -7.499106 5.369494 -2.240000 -2.240000 -1.610000
3.529413 -7.499106 5.369494 -2.240000 -2.240000 -1.610000
3.847659 -7.456036 5.350351 -2.870000 -3.500000 -2.520000
3.847659 -7.456036 5.350351 -2.870000 -3.500000 -2.520000
3.960121 -7.188039 5.137390 -1.540000 -1.610000 -1.680000
3.747160 -7.276574 5.335995 -0.700000 -0.070000 -1.260000
3.811767 -7.293324 5.395815 -0.700000 -0.490000 -0.630000
3.694518 -7.200003 5.345565 -0.350000 0.070000 -0.770000
3.694518 -7.200003 5.345565 -0.350000 0.070000 -0.770000
3.694518 -7.200003 5.345565 -0.350000 0.070000 -0.770000
3.706482 -7.228717 5.340781 0.490000 0.700000 -0.210000
3.706482 -7.228717 5.340781 0.490000 0.700000 -0.210000
3.706482 -7.312466 5.319244 -0.910000 0.630000 -0.630000
3.706482 -7.312466 5.319244 -0.910000 0.630000 -0.630000
3.809374 -7.159326 5.453243 -1.960000 0.420000 0.910000
3.749553 -7.477571 5.386244 0.490000 -0.140000 0.560000
3.852444 -7.350751 5.266603 -1.610000 -1.050000 -1.260000
3.768696 -7.207181 5.316852 1.260000 0.840000 0.280000
3.768696 -7.207181 5.316852 1.260000 0.840000 0.280000
3.768696 -7.207181 5.316852 1.260000 0.840000 0.280000
3.751946 -7.250252 5.228317 -0.210000 -0.490000 0.420000
3.773481 -7.257431 5.386244 1.610000 0.910000 1.050000
3.862016 -7.381857 5.438886 -0.070000 0.910000 0.490000
3.862016 -7.381857 5.438886 -0.070000 0.910000 0.490000
3.862016 -7.381857 5.438886 -0.070000 0.910000 0.490000
3.852444 -7.405786 5.388636 -0.980000 -0.280000 0.490000
3.852444 -7.405786 5.388636 -0.980000 -0.280000 0.490000
3.763910 -7.441679 5.400600 -0.840000 -1.050000 -1.120000
3.718446 -7.264609 5.283352 3.010000 1.400000 -0.630000
3.718446 -7.264609 5.283352 3.010000 1.400000 -0.630000
3.785445 -7.197611 5.462814 2.240000 1.820000 0.070000
3.785445 -7.197611 5.462814 2.240000 1.820000 0.070000
3.661019 -7.355537 5.357530 -1.260000 -0.980000 0.350000
3.670590 -7.305287 5.321638 0.210000 0.210000 1.190000
3.670590 -7.305287 5.321638 0.210000 0.210000 1.190000
3.773481 -7.377072 5.474778 -0.350000 -0.140000 -0.140000
3.773481 -7.377072 5.474778 -0.350000 -0.140000 -0.140000
3.761517 -7.396214 5.268995 1.050000 -0.350000 0.840000
3.761517 -7.396214 5.268995 1.050000 -0.350000 0.840000
3.761517 -7.396214 5.268995 1.050000 -0.350000 0.840000
3.761517 -7.396214 5.268995 1.050000 -0.350000 0.840000
3.816552 -7.159326 5.484349 3.920000 1.190000 -0.490000
3.725625 -7.269395 5.525027 1.260000 0.280000 -0.490000
3.926622 -7.149754 5.343173 -0.980000 -0.350000 -0.210000
3.926622 -7.149754 5.343173 -0.980000 -0.350000 -0.210000
3.747160 -7.274181 5.355137 -1.820000 -0.490000 -0.280000
3.785445 -7.295716 5.350351 1.610000 0.770000 -0.350000
3.785445 -7.295716 5.350351 1.610000 0.770000 -0.350000
3.677768 -7.365108 5.477170 -1.890000 0.630000 -1.050000
3.677768 -7.365108 5.477170 -1.890000 0.630000 -1.050000
3.677768 -7.365108 5.477170 -1.890000 0.630000 -1.050000
3.706482 -7.195218 5.493921 0.910000 1.190000 -0.140000
3.706482 -7.195218 5.493921 0.910000 1.190000 -0.140000
3.684947 -7.140182 5.572884 -2.100000 0.210000 0.070000
