0.502493 -9.504292 2.849852 -7.280000 4.690000 1.890000
0.502493 -9.504292 2.849852 -7.280000 4.690000 1.890000
0.502493 -9.504292 2.849852 -7.280000 4.690000 1.890000
0.502493 -9.504292 2.849852 -7.280000 4.690000 1.890000
0.502493 -9.504292 2.849852 -7.280000 4.690000 1.890000
0.502493 -9.504292 2.849852 -7.280000 4.690000 1.890000
0.571885 -9.394222 2.868994 -18.969999 5.110000 2.030000
0.775275 -9.147761 0.693919 -200.130005 -22.889999 -15.260000
1.040878 -9.868000 -1.232304 -231.000000 -29.049999 -12.670000
1.040878 -9.868000 -1.232304 -231.000000 -29.049999 -12.670000
0.918844 -8.968300 -2.344966 -218.750000 -31.710001 -15.750000
0.930808 -8.571091 -4.524827 -256.269989 -35.349998 -16.170000
0.995414 -7.489535 -6.960721 -220.850006 -24.080000 -16.870001
1.261017 -7.111469 -7.999206 -155.330002 -12.530000 -13.020000
0.964308 -5.855237 -7.980063 -132.930008 -9.240000 -11.550000
0.964308 -5.855237 -7.980063 -132.930008 -9.240000 -11.550000
1.428515 -5.400600 -8.657232 -104.930000 -3.780000 -11.410000
1.375873 -5.000999 -8.709875 -78.889999 -4.900000 -10.570000
1.272982 -4.366901 -8.740981 -62.860001 -9.100000 -11.270000
1.272982 -4.366901 -8.740981 -62.860001 -9.100000 -11.270000
1.062413 -3.924229 -9.329616 -11.130000 -5.880000 -1.260000
1.062413 -3.924229 -9.329616 -11.130000 -5.880000 -1.260000
1.062413 -4.053442 -9.317651 6.090000 -4.340000 0.980000
0.966700 -3.929015 -9.162118 3.920000 0.350000 2.520000
0.897308 -4.158726 -9.231510 4.480000 0.560000 1.190000
1.038485 -3.821337 -9.190832 -7.350000 -0.350000 0.210000
1.038485 -3.821337 -9.190832 -7.350000 -0.350000 0.210000
0.949951 -3.919443 -9.255438 -6.300000 -0.630000 -0.280000
0.940379 -3.883551 -9.020942 -4.550000 -1.400000 -0.350000
0.940379 -3.976871 -9.245867 -7.070000 0.560000 0.770000
0.940379 -3.976871 -9.245867 -7.070000 0.560000 0.770000
