3.675375 -8.920443 1.916651 -7.350000 3.220000 2.940000
3.907479 -8.879765 1.935793 -5.600000 3.500000 3.500000
3.830909 -8.851050 1.971686 -3.780000 5.460000 2.870000
3.830909 -8.851050 1.971686 -3.780000 5.460000 2.870000
3.778267 -8.915657 1.878366 -8.190000 4.060000 2.800000
3.775874 -8.932407 2.036292 -10.920000 2.590000 1.960000
3.775874 -8.932407 2.036292 -10.920000 2.590000 1.960000
3.878766 -8.707481 1.981257 -41.650002 2.590000 3.150000
3.912265 -8.331808 2.050649 -71.959999 3.500000 4.620000
3.682554 -7.647461 1.440479 -173.250000 -2.310000 8.400000
3.682554 -7.647461 1.440479 -173.250000 -2.310000 8.400000
3.572484 -7.881958 -0.909273 -153.440002 -7.630000 3.430000
3.572484 -7.881958 -0.909273 -153.440002 -7.630000 3.430000
3.579663 -8.693125 -1.950150 -226.380005 -16.030001 2.240000
3.897908 -7.319644 -3.718446 -211.680008 -18.340000 -5.110000
3.797409 -8.705089 -6.254838 -189.139999 -23.520000 -7.140000
3.663411 -5.843273 -5.678168 -142.029999 -15.540000 -10.640000
3.541377 -6.053841 -6.608976 -171.919998 -19.110001 -9.520000
3.845266 -5.828916 -7.566105 -149.940002 -19.809999 -12.740000
3.845266 -5.828916 -7.566105 -149.940002 -19.809999 -12.740000
3.739982 -4.890929 -7.853244 -126.910004 -20.299999 -12.810000
3.577270 -4.991428 -8.085347 -117.110001 -19.600000 -12.180000
3.263810 -3.620341 -8.492127 -64.610001 -17.710001 -11.620000
3.239882 -3.326023 -9.016156 -67.269997 -14.000000 -9.590000
3.239882 -3.326023 -9.016156 -67.269997 -14.000000 -9.590000
3.187240 -3.148954 -9.154939 -50.540001 -12.460000 -8.540000
3.364309 -2.531606 -9.092726 -15.680000 -8.540000 -6.370000
3.172883 -2.763710 -9.166903 -9.380000 -6.300000 -3.990000
3.270989 -2.653640 -9.322437 -12.460000 -3.010000 0.770000
3.318845 -2.701497 -9.209974 -3.430000 3.780000 1.750000
3.318845 -2.701497 -9.209974 -3.430000 3.780000 1.750000
3.287738 -2.727818 -9.217153 -4.830000 5.040000 2.030000
3.201597 -2.670390 -9.169296 -4.200000 5.600000 1.260000
3.280560 -2.768496 -8.906086 -5.320000 5.810000 0.980000
