3.799802 -7.298109 5.513064 0.700000 -0.210000 -0.490000
3.799802 -7.298109 5.513064 0.700000 -0.210000 -0.490000
3.799802 -7.298109 5.513064 0.700000 -0.210000 -0.490000
3.799802 -7.298109 5.513064 0.700000 -0.210000 -0.490000
3.799802 -7.298109 5.513064 0.700000 -0.210000 -0.490000
3.744767 -7.250252 5.589634 -1.190000 -1.120000 0.700000
3.689733 -7.379465 5.680561 -2.660000 -1.190000 -0.560000
3.689733 -7.379465 5.680561 -2.660000 -1.190000 -0.560000
3.689733 -7.379465 5.680561 -2.660000 -1.190000 -0.560000
3.869194 -7.420143 5.510671 0.420000 -1.190000 -0.560000
3.869194 -7.420143 5.510671 0.420000 -1.190000 -0.560000
3.811767 -7.135397 5.601598 -1.540000 0.350000 -0.980000
3.771089 -7.109076 5.441278 2.030000 1.960000 0.140000
3.771089 -7.109076 5.441278 2.030000 1.960000 0.140000
3.771089 -7.109076 5.441278 2.030000 1.960000 0.140000
3.687340 -7.209574 5.589634 1.400000 1.260000 0.420000
3.763910 -7.264609 5.532206 1.610000 0.490000 0.630000
3.763910 -7.264609 5.532206 1.610000 0.490000 0.630000
3.763910 -7.264609 5.532206 1.610000 0.490000 0.630000
3.795017 -7.384251 5.520242 -0.980000 -1.260000 -0.070000
3.795017 -7.384251 5.520242 -0.980000 -1.260000 -0.070000
3.881158 -7.288538 5.419744 0.420000 0.490000 0.070000
3.900301 -7.219146 5.472386 -0.630000 -0.560000 -0.140000
3.900301 -7.219146 5.472386 -0.630000 -0.560000 -0.140000
3.749553 -7.314859 5.443672 -2.100000 -0.560000 -0.070000
3.749553 -7.314859 5.443672 -2.100000 -0.560000 -0.070000
3.814159 -7.336394 5.458029 3.010000 2.170000 -0.560000
3.780660 -7.302894 5.438886 -2.030000 -1.120000 -0.210000
3.780660 -7.302894 5.438886 -2.030000 -1.120000 -0.210000
3.725625 -7.255038 5.398208 -0.630000 0.070000 -0.490000
3.725625 -7.255038 5.398208 -0.630000 0.070000 -0.490000
3.814159 -7.147361 5.596812 -1.820000 0.070000 0.420000
3.830909 -7.312466 5.670990 1.330000 0.210000 1.050000
3.830909 -7.312466 5.670990 1.330000 0.210000 1.050000
3.830909 -7.312466 5.670990 1.330000 0.210000 1.050000
3.792624 -7.434500 5.553742 -1.120000 -1.260000 -0.490000
3.792624 -7.434500 5.553742 -1.120000 -1.260000 -0.490000
3.790231 -7.360322 5.343173 -0.350000 -0.910000 -1.050000
3.790231 -7.195218 5.443672 0.840000 0.350000 -0.700000
3.804588 -7.128219 5.460421 -0.910000 -0.420000 -1.120000
3.814159 -7.168896 5.357530 -0.840000 -0.210000 -0.350000
3.814159 -7.168896 5.357530 -0.840000 -0.210000 -0.350000
3.790231 -7.209574 5.357530 0.630000 1.540000 -0.630000
3.878766 -7.305287 5.503492 0.910000 0.980000 -0.490000
3.823731 -7.319644 5.584848 0.490000 0.280000 -1.820000
3.823731 -7.319644 5.584848 0.490000 0.280000 -1.820000
3.823731 -7.319644 5.584848 0.490000 0.280000 -1.820000
3.830909 -7.202396 5.381458 0.140000 -0.070000 -1.820000
3.732803 -7.116255 5.398208 2.520000 1.400000 -0.350000
3.912265 -7.149754 5.627919 -0.770000 -0.140000 0.140000
3.912265 -7.149754 5.627919 -0.770000 -0.140000 0.140000
3.885944 -7.207181 5.649454 -1.260000 -0.350000 0.630000
3.885944 -7.207181 5.649454 -1.260000 -0.350000 0.630000
