0.892523 0.581456 9.427721 -5.460000 4.060000 1.750000
0.806381 0.870987 9.477970 -3.920000 4.410000 1.750000
0.937986 0.760918 9.518648 -3.710000 4.410000 2.100000
0.937986 0.760918 9.518648 -3.710000 4.410000 2.100000
0.909273 0.792024 9.458827 -2.660000 4.550000 2.100000
0.873380 0.746561 9.396614 1.120000 5.530000 1.680000
0.969093 0.827917 9.511470 2.170000 5.110000 1.190000
0.933201 0.880559 9.300901 9.170000 6.230000 1.750000
0.911665 0.906880 9.253045 13.020000 6.160000 2.170000
0.911665 0.906880 9.253045 13.020000 6.160000 2.170000
0.973879 0.576670 9.119047 39.270000 5.810000 1.470000
0.691526 1.390230 9.008978 70.980003 9.310000 -0.210000
0.911665 1.902294 7.913064 174.369995 8.680000 -1.190000
0.789631 3.809374 7.166504 251.580002 14.000000 -2.520000
0.947558 5.656632 6.833901 272.230011 14.350000 -0.280000
0.947558 5.656632 6.833901 272.230011 14.350000 -0.280000
0.947558 5.656632 6.833901 272.230011 14.350000 -0.280000
0.303888 8.671589 4.876573 153.020004 4.970000 -11.970000
0.334995 8.628519 4.074977 136.710007 0.910000 -11.480000
0.334995 8.628519 4.074977 136.710007 0.910000 -11.480000
-0.050249 9.566505 0.880559 105.419998 8.120000 -26.670000
-0.050249 9.566505 0.880559 105.419998 8.120000 -26.670000
0.059821 9.810574 0.468993 68.110001 11.760000 -25.549999
-0.509671 9.592826 0.275175 52.920002 20.020000 -24.710001
-0.770489 9.518648 -0.466600 43.259998 16.940001 -25.059999
-0.878166 10.363315 -0.222532 35.700001 15.330000 -24.710001
-0.878166 10.363315 -0.222532 35.700001 15.330000 -24.710001
-1.021735 10.241282 -0.021535 8.470000 8.960000 -18.340000
-1.311267 10.660025 0.016750 7.560000 10.150000 -9.870000
-1.459622 9.992428 -0.296710 -0.140000 5.040000 -1.680000
-1.459622 9.992428 -0.296710 -0.140000 5.040000 -1.680000
-1.201197 10.406385 -0.291924 -6.720000 3.500000 -0.910000
-1.227518 9.162118 -1.086342 -7.490000 -0.700000 2.170000
-1.198804 9.674182 -0.533599 6.860000 4.410000 -0.210000
-1.287339 9.542577 -0.839881 -3.850000 4.340000 1.260000
-1.282553 9.655040 -0.655633 -8.750000 2.660000 2.100000
-1.282553 9.655040 -0.655633 -8.750000 2.660000 2.100000
-1.282553 9.655040 -0.655633 -8.750000 2.660000 2.100000
-1.251446 9.705289 -0.569492 -16.870001 0.910000 4.270000
-1.409373 9.403792 -0.545564 -8.190000 1.400000 4.480000
-1.153341 9.951750 -0.378066 -6.510000 3.360000 3.920000
