1.718047 -9.501899 1.593620 -4.620000 -0.840000 0.490000
1.741975 -9.698111 1.232304 -7.000000 0.560000 0.700000
1.686940 -9.375079 1.883151 -5.180000 0.350000 -0.350000
1.653440 -9.513863 1.651048 -15.610000 0.700000 -0.350000
1.653440 -9.513863 1.651048 -15.610000 0.700000 -0.350000
1.639083 -9.810574 2.117648 -22.469999 1.190000 2.100000
1.536192 -9.458827 1.129412 -32.410000 1.750000 8.820000
1.536192 -9.458827 1.129412 -32.410000 1.750000 8.820000
1.641476 -9.975677 0.777667 -34.580002 5.810000 12.180000
1.749153 -10.040283 0.937986 -26.950001 4.760000 11.830000
1.749153 -10.040283 0.937986 -26.950001 4.760000 11.830000
1.402194 -9.901501 -0.232104 -25.690001 11.130000 13.160000
1.375873 -10.049855 -1.311267 -40.180000 23.030001 16.030001
1.062413 -9.997212 -0.792024 -32.060001 28.280001 15.330000
1.062413 -9.997212 -0.792024 -32.060001 28.280001 15.330000
1.143769 -9.894321 -0.681954 -20.370001 33.950001 23.170000
1.091127 -9.946963 -0.765703 -15.050000 35.490002 26.880001
0.672383 -9.743573 -1.141376 14.490000 32.130001 23.170000
0.595813 -10.025927 -0.043071 14.700000 20.370001 10.850000
0.713061 -9.736395 0.279960 19.950001 10.010000 5.110000
0.485743 -10.119246 0.385244 12.460000 6.650000 4.270000
0.323031 -9.978070 0.425922 11.550000 4.340000 2.450000
0.323031 -9.978070 0.425922 11.550000 4.340000 2.450000
0.373280 -9.784252 0.466600 4.410000 0.980000 -0.210000
0.373280 -10.037891 0.227318 -0.560000 1.470000 -0.420000
0.488136 -9.927821 0.224925 3.990000 -0.560000 -0.070000
0.423530 -9.872787 0.174676 4.480000 -1.260000 -0.140000
0.619741 -9.815358 0.263210 3.500000 -2.030000 0.560000
0.619741 -9.815358 0.263210 3.500000 -2.030000 0.560000
0.619741 -9.815358 0.263210 3.500000 -2.030000 0.560000
0.593420 -9.934999 0.289532 0.140000 -1.120000 1.400000
0.593420 -9.934999 0.289532 0.140000 -1.120000 1.400000
0.399601 -9.980463 0.124427 1.540000 0.070000 1.330000
0.490529 -10.057034 0.191426 2.800000 0.910000 1.960000
