3.586841 -8.884550 2.531606 -7.490000 2.520000 3.920000
3.474378 -8.721838 2.639283 -22.889999 1.960000 3.710000
3.620341 -8.886944 2.242075 -28.559999 2.660000 3.780000
3.620341 -8.886944 2.242075 -28.559999 2.660000 3.780000
3.534199 -8.482556 2.110470 -91.699997 0.140000 5.530000
3.534199 -8.482556 2.110470 -91.699997 0.140000 5.530000
3.531806 -8.958728 0.722632 -162.889999 -7.350000 8.820000
3.546163 -9.530612 -0.926022 -130.410004 -7.490000 5.320000
3.555735 -9.774680 -1.320838 -72.730003 -5.250000 3.990000
3.503092 -9.291330 -1.349552 -61.110001 -3.780000 3.430000
3.503092 -9.291330 -1.349552 -61.110001 -3.780000 3.430000
3.620341 -9.698111 -2.670390 -77.489998 -4.830000 0.840000
3.620341 -9.698111 -2.670390 -77.489998 -4.830000 0.840000
3.424129 -8.417950 -2.103291 -36.470001 1.050000 0.980000
3.572484 -8.733803 -2.811567 -60.340000 -2.240000 1.470000
3.385844 -8.269595 -2.811567 -11.130000 0.840000 1.960000
3.402594 -8.233703 -2.983850 -89.180000 -2.940000 2.520000
3.553342 -9.308081 -3.902694 -90.650002 -6.580000 2.870000
3.572484 -8.013563 -3.749553 -35.980000 -2.730000 -2.870000
3.476771 -7.822137 -3.828516 -115.080002 -8.540000 2.170000
3.476771 -7.822137 -3.828516 -115.080002 -8.540000 2.170000
3.376273 -7.042077 -5.120641 -89.669998 -6.930000 -1.610000
3.376273 -7.042077 -5.120641 -89.669998 -6.930000 -1.610000
3.314059 -7.250252 -6.027520 -111.230003 -8.610000 0.910000
3.314059 -7.250252 -6.027520 -111.230003 -8.610000 0.910000
3.306881 -6.324231 -6.766902 -118.230003 -13.300000 0.980000
3.046063 -4.898108 -7.015756 -101.080002 -14.560000 -2.870000
3.046063 -4.898108 -7.015756 -101.080002 -14.560000 -2.870000
2.940779 -4.819145 -8.611769 -78.260002 -12.950000 -2.030000
2.854637 -4.395615 -8.559127 -40.180000 -9.170000 -3.710000
2.854637 -4.395615 -8.559127 -40.180000 -9.170000 -3.710000
2.854637 -4.395615 -8.559127 -40.180000 -9.170000 -3.710000
2.888137 -4.168297 -8.654840 -26.670000 -7.000000 -1.400000
2.876173 -4.024727 -8.894121 -13.300000 -2.030000 -0.700000
2.876173 -4.024727 -8.894121 -13.300000 -2.030000 -0.700000
2.876173 -4.024727 -8.894121 -13.300000 -2.030000 -0.700000
2.876173 -4.024727 -8.894121 -13.300000 -2.030000 -0.700000
2.933600 -3.830909 -8.788837 -9.450000 2.870000 1.260000
2.885744 -3.582055 -8.547162 -2.380000 3.500000 0.420000
2.835495 -3.713661 -8.779266 -9.450000 3.920000 1.470000
2.849852 -3.725625 -8.652447 -3.500000 5.180000 3.010000
2.935993 -3.651447 -8.441878 -2.660000 3.220000 2.380000
2.907279 -3.771089 -8.626125 -9.450000 2.100000 3.290000
2.907279 -3.771089 -8.626125 -9.450000 2.100000 3.290000
2.792424 -3.787838 -8.752945 -7.420000 3.010000 3.220000
2.907279 -3.766303 -8.764909 -0.560000 3.850000 3.500000
2.878566 -3.881158 -8.662018 -6.720000 3.920000 4.270000
2.878566 -3.881158 -8.662018 -6.720000 3.920000 4.270000
2.878566 -3.881158 -8.662018 -6.720000 3.920000 4.270000
