-0.741775 -9.506684 2.780460 -0.350000 -0.630000 -1.260000
-0.710668 -9.497113 2.751746 -0.770000 -0.420000 -0.700000
-0.717847 -9.501899 2.667997 1.470000 -0.070000 -1.050000
-0.741775 -9.454042 2.782853 0.840000 0.210000 -1.120000
-0.727418 -9.399008 2.744568 -0.840000 0.280000 -0.910000
-0.744168 -9.377472 2.739782 0.210000 0.490000 0.140000
-0.744168 -9.377472 2.739782 0.210000 0.490000 0.140000
-0.717847 -9.449257 2.734996 1.470000 0.560000 -0.420000
-0.614955 -9.475577 2.854637 2.030000 -0.420000 1.050000
-0.674776 -9.329616 2.864209 -0.840000 0.980000 -0.280000
-0.588634 -9.518648 2.845066 -0.280000 0.560000 0.770000
-0.588634 -9.518648 2.845066 -0.280000 0.560000 0.770000
-0.720240 -9.614362 2.773281 0.770000 0.700000 0.840000
-0.696311 -9.542577 2.811567 -1.540000 -0.210000 -0.490000
-0.693919 -9.439686 2.706282 0.350000 0.210000 -0.210000
-0.674776 -9.432507 2.718246 0.910000 0.770000 0.350000
-0.717847 -9.401401 2.778067 -0.490000 0.910000 -0.070000
-0.713061 -9.468399 2.763710 1.260000 1.120000 0.140000
-0.677169 -9.473185 2.701497 -0.840000 1.820000 0.280000
-0.677169 -9.473185 2.701497 -0.840000 1.820000 0.280000
-0.667598 -9.537791 2.871387 0.210000 1.050000 0.840000
-0.667598 -9.537791 2.871387 0.210000 1.050000 0.840000
-0.708275 -9.466006 2.806781 1.330000 1.050000 0.210000
-0.729811 -9.528220 2.868994 -1.050000 0.420000 0.280000
-0.751346 -9.485149 2.763710 0.490000 0.980000 0.280000
-0.801596 -9.561719 2.749353 0.210000 0.840000 0.420000
-0.801596 -9.561719 2.749353 0.210000 0.840000 0.420000
-0.660419 -9.434900 2.868994 1.820000 0.280000 0.140000
-0.703490 -9.451650 2.818745 1.050000 0.140000 -0.140000
-0.727418 -9.463614 2.644069 0.070000 0.910000 -0.280000
-0.727418 -9.463614 2.644069 0.070000 0.910000 -0.280000
-0.727418 -9.463614 2.644069 0.070000 0.910000 -0.280000
-0.727418 -9.463614 2.644069 0.070000 0.910000 -0.280000
-0.665205 -9.442079 2.873780 -0.630000 1.050000 0.560000
-0.775275 -9.506684 2.754139 0.630000 -0.280000 1.190000
-0.672383 -9.461221 2.811567 -0.420000 -0.490000 0.630000
-0.784846 -9.511470 2.641676 3.010000 0.490000 0.140000
-0.763310 -9.422935 2.842674 2.940000 0.840000 -0.280000
-0.646062 -9.367901 2.830709 1.190000 0.980000 1.330000
-0.741775 -9.458827 2.909672 1.260000 0.840000 1.400000
-0.732204 -9.437292 2.770889 -0.350000 0.700000 0.980000
-0.744168 -9.449257 2.809174 0.840000 1.330000 1.120000
-0.734596 -9.518648 2.876173 -1.190000 0.420000 1.400000
-0.760918 -9.592826 2.840281 0.140000 0.840000 0.420000
-0.765703 -9.631111 2.849852 0.140000 0.630000 0.350000
