-0.122034 -9.702895 2.103291 -7.700000 2.380000 3.500000
-0.196211 -9.731609 2.002793 -6.510000 2.800000 3.360000
-0.167498 -9.714860 1.983650 -6.510000 4.060000 2.590000
-0.167498 -9.714860 1.983650 -6.510000 4.060000 2.590000
-0.203390 -9.710074 1.954936 -5.110000 4.690000 3.290000
-0.090927 -9.631111 1.926222 -6.300000 4.130000 2.590000
-0.093320 -9.580862 1.981257 -5.600000 3.780000 3.500000
-0.153141 -9.647861 1.940579 -5.810000 3.430000 4.760000
-0.153141 -9.647861 1.940579 -5.810000 3.430000 4.760000
-0.126820 -9.784252 1.883151 -7.560000 4.690000 4.900000
-0.126820 -9.784252 1.883151 -7.560000 4.690000 4.900000
-0.150748 -9.923036 2.050649 -4.410000 5.250000 3.780000
-0.179462 -10.052249 2.072184 -5.530000 5.110000 2.730000
-0.165105 -9.937392 2.105684 -5.530000 4.410000 0.490000
-0.131605 -9.726824 1.942972 -5.390000 3.430000 -0.280000
-0.131605 -9.726824 1.942972 -5.390000 3.430000 -0.280000
-0.191426 -9.640682 1.971686 -5.110000 3.360000 0.350000
-0.186640 -9.623933 1.969293 -6.020000 4.340000 0.280000
-0.141177 -9.611969 1.938186 -6.300000 4.200000 2.310000
-0.095713 -9.623933 1.969293 -4.970000 4.410000 3.080000
-0.124427 -9.724431 1.933401 -5.460000 5.600000 3.220000
-0.124427 -9.724431 1.933401 -5.460000 5.600000 3.220000
-0.126820 -9.604790 2.024328 -4.550000 6.160000 3.080000
-0.119641 -9.913465 2.029114 -7.140000 4.410000 3.850000
-0.119641 -9.913465 2.029114 -7.140000 4.410000 3.850000
-0.086142 -9.911072 2.076970 -6.090000 4.760000 3.080000
-0.133998 -9.903893 1.954936 -5.110000 4.760000 2.590000
-0.086142 -9.734003 2.081756 -4.340000 4.620000 2.100000
-0.083749 -9.793823 2.031506 -5.390000 4.620000 2.170000
-0.141177 -9.564112 2.014757 -3.990000 3.920000 2.450000
-0.141177 -9.564112 2.014757 -3.990000 3.920000 2.450000
-0.141177 -9.564112 2.014757 -3.990000 3.920000 2.450000
-0.141177 -9.564112 2.014757 -3.990000 3.920000 2.450000
-0.141177 -9.564112 2.014757 -3.990000 3.920000 2.450000
-0.141177 -9.564112 2.014757 -3.990000 3.920000 2.450000
-0.105284 -9.736395 2.024328 -5.180000 4.480000 3.920000
-0.114855 -9.755538 2.074577 -5.810000 3.920000 3.780000
-0.114855 -9.755538 2.074577 -5.810000 3.920000 3.780000
-0.033500 -9.796216 2.065006 -6.160000 3.710000 3.570000
-0.071785 -9.827322 1.993221 -5.740000 4.480000 3.150000
-0.110070 -9.793823 2.024328 -4.970000 4.550000 2.660000
-0.148355 -9.736395 1.998007 -7.000000 4.410000 2.310000
-0.098106 -9.724431 2.000400 -5.250000 4.830000 3.080000
-0.150748 -9.695717 1.911865 -6.440000 4.410000 2.450000
-0.150748 -9.695717 1.911865 -6.440000 4.410000 2.450000
-0.124427 -9.676575 2.021935 -6.230000 5.040000 3.010000
-0.145962 -9.772287 2.122434 -4.690000 6.020000 2.520000
-0.095713 -9.597611 2.151148 -5.810000 4.620000 2.030000
