3.783052 -7.008578 5.278566 2.730000 2.590000 -2.100000
3.735196 -7.073184 5.407779 0.980000 1.540000 -0.630000
3.761517 -6.994221 5.364708 -0.980000 0.070000 -0.140000
3.761517 -6.994221 5.364708 -0.980000 0.070000 -0.140000
3.859623 -6.888937 5.359922 -0.770000 0.630000 1.190000
3.766303 -7.171289 5.359922 -0.070000 1.610000 3.290000
3.754339 -7.293324 5.324030 0.840000 1.330000 1.960000
3.754339 -7.293324 5.324030 0.840000 1.330000 1.960000
3.811767 -7.329216 5.501099 0.070000 0.770000 1.330000
3.914658 -7.324430 5.402994 0.280000 1.050000 1.260000
3.862016 -7.329216 5.491528 -0.910000 -1.050000 -0.280000
3.984050 -7.293324 5.391029 -0.840000 -1.190000 -0.210000
3.818945 -7.240681 5.326423 0.840000 -0.490000 -2.170000
3.876373 -7.188039 5.333601 -0.140000 -0.560000 -1.750000
3.979264 -7.178468 5.381458 -0.140000 -0.910000 -2.100000
3.778267 -7.130611 5.300103 -0.420000 -0.350000 -1.680000
3.778267 -7.130611 5.300103 -0.420000 -0.350000 -1.680000
3.826123 -7.221539 5.410172 -0.350000 -0.420000 -1.260000
3.814159 -7.164111 5.290531 -0.980000 -0.070000 -0.560000
3.737589 -7.125826 5.328816 -1.330000 -0.420000 -0.070000
3.548556 -7.228717 5.326423 1.260000 1.540000 -0.280000
3.548556 -7.228717 5.326423 1.260000 1.540000 -0.280000
3.548556 -7.228717 5.326423 1.260000 1.540000 -0.280000
3.548556 -7.228717 5.326423 1.260000 1.540000 -0.280000
3.857230 -7.386643 5.417351 -1.120000 0.770000 1.960000
3.883551 -7.357929 5.352744 -1.120000 -1.260000 -0.140000
3.790231 -7.381857 5.400600 0.700000 -0.280000 -0.280000
3.728018 -7.245467 5.266603 0.770000 -0.490000 -0.980000
3.878766 -7.087541 5.280960 0.560000 0.280000 0.140000
3.878766 -7.087541 5.280960 0.560000 0.280000 0.140000
3.708875 -7.343572 5.450850 -1.680000 0.070000 -2.100000
3.893122 -7.128219 5.448457 2.240000 2.100000 -1.190000
3.960121 -7.051648 5.460421 0.700000 1.820000 0.980000
3.871587 -7.168896 5.338387 -4.760000 -0.980000 1.330000
3.871587 -7.168896 5.338387 -4.760000 -0.980000 1.330000
3.862016 -7.300502 5.190032 -1.120000 0.630000 0.420000
3.838088 -7.381857 5.369494 1.960000 1.050000 0.420000
3.730411 -7.286145 5.338387 -0.280000 1.050000 1.120000
3.730411 -7.286145 5.338387 -0.280000 1.050000 1.120000
3.720839 -7.087541 5.558527 -0.280000 0.630000 1.120000
4.005585 -7.188039 5.264209 -2.240000 -0.420000 0.770000
3.960121 -7.444071 5.209175 0.980000 0.490000 1.330000
3.960121 -7.444071 5.209175 0.980000 0.490000 1.330000
3.783052 -7.408179 5.501099 1.260000 0.210000 1.330000
3.608376 -7.429714 5.422136 1.260000 0.070000 -0.140000
3.873980 -7.085148 5.347959 -0.490000 -0.350000 -0.770000
3.873980 -7.085148 5.347959 -0.490000 -0.350000 -0.770000
3.620341 -7.238289 5.520242 1.680000 1.260000 0.490000
3.885944 -7.267002 5.194818 -2.100000 0.210000 0.350000
3.972085 -7.063612 5.357530 -1.190000 -0.350000 -0.560000
3.684947 -7.140182 5.563312 -0.350000 -0.210000 0.840000
3.857230 -7.422535 5.395815 0.770000 0.420000 1.190000
3.919443 -7.389036 5.352744 -0.210000 -1.050000 -1.120000
