2.438286 -9.300901 2.711068 -11.760000 2.800000 4.130000
2.421536 -9.202796 2.758924 -5.950000 2.940000 1.820000
2.459821 -9.008978 3.050849 -20.860001 0.280000 -0.280000
2.459821 -9.008978 3.050849 -20.860001 0.280000 -0.280000
2.488536 -8.913264 3.019742 -42.349998 -1.470000 -0.980000
2.577070 -9.066404 1.643869 -103.949997 -10.360000 0.210000
2.577070 -9.066404 1.643869 -103.949997 -10.360000 0.210000
2.577070 -9.066404 1.643869 -103.949997 -10.360000 0.210000
2.483750 -9.262616 -1.337588 -204.610001 -17.290001 -0.770000
2.828316 -9.619147 -2.423929 -188.020004 -19.460001 -3.640000
2.651247 -9.245867 -3.146562 -134.399994 -14.000000 -7.070000
2.651247 -9.245867 -3.146562 -134.399994 -14.000000 -7.070000
2.785245 -8.678767 -3.775874 -130.619995 -14.420000 -7.350000
2.727818 -8.635696 -4.007978 -133.910004 -13.440001 -7.000000
2.696711 -8.032705 -5.371887 -93.379997 -13.370000 -6.930000
2.766103 -7.817351 -5.498707 -90.580002 -14.000000 -7.840000
2.699104 -7.176075 -5.943772 -70.139999 -14.280000 -9.380000
2.699104 -7.176075 -5.943772 -70.139999 -14.280000 -9.380000
2.526821 -7.252645 -6.254838 -85.820000 -13.720000 -8.190000
2.734996 -6.238089 -6.862615 -79.169998 -14.770000 -15.330000
2.734996 -6.238089 -6.862615 -79.169998 -14.770000 -15.330000
2.957529 -6.350551 -7.451250 -65.169998 -14.000000 -14.000000
2.957529 -6.350551 -7.451250 -65.169998 -14.000000 -14.000000
2.957529 -6.350551 -7.451250 -65.169998 -14.000000 -14.000000
2.636890 -5.493921 -8.145168 -52.080002 -18.059999 -10.710000
2.584249 -5.000999 -7.982457 -51.590000 -16.870001 -10.010000
2.390430 -4.835894 -7.915457 -50.330002 -15.890000 -9.940000
2.390430 -4.835894 -7.915457 -50.330002 -15.890000 -9.940000
2.426322 -4.500899 -8.640482 -45.849998 -17.500000 -11.060000
2.261217 -4.177868 -8.535198 -35.840000 -18.690001 -7.140000
2.261217 -4.177868 -8.535198 -35.840000 -18.690001 -7.140000
1.883151 -4.060620 -9.174082 -22.260000 -13.300000 -6.650000
2.199004 -4.268795 -9.028119 -16.730000 -1.260000 0.630000
2.304288 -3.890730 -8.901299 -12.110000 -0.770000 0.350000
2.304288 -3.890730 -8.901299 -12.110000 -0.770000 0.350000
2.093720 -4.058227 -9.097511 -11.760000 -3.080000 0.840000
1.978864 -3.847659 -8.944371 -9.800000 -3.010000 0.420000
1.952543 -3.656233 -9.212367 -9.940000 -0.840000 0.630000
1.842474 -3.790231 -9.145369 -5.810000 4.550000 3.570000
2.014757 -3.586841 -8.772088 -5.320000 5.880000 3.920000
2.031506 -3.821337 -8.870193 -7.910000 4.830000 3.570000
2.026721 -3.943372 -8.934800 -9.030000 6.300000 3.500000
2.072184 -3.763910 -9.193225 -0.350000 8.400000 4.340000
2.081756 -3.818945 -8.953942 -5.250000 9.800000 4.690000
2.194218 -3.888337 -9.243474 -1.610000 9.870000 4.200000
2.167897 -3.993621 -8.810372 -0.140000 10.920000 4.480000
