0.535992 -9.954143 -0.275175 -1.540000 -0.560000 -0.350000
0.638884 -9.860823 -0.430708 -0.070000 0.280000 -0.630000
0.638884 -9.860823 -0.430708 -0.070000 0.280000 -0.630000
0.564706 -9.911072 -0.435494 -0.280000 0.770000 -0.280000
0.614955 -9.889536 -0.363709 1.330000 0.280000 0.280000
0.614955 -9.889536 -0.363709 1.330000 0.280000 0.280000
0.495314 -9.753145 -0.406780 -0.070000 0.700000 0.280000
0.591027 -9.906286 -0.150748 2.450000 -0.070000 1.750000
0.545564 -9.870394 -0.160319 2.100000 -0.840000 1.330000
0.547956 -9.908678 -0.277567 0.280000 -0.980000 1.330000
0.547956 -9.908678 -0.277567 0.280000 -0.980000 1.330000
0.547956 -9.908678 -0.277567 0.280000 -0.980000 1.330000
0.547956 -9.908678 -0.277567 0.280000 -0.980000 1.330000
0.533599 -10.054641 -0.265603 1.120000 -0.630000 1.470000
0.509671 -10.006784 -0.253639 -0.910000 -0.280000 1.190000
0.461815 -10.102496 -0.416351 1.120000 -1.260000 -0.280000
0.483350 -10.035499 -0.401994 1.540000 -0.350000 -0.980000
0.483350 -10.035499 -0.401994 1.540000 -0.350000 -0.980000
0.533599 -9.980463 -0.406780 1.610000 0.280000 -1.050000
0.533599 -9.980463 -0.406780 1.610000 0.280000 -1.050000
0.571885 -9.717253 -0.227318 2.380000 1.330000 -1.470000
0.528814 -9.882358 -0.270389 -2.170000 1.260000 -1.470000
0.528814 -9.882358 -0.270389 -2.170000 1.260000 -1.470000
0.646062 -9.726824 -0.148355 -0.280000 0.140000 0.350000
0.586242 -9.803394 -0.203390 1.260000 0.770000 0.350000
0.586242 -9.803394 -0.203390 1.260000 0.770000 0.350000
0.579063 -10.021141 -0.148355 0.490000 -0.770000 0.980000
0.533599 -9.927821 -0.241675 -0.980000 -1.610000 0.980000
0.531207 -10.157533 -0.315853 0.420000 -0.630000 0.420000
0.531207 -10.157533 -0.315853 0.420000 -0.630000 0.420000
0.476172 -9.918249 -0.267996 1.050000 -1.050000 0.490000
0.524028 -9.889536 -0.339781 -1.680000 -0.770000 0.420000
0.526421 -10.011569 -0.382852 -0.630000 0.420000 0.420000
0.521635 -10.006784 -0.394816 -1.190000 0.140000 0.350000
0.521635 -10.006784 -0.394816 -1.190000 0.140000 0.350000
0.473779 -9.865608 -0.220140 -0.630000 0.280000 0.770000
0.473779 -9.865608 -0.220140 -0.630000 0.280000 0.770000
0.488136 -9.884750 -0.272782 1.050000 -0.980000 0.630000
0.468993 -9.942179 -0.287139 -0.210000 0.070000 1.330000
0.504886 -10.109675 -0.375673 -6.300000 1.470000 -0.840000
0.459422 -10.028319 -0.351745 -2.030000 0.980000 -0.350000
0.459422 -10.028319 -0.351745 -2.030000 0.980000 -0.350000
0.543171 -9.887143 -0.270389 4.270000 -0.700000 0.630000
0.370888 -9.808180 -0.291924 -1.400000 0.840000 0.560000
0.545564 -9.944571 -0.291924 2.870000 0.840000 0.980000
0.409173 -9.877571 -0.148355 1.470000 0.630000 1.120000
0.490529 -9.858429 -0.232104 -0.560000 0.630000 1.050000
0.382852 -9.946963 -0.179462 -4.340000 -0.350000 0.770000
0.382852 -9.946963 -0.179462 -4.340000 -0.350000 0.770000
0.468993 -9.913465 -0.339781 -2.940000 -2.100000 0.630000
0.468993 -9.913465 -0.339781 -2.940000 -2.100000 0.630000
0.468993 -9.877571 -0.346959 1.960000 -0.840000 1.540000
0.500100 -10.157533 -0.361316 2.520000 -1.050000 1.400000
0.500100 -10.157533 -0.361316 2.520000 -1.050000 1.400000
0.526421 -9.817751 -0.212961 -0.350000 -0.840000 0.980000
0.526421 -9.817751 -0.212961 -0.350000 -0.840000 0.980000
0.461815 -10.126426 -0.418744 -0.630000 -0.840000 0.980000
0.445065 -9.987641 -0.447458 1.960000 -1.050000 1.190000
0.461815 -10.095319 -0.392423 -1.750000 -0.490000 0.840000
0.461815 -10.095319 -0.392423 -1.750000 -0.490000 0.840000
