2.000400 -10.581062 2.328217 -0.560000 2.800000 -23.379999
1.667797 -12.411572 2.127219 -18.969999 -2.870000 -70.209999
2.467000 -13.323236 2.943172 -15.820000 -0.980000 -116.270004
2.467000 -13.323236 2.943172 -15.820000 -0.980000 -116.270004
2.555535 -12.770494 2.787638 -21.980000 -2.380000 -136.570007
3.419343 -12.337393 2.086541 -15.820000 -3.570000 -169.539993
4.503292 -10.231709 2.400001 -4.060000 -7.630000 -198.800003
5.292924 -8.130811 2.261217 0.840000 -10.850000 -210.279999
5.292924 -8.130811 2.261217 0.840000 -10.850000 -210.279999
5.278566 -7.558927 1.794617 3.850000 -15.330000 -218.399994
5.618347 -6.137590 1.691726 18.480000 -17.639999 -225.259995
6.762117 -1.172483 1.299303 18.270000 -24.710001 -227.639999
6.762117 -1.172483 1.299303 18.270000 -24.710001 -227.639999
6.723832 -0.547956 1.148555 11.130000 -26.110001 -221.899994
6.757331 1.540978 1.083949 6.230000 -23.450001 -208.669998
6.632904 5.175675 0.399601 32.060001 -6.860000 -166.669998
7.293324 7.958528 0.677169 8.330000 5.530000 -78.540001
7.293324 7.958528 0.677169 8.330000 5.530000 -78.540001
6.776474 7.721639 0.882952 15.400000 7.840000 -53.200001
7.625926 6.630512 1.028914 -1.610000 2.940000 -21.280001
7.501499 5.546563 1.098306 7.420000 0.490000 1.750000
7.501499 5.546563 1.098306 7.420000 0.490000 1.750000
7.501499 5.546563 1.098306 7.420000 0.490000 1.750000
8.638089 4.721039 1.043271 -16.170000 -7.980000 12.460000
8.638089 4.721039 1.043271 -16.170000 -7.980000 12.460000
8.652447 4.134798 0.880559 2.520000 -3.430000 11.830000
8.652447 4.134798 0.880559 2.520000 -3.430000 11.830000
8.805587 3.888337 1.014557 3.150000 0.630000 13.930000
