1.591227 -9.178867 3.050849 8.260000 8.470000 -6.580000
1.591227 -9.178867 3.050849 8.260000 8.470000 -6.580000
1.591227 -9.178867 3.050849 8.260000 8.470000 -6.580000
1.320838 -9.604790 3.555735 -5.600000 10.290000 -15.190001
1.320838 -9.604790 3.555735 -5.600000 10.290000 -15.190001
1.320838 -9.604790 3.555735 -5.600000 10.290000 -15.190001
1.320838 -9.604790 3.555735 -5.600000 10.290000 -15.190001
2.189433 -9.142976 4.153940 40.810001 17.780001 -51.799999
2.218147 -9.183653 4.460221 54.110001 14.980000 -52.920002
2.646462 -8.104490 5.352744 87.360001 17.430000 -56.910000
2.646462 -8.104490 5.352744 87.360001 17.430000 -56.910000
2.531606 -7.941778 4.835894 54.389999 19.250000 -56.349998
2.452643 -7.482357 5.886343 71.190002 16.940001 -58.029999
3.010171 -7.369894 5.749953 73.639999 12.180000 -64.959999
3.010171 -7.369894 5.749953 73.639999 12.180000 -64.959999
3.120241 -6.276374 6.477371 79.870003 9.310000 -66.849998
3.802195 -5.245068 6.360123 78.470001 7.770000 -68.320000
4.345366 -4.390830 7.001399 68.250000 9.730000 -53.900002
4.345366 -4.390830 7.001399 68.250000 9.730000 -53.900002
4.610970 -3.696911 6.757331 43.959999 14.070000 -40.180000
4.132405 -3.857230 8.142776 84.279999 14.490000 -40.810001
4.010371 -3.014957 8.097312 40.529999 6.300000 -37.029999
4.106083 -2.825923 8.841480 55.790001 3.290000 -40.950001
4.115655 -2.555535 8.623734 49.420002 0.210000 -42.700001
4.115655 -2.555535 8.623734 49.420002 0.210000 -42.700001
4.479364 -1.933401 8.305488 35.420002 -9.940000 -38.779999
4.259224 -1.964507 8.523234 51.450001 -4.480000 -40.040001
4.539185 -1.349552 8.255238 42.209999 -4.200000 -39.619999
4.534399 -0.318245 8.410772 51.310001 2.100000 -32.480000
4.646862 0.258425 8.092526 16.940001 -2.240000 -26.040001
4.433900 0.021535 8.501699 23.450001 -0.910000 -19.950001
4.433900 0.021535 8.501699 23.450001 -0.910000 -19.950001
4.500899 0.119641 8.334201 10.430000 0.280000 -18.549999
4.601398 0.337388 8.221739 -3.080000 0.840000 -14.770000
4.685147 0.299103 8.312666 -13.510000 -0.700000 -5.460000
4.467400 0.380459 8.523234 -0.140000 -0.210000 -0.350000
4.419543 0.193819 8.520842 -7.140000 -1.190000 -0.700000
4.340580 0.306281 8.434700 -22.889999 -2.170000 2.100000
4.340580 0.306281 8.434700 -22.889999 -2.170000 2.100000
4.364508 -0.107677 8.626125 -12.530000 -2.240000 4.830000
4.383651 -0.342174 8.408379 8.680000 2.730000 2.240000
4.453043 0.057428 8.295916 5.950000 4.130000 3.080000
4.259224 -0.143569 8.583055 -3.640000 4.480000 3.990000
4.378866 -0.117248 8.425128 -11.340000 5.390000 4.970000
