2.108077 -9.678967 1.031307 -4.200000 1.890000 1.890000
2.108077 -9.678967 1.031307 -4.200000 1.890000 1.890000
2.021935 -9.743573 1.390230 3.220000 2.590000 0.980000
2.213361 -9.590433 1.507478 0.280000 1.820000 1.610000
1.954936 -9.856036 1.251446 -4.200000 2.450000 2.170000
1.962115 -9.542577 1.897508 0.770000 0.280000 0.490000
1.962115 -9.542577 1.897508 0.770000 0.280000 0.490000
1.916651 -9.968499 1.648655 -7.490000 0.210000 1.750000
1.856830 -9.884750 1.440479 -9.520000 2.100000 -0.630000
1.945365 -9.705289 1.933401 -13.930000 1.190000 -0.840000
2.175076 -9.748360 0.512064 -13.230000 -4.130000 -0.630000
1.849652 -9.757930 0.579063 -22.889999 4.550000 -5.040000
2.380858 -9.695717 0.495314 -35.840000 2.730000 0.280000
2.364109 -9.760324 0.138784 -31.780001 5.530000 2.800000
2.108077 -9.509077 -0.303888 -15.540000 10.290000 3.080000
2.108077 -9.509077 -0.303888 -15.540000 10.290000 3.080000
2.155933 -9.669396 0.382852 -31.570000 14.700000 9.030000
1.969293 -9.652647 -0.421137 -29.610001 20.299999 5.040000
2.304288 -9.525827 -0.495314 -45.779999 24.430000 12.040000
2.108077 -9.925428 -1.016950 -42.700001 29.889999 11.970000
1.775474 -10.145569 -1.028914 -27.650000 27.790001 9.940000
1.775474 -10.145569 -1.028914 -27.650000 27.790001 9.940000
1.928615 -9.633504 -0.543171 -8.680000 19.740000 10.920000
1.349552 -9.480364 -0.591027 5.600000 10.640000 8.050000
1.734797 -9.657433 -0.430708 12.180000 7.770000 7.630000
1.612763 -9.322437 -0.531207 9.380000 7.070000 7.840000
1.485943 -9.710074 -0.524028 4.760000 4.830000 4.480000
1.653440 -9.556933 -0.442672 7.070000 2.240000 3.990000
1.404587 -9.934999 -0.416351 -0.700000 0.630000 1.330000
1.404587 -9.934999 -0.416351 -0.700000 0.630000 1.330000
1.610370 -9.705289 -0.526421 1.680000 0.280000 2.590000
1.610370 -9.705289 -0.526421 1.680000 0.280000 2.590000
1.567299 -9.906286 -0.497707 1.330000 -0.490000 0.210000
1.617548 -9.879964 -0.720240 2.380000 0.350000 2.240000
1.617548 -9.879964 -0.720240 2.380000 0.350000 2.240000
1.509871 -9.757930 -0.617348 -0.280000 2.030000 0.490000
1.622334 -9.626326 -0.571885 1.400000 0.980000 1.400000
1.584049 -9.734003 -0.327817 5.600000 0.420000 1.820000
1.584049 -9.734003 -0.327817 5.600000 0.420000 1.820000
1.584049 -9.734003 -0.327817 5.600000 0.420000 1.820000
1.584049 -9.734003 -0.327817 5.600000 0.420000 1.820000
1.591227 -9.707682 -0.358923 2.310000 1.050000 2.590000
1.548156 -9.578469 -0.318245 -0.700000 2.100000 3.150000
1.548156 -9.578469 -0.318245 -0.700000 2.100000 3.150000
1.801795 -10.255639 -0.241675 -0.280000 1.190000 1.400000
1.801795 -10.255639 -0.241675 -0.280000 1.190000 1.400000
1.320838 -9.868000 -0.483350 1.190000 -0.210000 0.140000
