3.570091 -7.448857 5.357530 0.420000 -0.210000 -0.490000
3.768696 -7.436893 5.082355 0.420000 0.700000 1.120000
3.854837 -7.326823 5.142176 0.980000 1.190000 0.350000
3.661019 -7.482357 5.094319 -0.490000 0.560000 0.630000
3.684947 -7.420143 5.182854 0.840000 0.700000 0.140000
3.684947 -7.420143 5.182854 0.840000 0.700000 0.140000
3.692125 -7.281359 5.570491 2.100000 0.770000 -0.140000
3.582055 -7.573284 5.302495 0.560000 -0.980000 -0.210000
3.641876 -7.501499 5.123034 -0.140000 0.770000 0.350000
3.651447 -7.412964 5.247460 0.350000 1.190000 -0.420000
3.651447 -7.412964 5.247460 0.350000 1.190000 -0.420000
3.653840 -7.314859 5.300103 -0.770000 0.070000 0.350000
3.653840 -7.314859 5.300103 -0.770000 0.070000 0.350000
3.682554 -7.436893 5.388636 -1.050000 -0.840000 0.210000
3.594020 -7.341179 5.302495 1.260000 0.770000 -0.070000
3.594020 -7.341179 5.302495 1.260000 0.770000 -0.070000
3.632305 -7.350751 5.280960 -0.910000 0.210000 0.420000
3.632305 -7.350751 5.280960 -0.910000 0.210000 0.420000
3.780660 -7.372287 5.261817 0.560000 1.400000 0.630000
3.780660 -7.372287 5.261817 0.560000 1.400000 0.630000
3.713661 -7.396214 5.273781 -0.350000 -0.560000 -0.490000
3.713661 -7.396214 5.273781 -0.350000 -0.560000 -0.490000
3.656233 -7.458428 5.376673 1.680000 0.420000 -0.140000
3.656233 -7.458428 5.376673 1.680000 0.420000 -0.140000
3.589234 -7.412964 5.178068 -1.890000 0.350000 -0.140000
3.589234 -7.412964 5.178068 -1.890000 0.350000 -0.140000
3.562913 -7.357929 5.307281 0.350000 0.840000 -0.140000
3.562913 -7.357929 5.307281 0.350000 0.840000 -0.140000
3.725625 -7.479963 5.185246 -1.330000 0.350000 0.420000
3.725625 -7.479963 5.185246 -1.330000 0.350000 0.420000
3.684947 -7.515855 5.340781 0.280000 0.770000 -0.140000
3.684947 -7.515855 5.340781 0.280000 0.770000 -0.140000
3.684947 -7.515855 5.340781 0.280000 0.770000 -0.140000
3.684947 -7.515855 5.340781 0.280000 0.770000 -0.140000
3.684947 -7.515855 5.340781 0.280000 0.770000 -0.140000
3.694518 -7.389036 5.242674 -0.770000 0.140000 -0.490000
3.672983 -7.362715 5.460421 -1.330000 1.050000 1.330000
3.672983 -7.362715 5.460421 -1.330000 1.050000 1.330000
3.672983 -7.362715 5.460421 -1.330000 1.050000 1.330000
3.637090 -7.465607 5.335995 -1.400000 -0.840000 -0.630000
3.720839 -7.228717 5.235496 -0.420000 0.980000 -0.630000
3.720839 -7.228717 5.235496 -0.420000 0.980000 -0.630000
3.785445 -7.460821 5.383851 -1.050000 -0.140000 -0.210000
3.656233 -7.255038 5.584848 0.280000 0.490000 0.210000
3.656233 -7.255038 5.584848 0.280000 0.490000 0.210000
3.605984 -7.487142 5.477170 -2.240000 -0.910000 1.400000
3.756732 -7.558927 5.292924 1.610000 -0.070000 0.560000
3.756732 -7.558927 5.292924 1.610000 -0.070000 0.560000
