3.089134 -8.578269 3.814159 -0.700000 1.120000 -1.400000
3.113062 -8.640482 3.579663 1.680000 -0.350000 -1.890000
3.113062 -8.640482 3.579663 1.680000 -0.350000 -1.890000
3.249453 -8.427521 3.751946 -4.410000 -0.070000 -1.260000
3.125026 -8.563912 3.617948 2.100000 0.140000 -0.840000
3.227918 -8.482556 3.651447 6.300000 0.350000 0.210000
3.086741 -8.585447 3.658626 -2.100000 0.420000 -0.560000
3.153740 -8.422735 3.747160 6.510000 -1.960000 -1.120000
3.153740 -8.422735 3.747160 6.510000 -1.960000 -1.120000
3.022135 -8.118847 3.864408 -28.000000 -2.170000 2.660000
3.105884 -9.619147 3.594020 -87.360001 -0.070000 12.880000
3.218346 -9.738789 3.481557 -91.840004 -3.780000 15.610000
2.648855 -7.326823 0.894916 -207.619995 -28.280001 51.799999
1.502693 -8.204988 -0.033500 -185.639999 -22.260000 49.000000
2.409572 -11.394621 -3.591627 -9.030000 -2.170000 1.960000
2.749353 -9.209974 0.823131 28.770000 -1.820000 5.110000
2.577070 -9.832108 0.739382 6.790000 -5.740000 5.600000
2.577070 -9.832108 0.739382 6.790000 -5.740000 5.600000
2.057827 -10.064213 -0.586242 -11.900000 -6.230000 2.800000
2.261217 -10.279566 -0.533599 5.320000 -3.220000 -0.840000
2.313859 -9.664611 -0.540778 -6.300000 -2.660000 -1.890000
2.316252 -9.803394 -0.581456 3.990000 -0.560000 -1.750000
2.316252 -9.803394 -0.581456 3.990000 -0.560000 -1.750000
2.316252 -9.803394 -0.581456 3.990000 -0.560000 -1.750000
2.340181 -9.458827 -0.186640 -3.150000 -1.120000 -2.940000
2.340181 -9.458827 -0.186640 -3.150000 -1.120000 -2.940000
2.340181 -9.458827 -0.186640 -3.150000 -1.120000 -2.940000
2.340181 -9.458827 -0.186640 -3.150000 -1.120000 -2.940000
2.340181 -9.458827 -0.186640 -3.150000 -1.120000 -2.940000
2.505285 -9.717253 -0.325424 6.230000 -1.470000 0.770000
2.356930 -9.829715 -0.129212 9.170000 0.770000 0.840000
2.354537 -9.635897 -0.150748 2.240000 0.700000 0.490000
2.354537 -9.635897 -0.150748 2.240000 0.700000 0.490000
2.423929 -10.011569 -0.059821 4.970000 -0.700000 0.490000
2.349752 -9.824929 -0.095713 2.520000 -0.490000 -0.350000
2.471786 -9.949356 -0.325424 -0.560000 0.210000 -0.840000
