2.196611 -9.200402 2.596212 3.710000 -0.140000 0.490000
2.177469 -9.245867 2.565106 -0.910000 0.630000 0.700000
2.177469 -9.245867 2.565106 -0.910000 0.630000 0.700000
2.301895 -9.109475 2.622534 3.010000 0.700000 2.590000
2.301895 -9.109475 2.622534 3.010000 0.700000 2.590000
2.117648 -9.686146 2.388037 3.850000 0.280000 0.700000
2.318645 -9.040084 2.574677 24.290001 0.350000 -1.120000
2.287539 -8.817552 3.019742 14.210000 -1.120000 -1.680000
2.287539 -8.817552 3.019742 14.210000 -1.120000 -1.680000
2.206182 -8.398808 3.665804 -8.470000 -9.800000 1.120000
2.007578 -9.858429 2.871387 -23.940001 -14.000000 1.890000
2.201397 -8.539984 3.371487 8.820000 -14.420000 -0.560000
1.998007 -9.719646 2.797210 -31.570000 -15.610000 5.950000
2.103291 -10.578669 1.945365 -15.470000 -14.770000 4.480000
2.103291 -10.578669 1.945365 -15.470000 -14.770000 4.480000
2.072184 -10.456635 2.110470 -27.790001 -14.280000 5.670000
2.435893 -10.731809 1.421337 7.700000 -11.340000 1.540000
2.476572 -7.623533 3.244668 5.390000 -10.150000 -0.630000
2.431108 -10.380065 1.789831 -15.330000 -12.600000 -2.100000
2.201397 -10.033106 2.132005 7.350000 -11.060000 -1.260000
2.201397 -10.033106 2.132005 7.350000 -11.060000 -1.260000
2.194218 -9.734003 2.024328 -5.040000 -9.520000 -1.820000
2.146362 -9.755538 2.139183 7.070000 -8.470000 -0.630000
2.220540 -8.891729 2.440679 -2.730000 -9.940000 -2.240000
2.191825 -9.346365 2.502892 7.070000 -13.020000 -3.430000
2.423929 -9.408579 2.270789 9.590000 -14.420000 -1.750000
2.206182 -9.401401 2.507678 8.890000 -14.490000 0.980000
2.285146 -8.989835 2.297110 -0.840000 -14.000000 3.010000
2.321038 -8.803195 2.407180 -2.590000 -16.240000 2.380000
2.316252 -9.133404 2.366502 -0.210000 -17.430000 0.840000
2.354537 -9.312866 1.947758 1.470000 -13.160000 1.050000
2.277967 -9.446864 2.191825 -0.700000 -10.850000 1.960000
2.366502 -9.312866 1.921437 -5.530000 -5.180000 3.150000
2.488536 -9.415757 2.012364 -0.910000 -3.010000 0.700000
2.498107 -9.391829 2.007578 -5.250000 -0.980000 0.630000
2.483750 -9.305687 1.859223 -2.310000 -0.980000 0.560000
2.483750 -9.305687 1.859223 -2.310000 -0.980000 0.560000
2.395216 -9.437292 1.871187 -2.730000 -0.420000 0.070000
2.234896 -9.504292 2.014757 -2.520000 -0.210000 -0.910000
2.277967 -9.073583 1.866402 -1.470000 3.500000 0.350000
2.268396 -9.408579 1.880759 0.070000 4.130000 0.560000
2.356930 -9.410972 2.038685 -0.560000 3.710000 -0.630000
2.356930 -9.410972 2.038685 -0.560000 3.710000 -0.630000
2.342573 -9.422935 2.143969 -1.750000 3.570000 -0.560000
2.416751 -9.449257 2.163112 -1.890000 3.850000 -0.770000
