2.529213 -9.279366 2.591427 4.410000 0.840000 0.210000
2.529213 -9.279366 2.591427 4.410000 0.840000 0.210000
2.545963 -9.406186 2.038685 -0.350000 -0.490000 0.420000
2.577070 -9.269794 2.701497 3.220000 -2.310000 1.610000
2.577070 -9.269794 2.701497 3.220000 -2.310000 1.610000
2.577070 -9.269794 2.701497 3.220000 -2.310000 1.610000
2.411965 -9.463614 1.952543 3.920000 -2.800000 -1.610000
2.490928 -9.399008 2.055435 6.440000 -2.730000 -2.030000
2.495714 -9.142976 2.210968 15.610000 -4.410000 -3.080000
2.656033 -9.535398 2.344966 9.590000 -2.660000 -4.830000
2.656033 -9.535398 2.344966 9.590000 -2.660000 -4.830000
2.347359 -8.958728 3.139383 -5.740000 -10.220000 -3.080000
2.593820 -8.867801 2.541178 -14.350000 -12.670000 -2.380000
2.457429 -8.204988 2.909672 -12.180000 -10.850000 0.280000
2.620141 -9.812965 1.220340 -21.280001 -12.110000 0.490000
2.878566 -9.190832 2.088934 8.540000 -7.630000 -0.770000
2.878566 -9.190832 2.088934 8.540000 -7.630000 -0.770000
2.926422 -10.121639 2.024328 -9.240000 -12.740000 -3.920000
2.926422 -10.121639 2.024328 -9.240000 -12.740000 -3.920000
2.868994 -9.176475 2.342573 -9.660000 -15.190001 -6.860000
2.663212 -9.827322 2.421536 -8.960000 -15.610000 -8.610000
2.818745 -9.221939 1.986043 -11.130000 -13.860000 -10.150000
2.818745 -9.221939 1.986043 -11.130000 -13.860000 -10.150000
3.010171 -8.951550 1.710868 -22.400000 -11.620000 -6.160000
3.108276 -9.104690 1.191626 -17.290001 -10.780000 -6.230000
3.089134 -9.200402 1.174876 -7.420000 -9.800000 -4.130000
3.058028 -9.233903 1.615155 7.280000 -9.170000 -4.200000
3.058028 -9.233903 1.615155 7.280000 -9.170000 -4.200000
3.239882 -9.293723 1.380659 7.070000 -8.540000 -4.130000
3.144169 -9.339187 1.416551 0.700000 -6.020000 -1.610000
3.086741 -9.217153 1.471586 -0.070000 -3.080000 0.350000
3.086741 -9.217153 1.471586 -0.070000 -3.080000 0.350000
3.129812 -9.229117 1.239482 -0.630000 -3.290000 0.350000
3.165704 -9.164511 1.634298 0.700000 -3.570000 0.210000
3.213561 -9.245867 1.330409 -0.770000 -0.070000 1.260000
3.318845 -9.413363 1.442872 -8.330000 -0.070000 2.660000
3.249453 -9.437292 1.524228 -5.460000 -1.400000 1.610000
3.115455 -9.300901 1.244268 2.100000 -1.400000 0.210000
3.168097 -9.248260 1.416551 -4.550000 0.980000 0.420000
3.180061 -9.221939 1.507478 1.750000 0.630000 0.910000
3.180061 -9.221939 1.507478 1.750000 0.630000 0.910000
3.132205 -9.214760 1.409373 1.190000 1.470000 1.330000
