2.617748 -8.870193 3.299703 13.230000 1.120000 -1.190000
2.526821 -8.877372 3.285345 2.590000 1.750000 -0.980000
2.529213 -9.071191 3.215954 2.660000 2.240000 0.840000
2.608176 -8.767302 3.304488 3.850000 2.590000 2.030000
2.608176 -8.767302 3.304488 3.850000 2.590000 2.030000
2.402394 -9.272188 3.522235 -8.540000 2.940000 2.240000
2.426322 -8.796017 3.369094 -58.380001 2.380000 10.430000
2.567499 -8.597411 2.730211 -63.980000 1.890000 15.890000
2.151148 -8.697910 2.562713 -98.629997 -3.990000 17.780001
2.232504 -8.549555 1.945365 -93.519997 -5.110000 21.770000
2.232504 -8.549555 1.945365 -93.519997 -5.110000 21.770000
1.789831 -9.322437 0.997807 -86.309998 -7.280000 19.879999
1.897508 -10.054641 -0.717847 -77.769997 -12.600000 25.340000
1.897508 -10.054641 -0.717847 -77.769997 -12.600000 25.340000
1.383051 -9.829715 -1.052842 -35.349998 -3.640000 13.650000
1.663012 -9.958927 -0.114855 12.040000 -3.990000 9.660000
1.600798 -10.571491 -0.246461 2.940000 0.490000 5.460000
1.378266 -10.174281 0.031107 12.810000 1.120000 7.000000
1.423729 -10.135997 0.184247 15.470000 -0.210000 6.090000
1.490728 -10.482956 -0.141177 -6.930000 0.280000 2.800000
1.655833 -10.272388 0.165105 12.110000 -3.150000 1.190000
1.655833 -10.272388 0.165105 12.110000 -3.150000 1.190000
1.469193 -9.755538 0.421137 9.240000 -4.760000 -0.490000
1.397408 -9.973285 -0.076570 -2.310000 -3.360000 -1.050000
1.442872 -9.734003 -0.193819 7.630000 -2.240000 -0.840000
1.385444 -9.516255 0.480957 2.940000 0.910000 -2.660000
1.359123 -9.616754 0.119641 -1.610000 -0.280000 -1.330000
1.521835 -10.145569 0.050249 -2.380000 0.350000 -2.240000
1.493121 -9.693325 0.361316 7.280000 -0.140000 -3.500000
1.457229 -9.779467 0.313460 9.730000 -0.420000 -1.610000
1.454836 -9.753145 0.466600 2.100000 -1.120000 -1.890000
1.435694 -9.789038 0.145962 -2.590000 -0.280000 -1.470000
1.521835 -9.633504 0.378066 -0.210000 1.330000 -1.610000
