9.286544 0.492921 2.751746 0.280000 -1.540000 -0.560000
9.274581 0.564706 2.687140 0.700000 0.280000 -0.350000
9.300901 0.593420 2.790031 -0.070000 0.420000 -0.490000
9.214760 0.540778 2.758924 1.470000 0.770000 -0.350000
9.346365 0.638884 2.866602 -0.770000 -0.280000 0.280000
9.336794 0.576670 2.847459 0.070000 -0.280000 0.210000
9.336794 0.576670 2.847459 0.070000 -0.280000 0.210000
9.370294 0.540778 2.780460 -0.770000 -0.840000 -1.400000
9.370294 0.540778 2.780460 -0.770000 -0.840000 -1.400000
9.236296 0.593420 2.857030 1.050000 0.350000 0.210000
9.236296 0.593420 2.857030 1.050000 0.350000 0.210000
9.236296 0.593420 2.857030 1.050000 0.350000 0.210000
9.236296 0.593420 2.857030 1.050000 0.350000 0.210000
9.255438 0.622134 2.837888 -0.280000 0.140000 0.770000
9.255438 0.622134 2.837888 -0.280000 0.140000 0.770000
9.255438 0.622134 2.837888 -0.280000 0.140000 0.770000
9.255438 0.622134 2.837888 -0.280000 0.140000 0.770000
9.255438 0.622134 2.837888 -0.280000 0.140000 0.770000
9.255438 0.622134 2.837888 -0.280000 0.140000 0.770000
9.334401 0.478565 2.842674 0.980000 -0.210000 1.050000
9.367901 0.502493 2.785245 0.910000 -0.070000 -0.420000
9.231510 0.588634 2.749353 1.680000 0.630000 -0.560000
9.276974 0.610170 2.866602 1.050000 -0.140000 -0.280000
9.162118 0.574277 2.818745 0.420000 -0.280000 0.490000
9.162118 0.574277 2.818745 0.420000 -0.280000 0.490000
9.248260 0.567099 2.864209 -0.210000 -0.490000 0.700000
9.248260 0.567099 2.864209 -0.210000 -0.490000 0.700000
9.279366 0.569492 2.857030 0.210000 -0.560000 0.700000
9.303294 0.507278 2.816352 0.210000 -0.980000 0.350000
9.332008 0.476172 2.825923 0.070000 -0.700000 -0.140000
9.279366 0.512064 2.845066 0.630000 -0.350000 -0.420000
9.253045 0.545564 2.864209 0.350000 0.350000 0.140000
9.272188 0.538385 2.895315 0.560000 0.630000 0.630000
9.272188 0.538385 2.895315 0.560000 0.630000 0.630000
9.233903 0.535992 2.866602 1.400000 1.050000 0.700000
9.138189 0.471386 2.902494 0.490000 -0.140000 0.910000
9.138189 0.471386 2.902494 0.490000 -0.140000 0.910000
9.365508 0.567099 2.711068 0.490000 -0.910000 0.630000
9.288938 0.504886 2.746960 0.490000 -0.420000 0.910000
9.288938 0.504886 2.746960 0.490000 -0.420000 0.910000
9.329616 0.473779 2.801995 0.280000 0.490000 0.350000
9.310472 0.626920 2.935993 0.280000 -0.070000 -0.560000
