2.378466 -9.434900 2.067399 6.580000 0.910000 -0.280000
2.258825 -9.439686 2.304288 -1.260000 -1.470000 0.630000
2.371287 -9.757930 1.818545 4.830000 1.610000 1.540000
2.261217 -9.635897 1.864009 9.100000 2.380000 1.330000
2.256432 -9.389436 1.895115 1.610000 -1.120000 -1.750000
2.256432 -9.389436 1.895115 1.610000 -1.120000 -1.750000
2.340181 -9.461221 1.471586 5.460000 -0.280000 -2.240000
2.354537 -8.901299 1.986043 20.230000 0.140000 -4.060000
2.423929 -9.674182 1.215554 -3.920000 0.980000 -7.210000
2.687140 -7.826923 3.938586 35.420002 -3.080000 -6.090000
2.172683 -10.004392 3.378666 -36.959999 -16.170000 -5.740000
2.644069 -10.454242 1.835295 -25.059999 -17.430000 -7.420000
2.266003 -7.733603 3.046063 -28.840000 -17.150000 2.800000
2.266003 -7.733603 3.046063 -28.840000 -17.150000 2.800000
2.550749 -10.758131 1.052842 -35.070000 -15.820000 -0.770000
2.337788 -8.506484 2.390430 -17.639999 -13.440001 0.210000
2.828316 -10.456635 1.170090 6.510000 -14.350000 -5.740000
2.744568 -9.870394 1.548156 14.630000 -13.930000 -4.270000
2.440679 -9.111869 2.481357 -2.100000 -16.170000 -5.810000
2.510071 -9.422935 1.715654 11.550000 -18.549999 -6.370000
2.510071 -9.422935 1.715654 11.550000 -18.549999 -6.370000
2.778067 -9.456435 1.670190 9.380000 -14.630000 -6.580000
2.785245 -9.535398 1.768296 -0.350000 -12.600000 -7.350000
2.773281 -9.468399 1.931008 -8.190000 -12.740000 -9.100000
2.988636 -9.090333 1.380659 4.060000 -4.620000 -1.260000
2.967100 -9.047262 1.325624 0.630000 -2.450000 -0.490000
3.031706 -9.162118 1.557728 -0.350000 -2.520000 -0.490000
3.031706 -9.162118 1.557728 -0.350000 -2.520000 -0.490000
3.010171 -8.994620 1.292124 0.280000 0.210000 -0.140000
3.014957 -9.171689 1.363909 -1.890000 0.630000 0.770000
2.998207 -9.190832 1.514657 -4.270000 0.910000 0.490000
3.065206 -9.166903 1.478764 -0.630000 1.540000 1.050000
2.935993 -9.095119 1.677369 -1.540000 0.910000 1.190000
2.979064 -9.320045 1.715654 -1.190000 0.910000 2.310000
2.842674 -9.320045 1.773082 -0.910000 0.420000 2.030000
2.974278 -9.489935 1.509871 -0.560000 0.490000 1.960000
