2.407180 -8.939585 3.495914 14.350000 6.790000 -4.480000
2.407180 -8.939585 3.495914 14.350000 6.790000 -4.480000
2.407180 -8.587841 3.728018 0.980000 3.010000 -6.300000
2.435893 -9.025726 4.086941 5.110000 0.700000 -7.490000
2.488536 -8.623734 3.869194 20.230000 1.890000 -11.900000
2.488536 -8.623734 3.869194 20.230000 1.890000 -11.900000
2.203789 -9.071191 3.823731 11.550000 -2.800000 -15.820000
2.316252 -8.769694 3.708875 25.549999 -2.380000 -21.139999
2.548356 -9.499505 4.194618 74.760002 -5.110000 -40.459999
2.548356 -9.499505 4.194618 74.760002 -5.110000 -40.459999
2.591427 -9.231510 4.539185 78.820000 -0.630000 -46.480000
2.976671 -8.738588 4.821537 59.290001 -3.220000 -55.230000
3.196811 -8.518449 5.161318 71.330002 -0.630000 -66.500000
3.797409 -7.219146 5.903094 85.330002 -0.840000 -77.419998
3.797409 -7.219146 5.903094 85.330002 -0.840000 -77.419998
3.974478 -6.565905 6.281159 110.250000 1.120000 -86.099998
4.527221 -5.264209 6.747760 93.099998 3.080000 -85.680000
4.527221 -5.264209 6.747760 93.099998 3.080000 -85.680000
4.945964 -4.139583 6.597012 99.260002 0.770000 -84.209999
5.223531 -2.581856 7.171289 81.410004 1.330000 -84.629997
5.206782 -1.746760 7.235896 50.959999 -6.860000 -73.709999
5.257031 -0.973879 7.755138 54.320000 -12.180000 -69.650002
5.527420 -0.380459 7.276574 49.770000 -15.750000 -62.230000
5.527420 -0.380459 7.276574 49.770000 -15.750000 -62.230000
5.620740 -0.009571 7.451250 47.389999 -16.170000 -59.290001
5.907879 0.906880 7.080362 35.910000 -9.100000 -41.650002
5.687739 0.926022 7.221539 34.299999 -5.880000 -38.779999
5.886343 1.311267 7.144968 4.270000 -5.670000 -32.270000
5.879165 1.543371 7.305287 36.049999 -0.560000 -23.100000
5.883951 1.560120 7.183254 30.380001 0.490000 -22.400000
6.163911 2.072184 7.116255 -7.490000 0.070000 -10.430000
5.838487 1.813759 7.336394 2.870000 2.380000 -3.430000
5.838487 1.813759 7.336394 2.870000 2.380000 -3.430000
5.924629 1.505085 7.319644 -0.700000 2.100000 -0.700000
6.053841 1.354338 7.460821 -23.170000 -1.750000 5.040000
5.912664 0.760918 7.200003 -5.390000 -0.140000 5.530000
6.061020 0.770489 7.506285 -21.350000 0.700000 5.670000
5.938986 0.703490 7.494320 -8.750000 -0.140000 5.250000
6.032306 0.574277 7.434500 -3.360000 1.610000 4.550000
6.005985 0.495314 7.475177 -18.900000 1.820000 4.340000
5.958128 0.385244 7.558927 -11.130000 0.980000 4.410000
5.958128 0.385244 7.558927 -11.130000 0.980000 4.410000
5.962914 0.483350 7.518249 -2.100000 2.590000 3.640000
5.922236 0.622134 7.503892 -10.500000 1.820000 5.250000
