0.050249 -9.743573 2.158326 -5.390000 3.290000 4.130000
-0.026321 -9.801002 2.091327 -5.740000 2.450000 2.590000
-0.035892 -9.784252 1.911865 -6.650000 2.100000 2.660000
-0.035892 -9.784252 1.911865 -6.650000 2.100000 2.660000
-0.002393 -9.588040 1.919044 -4.970000 4.830000 2.800000
-0.002393 -9.588040 1.919044 -4.970000 4.830000 2.800000
0.033500 -9.762716 1.926222 -6.510000 5.670000 2.730000
0.033500 -9.762716 1.926222 -6.510000 5.670000 2.730000
0.028714 -9.714860 2.088934 -6.300000 5.110000 2.870000
-0.026321 -9.695717 2.100898 -5.600000 3.780000 3.010000
-0.026321 -9.695717 2.100898 -5.600000 3.780000 3.010000
-0.007178 -9.657433 1.974079 -4.900000 4.690000 3.080000
-0.007178 -9.726824 2.019542 -6.160000 4.760000 2.730000
0.064606 -9.724431 2.038685 -4.550000 5.390000 2.730000
0.064606 -9.724431 2.038685 -4.550000 5.390000 2.730000
0.062213 -9.772287 2.045863 -5.460000 5.390000 2.940000
0.062213 -9.772287 2.045863 -5.460000 5.390000 2.940000
-0.016750 -9.734003 2.031506 -5.530000 3.010000 2.870000
-0.016750 -9.734003 2.031506 -5.530000 3.010000 2.870000
-0.009571 -9.731609 2.017149 -5.600000 4.550000 2.100000
-0.009571 -9.731609 2.017149 -5.600000 4.550000 2.100000
0.019143 -9.748360 2.014757 -6.790000 4.690000 1.750000
0.052642 -9.705289 2.055435 -5.110000 5.110000 1.890000
0.040678 -9.640682 2.079363 -4.410000 4.690000 2.310000
0.093320 -9.640682 1.986043 -6.580000 3.710000 2.590000
0.093320 -9.640682 1.986043 -6.580000 3.710000 2.590000
0.050249 -9.640682 2.033899 -5.110000 4.130000 3.080000
-0.028714 -9.805787 1.981257 -5.740000 4.620000 2.870000
-0.019143 -9.556933 2.002793 -5.110000 5.110000 3.220000
-0.023928 -9.722038 2.086541 -5.180000 5.390000 3.360000
0.021535 -9.729217 2.088934 -5.250000 4.340000 3.500000
0.062213 -9.774680 2.067399 -5.670000 3.990000 3.920000
-0.028714 -9.789038 2.038685 -4.060000 4.200000 3.990000
-0.009571 -9.743573 2.036292 -3.850000 4.130000 4.060000
-0.050249 -9.762716 2.091327 -4.830000 4.480000 2.870000
-0.004786 -9.882358 2.031506 -7.140000 3.570000 2.590000
-0.004786 -9.882358 2.031506 -7.140000 3.570000 2.590000
-0.009571 -9.812965 1.998007 -6.160000 4.270000 2.030000
-0.014357 -9.604790 2.062613 -6.300000 5.040000 2.450000
-0.026321 -9.547362 2.086541 -5.040000 5.390000 2.870000
-0.026321 -9.547362 2.086541 -5.040000 5.390000 2.870000
-0.050249 -9.609575 2.139183 -4.690000 3.850000 4.270000
0.033500 -9.736395 2.062613 -5.460000 2.870000 3.850000
