2.043471 -10.071390 2.428715 -7.630000 4.340000 -13.720000
2.072184 -10.650455 2.517249 -7.490000 3.920000 -19.879999
2.603391 -12.452249 2.431108 -30.309999 -2.660000 -65.870003
2.505285 -12.717852 2.754139 -29.820000 0.770000 -84.629997
2.505285 -12.717852 2.754139 -29.820000 0.770000 -84.629997
2.976671 -12.433105 1.426122 -23.730000 1.400000 -116.199997
3.608376 -11.985649 2.333002 1.400000 9.800000 -140.210007
3.641876 -11.763116 2.337788 13.230000 9.240000 -153.089996
4.733003 -8.786445 2.385644 15.050000 -2.870000 -189.559998
4.718646 -8.116454 2.292324 21.559999 -6.720000 -195.720001
4.718646 -8.116454 2.292324 21.559999 -6.720000 -195.720001
5.235496 -6.532406 2.210968 8.540000 -12.460000 -209.649994
5.891129 -3.742374 1.596013 30.940001 -11.410000 -217.139999
6.147161 -1.629512 1.387837 58.099998 -8.400000 -210.279999
6.147161 -1.629512 1.387837 58.099998 -8.400000 -210.279999
6.697510 0.729811 1.782653 34.720001 -9.590000 -198.309998
6.855437 1.540978 1.170090 22.469999 -9.940000 -186.899994
6.592227 3.120241 1.244268 16.379999 -2.240000 -166.039993
7.690532 5.970093 1.368695 15.820000 6.860000 -129.919998
7.379465 7.654640 2.299503 22.260000 4.690000 -87.010002
7.846066 7.360322 1.892723 -6.370000 -2.030000 -47.320000
7.865208 7.156933 2.172683 -8.260000 -4.760000 -31.219999
7.865208 7.156933 2.172683 -8.260000 -4.760000 -31.219999
7.865208 7.156933 2.172683 -8.260000 -4.760000 -31.219999
8.360522 4.316652 1.584049 -11.200000 -7.910000 7.210000
8.360522 4.316652 1.584049 -11.200000 -7.910000 7.210000
8.231310 4.091727 1.619941 -16.379999 -4.900000 12.180000
8.621340 3.866802 1.911865 -23.030001 -2.310000 14.700000
8.618947 3.656233 1.734797 -18.620001 1.190000 16.450001
8.618947 3.656233 1.734797 -18.620001 1.190000 16.450001
8.618947 3.656233 1.734797 -18.620001 1.190000 16.450001
9.075976 3.213561 2.409572 -22.540001 -1.120000 12.390000
9.075976 3.213561 2.409572 -22.540001 -1.120000 12.390000
9.075976 3.213561 2.409572 -22.540001 -1.120000 12.390000
9.042477 3.517449 1.926222 3.430000 3.150000 7.280000
