2.139183 -7.922636 1.931008 1.890000 2.450000 15.050000
2.306681 -7.896315 1.945365 4.830000 1.610000 19.250000
1.588834 -6.759724 1.926222 9.100000 3.850000 30.100000
1.481157 -7.216753 1.701297 -11.200000 3.570000 44.799999
1.481157 -7.216753 1.701297 -11.200000 3.570000 44.799999
1.081556 -6.915257 1.548156 6.090000 6.790000 49.070000
0.404387 -6.838687 1.808974 -13.230000 12.110000 72.449997
-0.390030 -7.534998 1.289732 -3.010000 17.080000 76.370003
-0.390030 -7.534998 1.289732 -3.010000 17.080000 76.370003
-1.320838 -7.312466 1.552942 -8.470000 20.160000 89.110001
-1.325624 -8.906086 1.536192 -2.170000 19.320000 101.989998
-3.452843 -8.949157 1.646262 -16.660000 26.670000 113.540001
-3.452843 -8.949157 1.646262 -16.660000 26.670000 113.540001
-3.170490 -10.064213 2.196611 1.120000 21.700001 119.139999
-4.110869 -8.575876 1.818545 35.770000 41.439999 108.220001
-5.893522 -8.867801 2.155933 30.730000 32.759998 121.099998
-5.893522 -8.867801 2.155933 30.730000 32.759998 121.099998
-5.893522 -8.867801 2.155933 30.730000 32.759998 121.099998
-5.893522 -8.867801 2.155933 30.730000 32.759998 121.099998
-7.432107 -8.817552 0.574277 -75.949997 53.619999 103.599998
-8.291130 -6.934400 2.038685 -1.120000 59.360001 102.480003
-8.827123 -9.418150 1.847259 -17.360001 33.459999 120.889999
-9.001799 -8.571091 2.498107 21.210001 20.090000 117.879997
-8.659625 -8.343772 0.454636 -53.410000 -8.820000 108.430000
-8.977871 -8.413164 1.122234 59.360001 -4.900000 96.250000
-8.611769 -7.518249 1.100698 8.890000 -3.010000 68.110001
-9.291330 -6.400801 1.526621 19.180000 -5.810000 45.430000
-9.291330 -6.400801 1.526621 19.180000 -5.810000 45.430000
-9.401401 -4.625326 1.998007 -27.860001 -11.550000 29.750000
-9.236296 -4.666004 1.366302 -65.800003 -17.710001 29.469999
-9.241080 -4.319045 1.170090 2.380000 1.400000 10.920000
-9.214760 -4.173083 0.973879 -6.440000 1.190000 3.990000
-9.212367 -3.708875 1.045663 -0.840000 -0.140000 2.100000
-9.166903 -3.854837 1.024128 0.630000 -1.470000 1.750000
-9.080762 -3.706482 0.758525 -7.210000 -3.360000 0.070000
-9.080762 -3.706482 0.758525 -7.210000 -3.360000 0.070000
-9.233903 -3.589234 0.803988 -1.190000 -3.080000 -0.630000
