1.040878 -9.944571 -0.906880 -3.290000 -0.210000 -1.470000
1.040878 -9.944571 -0.906880 -3.290000 -0.210000 -1.470000
1.000200 -9.918249 -0.990629 -2.030000 0.910000 -0.490000
1.060020 -9.595219 -0.768096 -5.880000 1.750000 -2.100000
1.057628 -9.540184 -0.789631 -11.830000 2.380000 -1.190000
1.026521 -10.073784 -1.009771 -7.840000 1.540000 0.700000
1.052842 -9.769895 -1.009771 6.930000 -0.770000 0.700000
1.076770 -9.592826 -0.945165 4.620000 -0.770000 0.910000
1.004985 -9.856036 -0.997807 -1.260000 0.980000 1.330000
0.983450 -10.023535 -0.921237 1.190000 0.560000 0.630000
0.964308 -9.949356 -0.863809 2.660000 -0.560000 0.630000
0.997807 -9.791430 -0.935594 0.980000 -1.330000 0.770000
1.031307 -9.949356 -0.914058 0.350000 -0.070000 0.280000
1.031307 -9.949356 -0.914058 0.350000 -0.070000 0.280000
0.957129 -9.870394 -1.055235 2.660000 0.140000 0.280000
0.964308 -9.932607 -0.835095 3.220000 1.330000 0.350000
0.868595 -9.734003 -0.861416 -0.140000 0.700000 0.490000
0.997807 -9.827322 -0.911665 1.400000 0.840000 0.350000
0.849452 -9.724431 -0.880559 -0.420000 2.590000 0.280000
0.849452 -9.724431 -0.880559 -0.420000 2.590000 0.280000
1.057628 -9.970891 -0.878166 1.750000 0.490000 0.840000
1.057628 -9.970891 -0.878166 1.750000 0.490000 0.840000
1.057628 -9.970891 -0.878166 1.750000 0.490000 0.840000
1.009771 -10.033106 -0.878166 -0.840000 0.280000 -0.490000
0.954736 -9.891929 -0.823131 1.190000 -0.420000 0.070000
0.971486 -10.073784 -0.849452 1.330000 -0.210000 -0.350000
0.971486 -10.073784 -0.849452 1.330000 -0.210000 -0.350000
1.004985 -9.868000 -0.842274 -0.980000 0.420000 -0.350000
1.016950 -9.980463 -0.885344 -2.310000 1.400000 -0.700000
0.923629 -9.863215 -0.923629 1.470000 0.980000 -0.280000
1.062413 -9.839286 -0.847059 0.210000 1.260000 -0.770000
1.031307 -9.934999 -0.823131 -0.630000 0.700000 -0.630000
0.949951 -9.628718 -0.882952 0.700000 0.070000 -0.210000
0.949951 -9.628718 -0.882952 0.700000 0.070000 -0.210000
1.019342 -9.657433 -0.765703 2.170000 0.910000 0.700000
1.002593 -9.741181 -0.691526 -0.350000 0.770000 1.960000
0.918844 -9.951750 -0.686740 0.560000 -0.210000 1.820000
0.923629 -10.001998 -0.734596 -1.120000 -0.980000 0.350000
0.885344 -10.073784 -0.844666 -3.920000 -0.840000 -0.420000
0.997807 -10.150353 -0.949951 -1.190000 -1.540000 0.280000
0.997807 -10.150353 -0.949951 -1.190000 -1.540000 0.280000
0.964308 -9.978070 -0.906880 -0.280000 -0.350000 -0.350000
1.021735 -10.045070 -0.930808 1.470000 -0.560000 -0.140000
0.918844 -9.856036 -0.904487 7.000000 -0.910000 0.280000
0.935594 -9.626326 -0.617348 2.660000 -1.610000 -0.210000
0.935594 -9.626326 -0.617348 2.660000 -1.610000 -0.210000
0.993021 -9.975677 -1.012164 -1.400000 0.210000 -0.350000
0.930808 -9.633504 -0.765703 3.710000 0.210000 0.560000
0.930808 -9.633504 -0.765703 3.710000 0.210000 0.560000
1.028914 -9.832108 -0.708275 -2.170000 -0.210000 0.700000
0.844666 -9.980463 -0.933201 -1.540000 -0.280000 0.560000
0.906880 -9.860823 -0.827917 2.380000 -0.420000 0.910000
0.890130 -10.035499 -0.801596 1.960000 0.910000 0.140000
1.069592 -10.061819 -0.746561 4.410000 -0.280000 0.280000
0.976272 -9.968499 -0.655633 8.610000 -1.680000 -0.140000
