3.022135 -8.547162 3.814159 4.270000 -0.140000 -1.330000
3.055635 -8.705089 3.476771 -3.850000 -0.350000 -1.890000
3.055635 -8.705089 3.476771 -3.850000 -0.350000 -1.890000
3.072384 -8.798409 3.445665 0.630000 -0.070000 -3.290000
3.060420 -8.458629 3.732803 0.840000 -0.070000 -1.820000
3.148954 -8.788837 3.567699 2.940000 -0.700000 -0.840000
3.029313 -8.647661 3.560520 7.350000 0.350000 -2.030000
3.146562 -8.724231 3.639483 -6.930000 0.910000 1.680000
3.084348 -8.492127 3.613162 -9.870000 1.470000 2.520000
2.981457 -9.544970 3.055635 -26.180000 2.800000 1.400000
2.981457 -9.544970 3.055635 -26.180000 2.800000 1.400000
3.158526 -8.018349 3.972085 -28.070000 3.150000 3.920000
3.125026 -9.748360 2.318645 -54.389999 -0.490000 -0.630000
3.058028 -7.688138 3.055635 -80.360001 3.080000 17.710001
2.849852 -8.408379 2.928815 -96.879997 0.560000 21.000000
3.058028 -8.377272 1.227518 -133.070007 -11.690000 22.960001
2.938386 -8.099705 1.483550 -121.940002 -17.360001 36.540001
2.938386 -8.099705 1.483550 -121.940002 -17.360001 36.540001
2.751746 -9.915856 0.133998 9.310000 1.190000 6.650000
2.751746 -9.915856 0.133998 9.310000 1.190000 6.650000
2.376073 -9.674182 0.593420 -8.330000 -3.780000 10.850000
2.409572 -10.293922 -0.289532 -7.280000 -0.210000 3.150000
2.483750 -10.049855 0.129212 6.860000 -0.700000 2.450000
2.275574 -9.985250 0.198604 5.810000 0.840000 0.700000
2.275574 -9.985250 0.198604 5.810000 0.840000 0.700000
2.194218 -9.841680 0.409173 4.060000 0.980000 -0.350000
2.172683 -9.848858 0.337388 -2.030000 0.980000 -0.980000
2.218147 -9.420543 0.394816 8.120000 -0.350000 -2.590000
2.256432 -9.698111 0.172283 -8.120000 -0.980000 -1.190000
2.340181 -9.561719 0.232104 1.820000 -1.820000 -1.470000
2.340181 -9.561719 0.232104 1.820000 -1.820000 -1.470000
2.239682 -9.650253 0.189033 6.020000 -1.190000 0.420000
2.354537 -9.664611 0.409173 0.070000 0.070000 0.280000
2.400001 -9.741181 0.023928 -2.870000 -1.470000 -0.630000
2.340181 -9.477970 0.342174 0.350000 -1.680000 -0.700000
2.275574 -9.600004 0.492921 5.040000 -1.330000 -0.070000
2.280360 -9.504292 0.397209 1.400000 -1.540000 -0.560000
2.404787 -9.669396 0.186640 -2.450000 -2.450000 0.070000
2.335395 -9.978070 0.047856 2.660000 -1.960000 0.280000
