2.742175 -9.633504 1.234696 -6.790000 3.430000 3.500000
2.514857 -9.542577 1.172483 -5.530000 4.900000 2.940000
2.658426 -9.552148 1.313660 -2.660000 4.830000 3.500000
2.514857 -9.585647 1.438086 -3.360000 3.920000 2.660000
2.713461 -9.463614 1.227518 -3.990000 2.590000 2.310000
2.620141 -9.336794 1.332802 -4.130000 3.360000 2.800000
2.620141 -9.336794 1.332802 -4.130000 3.360000 2.800000
2.390430 -8.860621 1.842474 -46.970001 3.500000 0.840000
2.593820 -9.195618 1.220340 -94.080002 -2.450000 1.190000
2.682354 -8.781659 -0.789631 -233.449997 -16.730000 -1.400000
2.682354 -8.781659 -0.789631 -233.449997 -16.730000 -1.400000
2.682354 -8.781659 -0.789631 -233.449997 -16.730000 -1.400000
2.533999 -8.377272 -3.967300 -221.339996 -24.920000 -6.300000
2.533999 -8.377272 -3.967300 -221.339996 -24.920000 -6.300000
2.665605 -7.750352 -5.326423 -209.649994 -25.690001 -10.710000
2.615355 -7.451250 -5.809773 -213.360001 -25.270000 -11.410000
2.691926 -6.967900 -6.673582 -209.649994 -26.670000 -10.990000
2.821138 -6.742974 -7.963314 -165.339996 -27.719999 -11.760000
2.507678 -5.242674 -8.563912 -111.370003 -25.480000 -9.380000
2.222932 -4.213760 -8.336594 -85.540001 -21.350000 -8.400000
2.234896 -4.089334 -9.121440 -78.330002 -21.350000 -7.280000
1.998007 -3.943372 -9.298509 -68.180000 -18.340000 -8.050000
1.998007 -3.943372 -9.298509 -68.180000 -18.340000 -8.050000
2.194218 -3.651447 -9.463614 -25.690001 -14.630000 -7.210000
2.194218 -3.651447 -9.463614 -25.690001 -14.630000 -7.210000
1.988436 -3.220739 -9.492328 -12.670000 -4.060000 -0.840000
2.158326 -3.280560 -9.643075 -8.890000 -0.910000 0.280000
2.033899 -3.318845 -9.265009 -7.140000 1.960000 1.120000
2.139183 -3.471986 -9.363115 -7.350000 2.100000 1.680000
1.993221 -3.369094 -9.253045 -1.470000 3.430000 1.750000
1.978864 -3.393023 -9.296116 -4.550000 3.150000 0.700000
