2.103291 -9.592826 2.404787 -1.890000 5.040000 3.220000
2.009971 -9.578469 2.459821 -5.670000 3.360000 1.330000
2.009971 -9.578469 2.459821 -5.670000 3.360000 1.330000
2.048256 -9.437292 2.230111 -15.820000 3.570000 -0.700000
2.048256 -9.437292 2.230111 -15.820000 3.570000 -0.700000
2.237289 -9.623933 2.000400 -43.049999 -2.310000 -5.950000
2.251646 -8.968300 1.952543 -98.559998 -8.050000 -7.630000
2.251646 -8.968300 1.952543 -98.559998 -8.050000 -7.630000
2.251646 -8.968300 1.952543 -98.559998 -8.050000 -7.630000
2.483750 -9.540184 0.303888 -56.000000 -11.130000 -5.600000
2.478964 -9.614362 -0.648455 -90.370003 -7.630000 1.540000
2.478964 -9.614362 -0.648455 -90.370003 -7.630000 1.540000
2.471786 -9.341579 -1.268196 -72.099998 -8.120000 1.890000
2.495714 -9.214760 -1.615155 -123.480003 -10.010000 -1.400000
2.720639 -8.877372 -2.945565 -109.550003 -14.140000 -5.530000
2.720639 -8.877372 -2.945565 -109.550003 -14.140000 -5.530000
2.720639 -8.877372 -2.945565 -109.550003 -14.140000 -5.530000
2.560320 -8.951550 -3.512664 -118.790001 -18.270000 -6.300000
2.557927 -7.992027 -4.960321 -105.349998 -19.740000 -5.390000
2.711068 -7.771888 -6.759724 -138.669998 -22.960001 -10.920000
2.711068 -7.771888 -6.759724 -138.669998 -22.960001 -10.920000
2.711068 -7.771888 -6.759724 -138.669998 -22.960001 -10.920000
2.263610 -6.173482 -6.955935 -77.980003 -17.430000 -7.770000
2.342573 -6.384050 -7.637890 -62.510002 -12.880000 -4.970000
2.342573 -6.384050 -7.637890 -62.510002 -12.880000 -4.970000
2.182254 -5.175675 -7.080362 -63.910000 -9.590000 -9.240000
2.182254 -5.175675 -7.080362 -63.910000 -9.590000 -9.240000
2.419144 -4.955536 -8.417950 -47.110001 -6.300000 -7.560000
2.419144 -4.955536 -8.417950 -47.110001 -6.300000 -7.560000
2.419144 -4.955536 -8.417950 -47.110001 -6.300000 -7.560000
2.364109 -5.003392 -8.659625 -24.639999 -4.550000 -2.730000
2.124826 -4.637290 -8.061419 -29.260000 -6.440000 -3.570000
2.124826 -4.637290 -8.061419 -29.260000 -6.440000 -3.570000
2.246860 -4.510471 -8.384450 -12.320000 -7.490000 -2.730000
2.246860 -4.510471 -8.384450 -12.320000 -7.490000 -2.730000
1.959722 -4.383651 -8.209774 -24.570000 -12.320000 -4.270000
1.981257 -4.051049 -8.489735 -34.160000 -15.610000 -7.420000
1.560120 -4.024727 -9.195618 -20.860001 -3.360000 -1.050000
1.560120 -4.024727 -9.195618 -20.860001 -3.360000 -1.050000
1.560120 -4.024727 -9.195618 -20.860001 -3.360000 -1.050000
1.904687 -3.517449 -8.762517 -10.640000 5.040000 1.540000
1.923829 -3.840480 -8.681160 -10.010000 3.500000 3.780000
1.782653 -3.775874 -9.011370 1.960000 0.350000 2.590000
1.782653 -3.775874 -9.011370 1.960000 0.350000 2.590000
1.782653 -3.775874 -9.011370 1.960000 0.350000 2.590000
1.954936 -3.926622 -8.841480 -2.870000 5.180000 4.270000
1.954936 -3.926622 -8.841480 -2.870000 5.180000 4.270000
1.887937 -3.979264 -8.886944 0.490000 5.600000 4.270000
1.887937 -3.979264 -8.886944 0.490000 5.600000 4.270000
1.978864 -4.063013 -8.652447 3.010000 4.060000 3.570000
