2.510071 -9.303294 3.278167 14.210000 0.980000 -6.510000
2.510071 -9.303294 3.278167 14.210000 0.980000 -6.510000
2.502892 -9.308081 2.428715 70.699997 5.110000 -27.719999
2.512464 -9.595219 3.211168 98.000000 5.810000 -39.200001
2.974278 -8.903693 4.240082 138.809998 6.510000 -56.070000
2.974278 -8.903693 4.240082 138.809998 6.510000 -56.070000
3.617948 -7.692925 6.101698 122.010002 8.330000 -66.989998
3.617948 -7.692925 6.101698 122.010002 8.330000 -66.989998
3.852444 -6.958328 5.982057 101.150002 10.850000 -64.330002
3.510271 -6.005985 6.446264 90.019997 4.200000 -64.190002
4.065405 -5.726025 6.379266 89.669998 5.740000 -64.889999
3.993621 -5.091926 6.888937 92.680000 9.870000 -67.199997
4.060620 -4.529613 7.111469 82.459999 -0.350000 -68.180000
4.060620 -4.529613 7.111469 82.459999 -0.350000 -68.180000
4.206582 -3.292524 7.855636 107.169998 5.110000 -72.379997
4.675575 -2.230111 7.834101 102.900002 1.540000 -66.150002
4.955536 -1.576870 7.436893 98.840004 5.390000 -62.720001
5.151747 -0.567099 7.798209 93.660004 4.620000 -52.709999
4.869394 -0.320638 8.255238 70.070000 1.190000 -45.080002
5.108676 -0.112463 7.879565 47.180000 -3.430000 -40.670002
4.991428 0.581456 8.173882 41.509998 -4.270000 -30.450001
4.991428 0.581456 8.173882 41.509998 -4.270000 -30.450001
5.089533 0.935594 7.802995 21.840000 -3.780000 -27.440001
4.859823 0.882952 8.066205 25.549999 -3.570000 -13.510000
4.914857 1.256232 7.781459 -1.610000 -1.750000 -9.940000
5.039285 1.122234 7.740781 -12.460000 -2.800000 -5.180000
5.039285 1.122234 7.740781 -12.460000 -2.800000 -5.180000
4.816752 0.954736 8.080563 -10.780000 0.980000 -0.630000
5.041678 0.842274 7.869993 1.610000 3.920000 1.120000
4.914857 0.457029 8.159525 -0.700000 5.040000 1.330000
4.936393 0.593420 8.322237 -5.460000 4.270000 2.380000
4.950750 0.509671 8.437093 0.700000 1.470000 2.940000
4.754539 0.339781 8.358130 -18.129999 1.260000 1.260000
5.139783 0.399601 8.183454 -2.170000 5.110000 -1.820000
5.139783 0.399601 8.183454 -2.170000 5.110000 -1.820000
4.809574 0.399601 8.788837 4.270000 4.340000 -2.170000
4.589434 0.244068 8.554340 -0.140000 0.490000 -0.420000
5.103891 0.478565 8.298308 -6.580000 0.490000 0.700000
4.926822 0.926022 8.587841 -7.000000 1.960000 3.850000
