3.527020 -7.628319 5.046463 2.100000 0.980000 -0.070000
3.500700 -7.659425 5.216353 1.120000 0.350000 -1.050000
3.500700 -7.659425 5.216353 1.120000 0.350000 -1.050000
3.665804 -7.597212 5.204390 0.490000 0.210000 -1.120000
3.665804 -7.597212 5.204390 0.490000 0.210000 -1.120000
3.665804 -7.597212 5.204390 0.490000 0.210000 -1.120000
3.584448 -7.506285 5.118248 0.280000 -0.280000 -0.700000
3.584448 -7.506285 5.118248 0.280000 -0.280000 -0.700000
3.668197 -7.472785 5.180461 0.140000 0.490000 -0.770000
3.620341 -7.506285 5.127820 -0.420000 -0.280000 -0.490000
3.620341 -7.506285 5.127820 -0.420000 -0.280000 -0.490000
3.512664 -7.551748 5.190032 -0.980000 -0.420000 0.350000
3.555735 -7.561320 5.106283 1.050000 0.490000 -0.490000
3.555735 -7.561320 5.106283 1.050000 0.490000 -0.490000
3.608376 -7.503892 5.137390 0.210000 0.770000 -0.490000
3.550949 -7.353144 5.252246 -0.560000 0.350000 1.260000
3.594020 -7.563712 5.048856 0.490000 0.700000 1.610000
3.481557 -7.551748 5.201996 -0.560000 -1.050000 -0.560000
3.481557 -7.551748 5.201996 -0.560000 -1.050000 -0.560000
3.481557 -7.551748 5.201996 -0.560000 -1.050000 -0.560000
3.481557 -7.551748 5.201996 -0.560000 -1.050000 -0.560000
3.553342 -7.396214 5.015356 -0.770000 -1.050000 -0.420000
3.500700 -7.542177 5.041678 0.560000 1.400000 0.350000
3.706482 -7.597212 5.240282 -0.980000 0.140000 0.350000
3.579663 -7.685746 5.285746 0.910000 0.700000 0.280000
3.622734 -7.575676 5.278566 -0.560000 0.700000 -0.630000
3.610770 -7.506285 5.194818 -0.840000 -0.280000 -1.260000
3.610770 -7.506285 5.194818 -0.840000 -0.280000 -1.260000
3.594020 -7.621140 5.149354 -0.420000 -0.560000 -0.980000
3.594020 -7.621140 5.149354 -0.420000 -0.560000 -0.980000
3.584448 -7.499106 5.144568 1.050000 0.770000 0.210000
3.675375 -7.408179 5.039285 -0.070000 1.190000 0.700000
3.534199 -7.515855 5.168497 -0.070000 0.630000 0.980000
3.460021 -7.585248 5.123034 -1.680000 0.630000 -0.490000
3.474378 -7.470392 5.082355 -0.700000 0.700000 -0.490000
3.546163 -7.396214 5.190032 1.540000 1.610000 -0.560000
3.546163 -7.396214 5.190032 1.540000 1.610000 -0.560000
3.646662 -7.403394 5.285746 0.420000 1.120000 1.610000
3.663411 -7.422535 5.197211 0.280000 -1.400000 0.560000
3.538985 -7.549356 5.044070 2.240000 0.350000 2.450000
3.538985 -7.549356 5.044070 2.240000 0.350000 2.450000
3.639483 -7.561320 5.065606 -0.700000 -0.210000 0.490000
3.639483 -7.561320 5.065606 -0.700000 -0.210000 0.490000
3.560520 -7.513463 5.118248 -0.490000 0.210000 0.700000
3.560520 -7.513463 5.118248 -0.490000 0.210000 0.700000
3.560520 -7.513463 5.118248 -0.490000 0.210000 0.700000
3.649055 -7.597212 5.163712 -4.200000 -1.680000 -0.070000
3.522235 -7.599605 5.149354 2.870000 0.700000 -0.490000
3.388237 -7.467999 5.170890 2.870000 2.100000 -0.630000
3.479164 -7.343572 5.271388 2.870000 0.210000 -0.560000
3.479164 -7.343572 5.271388 2.870000 0.210000 -0.560000
3.479164 -7.343572 5.271388 2.870000 0.210000 -0.560000
3.309274 -7.812566 5.173282 -7.350000 -2.450000 0.350000
