3.799802 -7.056434 5.685347 -0.840000 -0.910000 -0.210000
3.799802 -7.056434 5.685347 -0.840000 -0.910000 -0.210000
3.799802 -7.056434 5.685347 -0.840000 -0.910000 -0.210000
3.778267 -7.020542 5.663811 1.470000 1.470000 -0.350000
3.778267 -7.020542 5.663811 1.470000 1.470000 -0.350000
3.835695 -7.044470 5.754738 1.120000 1.330000 -0.490000
3.835695 -7.044470 5.754738 1.120000 1.330000 -0.490000
3.835695 -7.044470 5.754738 1.120000 1.330000 -0.490000
3.835695 -7.044470 5.754738 1.120000 1.330000 -0.490000
3.835695 -7.044470 5.754738 1.120000 1.330000 -0.490000
3.823731 -7.030113 5.761917 -0.350000 0.140000 -0.560000
3.823731 -7.030113 5.761917 -0.350000 0.140000 -0.560000
3.751946 -6.965507 5.764310 1.750000 0.210000 -0.280000
3.751946 -6.965507 5.764310 1.750000 0.210000 -0.280000
3.881158 -7.025328 5.804988 1.960000 1.050000 0.420000
3.881158 -7.025328 5.804988 1.960000 1.050000 0.420000
3.850052 -7.101898 5.675776 1.260000 0.350000 -0.560000
3.792624 -7.037291 5.670990 -0.490000 0.210000 -0.070000
3.792624 -7.037291 5.670990 -0.490000 0.210000 -0.070000
3.747160 -7.032506 5.670990 -1.470000 -0.770000 -0.280000
3.747160 -7.032506 5.670990 -1.470000 -0.770000 -0.280000
3.847659 -7.082755 5.582455 -0.770000 -0.140000 -0.280000
3.797409 -7.034898 5.867201 -1.330000 0.770000 -0.560000
3.854837 -7.056434 5.821737 -0.490000 0.350000 -0.420000
3.854837 -7.056434 5.821737 -0.490000 0.350000 -0.420000
3.854837 -7.056434 5.821737 -0.490000 0.350000 -0.420000
3.852444 -6.941578 5.627919 -0.210000 0.210000 -0.630000
3.852444 -6.941578 5.627919 -0.210000 0.210000 -0.630000
3.783052 -6.946364 5.639884 -0.490000 0.420000 -0.490000
3.766303 -7.003791 5.575277 -1.050000 1.260000 0.420000
3.766303 -7.003791 5.575277 -1.050000 1.260000 0.420000
3.766303 -7.003791 5.575277 -1.050000 1.260000 0.420000
3.833302 -6.977471 5.934200 -1.820000 -0.490000 0.770000
3.833302 -6.977471 5.934200 -1.820000 -0.490000 0.770000
3.790231 -7.159326 5.668597 0.140000 -0.840000 -0.070000
3.790231 -7.159326 5.668597 0.140000 -0.840000 -0.070000
3.802195 -7.075576 5.670990 0.280000 0.070000 -0.140000
3.802195 -7.075576 5.670990 0.280000 0.070000 -0.140000
3.802195 -7.075576 5.670990 0.280000 0.070000 -0.140000
3.780660 -7.018148 5.783452 0.700000 0.840000 0.210000
3.809374 -6.999006 5.611169 -0.840000 -0.840000 0.770000
3.818945 -7.089933 5.611169 1.750000 0.910000 0.560000
3.818945 -7.089933 5.611169 1.750000 0.910000 0.560000
3.818945 -7.089933 5.611169 1.750000 0.910000 0.560000
3.749553 -7.070791 5.745167 2.100000 0.700000 -0.070000
3.792624 -7.101898 5.761917 -1.260000 -1.330000 0.560000
3.792624 -7.101898 5.761917 -1.260000 -1.330000 0.560000
3.792624 -7.101898 5.761917 -1.260000 -1.330000 0.560000
3.809374 -6.972685 5.443672 -0.280000 0.420000 0.560000
3.809374 -6.972685 5.443672 -0.280000 0.420000 0.560000
3.737589 -7.027720 5.862415 0.420000 1.820000 0.560000
3.763910 -6.979864 5.797810 -0.490000 0.700000 0.630000
