3.031706 -8.587841 3.402594 9.590000 1.960000 1.260000
2.952743 -8.434700 3.701697 9.100000 0.910000 2.380000
3.058028 -9.023334 3.378666 12.950000 0.350000 1.470000
2.804388 -8.580662 3.656233 1.750000 1.890000 -0.770000
2.804388 -8.580662 3.656233 1.750000 1.890000 -0.770000
2.995814 -8.774480 3.601198 -6.370000 1.400000 0.280000
3.019742 -8.937192 3.629912 7.210000 0.280000 -0.560000
3.046063 -8.896514 3.704089 11.060000 0.980000 -3.080000
3.046063 -8.896514 3.704089 11.060000 0.980000 -3.080000
2.998207 -8.760124 4.041477 15.470000 -0.140000 -3.150000
2.828316 -8.937192 4.058227 -24.219999 2.380000 -0.280000
2.837888 -9.626326 4.089334 -54.180000 1.890000 3.080000
3.383451 -8.796017 3.400201 -88.410004 -0.490000 16.309999
2.560320 -7.666604 2.395216 -176.119995 -24.780001 50.330002
1.007378 -7.010970 -0.363709 -130.830002 -24.360001 44.660000
1.007378 -7.010970 -0.363709 -130.830002 -24.360001 44.660000
2.383251 -11.820543 -2.359323 -17.920000 1.190000 0.420000
2.732604 -9.576077 0.471386 42.070000 -0.840000 0.280000
2.014757 -10.511670 -0.435494 -29.400000 -2.520000 5.180000
2.079363 -10.906486 -0.741775 -9.590000 -1.330000 1.120000
2.354537 -9.884750 0.581456 18.059999 -2.660000 -1.330000
2.002793 -9.621540 0.323031 0.910000 -2.660000 -0.070000
2.002793 -9.621540 0.323031 0.910000 -2.660000 -0.070000
2.009971 -9.719646 0.129212 -5.180000 -1.050000 -0.630000
2.175076 -9.707682 0.315853 6.300000 0.420000 -1.820000
2.251646 -9.382257 0.509671 -2.240000 -0.280000 -2.380000
2.249253 -9.265009 0.215354 -5.040000 -0.980000 -1.190000
2.112862 -9.614362 0.232104 10.150000 -0.560000 0.140000
2.194218 -9.363115 0.275175 6.720000 0.420000 0.350000
2.182254 -9.458827 0.258425 12.390000 1.680000 0.700000
2.141576 -9.332008 1.153341 6.930000 0.840000 -0.070000
2.141576 -9.332008 1.153341 6.930000 0.840000 -0.070000
2.141576 -9.332008 1.153341 6.930000 0.840000 -0.070000
2.155933 -9.509077 0.808774 -2.730000 0.490000 -0.420000
2.155933 -9.509077 0.808774 -2.730000 0.490000 -0.420000
2.155933 -9.509077 0.808774 -2.730000 0.490000 -0.420000
1.926222 -9.958927 0.667598 3.710000 1.750000 -1.190000
2.127219 -9.690931 0.770489 0.910000 0.840000 -1.960000
2.139183 -9.774680 0.586242 -0.490000 0.210000 -1.190000
