9.444471 0.311067 3.177669 -1.540000 2.450000 2.800000
9.408579 0.311067 3.208775 -1.120000 0.980000 1.750000
9.422935 0.282353 3.139383 -0.980000 -2.590000 -1.540000
9.422935 0.282353 3.139383 -0.980000 -2.590000 -1.540000
9.329616 0.299103 2.921637 1.960000 -2.590000 -3.290000
9.255438 0.437887 2.825923 2.030000 -1.680000 -3.080000
9.186047 0.495314 2.868994 0.210000 0.560000 -0.490000
9.181261 0.349352 2.991028 1.050000 -0.070000 -1.260000
9.250652 0.483350 2.991028 0.980000 -1.960000 -1.330000
9.250652 0.483350 2.991028 0.980000 -1.960000 -1.330000
9.279366 0.528814 2.857030 1.960000 -0.770000 -0.280000
9.255438 0.495314 2.931208 0.490000 -0.560000 0.420000
9.272188 0.399601 2.871387 0.630000 -0.210000 0.140000
9.231510 0.411566 2.904887 2.030000 0.630000 -0.560000
9.231510 0.411566 2.904887 2.030000 0.630000 -0.560000
9.253045 0.509671 2.912065 1.120000 -0.910000 -1.050000
9.253045 0.509671 2.912065 1.120000 -0.910000 -1.050000
9.253045 0.509671 2.912065 1.120000 -0.910000 -1.050000
9.279366 0.454636 2.897708 0.700000 -0.910000 -0.350000
9.250652 0.483350 2.921637 1.330000 -0.210000 -1.050000
9.250652 0.483350 2.921637 1.330000 -0.210000 -1.050000
9.315259 0.519243 2.916851 1.680000 0.210000 -1.190000
9.224331 0.521635 2.861816 1.120000 0.210000 -1.400000
9.221939 0.619741 2.883351 1.330000 0.840000 -0.980000
9.178867 0.555135 2.926422 0.490000 0.910000 -0.140000
9.178867 0.555135 2.926422 0.490000 0.910000 -0.140000
9.178867 0.555135 2.926422 0.490000 0.910000 -0.140000
9.178867 0.555135 2.926422 0.490000 0.910000 -0.140000
9.250652 0.574277 2.924029 0.770000 0.490000 -0.210000
9.250652 0.574277 2.924029 0.770000 0.490000 -0.210000
9.250652 0.574277 2.924029 0.770000 0.490000 -0.210000
9.250652 0.574277 2.924029 0.770000 0.490000 -0.210000
9.200402 0.468993 2.866602 -0.210000 -0.210000 -0.420000
9.176475 0.471386 2.845066 0.070000 0.140000 -0.280000
9.176475 0.471386 2.845066 0.070000 0.140000 -0.280000
9.198010 0.567099 2.945565 0.210000 1.190000 0.560000
9.092726 0.562313 2.962314 -0.280000 0.490000 1.190000
9.255438 0.545564 2.897708 -0.210000 -0.140000 1.120000
