3.062813 -8.997013 2.335395 -10.920000 2.100000 2.450000
3.156133 -9.511470 1.959722 -8.540000 3.710000 5.460000
3.055635 -9.087940 2.187040 -10.920000 2.800000 2.240000
3.093920 -9.099905 2.021935 -18.690001 2.520000 1.750000
3.093920 -9.099905 2.021935 -18.690001 2.520000 1.750000
3.098706 -8.877372 2.122434 -34.930000 4.690000 2.940000
3.098706 -8.877372 2.122434 -34.930000 4.690000 2.940000
3.244668 -9.611969 1.485943 -21.000000 -0.140000 2.940000
3.046063 -8.874979 1.715654 -47.459999 3.640000 3.850000
3.199204 -8.846266 1.674976 -76.930000 2.030000 4.830000
3.199204 -8.846266 1.674976 -76.930000 2.030000 4.830000
2.926422 -8.169096 0.655633 -49.420002 1.680000 -3.430000
2.926422 -8.169096 0.655633 -49.420002 1.680000 -3.430000
3.395415 -9.611969 -1.165305 -130.690002 -9.170000 3.500000
3.299703 -8.865408 -1.186840 -95.340004 -7.210000 1.470000
3.072384 -8.597411 -1.217947 -114.590004 -6.790000 3.150000
3.072384 -8.597411 -1.217947 -114.590004 -6.790000 3.150000
3.192025 -9.820145 -3.115455 -108.080002 -11.060000 2.940000
3.165704 -8.774480 -2.880959 -80.430000 -9.940000 0.210000
3.084348 -8.630912 -2.900101 -93.730003 -11.690000 0.350000
2.811567 -7.269395 -4.737789 -118.230003 -11.620000 -5.390000
3.385844 -7.731210 -6.149554 -96.459999 -18.340000 -5.950000
3.385844 -7.731210 -6.149554 -96.459999 -18.340000 -5.950000
3.223132 -7.202396 -5.737988 -71.750000 -13.720000 -5.950000
2.933600 -6.541977 -5.845665 -95.900002 -16.520000 -5.320000
2.919244 -7.111469 -6.857830 -88.900002 -22.680000 -13.230000
3.060420 -6.206983 -7.027720 -78.610001 -21.490000 -16.379999
3.134598 -5.517848 -8.226524 -54.599998 -8.400000 -3.780000
2.988636 -5.525027 -8.121240 -38.849998 -4.900000 -2.520000
2.900101 -4.957928 -8.042276 -42.070000 -4.060000 -0.280000
2.924029 -4.996214 -8.116454 -57.049999 -5.180000 -0.140000
3.022135 -4.663611 -8.030313 -61.740002 -6.930000 -0.490000
2.768496 -4.682754 -8.245667 -68.529999 -10.010000 1.330000
2.708675 -4.170690 -8.511270 -50.400002 -11.340000 -1.050000
2.708675 -4.170690 -8.511270 -50.400002 -11.340000 -1.050000
2.502892 -3.376273 -8.245667 -63.139999 -12.530000 -0.770000
2.306681 -3.249453 -9.018548 -55.439999 -6.370000 -0.490000
2.524428 -3.469593 -9.248260 -49.630001 -5.600000 -0.840000
2.407180 -3.120241 -9.288938 -21.559999 -3.220000 1.400000
2.388037 -2.888137 -8.973085 -24.430000 -4.760000 0.770000
2.388037 -2.888137 -8.973085 -24.430000 -4.760000 0.770000
2.340181 -3.151347 -9.327222 -6.370000 -3.920000 1.190000
2.335395 -2.713461 -9.731609 -11.340000 2.730000 3.150000
2.373680 -2.916851 -9.286544 0.350000 5.880000 3.570000
2.268396 -2.828316 -9.413363 -2.450000 7.630000 4.060000
2.490928 -2.811567 -9.241080 -1.330000 8.050000 3.640000
2.383251 -3.065206 -8.941978 -3.990000 8.190000 3.780000
2.383251 -3.065206 -8.941978 -3.990000 8.190000 3.780000
2.263610 -3.002992 -8.817552 -0.980000 5.810000 3.080000
2.230111 -3.053242 -8.879765 -6.020000 2.380000 3.010000
2.230111 -3.053242 -8.879765 -6.020000 2.380000 3.010000
2.431108 -2.644069 -9.047262 -2.310000 2.030000 3.080000
2.464607 -2.895315 -9.233903 0.700000 3.990000 4.760000
