0.342174 -9.614362 1.940579 -5.250000 2.870000 3.220000
0.318245 -9.643075 1.909473 -7.140000 3.500000 3.010000
0.318245 -9.643075 1.909473 -7.140000 3.500000 3.010000
0.287139 -9.760324 1.847259 -5.740000 4.340000 3.080000
0.390030 -9.655040 2.105684 -5.880000 4.200000 3.220000
0.251246 -9.841680 1.883151 -5.320000 4.060000 2.380000
0.251246 -9.841680 1.883151 -5.320000 4.060000 2.380000
0.318245 -9.925428 1.971686 -4.340000 5.880000 0.840000
0.318245 -9.925428 1.971686 -4.340000 5.880000 0.840000
0.361316 -9.669396 2.045863 -7.070000 3.500000 1.470000
0.354138 -9.690931 1.990828 -5.250000 3.990000 1.260000
0.361316 -9.561719 2.017149 -3.430000 5.110000 1.540000
0.361316 -9.561719 2.017149 -3.430000 5.110000 1.540000
0.334995 -9.556933 1.947758 -5.670000 4.060000 2.240000
0.334995 -9.556933 1.947758 -5.670000 4.060000 2.240000
0.334995 -9.556933 1.947758 -5.670000 4.060000 2.240000
0.366102 -9.789038 2.067399 -5.320000 5.250000 3.570000
0.375673 -9.820145 2.026721 -6.720000 4.270000 2.800000
0.308674 -9.559326 2.029114 -4.480000 4.410000 2.940000
0.308674 -9.559326 2.029114 -4.480000 4.410000 2.940000
0.308674 -9.559326 2.029114 -4.480000 4.410000 2.940000
0.320638 -9.633504 2.103291 -4.970000 4.690000 3.360000
0.272782 -9.702895 2.129612 -4.830000 3.920000 3.360000
0.325424 -9.714860 1.993221 -6.650000 2.870000 3.290000
0.325424 -9.714860 1.993221 -6.650000 2.870000 3.290000
0.325424 -9.714860 1.993221 -6.650000 2.870000 3.290000
0.397209 -9.743573 1.957329 -5.670000 3.850000 3.780000
0.397209 -9.743573 1.957329 -5.670000 3.850000 3.780000
0.320638 -9.968499 1.978864 -4.620000 5.810000 2.100000
0.366102 -9.772287 2.012364 -6.580000 4.200000 1.470000
0.366102 -9.772287 2.012364 -6.580000 4.200000 1.470000
0.339781 -9.827322 2.122434 -7.560000 3.570000 -0.070000
0.435494 -9.446864 1.935793 -6.090000 4.900000 1.540000
0.342174 -9.458827 2.108077 -5.600000 5.110000 2.800000
0.342174 -9.458827 2.108077 -5.600000 5.110000 2.800000
0.306281 -9.580862 2.026721 -6.090000 4.550000 2.870000
0.358923 -9.573684 2.129612 -5.950000 4.200000 4.340000
0.358923 -9.573684 2.129612 -5.950000 4.200000 4.340000
0.454636 -9.705289 1.962115 -5.740000 4.130000 4.340000
0.318245 -9.786645 2.048256 -4.900000 4.340000 4.480000
0.318245 -9.786645 2.048256 -4.900000 4.340000 4.480000
0.318245 -9.786645 2.048256 -4.900000 4.340000 4.480000
0.318245 -9.786645 2.048256 -4.900000 4.340000 4.480000
0.318245 -9.786645 2.048256 -4.900000 4.340000 4.480000
0.466600 -9.712467 1.976472 -4.690000 4.130000 4.900000
0.215354 -9.832108 2.021935 -5.880000 4.340000 3.570000
0.361316 -9.781858 2.079363 -5.950000 5.040000 2.100000
0.404387 -9.734003 2.127219 -6.090000 4.340000 1.820000
0.349352 -9.650253 2.098505 -7.070000 3.220000 2.310000
0.390030 -9.779467 2.014757 -6.300000 3.290000 2.520000
0.294317 -9.791430 1.907080 -5.880000 3.640000 2.450000
0.346959 -9.643075 1.818545 -4.550000 5.670000 1.960000
0.346959 -9.643075 1.818545 -4.550000 5.670000 1.960000
0.313460 -9.583255 2.017149 -3.360000 5.740000 2.800000
0.315853 -9.879964 1.986043 -5.040000 4.830000 3.080000
0.332602 -9.712467 2.024328 -3.920000 4.830000 2.730000
0.210568 -9.676575 2.029114 -5.810000 4.760000 2.590000
0.239282 -9.664611 1.964507 -6.370000 5.180000 2.310000
0.215354 -9.566505 2.045863 -5.600000 6.790000 2.170000
0.215354 -9.566505 2.045863 -5.600000 6.790000 2.170000
0.351745 -9.650253 2.132005 -5.810000 4.690000 3.570000
0.220140 -9.757930 1.969293 -5.110000 4.270000 2.870000
0.258425 -9.726824 1.962115 -6.370000 5.250000 3.990000
0.258425 -9.726824 1.962115 -6.370000 5.250000 3.990000
0.287139 -9.848858 2.024328 -4.830000 5.460000 3.430000
0.248854 -9.863215 2.055435 -5.320000 5.600000 3.150000
0.246461 -9.757930 2.172683 -5.530000 5.250000 3.430000
0.246461 -9.757930 2.172683 -5.530000 5.250000 3.430000
