1.718047 -9.564112 2.916851 14.490000 4.130000 -11.270000
1.569692 -9.420543 3.175276 14.000000 4.410000 -13.650000
1.713261 -9.674182 3.065206 25.760000 2.730000 -20.020000
1.713261 -9.674182 3.065206 25.760000 2.730000 -20.020000
1.995614 -9.580862 3.541377 77.419998 -0.980000 -39.619999
1.995614 -9.580862 3.541377 77.419998 -0.980000 -39.619999
2.572284 -9.260223 5.486742 123.129997 -11.550000 -69.790001
2.572284 -9.260223 5.486742 123.129997 -11.550000 -69.790001
2.974278 -8.276773 5.804988 114.379997 -11.830000 -72.730003
3.893122 -6.934400 6.424729 135.660004 -4.550000 -72.660004
3.615555 -6.379266 6.288338 126.000000 -10.360000 -72.379997
3.615555 -6.379266 6.288338 126.000000 -10.360000 -72.379997
4.558327 -4.347759 6.750153 81.480003 -6.650000 -70.070000
4.558327 -4.347759 6.750153 81.480003 -6.650000 -70.070000
4.438686 -3.419343 7.235896 81.199997 -5.460000 -63.700001
4.577469 -2.833102 7.290931 41.720001 -11.200000 -61.810001
5.075177 -2.313859 7.159326 49.700001 -12.740000 -56.000000
4.469792 -2.316252 7.934600 61.250000 -9.100000 -55.090000
5.489135 -1.323231 7.144968 47.670002 -10.360000 -50.610001
5.489135 -1.323231 7.144968 47.670002 -10.360000 -50.610001
5.292924 -0.550349 7.606783 57.260002 -4.060000 -43.680000
5.565705 0.212961 7.714460 27.860001 -5.040000 -37.310001
5.388636 0.270389 7.762317 26.320000 -3.430000 -31.639999
5.388636 0.270389 7.762317 26.320000 -3.430000 -31.639999
5.369494 0.634098 7.692925 29.680000 4.690000 -17.010000
5.369494 0.634098 7.692925 29.680000 4.690000 -17.010000
5.503492 0.636491 7.781459 4.760000 2.730000 -10.220000
5.503492 0.636491 7.781459 4.760000 2.730000 -10.220000
5.288138 0.684347 7.984849 6.370000 0.490000 -6.440000
5.371887 0.552742 7.659425 -15.750000 -0.280000 -2.240000
5.398208 0.375673 7.800602 -7.910000 0.420000 0.280000
5.398208 0.375673 7.800602 -7.910000 0.420000 0.280000
5.398208 0.375673 7.800602 -7.910000 0.420000 0.280000
5.393422 0.315853 7.963314 -14.210000 0.490000 2.800000
