2.208575 -9.640682 1.380659 -6.020000 5.670000 2.310000
2.270789 -9.559326 1.507478 -1.960000 7.000000 3.010000
2.270789 -9.559326 1.507478 -1.960000 7.000000 3.010000
2.318645 -9.726824 1.543371 -6.370000 5.670000 2.940000
2.266003 -9.798609 1.536192 -3.570000 6.790000 1.680000
2.239682 -9.609575 1.502693 3.570000 7.350000 2.100000
2.203789 -9.906286 1.550549 30.450001 12.110000 1.890000
2.153540 -9.559326 1.701297 60.760002 16.379999 1.890000
2.153540 -9.559326 1.701297 60.760002 16.379999 1.890000
2.088934 -9.595219 2.313859 60.900002 19.110001 -0.210000
2.105684 -9.659825 2.388037 58.099998 19.950001 -0.560000
2.148755 -9.087940 2.801995 80.570000 23.379999 -0.980000
2.146362 -8.906086 3.981657 100.590004 24.290001 -5.110000
2.179861 -8.379664 4.575077 154.210007 26.250000 -2.170000
1.887937 -7.501499 5.726025 171.850006 25.760000 -9.100000
1.787439 -6.970293 5.960521 169.050003 26.040001 -11.830000
2.041078 -5.580062 7.183254 169.680008 20.930000 -12.740000
2.041078 -5.580062 7.183254 169.680008 20.930000 -12.740000
1.780260 -4.845466 7.613962 146.020004 19.670000 -14.840000
2.002793 -3.409772 8.271988 175.979996 25.410000 -13.230000
1.653440 -1.593620 9.489935 127.959999 26.250000 -10.990000
1.418944 -1.828116 9.188439 100.660004 18.410000 -10.080000
1.655833 -1.007378 8.652447 127.610001 24.500000 -3.920000
1.234696 0.715454 9.786645 101.220001 27.370001 -1.610000
0.969093 -0.043071 9.276974 83.720001 18.340000 -2.380000
1.253839 0.471386 9.473185 80.570000 21.770000 -3.150000
1.253839 0.471386 9.473185 80.570000 21.770000 -3.150000
1.253839 0.471386 9.473185 80.570000 21.770000 -3.150000
1.253839 0.471386 9.473185 80.570000 21.770000 -3.150000
0.880559 2.325824 9.518648 37.799999 16.660000 -1.400000
0.634098 2.562713 9.470792 34.369999 15.610000 -1.400000
0.614955 2.751746 9.348758 26.530001 14.070000 1.400000
0.555135 2.780460 9.396614 18.830000 12.530000 2.870000
0.555135 2.780460 9.396614 18.830000 12.530000 2.870000
0.504886 2.615355 9.241080 -6.580000 7.350000 3.500000
0.504886 2.615355 9.241080 -6.580000 7.350000 3.500000
0.504886 2.615355 9.241080 -6.580000 7.350000 3.500000
0.504886 2.892922 9.142976 -6.580000 5.670000 5.670000
0.471386 2.787638 9.032906 -11.270000 5.180000 5.460000
0.471386 2.787638 9.032906 -11.270000 5.180000 5.460000
0.583849 2.744568 9.288938 -8.680000 6.440000 3.780000
0.552742 2.612962 9.195618 -11.410000 5.110000 3.430000
0.552742 2.612962 9.195618 -11.410000 5.110000 3.430000
0.433101 2.514857 9.214760 -4.970000 3.080000 1.820000
0.550349 2.541178 9.339187 -7.350000 2.450000 2.730000
