0.954736 -9.868000 -0.890130 0.910000 -0.350000 -0.350000
0.947558 -9.894321 -0.768096 1.610000 1.120000 0.560000
0.923629 -9.932607 -0.674776 -0.630000 -0.140000 0.070000
1.026521 -9.834501 -0.626920 -0.980000 -0.560000 -0.350000
1.026521 -9.834501 -0.626920 -0.980000 -0.560000 -0.350000
0.918844 -9.875179 -0.777667 -4.200000 -0.490000 -0.490000
0.911665 -9.858429 -0.832702 -1.750000 -0.420000 0.280000
0.993021 -9.968499 -0.859023 -1.750000 0.280000 0.630000
0.942772 -9.856036 -0.689133 2.940000 0.700000 1.120000
0.930808 -9.793823 -0.626920 0.980000 -1.400000 0.700000
1.040878 -9.961320 -0.624527 -0.840000 -1.470000 0.980000
0.966700 -9.970891 -0.851845 -0.770000 -0.420000 0.490000
1.009771 -10.145569 -0.784846 0.420000 -0.700000 -0.140000
0.935594 -10.064213 -0.842274 -0.770000 1.050000 -1.260000
0.935594 -10.064213 -0.842274 -0.770000 1.050000 -1.260000
1.012164 -9.985250 -0.758525 1.890000 1.330000 -1.120000
0.916451 -9.734003 -0.717847 2.800000 0.350000 -1.050000
0.935594 -9.556933 -0.665205 1.470000 0.630000 0.140000
1.009771 -9.714860 -0.614955 -0.140000 1.330000 0.420000
1.004985 -9.765109 -0.736989 -0.840000 2.100000 0.910000
0.916451 -9.999605 -0.598206 2.380000 0.140000 1.330000
0.916451 -9.999605 -0.598206 2.380000 0.140000 1.330000
0.899701 -9.695717 -0.550349 0.210000 -0.350000 0.980000
0.947558 -10.004392 -0.722632 -3.080000 -0.420000 0.840000
0.973879 -9.791430 -0.650848 1.680000 -0.350000 0.700000
0.892523 -10.135997 -0.796810 -0.630000 0.700000 0.700000
0.892523 -10.135997 -0.796810 -0.630000 0.700000 0.700000
0.978664 -9.954143 -0.622134 1.190000 -0.770000 0.280000
0.973879 -9.973285 -0.741775 1.190000 -0.350000 0.140000
0.957129 -9.966106 -0.780060 0.140000 0.350000 -0.350000
0.921237 -9.738789 -0.662812 -0.560000 0.210000 -0.210000
0.988236 -9.906286 -0.708275 1.820000 -0.560000 -0.070000
0.966700 -9.856036 -0.660419 -0.700000 0.840000 0.070000
0.966700 -9.856036 -0.660419 -0.700000 0.840000 0.070000
0.875773 -9.903893 -0.748954 -0.770000 0.770000 -0.070000
0.875773 -9.846465 -0.686740 -1.050000 1.610000 0.700000
0.842274 -9.798609 -0.696311 -0.980000 0.280000 1.190000
0.854238 -9.777073 -0.710668 -0.490000 0.280000 1.330000
0.918844 -10.059426 -0.789631 1.400000 0.070000 1.750000
0.902094 -10.080962 -0.751346 -1.120000 0.560000 0.070000
0.904487 -9.879964 -0.583849 -1.610000 -0.070000 -0.490000
0.923629 -10.052249 -0.868595 -1.120000 -0.350000 -0.210000
0.911665 -10.054641 -0.849452 -0.840000 1.190000 -0.490000
0.870987 -9.877571 -0.677169 2.100000 1.120000 -0.840000
1.009771 -9.863215 -0.576670 2.030000 0.420000 0.070000
1.009771 -9.863215 -0.576670 2.030000 0.420000 0.070000
1.052842 -9.645468 -0.662812 0.910000 0.140000 -0.490000
0.856631 -9.906286 -0.715454 -0.700000 -0.630000 -0.980000
