0.768096 0.220140 9.427721 1.400000 -0.560000 -5.740000
0.768096 0.220140 9.427721 1.400000 -0.560000 -5.740000
0.827917 0.184247 9.497113 3.080000 -0.210000 -5.600000
0.875773 0.435494 9.611969 0.630000 -0.420000 -6.230000
0.837488 0.260818 9.408579 1.330000 -0.700000 -3.850000
0.784846 0.320638 9.544970 0.210000 -0.630000 -7.630000
0.650848 0.028714 9.480364 -3.570000 -2.800000 -11.200000
-0.021535 -2.093720 9.930215 10.430000 -13.020000 -64.330002
-0.162712 -2.184647 9.920642 16.450001 -16.450001 -92.680000
-0.480957 -2.498107 9.954143 15.470000 -20.860001 -136.009995
-0.480957 -2.498107 9.954143 15.470000 -20.860001 -136.009995
-0.480957 -2.498107 9.954143 15.470000 -20.860001 -136.009995
-0.985843 -1.823331 8.994620 26.180000 -21.280001 -186.899994
-1.402194 0.847059 9.047262 75.949997 -21.700001 -209.440002
-1.337588 1.411765 9.193225 77.000000 -25.620001 -211.539993
-1.076770 3.806981 8.712267 58.310001 -28.770000 -201.880005
-1.593620 3.117848 8.489735 49.209999 -40.529999 -196.770004
-1.593620 3.117848 8.489735 49.209999 -40.529999 -196.770004
-1.600798 3.943372 8.740981 63.560001 -39.830002 -190.889999
-1.390230 5.749953 7.800602 26.389999 -42.279999 -171.779999
-1.390230 5.749953 7.800602 26.389999 -42.279999 -171.779999
-1.036092 7.580462 7.444071 17.080000 -22.190001 -98.629997
-1.036092 7.580462 7.444071 17.080000 -22.190001 -98.629997
-1.036092 7.580462 7.444071 17.080000 -22.190001 -98.629997
-1.107877 7.025328 7.704889 -11.830000 -12.250000 -46.200001
-1.107877 7.025328 7.704889 -11.830000 -12.250000 -46.200001
-0.961915 5.682954 8.219346 -5.810000 -0.280000 -15.680000
-1.244268 3.747160 8.566305 -4.900000 6.160000 2.940000
-1.244268 3.747160 8.566305 -4.900000 6.160000 2.940000
-1.009771 3.208775 8.807980 -0.350000 3.850000 2.100000
-0.909273 3.395415 8.922836 4.550000 -0.560000 -1.120000
-0.847059 3.984050 8.817552 0.490000 -0.770000 0.980000
-0.971486 4.048656 8.453842 -6.930000 -0.700000 2.450000
-0.708275 3.443272 8.444271 -1.470000 -1.260000 1.120000
-0.885344 3.735196 8.791230 4.900000 2.380000 3.570000
-0.885344 3.735196 8.791230 4.900000 2.380000 3.570000
-0.885344 3.735196 8.791230 4.900000 2.380000 3.570000
-0.870987 3.596412 8.659625 -0.980000 3.430000 5.180000
-0.966700 4.280759 8.463413 -5.740000 4.340000 13.440001
