3.431308 -9.200402 2.230111 -9.100000 3.710000 2.450000
3.354738 -8.865408 2.347359 -3.150000 5.180000 3.920000
3.388237 -9.052048 2.249253 -12.110000 1.400000 2.730000
3.436093 -9.174082 2.172683 -11.620000 2.940000 1.750000
3.433701 -8.841480 2.177469 -11.480000 4.760000 3.150000
3.433701 -8.841480 2.177469 -11.480000 4.760000 3.150000
3.464807 -8.796017 2.210968 -12.670000 4.270000 4.200000
3.460021 -8.520842 2.392823 -48.720001 3.780000 4.830000
3.213561 -9.439686 1.710868 -101.220001 -5.600000 5.530000
3.431308 -10.186246 0.906880 -77.000000 -7.840000 5.250000
3.431308 -10.186246 0.906880 -77.000000 -7.840000 5.250000
3.481557 -7.908278 1.600798 -105.840004 -1.050000 1.120000
3.072384 -9.951750 -0.564706 -183.610001 -12.320000 7.840000
3.072384 -9.951750 -0.564706 -183.610001 -12.320000 7.840000
3.072384 -9.951750 -0.564706 -183.610001 -12.320000 7.840000
3.395415 -9.614362 -2.660819 -133.490005 -11.480000 3.360000
3.395415 -9.614362 -2.660819 -133.490005 -11.480000 3.360000
3.457629 -8.640482 -2.706282 -126.209999 -9.730000 -1.680000
3.361916 -8.102098 -4.005585 -65.379997 -10.080000 -5.810000
3.127419 -6.967900 -3.929015 -105.139999 -6.930000 -2.940000
3.608376 -9.119047 -5.331209 -70.139999 -11.620000 -0.910000
3.335595 -6.451050 -4.515256 -70.699997 -7.490000 -5.460000
3.328416 -7.238289 -5.721239 -127.400002 -12.040000 -1.750000
3.440879 -7.688138 -6.364908 -57.260002 -12.530000 -7.350000
3.440879 -7.688138 -6.364908 -57.260002 -12.530000 -7.350000
3.146562 -5.879165 -6.039484 -91.139999 -8.890000 -1.890000
3.354738 -5.273781 -6.769295 -68.250000 -7.280000 -3.150000
3.239882 -5.876772 -7.594819 -108.989998 -13.300000 -0.560000
3.239882 -5.876772 -7.594819 -108.989998 -13.300000 -0.560000
3.273381 -5.304887 -7.738388 -73.709999 -13.790000 -3.990000
3.000600 -4.692325 -7.879565 -80.779999 -16.170000 -4.130000
3.000600 -4.692325 -7.879565 -80.779999 -16.170000 -4.130000
3.000600 -4.692325 -7.879565 -80.779999 -16.170000 -4.130000
2.691926 -3.862016 -8.537591 -41.650002 -11.760000 -4.900000
2.868994 -4.077370 -8.920443 -36.610001 -11.550000 -4.550000
2.782853 -3.680161 -9.166903 -15.260000 -6.300000 -2.310000
2.682354 -3.342773 -9.042477 -25.270000 -2.730000 0.280000
2.751746 -3.632305 -9.188439 -28.980000 -1.330000 0.280000
2.926422 -3.632305 -9.444471 -30.660000 0.140000 -2.240000
2.507678 -3.086741 -8.810372 -17.639999 1.680000 -0.980000
2.622534 -3.227918 -9.178867 -24.290001 2.660000 -0.070000
2.646462 -3.129812 -8.853443 -13.160000 5.040000 -0.140000
2.615355 -3.081956 -8.843873 -19.389999 3.010000 -0.910000
2.615355 -3.081956 -8.843873 -19.389999 3.010000 -0.910000
2.522035 -2.943172 -8.805587 -4.130000 3.500000 2.660000
2.723032 -3.005385 -9.128618 -9.170000 3.290000 2.800000
2.723032 -3.005385 -9.128618 -9.170000 3.290000 2.800000
2.713461 -2.900101 -9.078369 -6.370000 3.920000 3.430000
2.651247 -2.804388 -9.099905 -8.330000 3.570000 1.050000
2.651247 -2.804388 -9.099905 -8.330000 3.570000 1.050000
2.679961 -3.000600 -9.099905 -9.800000 4.200000 1.680000
2.624927 -2.864209 -9.016156 -4.550000 4.200000 2.870000
2.658426 -3.005385 -9.011370 -5.530000 4.900000 2.870000
2.691926 -2.947958 -8.970692 0.910000 4.060000 3.080000
2.768496 -3.074777 -9.080762 -1.120000 3.990000 2.870000
2.641676 -3.017349 -8.889337 -0.770000 3.990000 2.520000
