3.397808 -8.987441 2.880959 -12.040000 3.150000 3.220000
3.397808 -8.987441 2.880959 -12.040000 3.150000 3.220000
3.287738 -8.757731 3.129812 -12.320000 3.640000 3.220000
3.462414 -8.772088 3.148954 -6.580000 3.500000 3.290000
3.462414 -8.772088 3.148954 -6.580000 3.500000 3.290000
3.309274 -8.482556 3.206382 -56.000000 3.780000 6.580000
3.364309 -9.193225 2.344966 -82.389999 -2.940000 6.510000
3.211168 -8.451449 2.328217 -90.790001 5.390000 6.580000
3.113062 -8.228917 2.194218 -137.619995 2.450000 8.190000
3.113062 -8.228917 2.194218 -137.619995 2.450000 8.190000
3.419343 -9.808180 -0.722632 -61.040001 -0.350000 -1.050000
3.215954 -8.171489 0.162712 -87.570000 2.730000 0.070000
3.184847 -8.846266 -1.294517 -179.970001 -8.050000 5.670000
3.184847 -8.846266 -1.294517 -179.970001 -8.050000 5.670000
3.235096 -7.989635 -2.155933 -112.279999 -7.210000 -2.800000
3.235096 -7.989635 -2.155933 -112.279999 -7.210000 -2.800000
3.402594 -8.855836 -5.139783 -115.080002 -13.020000 -2.800000
3.278167 -7.630712 -4.491328 -87.849998 -10.500000 -6.160000
3.285345 -7.334002 -6.642475 -118.160004 -12.880000 -3.640000
3.285345 -7.334002 -6.642475 -118.160004 -12.880000 -3.640000
2.988636 -6.482157 -7.448857 -135.240005 -17.990000 -5.320000
3.182454 -5.498707 -7.896315 -111.370003 -16.170000 -5.600000
3.127419 -5.517848 -7.814958 -87.709999 -15.680000 -5.180000
2.928815 -4.689932 -8.283953 -56.349998 -12.390000 -5.810000
2.928815 -4.689932 -8.283953 -56.349998 -12.390000 -5.810000
2.959922 -4.383651 -8.681160 -79.800003 -10.430000 -3.780000
3.046063 -4.701896 -8.831908 -61.180000 -8.960000 -5.110000
2.739782 -3.785445 -8.606983 -47.599998 -7.980000 -7.140000
2.837888 -4.094120 -8.798409 -49.630001 -8.400000 -10.010000
2.837888 -4.094120 -8.798409 -49.630001 -8.400000 -10.010000
2.646462 -2.792424 -9.075976 -45.290001 -9.450000 -11.340000
2.380858 -2.639283 -9.377472 -16.730000 -4.270000 -1.260000
2.380858 -2.639283 -9.377472 -16.730000 -4.270000 -1.260000
2.380858 -2.639283 -9.377472 -16.730000 -4.270000 -1.260000
2.380858 -2.639283 -9.377472 -16.730000 -4.270000 -1.260000
2.380858 -2.639283 -9.377472 -16.730000 -4.270000 -1.260000
2.380858 -2.639283 -9.377472 -16.730000 -4.270000 -1.260000
2.612962 -2.974278 -9.379865 -1.050000 1.260000 3.220000
2.617748 -2.933600 -9.116654 -2.590000 0.770000 1.960000
2.450250 -2.677568 -8.961121 0.280000 5.320000 3.710000
2.624927 -2.828316 -9.291330 -2.730000 4.270000 3.990000
2.624927 -2.828316 -9.291330 -2.730000 4.270000 3.990000
2.656033 -2.909672 -9.145369 -4.130000 4.620000 3.360000
2.455036 -2.725425 -9.236296 -2.310000 5.180000 1.820000
2.474179 -2.675175 -9.260223 -6.160000 5.670000 2.380000
