2.758924 -8.997013 2.495714 -3.500000 3.430000 1.400000
2.859423 -9.128618 2.469393 -9.240000 2.310000 2.170000
2.859423 -9.128618 2.469393 -9.240000 2.310000 2.170000
2.754139 -8.750552 2.452643 -1.470000 4.970000 2.590000
2.754139 -8.750552 2.452643 -1.470000 4.970000 2.590000
2.754139 -8.764909 2.644069 -18.129999 2.590000 4.270000
2.868994 -8.743374 2.567499 -60.970001 -0.630000 5.810000
2.883351 -8.772088 1.663012 -135.029999 -6.160000 7.910000
2.687140 -9.219545 0.047856 -203.699997 -14.070000 7.350000
2.687140 -9.219545 0.047856 -203.699997 -14.070000 7.350000
2.854637 -9.377472 -1.572084 -187.039993 -16.730000 2.730000
2.794817 -9.157332 -2.105684 -185.990005 -15.610000 2.170000
2.763710 -8.848659 -4.266403 -121.169998 -10.850000 -3.360000
2.778067 -8.137990 -4.149154 -128.729996 -10.990000 -3.290000
2.778067 -8.137990 -4.149154 -128.729996 -10.990000 -3.290000
2.715853 -8.657232 -5.379066 -129.919998 -11.830000 -5.390000
2.749353 -8.018349 -5.910272 -88.550003 -9.100000 -6.860000
2.749353 -8.018349 -5.910272 -88.550003 -9.100000 -6.860000
2.734996 -7.298109 -6.721439 -98.419998 -9.100000 -3.640000
2.828316 -6.546762 -6.671190 -57.049999 -7.910000 -5.390000
2.828316 -6.546762 -6.671190 -57.049999 -7.910000 -5.390000
2.653640 -5.694918 -7.355537 -67.970001 -10.290000 -7.140000
2.629712 -4.917251 -7.654640 -71.400002 -10.500000 -5.950000
2.629712 -4.917251 -7.654640 -71.400002 -10.500000 -5.950000
2.514857 -4.601398 -8.104490 -52.779999 -12.600000 -8.260000
2.258825 -3.854837 -8.396415 -68.739998 -12.600000 -11.830000
2.414358 -4.534399 -8.863015 -51.660000 -14.980000 -12.950000
2.414358 -4.534399 -8.863015 -51.660000 -14.980000 -12.950000
2.414358 -4.534399 -8.863015 -51.660000 -14.980000 -12.950000
2.292324 -3.455236 -9.032906 -41.790001 -12.250000 -10.150000
2.292324 -3.455236 -9.032906 -41.790001 -12.250000 -10.150000
2.007578 -3.428915 -9.248260 -22.820000 -11.900000 -4.270000
1.998007 -3.067599 -9.198010 -15.260000 -8.540000 -3.780000
1.998007 -3.067599 -9.198010 -15.260000 -8.540000 -3.780000
2.029114 -2.907279 -9.671788 -16.240000 -2.100000 0.700000
1.986043 -2.897708 -9.315259 -2.870000 1.120000 1.610000
1.954936 -2.876173 -9.324830 -4.270000 0.700000 1.610000
1.954936 -2.876173 -9.324830 -4.270000 0.700000 1.610000
1.954936 -2.876173 -9.324830 -4.270000 0.700000 1.610000
1.954936 -2.876173 -9.324830 -4.270000 0.700000 1.610000
1.983650 -2.943172 -9.066404 -7.770000 3.220000 1.680000
1.883151 -3.093920 -9.209974 -1.820000 5.530000 3.500000
1.883151 -3.093920 -9.209974 -1.820000 5.530000 3.500000
1.883151 -3.093920 -9.209974 -1.820000 5.530000 3.500000
1.883151 -2.723032 -9.233903 -0.210000 5.250000 2.310000
1.883151 -2.723032 -9.233903 -0.210000 5.250000 2.310000
1.883151 -2.723032 -9.233903 -0.210000 5.250000 2.310000
1.885544 -2.859423 -9.200402 2.310000 5.180000 3.710000
1.885544 -2.859423 -9.200402 2.310000 5.180000 3.710000
1.820938 -3.062813 -9.152546 0.840000 8.120000 4.480000
