4.493721 -8.410772 2.471786 -0.140000 4.480000 4.270000
4.457829 -8.585447 2.426322 -10.360000 1.330000 4.480000
4.457829 -8.585447 2.426322 -10.360000 1.330000 4.480000
4.548756 -8.255238 2.502892 -2.590000 4.270000 5.250000
4.472186 -8.338986 2.517249 -10.990000 3.640000 6.020000
4.386044 -8.382057 2.519642 -14.210000 2.730000 6.860000
4.340580 -7.642675 2.627320 -93.519997 2.310000 12.460000
4.295116 -7.573284 2.299503 -140.210007 -0.280000 14.420000
4.051049 -8.901299 0.179462 -208.600006 -18.900000 15.050000
4.311867 -9.793823 -0.459422 -139.789993 -13.020000 10.010000
4.311867 -9.793823 -0.459422 -139.789993 -13.020000 10.010000
4.311867 -9.793823 -0.459422 -139.789993 -13.020000 10.010000
4.347759 -9.674182 -5.261817 -216.160004 -29.260000 4.410000
4.486543 -7.774280 -4.498507 -177.729996 -23.660000 -6.860000
3.857230 -6.781260 -3.739982 -200.619995 -20.860001 -7.070000
4.022335 -7.807780 -7.042077 -169.820007 -28.700001 -4.620000
3.852444 -5.642276 -6.692725 -143.430008 -17.570000 -10.990000
3.852444 -5.642276 -6.692725 -143.430008 -17.570000 -10.990000
3.737589 -5.675776 -7.109076 -158.970001 -20.299999 -8.260000
4.173083 -4.433900 -7.757531 -154.279999 -18.620001 -11.270000
3.866802 -4.237689 -7.999206 -134.680008 -19.460001 -14.280000
3.723232 -3.783052 -8.819944 -87.639999 -20.299999 -19.600000
3.311667 -2.603391 -9.056834 -51.029999 -16.379999 -19.040001
3.515057 -2.435893 -9.138189 -49.139999 -13.720000 -16.030001
3.515057 -2.435893 -9.138189 -49.139999 -13.720000 -16.030001
3.529413 -2.012364 -9.547362 -14.560000 -7.210000 -7.070000
3.658626 -2.084148 -9.346365 -6.720000 -0.840000 2.380000
3.572484 -2.199004 -9.217153 -1.050000 2.030000 2.520000
3.558127 -2.325824 -9.406186 -4.410000 3.080000 1.960000
3.558127 -2.325824 -9.406186 -4.410000 3.080000 1.960000
3.507878 -2.419144 -9.087940 -4.200000 5.390000 1.330000
3.488736 -2.285146 -9.042477 -1.960000 6.090000 1.190000
3.567699 -2.371287 -8.839087 -5.670000 5.320000 1.540000
3.500700 -2.488536 -8.853443 -0.560000 6.020000 3.780000
