1.457229 2.512464 9.099905 -2.730000 -1.820000 1.400000
1.500300 2.474179 9.066404 -2.590000 -1.470000 1.330000
1.505085 2.586641 8.906086 -3.640000 -1.400000 0.770000
1.545763 2.620141 8.872586 -6.230000 -1.890000 0.560000
1.545763 2.620141 8.872586 -6.230000 -1.890000 0.560000
1.612763 2.469393 8.944371 -2.380000 -0.140000 2.100000
1.706082 2.656033 9.200402 -22.190001 1.400000 3.640000
1.328017 3.371487 9.535398 -89.250000 0.070000 7.490000
1.328017 3.371487 9.535398 -89.250000 0.070000 7.490000
1.172483 2.845066 9.059227 -126.559998 -7.560000 9.240000
2.206182 -4.335794 6.635297 -409.149994 -28.000000 25.410000
1.469193 -4.656433 5.989235 -413.420013 -23.590000 21.139999
1.667797 -6.534799 3.574877 -448.980011 -34.509998 8.330000
1.919044 -7.470392 0.421137 -483.350006 -33.459999 -2.940000
1.919044 -7.470392 0.421137 -483.350006 -33.459999 -2.940000
1.837688 -7.707282 -1.938186 -500.920013 -32.830002 -12.250000
1.837688 -7.707282 -1.938186 -500.920013 -32.830002 -12.250000
1.837688 -7.707282 -1.938186 -500.920013 -32.830002 -12.250000
1.837688 -7.707282 -1.938186 -500.920013 -32.830002 -12.250000
1.837688 -7.707282 -1.938186 -500.920013 -32.830002 -12.250000
1.837688 -7.707282 -1.938186 -500.920013 -32.830002 -12.250000
2.002793 -6.762117 -7.855636 -26.530001 -9.100000 -5.600000
2.462214 -6.903293 -8.042276 -11.130000 -5.250000 -2.520000
2.263610 -6.384050 -7.884350 -10.710000 -3.150000 -5.110000
2.179861 -6.532406 -7.846066 -13.160000 -4.480000 -4.970000
2.031506 -5.831308 -7.743174 -3.220000 -2.100000 -3.990000
2.031506 -5.831308 -7.743174 -3.220000 -2.100000 -3.990000
2.141576 -5.891129 -7.534998 1.960000 1.190000 -2.590000
2.206182 -5.757132 -7.570890 0.490000 1.960000 -1.330000
2.206182 -5.757132 -7.570890 0.490000 1.960000 -1.330000
2.146362 -5.828916 -7.420143 1.960000 1.680000 -0.700000
2.134398 -5.819345 -7.453642 -3.780000 0.490000 -0.770000
2.227718 -6.013163 -7.630712 2.730000 -0.980000 0.560000
2.225325 -6.403193 -7.972885 12.390000 2.170000 2.590000
