2.634498 -9.133404 3.050849 -10.500000 2.730000 3.010000
2.634498 -9.133404 3.050849 -10.500000 2.730000 3.010000
2.694318 -9.133404 2.955136 -5.950000 4.760000 2.660000
2.632105 -9.075976 3.046063 -10.710000 3.220000 1.750000
2.651247 -8.956335 3.024528 -10.920000 3.430000 1.260000
2.651247 -8.956335 3.024528 -10.920000 3.430000 1.260000
2.591427 -8.573483 3.117848 -35.910000 4.480000 1.610000
2.629712 -9.169296 1.371087 -181.720001 -9.450000 7.210000
2.629712 -9.169296 1.371087 -181.720001 -9.450000 7.210000
2.488536 -9.822537 -1.529014 -224.000000 -22.330000 5.740000
2.744568 -9.001799 -2.263610 -170.240005 -17.360001 -0.070000
2.237289 -8.257630 -3.852444 -233.869995 -27.930000 -3.850000
2.237289 -8.257630 -3.852444 -233.869995 -27.930000 -3.850000
2.730211 -8.803195 -5.240282 -216.300003 -32.270000 -5.390000
2.648855 -7.843673 -5.606383 -175.699997 -24.570000 -10.990000
2.514857 -6.865008 -7.987241 -185.009995 -32.200001 -14.000000
2.505285 -5.998806 -7.707282 -141.050003 -30.730000 -17.150000
2.266003 -5.201996 -8.578269 -97.790001 -29.540001 -15.610000
2.127219 -4.515256 -8.884550 -87.080002 -25.480000 -14.840000
2.170290 -4.264010 -8.941978 -80.010002 -19.110001 -12.460000
2.170290 -4.264010 -8.941978 -80.010002 -19.110001 -12.460000
2.055435 -3.847659 -8.980263 -44.590000 -15.190001 -8.330000
1.995614 -3.460021 -9.437292 -21.280001 -7.070000 -5.040000
2.002793 -3.440879 -9.403792 -8.400000 -1.540000 -2.870000
2.002793 -3.440879 -9.403792 -8.400000 -1.540000 -2.870000
2.065006 -3.326023 -9.604790 -5.740000 0.910000 -0.770000
2.065006 -3.326023 -9.604790 -5.740000 0.910000 -0.770000
2.141576 -3.460021 -8.963513 -7.210000 6.090000 0.280000
2.055435 -3.524628 -9.011370 -3.990000 4.200000 0.560000
2.055435 -3.524628 -9.011370 -3.990000 4.200000 0.560000
2.055435 -3.524628 -9.011370 -3.990000 4.200000 0.560000
2.055435 -3.524628 -9.011370 -3.990000 4.200000 0.560000
2.055435 -3.524628 -9.011370 -3.990000 4.200000 0.560000
