2.768496 -8.886944 2.859423 -14.980000 6.230000 3.360000
3.069991 -8.793623 3.129812 3.430000 4.690000 2.310000
2.852244 -8.922836 2.964707 -12.600000 3.290000 4.480000
2.868994 -9.186047 2.921637 -11.130000 4.060000 4.060000
2.857030 -9.097511 3.058028 -0.910000 5.670000 3.710000
2.857030 -9.097511 3.058028 -0.910000 5.670000 3.710000
2.971886 -9.171689 3.180061 -9.520000 3.990000 1.680000
2.813959 -8.987441 3.192025 -10.150000 4.480000 1.540000
2.833102 -8.863015 3.196811 -25.830000 3.990000 0.770000
2.833102 -8.863015 3.196811 -25.830000 3.990000 0.770000
2.940779 -9.925428 1.981257 -64.050003 -3.570000 2.030000
2.940779 -9.925428 1.981257 -64.050003 -3.570000 2.030000
2.797210 -8.238488 1.703690 -149.240005 -2.520000 4.340000
3.012564 -10.334601 -0.153141 -127.610001 -10.920000 4.060000
2.782853 -8.568698 -1.007378 -200.410004 -14.420000 3.220000
2.782853 -8.568698 -1.007378 -200.410004 -14.420000 3.220000
3.086741 -8.803195 -1.883151 -103.040001 -11.410000 -4.830000
3.086741 -8.803195 -1.883151 -103.040001 -11.410000 -4.830000
3.007778 -8.200203 -4.046263 -103.110001 -13.580000 -5.320000
2.768496 -7.752745 -4.144369 -125.300003 -12.110000 -4.410000
2.952743 -8.032705 -5.517848 -151.619995 -14.980000 -1.890000
2.952743 -8.032705 -5.517848 -151.619995 -14.980000 -1.890000
2.952743 -8.032705 -5.517848 -151.619995 -14.980000 -1.890000
3.012564 -7.843673 -5.601598 -90.930000 -15.260000 -3.290000
2.763710 -7.051648 -5.888737 -85.680000 -12.740000 -4.270000
2.957529 -6.321837 -7.176075 -136.430008 -14.910000 -5.460000
2.957529 -6.321837 -7.176075 -136.430008 -14.910000 -5.460000
2.706282 -5.412565 -8.157133 -73.360001 -13.090000 -7.840000
2.706282 -5.412565 -8.157133 -73.360001 -13.090000 -7.840000
2.550749 -4.898108 -8.164310 -40.320000 -11.410000 -6.160000
2.565106 -4.285545 -8.554340 -39.410000 -4.760000 -4.550000
2.565106 -4.285545 -8.554340 -39.410000 -4.760000 -4.550000
2.648855 -4.608576 -8.719445 -25.270000 -2.030000 -0.980000
2.694318 -4.201797 -8.707481 -25.969999 -0.980000 -1.540000
2.711068 -3.976871 -8.755339 -36.750000 -2.380000 -3.920000
2.711068 -3.976871 -8.755339 -36.750000 -2.380000 -3.920000
2.533999 -3.637090 -8.946764 -19.320000 0.770000 -0.280000
2.533999 -3.637090 -8.946764 -19.320000 0.770000 -0.280000
2.404787 -3.436093 -8.822337 -24.430000 1.960000 -1.330000
2.404787 -3.436093 -8.822337 -24.430000 1.960000 -1.330000
2.285146 -3.309274 -8.714661 -19.460001 -0.980000 0.840000
2.285146 -3.309274 -8.714661 -19.460001 -0.980000 0.840000
2.383251 -3.328416 -8.987441 -7.070000 1.470000 3.430000
2.383251 -3.328416 -8.987441 -7.070000 1.470000 3.430000
2.385644 -3.512664 -9.241080 -12.950000 2.520000 3.850000
2.380858 -3.359523 -9.322437 -5.460000 3.850000 3.850000
2.333002 -3.297310 -9.040084 -5.670000 5.740000 4.760000
2.447858 -3.584448 -9.111869 -2.730000 7.140000 5.250000
2.447858 -3.584448 -9.111869 -2.730000 7.140000 5.250000
2.651247 -3.333202 -9.071191 -1.050000 6.370000 3.780000
2.651247 -3.333202 -9.071191 -1.050000 6.370000 3.780000
