2.323431 -9.360723 2.167897 -10.430000 4.130000 2.030000
2.292324 -9.195618 2.215754 -5.110000 5.320000 3.150000
2.177469 -9.518648 2.182254 -8.050000 4.480000 0.350000
2.177469 -9.518648 2.182254 -8.050000 4.480000 0.350000
2.361716 -9.482756 2.153540 -13.370000 2.800000 -1.260000
2.500499 -9.817751 1.727618 -41.860001 2.240000 -2.030000
2.538785 -9.722038 1.720440 -33.320000 2.170000 -3.500000
2.538785 -9.722038 1.720440 -33.320000 2.170000 -3.500000
2.730211 -9.657433 0.571885 -120.610001 -7.910000 -3.570000
2.730211 -9.657433 0.571885 -120.610001 -7.910000 -3.570000
2.596212 -8.939585 -0.483350 -141.190002 -10.780000 -3.920000
2.667997 -10.322637 -2.081756 -136.149994 -12.460000 -3.920000
2.876173 -9.798609 -2.301895 -91.840004 -10.990000 -5.810000
2.876173 -9.798609 -2.301895 -91.840004 -10.990000 -5.810000
2.816352 -9.415757 -3.747160 -116.270004 -8.470000 -11.060000
2.816352 -9.415757 -3.747160 -116.270004 -8.470000 -11.060000
2.974278 -8.669197 -4.213760 -89.879997 -9.310000 -6.650000
2.974278 -8.669197 -4.213760 -89.879997 -9.310000 -6.650000
2.825923 -7.927422 -4.811966 -86.239998 -10.010000 -5.950000
2.825923 -7.927422 -4.811966 -86.239998 -10.010000 -5.950000
2.950350 -7.133004 -6.068198 -70.840004 -8.820000 -7.350000
2.818745 -7.156933 -6.252446 -74.199997 -6.790000 -5.670000
2.916851 -6.637690 -6.541977 -82.599998 -8.540000 -7.000000
2.916851 -6.637690 -6.541977 -82.599998 -8.540000 -7.000000
2.720639 -5.728417 -7.183254 -85.610001 -8.050000 -4.830000
2.720639 -5.728417 -7.183254 -85.610001 -8.050000 -4.830000
2.866602 -5.398208 -7.812566 -56.980000 -5.390000 -4.970000
2.878566 -4.926822 -8.123632 -66.919998 -5.110000 -2.030000
2.904887 -5.280960 -8.169096 -52.990002 -4.830000 -1.680000
2.756532 -4.756931 -8.451449 -31.850000 -4.830000 -2.520000
2.732604 -4.675575 -8.595018 -42.840000 -5.740000 -1.820000
2.713461 -3.792624 -8.927622 -35.560001 -4.830000 -3.080000
2.553142 -3.883551 -8.508877 -26.600000 -6.300000 -3.010000
2.407180 -3.594020 -8.839087 -15.820000 -5.740000 -3.710000
2.407180 -3.594020 -8.839087 -15.820000 -5.740000 -3.710000
2.560320 -3.567699 -9.052048 -10.850000 -0.350000 0.490000
2.577070 -3.450450 -8.925228 -13.090000 1.260000 0.700000
2.577070 -3.450450 -8.925228 -13.090000 1.260000 0.700000
2.679961 -3.481557 -9.200402 -13.440001 1.960000 2.100000
2.371287 -3.589234 -8.920443 -7.210000 4.270000 3.220000
2.371287 -3.589234 -8.920443 -7.210000 4.270000 3.220000
2.524428 -3.529413 -8.915657 -4.130000 6.370000 3.850000
2.581856 -3.558127 -9.186047 -7.700000 7.980000 2.870000
2.581856 -3.558127 -9.186047 -7.700000 7.980000 2.870000
2.486143 -3.536592 -8.831908 2.030000 10.500000 4.060000
2.574677 -3.471986 -8.702696 0.210000 10.080000 2.450000
