2.165504 -9.494720 2.696711 -4.620000 2.940000 5.320000
2.165504 -9.494720 2.696711 -4.620000 2.940000 5.320000
2.062613 -9.518648 2.782853 -6.650000 2.170000 4.130000
2.062613 -9.518648 2.782853 -6.650000 2.170000 4.130000
2.026721 -9.432507 2.557927 -4.480000 3.850000 3.150000
2.026721 -9.432507 2.557927 -4.480000 3.850000 3.150000
1.890330 -9.090333 2.684747 -10.010000 3.220000 3.220000
1.861616 -8.807980 2.421536 -78.820000 1.400000 5.530000
1.847259 -9.298509 1.014557 -115.220001 -5.250000 1.050000
1.847259 -9.298509 1.014557 -115.220001 -5.250000 1.050000
1.847259 -9.298509 1.014557 -115.220001 -5.250000 1.050000
1.974079 -9.702895 -0.624527 -145.809998 -7.980000 2.100000
1.974079 -9.702895 -0.624527 -145.809998 -7.980000 2.100000
1.974079 -9.702895 -0.624527 -145.809998 -7.980000 2.100000
2.299503 -10.229317 -3.409772 -111.370003 -13.230000 -2.730000
1.921437 -8.647661 -4.003192 -128.380005 -15.960000 -1.960000
1.921437 -8.647661 -4.003192 -128.380005 -15.960000 -1.960000
1.921437 -8.647661 -4.003192 -128.380005 -15.960000 -1.960000
1.624727 -7.688138 -4.898108 -88.760002 -13.440001 -0.490000
2.017149 -7.838887 -5.850451 -62.299999 -14.140000 -1.260000
2.017149 -7.838887 -5.850451 -62.299999 -14.140000 -1.260000
1.758725 -7.341179 -6.013163 -97.370003 -14.490000 -3.150000
1.758725 -7.341179 -6.013163 -97.370003 -14.490000 -3.150000
1.878366 -6.975078 -6.905686 -71.959999 -18.129999 -13.230000
1.730011 -6.111269 -7.704889 -62.090000 -13.580000 -10.640000
1.730011 -6.111269 -7.704889 -62.090000 -13.580000 -10.640000
1.871187 -5.795416 -7.879565 -53.830002 -9.100000 -9.870000
1.871187 -5.795416 -7.879565 -53.830002 -9.100000 -9.870000
1.964507 -5.087141 -8.489735 -59.570000 -6.510000 -10.920000
1.964507 -5.087141 -8.489735 -59.570000 -6.510000 -10.920000
1.971686 -4.594220 -8.626125 -27.510000 -1.540000 -3.150000
1.971686 -4.594220 -8.626125 -27.510000 -1.540000 -3.150000
1.890330 -4.342973 -8.647661 -21.840000 -2.310000 -2.520000
1.890330 -4.342973 -8.647661 -21.840000 -2.310000 -2.520000
1.756332 -4.273581 -8.767302 -26.180000 -2.590000 -0.980000
1.720440 -4.156333 -8.729016 -8.820000 -2.100000 -0.210000
1.720440 -4.156333 -8.729016 -8.820000 -2.100000 -0.210000
1.562513 -4.388437 -8.863015 -13.580000 3.150000 1.330000
1.562513 -4.388437 -8.863015 -13.580000 3.150000 1.330000
1.753939 -4.039084 -8.855836 -2.030000 1.680000 3.500000
1.753939 -4.039084 -8.855836 -2.030000 1.680000 3.500000
1.639083 -4.141976 -8.740981 -1.750000 2.520000 3.570000
1.639083 -4.141976 -8.740981 -1.750000 2.520000 3.570000
1.639083 -4.141976 -8.740981 -1.750000 2.520000 3.570000
1.560120 -4.063013 -8.879765 -8.190000 2.660000 3.080000
1.560120 -4.063013 -8.879765 -8.190000 2.660000 3.080000
1.584049 -4.326223 -8.807980 -3.360000 3.640000 2.310000
