4.747360 -8.087741 3.512664 -9.030000 2.240000 3.430000
4.747360 -8.087741 3.512664 -9.030000 2.240000 3.430000
4.689932 -7.879565 3.294917 -5.040000 4.270000 3.780000
4.632504 -7.944171 3.340380 -9.660000 2.030000 2.870000
4.529613 -7.941778 3.483950 -11.340000 0.560000 3.150000
4.529613 -7.941778 3.483950 -11.340000 0.560000 3.150000
4.579862 -7.716853 3.517449 -22.610001 0.840000 4.060000
4.673182 -7.673782 3.445665 -35.840000 -0.840000 5.740000
4.527221 -8.312666 2.500499 -128.660004 -10.430000 13.510000
4.902894 -8.255238 1.926222 -124.879997 -0.210000 12.390000
4.902894 -8.255238 1.926222 -124.879997 -0.210000 12.390000
4.500899 -7.585248 1.497907 -228.830002 -9.940000 11.760000
4.438686 -8.571091 -0.827917 -186.479996 -18.760000 9.310000
4.888536 -8.255238 -1.423729 -158.690002 -17.780001 2.450000
4.888536 -8.255238 -1.423729 -158.690002 -17.780001 2.450000
4.321437 -8.525627 -4.357330 -233.660004 -25.690001 2.940000
4.321437 -8.525627 -4.357330 -233.660004 -25.690001 2.940000
4.321437 -8.525627 -4.357330 -233.660004 -25.690001 2.940000
4.570292 -7.659425 -4.788038 -135.309998 -21.280001 -9.660000
4.582255 -5.831308 -6.774081 -93.940002 -19.809999 -15.960000
4.307081 -5.295317 -7.429714 -151.619995 -28.210001 -10.990000
4.699504 -5.094319 -8.042276 -137.130005 -27.299999 -13.020000
4.230510 -3.768696 -7.499106 -130.479996 -25.340000 -14.770000
4.230510 -3.768696 -7.499106 -130.479996 -25.340000 -14.770000
4.077370 -3.842873 -8.367701 -104.090004 -28.980000 -14.700000
3.938586 -3.165704 -8.578269 -79.940002 -28.420000 -14.490000
3.701697 -2.443072 -8.329416 -51.240002 -28.210001 -11.340000
3.349952 -2.153540 -9.399008 -42.139999 -23.590000 -7.070000
3.428915 -2.249253 -9.121440 -16.660000 -20.090000 -4.410000
3.428915 -2.249253 -9.121440 -16.660000 -20.090000 -4.410000
3.263810 -1.945365 -9.985250 -12.950000 -13.020000 0.140000
3.524628 -1.957329 -9.686146 2.240000 2.450000 3.010000
3.479164 -2.108077 -9.595219 -5.320000 3.710000 3.780000
3.574877 -2.175076 -9.643075 -7.070000 5.390000 4.200000
3.574877 -2.175076 -9.643075 -7.070000 5.390000 4.200000
3.455236 -2.177469 -9.466006 -2.520000 8.260000 3.920000
3.455236 -2.177469 -9.466006 -2.520000 8.260000 3.920000
3.464807 -2.215754 -9.212367 -2.100000 8.820000 3.150000
