4.529613 -8.274381 2.366502 -8.050000 4.340000 3.920000
4.553542 -8.429914 2.593820 -2.520000 3.640000 2.660000
4.553542 -8.429914 2.593820 -2.520000 3.640000 2.660000
4.670790 -8.480164 2.502892 -7.140000 2.870000 0.840000
4.579862 -8.451449 2.421536 -5.950000 0.420000 -0.140000
4.462614 -7.953743 2.639283 -19.600000 0.210000 -0.070000
4.744967 -8.915657 1.840081 -20.930000 -4.130000 1.050000
4.776074 -8.059027 2.213361 -0.350000 2.520000 0.910000
4.776074 -8.059027 2.213361 -0.350000 2.520000 0.910000
4.584648 -6.929615 2.727818 -77.840004 0.140000 3.710000
5.029713 -7.862815 1.263410 -136.710007 -5.390000 10.360000
4.386044 -7.154540 0.160319 -243.110001 -17.150000 9.940000
4.386044 -7.154540 0.160319 -243.110001 -17.150000 9.940000
4.699504 -9.908678 -2.230111 -157.639999 -23.309999 8.470000
4.874180 -7.389036 -1.330409 -141.610001 -19.530001 1.960000
4.974678 -7.592427 -4.453043 -68.250000 -18.410000 -6.440000
4.448257 -6.381658 -3.730411 -111.020004 -10.010000 -8.050000
4.555934 -7.534998 -5.752346 -167.089996 -20.650000 2.170000
4.555934 -7.534998 -5.752346 -167.089996 -20.650000 2.170000
4.563113 -6.805188 -5.986843 -84.139999 -13.230000 -8.470000
4.479364 -5.644669 -5.584848 -111.860001 -13.160000 -9.870000
4.546363 -4.560720 -7.121039 -95.269997 -13.510000 -13.860000
3.907479 -4.467400 -7.539784 -125.580002 -14.490000 -8.960000
4.354938 -4.161119 -8.149954 -95.900002 -19.670000 -8.470000
4.022335 -3.266203 -7.661818 -92.050003 -18.690001 -7.630000
4.022335 -3.266203 -7.661818 -92.050003 -18.690001 -7.630000
4.022335 -3.266203 -7.661818 -92.050003 -18.690001 -7.630000
3.895515 -2.945565 -8.860621 -54.250000 -21.700001 -12.670000
3.538985 -2.395216 -9.415757 -73.430000 -11.480000 -8.400000
3.897908 -1.969293 -9.317651 -24.500000 -8.470000 -5.180000
3.795017 -1.696511 -9.162118 -44.660000 -7.770000 -4.760000
3.728018 -2.017149 -9.119047 -46.130001 -7.560000 -3.920000
3.694518 -1.438086 -9.253045 -9.310000 -7.350000 -1.260000
3.694518 -1.438086 -9.253045 -9.310000 -7.350000 -1.260000
3.694518 -1.438086 -9.253045 -9.310000 -7.350000 -1.260000
3.572484 -1.519442 -9.410972 -2.170000 -0.210000 1.540000
3.562913 -1.481157 -9.494720 -5.670000 4.410000 3.780000
3.716053 -1.696511 -9.202796 -1.470000 4.410000 3.500000
3.574877 -1.497907 -9.420543 -4.550000 4.340000 2.590000
3.474378 -1.447658 -9.178867 -3.080000 6.020000 3.780000
3.594020 -1.598405 -9.265009 -1.890000 6.230000 3.990000
