1.832902 -9.061620 3.495914 -6.580000 4.620000 2.660000
1.792224 -8.762517 4.019942 3.570000 6.580000 3.150000
1.722832 -9.052048 3.787838 -10.570000 3.710000 3.150000
1.722832 -9.052048 3.787838 -10.570000 3.710000 3.150000
1.670190 -8.604590 4.041477 -29.610001 4.340000 2.730000
1.428515 -7.893922 4.194618 -177.380005 -4.410000 3.500000
1.674976 -8.695518 2.569891 -228.759995 -14.840000 6.160000
1.873580 -9.379865 0.949951 -238.559998 -18.549999 4.130000
1.708475 -9.530612 -0.655633 -233.240005 -21.070000 0.070000
1.708475 -9.530612 -0.655633 -233.240005 -21.070000 0.070000
1.655833 -8.441878 -4.323831 -236.180008 -24.500000 -15.610000
1.919044 -8.315059 -5.441278 -233.520004 -23.450001 -18.830000
2.100898 -7.716853 -7.156933 -186.410004 -22.400000 -17.639999
1.926222 -6.101698 -6.836295 -152.600006 -23.799999 -14.910000
1.926222 -6.101698 -6.836295 -152.600006 -23.799999 -14.910000
2.041078 -6.230910 -7.410572 -149.449997 -24.500000 -13.720000
1.895115 -4.962714 -8.451449 -96.459999 -23.730000 -15.820000
1.691726 -3.888337 -8.915657 -97.930000 -18.690001 -14.910000
1.691726 -3.888337 -8.915657 -97.930000 -18.690001 -14.910000
1.792224 -3.759124 -9.217153 -54.950001 -16.870001 -15.750000
1.655833 -3.579663 -9.332008 -38.709999 -17.150000 -13.720000
1.397408 -3.079563 -9.779467 -9.870000 -4.760000 -3.990000
1.406980 -2.840281 -9.729217 -13.930000 -1.960000 -3.010000
1.406980 -2.840281 -9.729217 -13.930000 -1.960000 -3.010000
1.406980 -2.840281 -9.729217 -13.930000 -1.960000 -3.010000
1.404587 -2.967100 -9.432507 -2.730000 1.050000 1.050000
1.442872 -3.160919 -9.303294 -0.420000 2.870000 1.400000
1.442872 -3.160919 -9.303294 -0.420000 2.870000 1.400000
1.421337 -3.110669 -9.327222 -4.200000 2.940000 1.610000
1.304088 -3.158526 -9.336794 -1.330000 4.620000 2.170000
1.330409 -3.105884 -9.209974 -3.220000 5.040000 2.730000
1.368695 -3.390630 -9.243474 -6.650000 4.270000 2.450000
