4.465007 -8.233703 1.749153 -18.270000 1.120000 2.660000
4.472186 -8.118847 1.859223 -33.810001 0.840000 3.290000
4.321437 -8.520842 1.074377 -68.879997 -2.030000 6.440000
4.321437 -8.520842 1.074377 -68.879997 -2.030000 6.440000
4.594220 -7.719246 1.328017 -77.279999 -1.050000 5.880000
4.594220 -7.719246 1.328017 -77.279999 -1.050000 5.880000
4.778467 -8.042276 -0.662812 -153.440002 -12.880000 4.270000
4.508078 -6.742974 -1.055235 -236.529999 -15.540000 0.350000
4.474578 -10.107283 -4.496114 -166.669998 -20.860001 2.940000
4.474578 -10.107283 -4.496114 -166.669998 -20.860001 2.940000
3.893122 -6.489335 -3.771089 -256.549988 -25.129999 0.070000
4.658825 -6.128019 -5.938986 -155.399994 -29.330000 -13.300000
4.658825 -6.128019 -5.938986 -155.399994 -29.330000 -13.300000
4.658825 -6.128019 -5.938986 -155.399994 -29.330000 -13.300000
4.275974 -5.175675 -8.209774 -156.449997 -25.059999 -11.060000
4.275974 -5.175675 -8.209774 -156.449997 -25.059999 -11.060000
3.969693 -3.747160 -8.099705 -150.850006 -21.350000 -7.560000
4.070191 -3.747160 -8.549555 -144.619995 -22.120001 -7.350000
3.912265 -2.670390 -9.205189 -117.180000 -16.450001 -7.280000
3.943372 -2.847459 -9.358330 -105.840004 -16.940001 -6.090000
3.943372 -2.847459 -9.358330 -105.840004 -16.940001 -6.090000
3.701697 -1.998007 -8.475377 -63.630001 -14.420000 -4.340000
3.594020 -1.816152 -8.597411 -34.930000 -19.320000 -5.180000
3.314059 -1.737189 -9.434900 -28.210001 -16.240000 -6.160000
3.314059 -1.737189 -9.434900 -28.210001 -16.240000 -6.160000
3.605984 -1.509871 -9.712467 -4.900000 -3.150000 0.280000
3.605984 -1.509871 -9.712467 -4.900000 -3.150000 0.280000
3.589234 -1.512264 -9.427721 -10.640000 -0.560000 1.190000
3.553342 -1.591227 -9.463614 -3.990000 0.140000 2.870000
3.558127 -1.670190 -9.781858 -5.320000 3.710000 3.920000
3.495914 -1.679761 -9.430114 -5.600000 4.620000 1.470000
3.395415 -1.722832 -9.190832 -3.570000 5.670000 1.120000
