2.914458 -9.104690 2.703890 -3.220000 4.900000 2.940000
2.912065 -9.073583 2.641676 -5.180000 4.760000 3.500000
2.912065 -9.073583 2.641676 -5.180000 4.760000 3.500000
2.924029 -8.958728 2.622534 -5.600000 3.710000 3.150000
2.924029 -8.958728 2.622534 -5.600000 3.710000 3.150000
2.924029 -8.958728 2.622534 -5.600000 3.710000 3.150000
2.873780 -9.035298 2.739782 -10.500000 3.360000 4.130000
2.900101 -9.379865 2.380858 -22.610001 0.910000 3.360000
2.902494 -9.305687 2.481357 -22.889999 1.190000 1.540000
2.902494 -9.305687 2.481357 -22.889999 1.190000 1.540000
2.914458 -9.322437 1.674976 -83.300003 -1.610000 2.940000
2.904887 -9.128618 1.507478 -80.010002 -0.910000 -0.420000
2.904887 -9.128618 1.507478 -80.010002 -0.910000 -0.420000
2.904887 -9.128618 1.507478 -80.010002 -0.910000 -0.420000
2.931208 -9.341579 0.155533 -102.900002 -5.460000 2.030000
2.931208 -9.341579 0.155533 -102.900002 -5.460000 2.030000
3.017349 -9.267403 -1.339981 -90.090004 -8.120000 0.700000
2.914458 -8.827123 -1.782653 -128.869995 -7.560000 1.610000
3.117848 -9.114261 -3.172883 -68.949997 -6.860000 -1.330000
3.117848 -9.114261 -3.172883 -68.949997 -6.860000 -1.330000
3.091527 -9.049655 -3.682554 -101.290001 -8.820000 -0.070000
3.091527 -9.049655 -3.682554 -101.290001 -8.820000 -0.070000
2.928815 -8.171489 -4.429115 -76.160004 -4.620000 -0.560000
3.036492 -7.975278 -4.977071 -84.209999 -6.090000 -2.310000
3.096312 -7.501499 -5.156533 -84.279999 -7.140000 -1.470000
3.096312 -7.501499 -5.156533 -84.279999 -7.140000 -1.470000
2.976671 -7.958528 -5.462814 -82.459999 -7.140000 -1.750000
3.034099 -6.967900 -6.367301 -79.590004 -12.180000 -2.450000
3.022135 -6.245267 -6.496514 -100.940002 -10.710000 -2.170000
2.823531 -6.398407 -7.377072 -105.349998 -13.440001 -2.310000
2.873780 -5.857630 -7.654640 -88.340004 -12.390000 -2.660000
2.718246 -5.343173 -8.032705 -77.489998 -8.610000 -1.820000
2.684747 -5.551349 -8.276773 -65.309998 -4.900000 -0.350000
2.689533 -4.539185 -8.334201 -40.670002 0.630000 0.840000
2.778067 -4.907679 -8.559127 -44.730000 1.190000 -0.280000
2.778067 -4.907679 -8.559127 -44.730000 1.190000 -0.280000
2.852244 -4.642076 -8.372486 -24.850000 1.540000 0.140000
2.723032 -4.223332 -8.496914 -24.080000 0.700000 -0.210000
2.533999 -4.041477 -8.532805 -29.750000 1.260000 -0.280000
2.598605 -4.225725 -8.774480 -18.830000 2.170000 0.210000
2.524428 -3.739982 -8.659625 -18.340000 7.280000 1.820000
2.854637 -3.988836 -8.630912 -20.930000 6.930000 2.520000
2.773281 -3.847659 -8.568698 -17.010000 6.020000 3.640000
2.696711 -3.845266 -8.563912 -13.580000 4.900000 2.730000
2.730211 -3.785445 -8.846266 -4.550000 4.900000 3.150000
2.756532 -3.816552 -8.592626 -8.540000 5.460000 4.200000
2.756532 -3.816552 -8.592626 -8.540000 5.460000 4.200000
2.756532 -3.816552 -8.592626 -8.540000 5.460000 4.200000
2.663212 -3.823731 -8.358130 -2.800000 3.780000 3.570000
2.727818 -3.814159 -8.609376 -6.510000 2.590000 4.200000
2.727818 -3.814159 -8.609376 -6.510000 2.590000 4.200000
2.694318 -3.806981 -8.657232 -3.290000 2.170000 2.380000
2.782853 -3.850052 -8.982656 1.540000 3.150000 4.060000
2.773281 -3.890730 -8.664411 -7.490000 3.010000 1.400000
