2.730211 -9.059227 2.689533 0.210000 5.810000 3.290000
2.730211 -9.059227 2.689533 0.210000 5.810000 3.290000
2.794817 -9.207582 2.634498 -6.860000 2.310000 4.410000
2.780460 -9.389436 2.665605 -5.950000 2.170000 4.200000
2.629712 -9.219545 2.581856 -11.060000 3.150000 2.590000
2.629712 -9.219545 2.581856 -11.060000 3.150000 2.590000
2.701497 -9.224331 2.565106 -32.340000 2.240000 1.400000
2.780460 -8.846266 2.423929 -93.379997 -0.560000 2.940000
2.780460 -8.846266 2.423929 -93.379997 -0.560000 2.940000
2.785245 -8.788837 1.584049 -168.979996 -7.070000 5.110000
2.830709 -9.722038 -0.789631 -125.790001 -9.940000 -1.050000
2.830709 -9.722038 -0.789631 -125.790001 -9.940000 -1.050000
2.572284 -10.068997 -2.720639 -149.940002 -5.110000 1.190000
2.995814 -9.248260 -2.653640 -52.570000 -2.660000 -5.320000
2.577070 -8.465806 -2.706282 -97.650002 0.420000 -0.070000
2.577070 -8.465806 -2.706282 -97.650002 0.420000 -0.070000
2.691926 -8.831908 -3.345166 -112.489998 -1.890000 -0.630000
2.885744 -7.846066 -3.840480 -98.699997 -8.750000 -3.150000
2.885744 -7.846066 -3.840480 -98.699997 -8.750000 -3.150000
2.895315 -8.374879 -5.728417 -109.340004 -15.330000 -3.850000
2.895315 -8.374879 -5.728417 -109.340004 -15.330000 -3.850000
2.560320 -6.848258 -5.742774 -65.379997 -11.270000 -2.030000
2.713461 -6.250053 -6.948757 -121.449997 -15.820000 -4.410000
2.713461 -6.250053 -6.948757 -121.449997 -15.820000 -4.410000
2.629712 -5.431707 -8.018349 -104.300003 -13.300000 -2.380000
2.629712 -5.431707 -8.018349 -104.300003 -13.300000 -2.380000
2.665605 -5.096712 -8.580662 -83.370003 -13.440001 -5.460000
2.665605 -5.096712 -8.580662 -83.370003 -13.440001 -5.460000
2.402394 -4.197011 -8.898908 -41.439999 -3.500000 -3.150000
2.500499 -4.141976 -8.944371 -28.840000 -3.150000 -1.680000
2.277967 -4.110869 -8.886944 -22.750000 0.630000 -0.490000
2.277967 -4.110869 -8.886944 -22.750000 0.630000 -0.490000
2.421536 -4.003192 -8.879765 -19.320000 0.420000 -1.540000
2.411965 -3.775874 -8.977871 -15.890000 0.420000 -2.170000
2.289931 -3.491128 -8.937192 -18.549999 1.750000 -0.910000
2.289931 -3.491128 -8.937192 -18.549999 1.750000 -0.910000
2.419144 -3.436093 -8.997013 -8.540000 4.900000 2.590000
2.297110 -3.376273 -8.717053 -4.760000 6.090000 5.040000
2.404787 -3.522235 -8.889337 -2.450000 5.670000 5.600000
2.352145 -3.608376 -8.930015 -5.810000 3.850000 4.410000
2.392823 -3.503092 -8.757731 -1.260000 3.500000 4.130000
2.323431 -3.663411 -8.851050 -4.270000 3.990000 4.760000
