4.393222 -8.731410 2.009971 -6.090000 3.920000 2.450000
4.393222 -8.731410 2.009971 -6.090000 3.920000 2.450000
4.108476 -8.772088 1.914258 -10.080000 3.430000 2.030000
4.275974 -8.626125 2.041078 -7.910000 4.060000 1.610000
4.275974 -8.626125 2.041078 -7.910000 4.060000 1.610000
4.273581 -8.571091 2.105684 -13.020000 3.430000 2.520000
4.192225 -8.437093 2.021935 -31.080000 3.850000 4.200000
4.115655 -7.898707 1.947758 -91.279999 1.960000 6.230000
4.335794 -8.291130 0.748954 -103.879997 -2.030000 6.440000
3.823731 -8.539984 -0.145962 -195.649994 -13.160000 6.580000
3.823731 -8.539984 -0.145962 -195.649994 -13.160000 6.580000
4.101298 -9.308081 -1.093520 -178.710007 -14.630000 4.970000
4.024727 -7.812566 -1.670190 -220.850006 -17.639999 -3.640000
4.572684 -8.906086 -3.775874 -189.419998 -25.900000 -1.610000
3.888337 -8.233703 -6.570691 -215.460007 -26.950001 -5.110000
4.275974 -6.001199 -6.070591 -118.300003 -19.040001 -14.700000
4.027121 -5.422136 -5.919843 -148.470001 -16.870001 -13.020000
4.230510 -6.104091 -7.877172 -142.169998 -24.430000 -13.160000
3.885944 -4.034299 -7.336394 -141.750000 -18.059999 -15.470000
3.885944 -4.034299 -7.336394 -141.750000 -18.059999 -15.470000
3.845266 -4.072584 -7.841280 -166.880005 -24.010000 -12.740000
3.438486 -2.931208 -8.822337 -88.900002 -18.340000 -13.020000
3.663411 -2.871387 -9.095119 -71.540001 -18.900000 -12.110000
3.663411 -2.871387 -9.095119 -71.540001 -18.900000 -12.110000
3.560520 -2.208575 -9.372685 -32.830002 -12.670000 -8.400000
3.550949 -2.139183 -9.233903 -18.129999 -8.120000 -3.710000
3.615555 -2.093720 -9.209974 -11.270000 -6.580000 -2.030000
3.579663 -2.012364 -9.530612 -5.530000 -1.540000 -0.840000
3.601198 -2.031506 -9.322437 -4.130000 2.030000 0.140000
3.476771 -2.038685 -9.198010 -4.760000 3.500000 0.140000
3.476771 -2.038685 -9.198010 -4.760000 3.500000 0.140000
3.627519 -2.163112 -9.066404 -3.360000 2.870000 0.770000
3.455236 -2.062613 -8.987441 -1.050000 3.640000 1.680000
3.589234 -2.194218 -9.090333 -5.250000 3.920000 1.540000
3.531806 -2.182254 -9.164511 -4.760000 3.220000 0.770000
