2.775674 -9.523434 1.694118 -9.310000 3.080000 3.780000
2.768496 -9.126225 1.892723 0.700000 4.620000 2.380000
2.768496 -9.126225 1.892723 0.700000 4.620000 2.380000
2.658426 -9.343972 1.835295 -12.390000 3.500000 4.830000
2.734996 -9.243474 1.981257 -32.200001 2.170000 1.960000
2.734996 -9.243474 1.981257 -32.200001 2.170000 1.960000
2.725425 -9.853643 1.009771 -46.689999 -0.630000 3.080000
2.725425 -9.853643 1.009771 -46.689999 -0.630000 3.080000
2.758924 -9.358330 1.301696 -30.100000 4.270000 -0.210000
2.713461 -8.956335 1.323231 -56.840000 4.480000 0.560000
2.684747 -9.846465 -0.112463 -75.459999 -0.140000 1.260000
2.883351 -9.786645 0.112463 -50.470001 -1.260000 -2.450000
2.883351 -9.786645 0.112463 -50.470001 -1.260000 -2.450000
2.849852 -9.241080 -0.725025 -111.440002 -3.990000 1.820000
2.842674 -8.714661 -0.851845 -112.770004 -9.800000 -0.140000
2.842674 -8.714661 -0.851845 -112.770004 -9.800000 -0.140000
2.842674 -8.714661 -0.851845 -112.770004 -9.800000 -0.140000
2.842674 -8.714661 -0.851845 -112.770004 -9.800000 -0.140000
2.842674 -8.714661 -0.851845 -112.770004 -9.800000 -0.140000
2.842674 -8.714661 -0.851845 -112.770004 -9.800000 -0.140000
2.818745 -8.566305 -2.684747 -93.730003 -11.480000 -1.330000
2.878566 -8.317451 -4.453043 -115.779999 -18.690001 0.070000
2.878566 -8.317451 -4.453043 -115.779999 -18.690001 0.070000
2.663212 -7.671390 -4.900501 -94.849998 -13.580000 -0.980000
2.663212 -7.671390 -4.900501 -94.849998 -13.580000 -0.980000
2.577070 -6.874579 -7.250252 -81.970001 -15.400000 -2.870000
2.577070 -6.874579 -7.250252 -81.970001 -15.400000 -2.870000
2.577070 -6.874579 -7.250252 -81.970001 -15.400000 -2.870000
2.471786 -5.855237 -7.824530 -44.029999 -6.790000 -3.010000
2.416751 -5.589634 -8.200203 -20.160000 -1.190000 -0.280000
2.457429 -5.158926 -7.786245 -19.460001 0.350000 0.280000
2.457429 -5.158926 -7.786245 -19.460001 0.350000 0.280000
2.361716 -5.352744 -7.934600 -36.540001 1.050000 0.490000
2.467000 -5.223531 -8.147561 -40.880001 0.280000 -1.890000
2.467000 -5.223531 -8.147561 -40.880001 0.280000 -1.890000
2.328217 -4.883751 -8.307880 -53.760002 -1.400000 -4.060000
2.328217 -4.883751 -8.307880 -53.760002 -1.400000 -4.060000
2.435893 -4.230510 -8.343772 -49.349998 -1.190000 -8.680000
2.182254 -4.153940 -8.458629 -40.110001 0.140000 -3.640000
2.342573 -3.689733 -8.657232 -23.870001 2.100000 -1.540000
2.342573 -3.689733 -8.657232 -23.870001 2.100000 -1.540000
2.342573 -3.689733 -8.657232 -23.870001 2.100000 -1.540000
2.342573 -3.689733 -8.657232 -23.870001 2.100000 -1.540000
2.342573 -3.689733 -8.657232 -23.870001 2.100000 -1.540000
2.342573 -3.996014 -8.685946 -10.780000 0.560000 2.730000
2.342573 -3.996014 -8.685946 -10.780000 0.560000 2.730000
2.244468 -3.873980 -8.681160 -2.730000 5.040000 2.590000
2.244468 -3.873980 -8.681160 -2.730000 5.040000 2.590000
2.282753 -3.725625 -8.853443 -2.240000 3.780000 2.240000
2.282753 -3.725625 -8.853443 -2.240000 3.780000 2.240000
