2.227718 -9.516255 1.344766 -11.550000 7.420000 1.820000
2.292324 -9.351151 1.464408 15.260000 6.790000 3.080000
2.313859 -9.774680 1.462015 5.320000 5.670000 3.430000
2.313859 -9.774680 1.462015 5.320000 5.670000 3.430000
2.266003 -9.092726 1.600798 -0.070000 6.300000 0.280000
2.275574 -9.061620 2.033899 -36.680000 2.870000 -1.610000
2.440679 -8.659625 1.361516 -142.520004 -3.220000 -7.000000
2.440679 -8.659625 1.361516 -142.520004 -3.220000 -7.000000
2.778067 -9.662218 -0.320638 -108.430000 -11.200000 -3.290000
2.778067 -9.662218 -0.320638 -108.430000 -11.200000 -3.290000
2.778067 -9.662218 -0.320638 -108.430000 -11.200000 -3.290000
2.778067 -9.662218 -0.320638 -108.430000 -11.200000 -3.290000
2.541178 -8.762517 -2.328217 -119.000000 -14.630000 -7.140000
2.830709 -9.265009 -4.517649 -122.220001 -14.630000 -10.360000
2.830709 -9.265009 -4.517649 -122.220001 -14.630000 -10.360000
2.830709 -9.265009 -4.517649 -122.220001 -14.630000 -10.360000
2.610569 -8.051848 -4.515256 -109.620003 -9.450000 -5.320000
2.610569 -8.051848 -4.515256 -109.620003 -9.450000 -5.320000
2.502892 -6.786045 -5.335995 -82.180000 -11.340000 -8.750000
2.818745 -7.518249 -6.340980 -81.410004 -15.890000 -9.520000
2.818745 -7.518249 -6.340980 -81.410004 -15.890000 -9.520000
2.818745 -7.518249 -6.340980 -81.410004 -15.890000 -9.520000
2.419144 -6.506085 -7.389036 -94.500000 -17.850000 -8.260000
2.502892 -5.577669 -7.944171 -53.200001 -14.910000 -5.950000
2.502892 -5.577669 -7.944171 -53.200001 -14.910000 -5.950000
2.502892 -5.577669 -7.944171 -53.200001 -14.910000 -5.950000
2.146362 -5.357530 -7.661818 -53.270000 -7.630000 -3.360000
2.146362 -5.357530 -7.661818 -53.270000 -7.630000 -3.360000
2.321038 -4.780859 -8.327023 -37.170002 -12.250000 -7.000000
2.249253 -4.443472 -8.987441 -38.639999 -6.720000 -7.420000
2.124826 -3.943372 -8.403593 -49.000000 -3.150000 -8.820000
2.124826 -3.943372 -8.403593 -49.000000 -3.150000 -8.820000
2.067399 -4.216154 -8.544770 -45.290001 -4.270000 -9.800000
2.067399 -4.216154 -8.544770 -45.290001 -4.270000 -9.800000
2.120041 -3.651447 -8.525627 -16.590000 -5.040000 -1.960000
2.120041 -3.651447 -8.525627 -16.590000 -5.040000 -1.960000
1.954936 -3.622734 -8.525627 -4.130000 -3.640000 1.120000
1.885544 -3.493521 -9.097511 -3.080000 1.890000 1.960000
1.885544 -3.493521 -9.097511 -3.080000 1.890000 1.960000
1.885544 -3.493521 -9.097511 -3.080000 1.890000 1.960000
1.981257 -3.637090 -8.683553 -2.940000 4.130000 4.130000
1.952543 -3.637090 -8.733803 -5.600000 3.780000 3.570000
1.890330 -3.850052 -9.083155 -6.650000 5.390000 3.850000
1.890330 -3.850052 -9.083155 -6.650000 5.390000 3.850000
2.031506 -3.608376 -8.853443 2.660000 8.260000 5.460000
2.031506 -3.608376 -8.853443 2.660000 8.260000 5.460000
