4.716253 -8.609376 1.919044 -1.400000 5.320000 3.010000
4.668397 -8.516055 2.105684 -3.710000 4.760000 2.310000
4.668397 -8.516055 2.105684 -3.710000 4.760000 2.310000
4.536791 -8.382057 2.122434 -1.470000 2.590000 1.260000
4.718646 -8.389235 2.263610 21.559999 4.690000 1.470000
4.601398 -8.078169 2.596212 20.160000 3.920000 1.680000
4.637290 -8.271988 2.239682 -76.790001 -4.830000 7.840000
4.816752 -7.960921 2.249253 -94.360001 -3.850000 9.100000
4.816752 -7.960921 2.249253 -94.360001 -3.850000 9.100000
4.517649 -7.267002 2.117648 -191.029999 -4.270000 9.310000
4.522435 -8.494520 -0.854238 -276.500000 -23.940001 14.700000
4.240082 -7.970492 -2.421536 -193.199997 -22.680000 0.140000
4.402793 -8.216952 -4.517649 -155.119995 -22.750000 2.030000
4.402793 -8.216952 -4.517649 -155.119995 -22.750000 2.030000
4.125226 -6.778866 -5.594419 -214.830002 -18.900000 5.950000
4.125226 -6.778866 -5.594419 -214.830002 -18.900000 5.950000
4.366901 -7.075576 -7.247860 -118.720001 -15.540000 -1.120000
4.366901 -7.075576 -7.247860 -118.720001 -15.540000 -1.120000
4.465007 -4.955536 -7.834101 -126.279999 -18.340000 -12.320000
3.881158 -4.321437 -7.879565 -122.779999 -18.200001 -14.630000
3.957729 -3.948158 -8.061419 -135.800003 -22.750000 -16.590000
3.725625 -2.739782 -8.961121 -88.830002 -17.780001 -18.900000
3.658626 -2.986243 -9.269794 -89.809998 -17.080000 -17.430000
3.658626 -2.986243 -9.269794 -89.809998 -17.080000 -17.430000
3.790231 -2.127219 -9.030513 -66.360001 -15.610000 -19.180000
3.873980 -1.847259 -9.209974 -29.680000 -15.470000 -16.590000
3.622734 -1.512264 -9.525827 -20.160000 -8.400000 -9.940000
3.589234 -1.131805 -9.604790 -2.590000 -2.520000 -1.610000
3.589234 -1.131805 -9.604790 -2.590000 -2.520000 -1.610000
3.830909 -1.473979 -9.212367 -3.290000 3.360000 2.240000
3.830909 -1.473979 -9.212367 -3.290000 3.360000 2.240000
3.694518 -1.641476 -9.276974 -1.120000 3.710000 1.890000
3.625126 -1.636691 -9.303294 -2.870000 4.900000 2.170000
3.531806 -1.775474 -9.245867 -3.780000 4.550000 1.750000
3.531806 -1.775474 -9.245867 -3.780000 4.550000 1.750000
3.536592 -1.739582 -8.958728 2.380000 5.740000 1.540000
3.512664 -1.631905 -9.233903 2.380000 5.670000 1.470000
