2.986243 -9.422935 1.406980 -5.110000 4.690000 3.780000
2.995814 -9.387043 1.533799 -11.970000 0.980000 5.460000
2.868994 -9.726824 1.263410 -13.020000 1.120000 4.130000
2.868994 -9.726824 1.263410 -13.020000 1.120000 4.130000
2.928815 -9.346365 1.330409 -12.110000 0.910000 2.800000
3.129812 -9.370294 1.263410 -38.500000 -1.470000 2.590000
2.967100 -9.241080 0.495314 -67.970001 -3.220000 3.010000
2.892922 -8.973085 0.693919 -92.330002 -2.310000 2.800000
3.062813 -9.233903 -0.308674 -137.339996 -7.210000 3.640000
3.062813 -9.233903 -0.308674 -137.339996 -7.210000 3.640000
2.926422 -8.798409 -1.313660 -84.840004 -4.760000 0.280000
2.998207 -9.293723 -2.706282 -119.910004 -4.410000 2.030000
3.038885 -9.745967 -3.046063 -105.840004 -5.600000 3.290000
3.093920 -8.439486 -2.665605 -68.389999 -3.220000 -0.420000
2.852244 -8.941978 -4.058227 -113.190002 -7.070000 1.470000
2.852244 -8.941978 -4.058227 -113.190002 -7.070000 1.470000
3.046063 -9.099905 -4.503292 -91.489998 -9.590000 0.910000
2.931208 -8.221739 -5.182854 -119.279999 -10.010000 -0.910000
3.108276 -7.551748 -5.793024 -105.769997 -10.290000 -3.080000
3.108276 -7.551748 -5.793024 -105.769997 -10.290000 -3.080000
2.883351 -6.807580 -7.183254 -136.220001 -13.300000 -3.150000
2.849852 -6.348158 -7.094719 -132.720001 -13.370000 -4.620000
2.849852 -6.348158 -7.094719 -132.720001 -13.370000 -4.620000
2.935993 -6.520442 -7.776673 -91.349998 -16.309999 -7.140000
2.512464 -4.718646 -7.881958 -91.769997 -13.020000 -4.480000
2.639283 -4.840680 -8.310273 -107.169998 -11.480000 -2.730000
2.584249 -4.144369 -8.851050 -95.340004 -8.050000 -6.020000
2.864209 -3.900301 -8.831908 -87.639999 -10.150000 -8.540000
2.641676 -3.479164 -9.109475 -56.139999 -13.300000 -11.480000
2.072184 -2.945565 -9.025726 -54.110001 -8.470000 -13.650000
2.072184 -2.945565 -9.025726 -54.110001 -8.470000 -13.650000
2.490928 -2.421536 -9.638289 -27.090000 -5.040000 -8.330000
2.234896 -2.400001 -9.253045 -28.840000 -1.820000 -3.850000
2.359323 -2.194218 -9.322437 -14.140000 0.700000 -1.890000
2.220540 -2.239682 -9.303294 -11.760000 0.630000 0.420000
2.289931 -2.143969 -9.408579 -14.700000 1.750000 1.190000
2.313859 -2.199004 -9.434900 -4.760000 4.970000 1.680000
2.313859 -2.199004 -9.434900 -4.760000 4.970000 1.680000
2.234896 -2.045863 -9.114261 -9.940000 2.380000 2.240000
2.361716 -2.244468 -9.530612 -6.510000 0.980000 1.960000
2.325824 -2.120041 -9.403792 -4.620000 2.590000 3.780000
2.297110 -2.148755 -9.504292 -4.340000 5.040000 3.640000
2.392823 -2.244468 -9.190832 -0.560000 6.230000 3.780000
2.294717 -2.246860 -9.281759 -2.380000 5.180000 4.200000
2.294717 -2.246860 -9.281759 -2.380000 5.180000 4.200000
2.373680 -2.309074 -9.363115 -3.080000 4.130000 3.010000
2.266003 -2.254039 -9.202796 -0.770000 4.970000 2.660000
