4.486543 -8.295916 2.792424 -7.910000 2.800000 0.560000
4.551149 -8.260024 2.708675 -5.530000 2.800000 1.820000
4.582255 -8.248059 2.684747 -11.690000 1.120000 3.010000
4.582255 -8.248059 2.684747 -11.690000 1.120000 3.010000
4.503292 -8.085347 2.813959 -29.820000 2.240000 3.780000
4.486543 -7.867601 2.711068 -63.209999 3.430000 6.160000
4.469792 -7.616355 2.711068 -106.820000 0.980000 8.120000
4.469792 -7.616355 2.711068 -106.820000 0.980000 8.120000
4.488935 -8.465806 0.296710 -159.460007 -10.990000 7.560000
4.488935 -8.465806 0.296710 -159.460007 -10.990000 7.560000
4.395615 -7.965706 0.148355 -183.820007 -13.020000 5.390000
4.496114 -7.372287 -1.655833 -159.460007 -10.710000 -2.310000
4.376472 -7.223931 -2.639283 -217.000000 -15.400000 0.630000
4.520042 -9.291330 -5.247460 -131.600006 -17.150000 1.960000
4.185047 -7.412964 -5.702096 -182.839996 -20.090000 -1.190000
4.185047 -7.412964 -5.702096 -182.839996 -20.090000 -1.190000
4.352544 -6.273981 -6.199803 -142.380005 -15.890000 -7.210000
4.220939 -4.000800 -7.709675 -189.490005 -24.290001 -13.930000
4.182654 -4.352544 -8.702696 -188.160004 -29.049999 -19.110001
3.622734 -2.672783 -8.171489 -112.629997 -26.880001 -28.070000
3.811767 -1.952543 -8.815158 -56.209999 -29.820000 -28.490000
3.474378 -1.694118 -9.262616 -35.070000 -27.650000 -26.250000
3.395415 -1.225125 -9.573684 -28.350000 -25.059999 -23.240000
3.452843 -0.978664 -9.805787 -21.700001 -14.980000 -12.530000
3.641876 -1.189233 -9.879964 5.460000 -5.530000 -0.420000
3.620341 -1.100698 -10.102496 0.770000 -2.730000 0.700000
3.582055 -1.383051 -9.466006 3.640000 6.510000 3.080000
3.582055 -1.383051 -9.466006 3.640000 6.510000 3.080000
3.560520 -1.361516 -9.544970 -1.820000 8.680000 3.290000
3.546163 -1.426122 -9.068797 -3.360000 8.400000 2.520000
3.462414 -1.481157 -9.097511 -3.920000 6.580000 2.310000
3.426522 -1.526621 -9.260223 -0.770000 7.000000 3.150000
