2.139183 -8.841480 3.744767 -8.260000 4.340000 3.640000
2.048256 -9.013763 3.538985 -28.000000 2.660000 0.980000
2.048256 -9.013763 3.538985 -28.000000 2.660000 0.980000
2.244468 -8.525627 3.811767 -78.120003 -3.360000 1.120000
2.244468 -8.525627 3.811767 -78.120003 -3.360000 1.120000
2.268396 -9.343972 2.213361 -105.139999 -6.720000 2.170000
2.289931 -9.288938 1.021735 -150.779999 -10.500000 1.400000
2.289931 -9.288938 1.021735 -150.779999 -10.500000 1.400000
2.443072 -9.097511 -0.538385 -111.230003 -8.470000 -3.850000
2.443072 -9.097511 -0.538385 -111.230003 -8.470000 -3.850000
2.153540 -8.705089 -0.813560 -144.830002 -9.940000 -3.220000
2.359323 -8.109276 -2.593820 -122.080002 -12.390000 -7.490000
2.359323 -8.109276 -2.593820 -122.080002 -12.390000 -7.490000
2.694318 -8.992228 -4.744967 -110.599998 -14.840000 -10.360000
2.553142 -8.178668 -4.881358 -100.940002 -14.910000 -9.450000
2.553142 -8.178668 -4.881358 -100.940002 -14.910000 -9.450000
2.663212 -8.013563 -5.218746 -92.889999 -15.050000 -9.590000
2.663212 -8.013563 -5.218746 -92.889999 -15.050000 -9.590000
2.440679 -7.116255 -6.448657 -109.270004 -16.799999 -11.130000
2.440679 -7.116255 -6.448657 -109.270004 -16.799999 -11.130000
2.522035 -6.549156 -7.692925 -63.420002 -15.680000 -11.200000
2.522035 -6.549156 -7.692925 -63.420002 -15.680000 -11.200000
2.538785 -5.962914 -7.881958 -51.660000 -12.600000 -10.850000
2.538785 -5.962914 -7.881958 -51.660000 -12.600000 -10.850000
2.538785 -5.962914 -7.881958 -51.660000 -12.600000 -10.850000
2.538785 -5.962914 -7.881958 -51.660000 -12.600000 -10.850000
2.538785 -5.962914 -7.881958 -51.660000 -12.600000 -10.850000
2.065006 -4.120440 -8.444271 -52.849998 -9.100000 -10.150000
2.065006 -4.120440 -8.444271 -52.849998 -9.100000 -10.150000
2.132005 -3.988836 -8.745767 -34.299999 -11.550000 -10.500000
2.277967 -3.862016 -8.800802 -27.860001 -9.800000 -7.770000
2.191825 -3.330809 -8.903693 -22.820000 -10.710000 -5.320000
2.191825 -3.330809 -8.903693 -22.820000 -10.710000 -5.320000
2.199004 -3.596412 -8.855836 -13.720000 -9.450000 -1.820000
2.199004 -3.596412 -8.855836 -13.720000 -9.450000 -1.820000
1.926222 -3.493521 -8.941978 -2.240000 -0.350000 2.940000
2.036292 -3.517449 -9.171689 -8.190000 0.560000 2.380000
2.031506 -3.562913 -9.025726 -4.130000 -1.330000 0.980000
2.031506 -3.562913 -9.025726 -4.130000 -1.330000 0.980000
1.914258 -3.605984 -9.025726 -8.050000 0.770000 2.660000
1.950150 -3.814159 -8.922836 3.220000 0.280000 2.800000
1.880759 -3.651447 -8.908479 -3.850000 2.030000 3.290000
1.878366 -3.771089 -9.097511 -1.680000 2.030000 2.240000
1.878366 -3.771089 -9.097511 -1.680000 2.030000 2.240000
1.878366 -3.771089 -9.097511 -1.680000 2.030000 2.240000
1.911865 -3.723232 -8.927622 -8.190000 2.240000 0.840000
