2.127219 -9.358330 3.144169 -11.270000 4.200000 3.920000
2.005185 -9.138189 3.165704 -5.810000 4.900000 3.360000
2.076970 -9.298509 3.194418 -13.440001 4.830000 2.030000
2.076970 -9.298509 3.194418 -13.440001 4.830000 2.030000
2.076970 -9.298509 3.194418 -13.440001 4.830000 2.030000
2.000400 -9.008978 2.938386 -4.830000 5.810000 0.770000
2.000400 -9.008978 2.938386 -4.830000 5.810000 0.770000
2.215754 -9.023334 3.132205 -10.710000 4.060000 1.960000
2.215754 -9.023334 3.132205 -10.710000 4.060000 1.960000
2.103291 -8.580662 3.254239 -25.760000 5.320000 3.570000
2.103291 -8.580662 3.254239 -25.760000 5.320000 3.570000
2.201397 -9.571291 2.069792 -97.440002 -1.890000 1.960000
2.093720 -10.573883 -0.198604 -165.130005 -10.920000 2.170000
2.093720 -10.573883 -0.198604 -165.130005 -10.920000 2.170000
2.531606 -10.222138 -0.239282 -122.919998 -10.430000 -1.400000
2.531606 -10.222138 -0.239282 -122.919998 -10.430000 -1.400000
2.261217 -9.970891 -2.711068 -142.800003 -15.890000 -3.710000
2.297110 -9.439686 -3.046063 -133.000000 -13.370000 -4.270000
2.311467 -8.793623 -4.469792 -97.230003 -13.860000 -6.790000
2.311467 -8.793623 -4.469792 -97.230003 -13.860000 -6.790000
2.340181 -8.362915 -4.761717 -89.879997 -12.320000 -6.230000
2.287539 -8.030313 -5.374279 -85.610001 -14.630000 -6.370000
2.170290 -7.611568 -6.223732 -84.279999 -12.040000 -6.580000
2.170290 -7.611568 -6.223732 -84.279999 -12.040000 -6.580000
2.170290 -7.611568 -6.223732 -84.279999 -12.040000 -6.580000
2.098505 -6.551548 -6.659225 -75.110001 -7.700000 -8.610000
2.098505 -6.551548 -6.659225 -75.110001 -7.700000 -8.610000
2.352145 -6.065805 -7.525427 -60.619999 -17.710001 -14.560000
2.352145 -6.065805 -7.525427 -60.619999 -17.710001 -14.560000
2.227718 -5.807381 -8.487342 -32.830002 -9.240000 -5.950000
2.227718 -5.807381 -8.487342 -32.830002 -9.240000 -5.950000
1.938186 -5.367101 -7.893922 -57.260002 -5.250000 -8.190000
1.938186 -5.367101 -7.893922 -57.260002 -5.250000 -8.190000
2.120041 -5.044070 -8.420342 -34.720001 -7.000000 -8.610000
2.120041 -5.044070 -8.420342 -34.720001 -7.000000 -8.610000
1.902294 -4.510471 -8.384450 -17.290001 -4.480000 -2.800000
1.902294 -4.510471 -8.384450 -17.290001 -4.480000 -2.800000
1.751546 -4.031906 -8.602197 -21.139999 -1.120000 -0.420000
1.751546 -4.031906 -8.602197 -21.139999 -1.120000 -0.420000
1.921437 -4.163511 -8.425128 -4.270000 1.750000 4.340000
1.921437 -4.163511 -8.425128 -4.270000 1.750000 4.340000
1.856830 -4.398008 -8.642875 -1.260000 2.380000 4.480000
1.856830 -4.398008 -8.642875 -1.260000 2.380000 4.480000
1.816152 -4.388437 -8.501699 2.030000 4.270000 4.130000
1.816152 -4.388437 -8.501699 2.030000 4.270000 4.130000
1.849652 -4.441079 -8.587841 -4.410000 3.850000 3.990000
1.849652 -4.441079 -8.587841 -4.410000 3.850000 3.990000
1.739582 -4.663611 -8.618947 2.450000 4.270000 3.500000
1.739582 -4.663611 -8.618947 2.450000 4.270000 3.500000
1.871187 -4.711468 -8.769694 -3.920000 3.010000 2.940000
1.871187 -4.711468 -8.769694 -3.920000 3.010000 2.940000
1.739582 -4.620540 -8.709875 -3.360000 3.920000 3.010000
1.739582 -4.620540 -8.709875 -3.360000 3.920000 3.010000
1.904687 -4.754539 -8.659625 -0.210000 4.830000 3.080000
