2.416751 -9.044869 3.302095 -5.530000 3.290000 0.280000
2.419144 -8.999406 3.431308 -14.770000 0.560000 -2.030000
2.622534 -8.927622 3.290131 -38.430000 -1.120000 -1.400000
2.455036 -8.571091 2.864209 -82.949997 -1.050000 -0.490000
2.455036 -8.571091 2.864209 -82.949997 -1.050000 -0.490000
2.541178 -8.980263 2.689533 -103.949997 -5.250000 0.630000
2.768496 -9.456435 1.799403 -90.860001 -4.130000 0.910000
2.596212 -7.925028 2.160719 -160.020004 -7.350000 2.240000
2.955136 -9.868000 -1.021735 -88.620003 -11.550000 -3.850000
2.321038 -8.779266 -0.756132 -119.840004 -7.840000 0.280000
2.321038 -8.779266 -0.756132 -119.840004 -7.840000 0.280000
2.687140 -9.274581 -1.739582 -136.570007 -10.640000 -0.210000
2.790031 -9.549755 -2.806781 -130.479996 -9.870000 -4.200000
2.768496 -8.932407 -3.213561 -101.430000 -10.710000 -5.180000
2.799603 -8.554340 -4.218546 -108.430000 -9.940000 -4.690000
2.799603 -8.554340 -4.218546 -108.430000 -9.940000 -4.690000
2.921637 -8.200203 -4.840680 -80.919998 -12.110000 -5.040000
2.921637 -8.200203 -4.840680 -80.919998 -12.110000 -5.040000
2.921637 -8.200203 -4.840680 -80.919998 -12.110000 -5.040000
2.921637 -8.200203 -4.840680 -80.919998 -12.110000 -5.040000
2.921637 -8.200203 -4.840680 -80.919998 -12.110000 -5.040000
2.758924 -6.754939 -5.824130 -61.459999 -12.670000 -7.070000
2.837888 -7.142576 -6.482157 -91.139999 -14.070000 -9.380000
2.876173 -6.869793 -6.955935 -59.220001 -13.510000 -11.690000
2.770889 -6.489335 -7.156933 -53.060001 -12.740000 -10.990000
2.885744 -6.070591 -7.398607 -89.879997 -11.900000 -9.940000
2.809174 -5.749953 -7.700103 -54.180000 -15.260000 -14.000000
2.682354 -5.312066 -7.836494 -59.010002 -15.890000 -16.170000
2.665605 -5.103891 -8.391629 -66.500000 -17.780001 -18.270000
2.440679 -4.218546 -8.499306 -40.950001 -10.780000 -11.970000
2.440679 -4.218546 -8.499306 -40.950001 -10.780000 -11.970000
2.426322 -3.919443 -8.262416 -30.590000 -11.130000 -8.470000
2.517249 -4.240082 -8.118847 -25.270000 -13.790000 -7.140000
2.251646 -4.101298 -8.965906 -21.629999 -10.500000 -3.220000
2.208575 -4.019942 -8.953942 -14.280000 -6.090000 -1.750000
2.474179 -3.945765 -9.035298 -6.790000 1.260000 3.010000
2.246860 -3.948158 -8.915657 -8.890000 0.700000 1.820000
2.249253 -3.862016 -8.884550 1.260000 0.420000 2.380000
2.297110 -3.725625 -8.831908 -4.830000 2.520000 4.130000
2.297110 -3.725625 -8.831908 -4.830000 2.520000 4.130000
2.218147 -4.139583 -8.918050 -4.480000 2.730000 4.130000
2.306681 -3.744767 -8.841480 -1.050000 2.030000 2.730000
2.476572 -4.000800 -9.030513 -0.140000 3.430000 4.480000
2.103291 -3.955336 -8.784052 3.780000 5.460000 5.530000
2.189433 -3.826123 -8.712267 -12.110000 6.440000 3.710000
2.199004 -3.823731 -8.690732 1.470000 5.320000 5.320000
2.388037 -4.220939 -8.922836 2.380000 5.180000 4.550000
