4.670790 -8.353344 2.065006 -3.150000 2.800000 3.640000
4.591826 -8.140383 2.124826 -8.610000 0.770000 4.060000
4.591826 -8.140383 2.124826 -8.610000 0.770000 4.060000
4.622933 -8.212167 2.043471 -27.160000 -1.120000 5.600000
4.589434 -8.405986 1.612763 -94.010002 -6.230000 8.400000
4.634897 -7.329216 1.272982 -140.979996 -1.890000 8.960000
4.213760 -8.262416 -0.567099 -262.360016 -19.740000 13.510000
4.802395 -9.781858 -2.498107 -228.199997 -22.889999 9.940000
4.802395 -9.781858 -2.498107 -228.199997 -22.889999 9.940000
4.498507 -7.326823 -2.062613 -179.270004 -17.290001 -0.700000
4.804788 -8.602197 -5.465207 -150.149994 -26.180000 -0.910000
4.323831 -5.974878 -4.599005 -172.899994 -18.200001 -6.440000
4.323831 -5.974878 -4.599005 -172.899994 -18.200001 -6.440000
4.297509 -6.975078 -7.027720 -203.070007 -27.090000 -2.660000
4.675575 -6.111269 -7.645068 -145.880005 -19.740000 -11.200000
4.584648 -5.144568 -8.688338 -148.259995 -23.170000 -12.950000
4.264010 -3.881158 -8.863015 -108.010002 -16.590000 -15.120000
4.264010 -3.881158 -8.863015 -108.010002 -16.590000 -15.120000
4.264010 -3.881158 -8.863015 -108.010002 -16.590000 -15.120000
4.039084 -2.273181 -8.925228 -45.290001 -16.450001 -8.540000
3.818945 -2.057827 -8.810372 -45.360001 -16.590000 -7.000000
3.622734 -2.007578 -9.372685 -16.730000 -16.309999 -5.110000
3.668197 -1.974079 -9.506684 -14.490000 -13.440001 -5.040000
3.641876 -1.674976 -9.346365 -10.360000 -9.520000 -2.170000
3.641876 -1.674976 -9.346365 -10.360000 -9.520000 -2.170000
3.641876 -1.674976 -9.346365 -10.360000 -9.520000 -2.170000
3.610770 -1.655833 -9.614362 -4.550000 -2.240000 -0.700000
3.610770 -1.655833 -9.614362 -4.550000 -2.240000 -0.700000
3.610770 -1.655833 -9.614362 -4.550000 -2.240000 -0.700000
3.646662 -1.679761 -9.358330 -7.280000 4.130000 2.450000
3.646662 -1.679761 -9.358330 -7.280000 4.130000 2.450000
3.672983 -1.904687 -9.061620 -2.030000 6.160000 2.520000
