2.522035 -9.336794 2.373680 -5.250000 3.220000 1.750000
2.450250 -9.317651 2.392823 -2.380000 6.020000 2.380000
2.380858 -9.078369 2.591427 -1.610000 3.920000 1.890000
2.380858 -9.078369 2.591427 -1.610000 3.920000 1.890000
2.402394 -8.956335 2.560320 -12.250000 4.410000 3.290000
2.478964 -8.934800 2.447858 -30.520000 -0.070000 2.450000
2.608176 -9.145369 2.304288 -41.580002 -2.870000 4.270000
2.361716 -9.688539 1.007378 -96.879997 -3.570000 3.920000
2.586641 -9.875179 0.602991 -84.279999 -5.740000 2.450000
2.586641 -9.875179 0.602991 -84.279999 -5.740000 2.450000
2.438286 -7.951349 1.332802 -152.809998 -5.460000 0.070000
2.739782 -11.236694 -2.514857 -232.960007 -16.799999 0.840000
2.919244 -10.456635 -2.483750 -147.559998 -14.700000 -7.210000
2.505285 -8.930015 -2.337788 -137.830002 -15.610000 -5.880000
2.555535 -9.334401 -3.759124 -93.029999 -14.070000 -6.230000
2.455036 -8.487342 -3.888337 -85.820000 -11.620000 -8.400000
2.455036 -8.487342 -3.888337 -85.820000 -11.620000 -8.400000
2.624927 -8.451449 -5.120641 -80.989998 -7.000000 -7.420000
2.624927 -8.451449 -5.120641 -80.989998 -7.000000 -7.420000
2.665605 -8.197811 -4.878965 -88.620003 -8.120000 -6.930000
2.761317 -7.154540 -6.072984 -84.980003 -10.010000 -9.380000
2.639283 -6.553941 -6.116055 -91.699997 -11.200000 -9.100000
2.952743 -7.489535 -7.080362 -77.419998 -13.510000 -8.960000
2.407180 -5.936593 -6.434300 -66.150002 -9.310000 -9.730000
2.646462 -6.099305 -6.637690 -81.830002 -14.700000 -10.220000
2.646462 -6.099305 -6.637690 -81.830002 -14.700000 -10.220000
2.531606 -5.706882 -7.647461 -50.820000 -15.680000 -12.670000
2.574677 -4.938786 -8.315059 -43.680000 -13.370000 -10.920000
2.677568 -4.910072 -8.164310 -31.080000 -12.530000 -9.380000
2.677568 -4.910072 -8.164310 -31.080000 -12.530000 -9.380000
2.677568 -4.910072 -8.164310 -31.080000 -12.530000 -9.380000
2.677568 -4.910072 -8.164310 -31.080000 -12.530000 -9.380000
2.476572 -4.704289 -7.994420 -35.910000 -13.510000 -9.520000
2.476572 -4.704289 -7.994420 -35.910000 -13.510000 -9.520000
2.256432 -4.378866 -8.458629 -9.870000 -4.200000 1.050000
2.256432 -4.378866 -8.458629 -9.870000 -4.200000 1.050000
2.120041 -4.141976 -8.382057 -10.220000 -4.060000 1.960000
2.105684 -4.342973 -9.162118 -4.970000 -4.830000 2.170000
2.000400 -4.031906 -9.052048 -3.290000 -1.190000 3.080000
1.993221 -4.206582 -8.719445 -2.240000 3.500000 3.640000
2.124826 -4.158726 -8.779266 -5.250000 3.220000 3.360000
1.990828 -4.185047 -8.650054 -6.510000 3.920000 3.850000
1.990828 -4.185047 -8.650054 -6.510000 3.920000 3.850000
1.990828 -4.185047 -8.650054 -6.510000 3.920000 3.850000
2.069792 -4.208975 -8.736196 -2.940000 4.620000 3.360000
2.069792 -4.208975 -8.736196 -2.940000 4.620000 3.360000
2.091327 -4.438686 -9.006584 -4.970000 5.810000 2.240000
