3.074777 -9.042477 2.797210 -7.700000 2.660000 4.060000
3.165704 -8.927622 2.754139 -6.160000 4.480000 3.640000
2.998207 -8.848659 2.938386 -14.910000 2.940000 5.040000
2.998207 -8.848659 2.938386 -14.910000 2.940000 5.040000
3.079563 -8.963513 2.830709 -11.130000 5.390000 3.920000
3.034099 -9.119047 2.696711 -39.689999 0.840000 4.270000
3.034099 -9.119047 2.696711 -39.689999 0.840000 4.270000
2.957529 -9.114261 2.545963 -37.799999 -0.140000 3.780000
3.249453 -10.011569 0.914058 -52.849998 -2.800000 3.010000
2.969493 -8.487342 1.457229 -100.029999 0.070000 4.200000
2.969493 -8.487342 1.457229 -100.029999 0.070000 4.200000
2.691926 -9.516255 0.334995 -115.150002 -5.250000 6.160000
3.053242 -8.965906 -0.150748 -121.870003 -3.500000 4.060000
3.086741 -9.655040 -1.110270 -127.400002 -6.300000 4.200000
3.086741 -9.655040 -1.110270 -127.400002 -6.300000 4.200000
3.091527 -8.738588 -1.150948 -104.860001 -11.620000 -1.610000
3.120241 -9.621540 -2.524428 -121.730003 -13.160000 2.030000
2.902494 -8.999406 -3.476771 -105.000000 -13.510000 -1.400000
3.148954 -9.449257 -3.929015 -80.709999 -12.600000 -3.990000
3.038885 -7.977671 -4.130012 -87.290001 -8.680000 -1.330000
2.993421 -8.516055 -4.788038 -70.489998 -9.870000 -2.310000
3.136991 -7.470392 -4.843073 -68.669998 -11.480000 -2.870000
3.136991 -7.470392 -4.843073 -68.669998 -11.480000 -2.870000
2.976671 -7.666604 -5.087141 -89.250000 -10.220000 -2.870000
3.007778 -8.145168 -6.111269 -61.180000 -9.590000 -1.820000
3.002992 -7.156933 -6.106483 -75.389999 -10.570000 -0.840000
2.957529 -6.865008 -6.577869 -58.029999 -11.830000 -3.570000
2.857030 -6.441479 -7.008578 -97.019997 -13.580000 -2.940000
2.857030 -6.441479 -7.008578 -97.019997 -13.580000 -2.940000
2.763710 -6.467800 -7.398607 -89.739998 -11.200000 -2.450000
2.883351 -5.821737 -7.606783 -60.060001 -9.800000 -0.420000
2.883351 -5.821737 -7.606783 -60.060001 -9.800000 -0.420000
2.627320 -5.158926 -8.111670 -58.660000 -14.000000 -1.120000
2.627320 -5.158926 -8.111670 -58.660000 -14.000000 -1.120000
2.627320 -5.158926 -8.111670 -58.660000 -14.000000 -1.120000
2.543570 -4.857430 -8.279166 -62.650002 -11.270000 -0.840000
2.543570 -4.857430 -8.279166 -62.650002 -11.270000 -0.840000
2.543570 -4.857430 -8.279166 -62.650002 -11.270000 -0.840000
2.435893 -4.208975 -8.748159 -29.330000 -4.830000 0.840000
2.435893 -3.840480 -9.059227 -9.520000 4.200000 2.170000
2.352145 -3.543770 -8.968300 -12.180000 6.720000 2.100000
2.488536 -3.718446 -8.910872 -10.290000 6.440000 2.660000
2.368894 -3.560520 -8.941978 -9.380000 6.300000 4.060000
2.409572 -3.649055 -8.824730 -3.500000 8.540000 4.410000
2.500499 -3.462414 -8.786445 -3.220000 8.890000 4.060000
2.612962 -3.627519 -8.930015 -3.570000 8.330000 3.640000
2.584249 -3.677768 -8.781659 0.770000 6.720000 3.010000
2.495714 -3.811767 -8.633304 -1.050000 5.250000 2.030000
2.495714 -3.811767 -8.633304 -1.050000 5.250000 2.030000
2.469393 -3.806981 -8.635696 -2.450000 2.730000 1.540000
