3.244668 -8.910872 2.222932 -9.730000 2.520000 3.080000
3.180061 -9.164511 2.246860 -14.700000 2.800000 3.640000
3.079563 -9.262616 1.954936 -11.690000 4.340000 3.850000
2.983850 -8.886944 2.129612 -26.320000 3.290000 4.060000
2.983850 -8.886944 2.129612 -26.320000 3.290000 4.060000
3.158526 -9.332008 1.567299 -39.900002 -0.770000 5.530000
3.153740 -8.901299 1.696511 -82.669998 1.190000 4.620000
3.153740 -8.901299 1.696511 -82.669998 1.190000 4.620000
3.266203 -9.999605 0.232104 -58.939999 -7.280000 5.670000
3.266203 -9.999605 0.232104 -58.939999 -7.280000 5.670000
3.125026 -9.047262 0.593420 -112.279999 -4.200000 0.350000
3.208775 -8.750552 -1.402194 -99.680000 -10.710000 -6.300000
3.208775 -8.750552 -1.402194 -99.680000 -10.710000 -6.300000
3.208775 -8.750552 -1.402194 -99.680000 -10.710000 -6.300000
3.433701 -9.762716 -3.689733 -134.889999 -14.210000 -0.770000
3.098706 -8.365308 -3.381058 -73.080002 -7.980000 -7.980000
3.098706 -8.365308 -3.381058 -73.080002 -7.980000 -7.980000
3.404987 -8.439486 -4.575077 -87.919998 -10.710000 -0.980000
3.404987 -8.439486 -4.575077 -87.919998 -10.710000 -0.980000
3.177669 -7.520642 -4.448257 -101.150002 -9.940000 -1.190000
3.177669 -7.520642 -4.448257 -101.150002 -9.940000 -1.190000
3.086741 -6.551548 -6.245267 -147.279999 -15.680000 -4.340000
3.048456 -5.895915 -7.530212 -131.740005 -17.290001 -8.960000
3.048456 -5.895915 -7.530212 -131.740005 -17.290001 -8.960000
3.048456 -5.895915 -7.530212 -131.740005 -17.290001 -8.960000
2.945565 -5.288138 -8.219346 -85.260002 -13.090000 -8.680000
2.945565 -5.288138 -8.219346 -85.260002 -13.090000 -8.680000
3.034099 -4.307081 -8.537591 -36.959999 -5.110000 -9.030000
2.947958 -3.828516 -8.673983 -35.349998 -4.690000 -7.490000
2.938386 -3.833302 -8.695518 -21.980000 -0.560000 -4.340000
2.938386 -3.833302 -8.695518 -21.980000 -0.560000 -4.340000
2.964707 -3.536592 -8.618947 -19.389999 -0.140000 -2.870000
2.964707 -3.536592 -8.618947 -19.389999 -0.140000 -2.870000
3.043670 -3.661019 -8.559127 -11.480000 1.680000 1.750000
3.043670 -3.661019 -8.559127 -11.480000 1.680000 1.750000
3.043670 -3.661019 -8.559127 -11.480000 1.680000 1.750000
2.816352 -3.412165 -8.863015 -2.520000 2.170000 4.550000
2.816352 -3.412165 -8.863015 -2.520000 2.170000 4.550000
2.816352 -3.412165 -8.863015 -2.520000 2.170000 4.550000
2.924029 -3.747160 -8.810372 -2.030000 5.040000 5.180000
2.754139 -3.665804 -8.549555 -3.570000 3.080000 4.270000
2.880959 -3.821337 -8.807980 -3.150000 3.640000 4.130000
2.880959 -3.821337 -8.807980 -3.150000 3.640000 4.130000
2.880959 -3.821337 -8.807980 -3.150000 3.640000 4.130000
2.730211 -3.862016 -8.647661 -0.070000 3.850000 4.060000
2.730211 -3.862016 -8.647661 -0.070000 3.850000 4.060000
2.730211 -3.862016 -8.647661 -0.070000 3.850000 4.060000
