4.768896 -7.738388 3.443272 -7.980000 1.750000 3.290000
4.730610 -7.714460 3.627519 -5.530000 3.570000 3.430000
4.943572 -7.800602 3.613162 -6.860000 3.150000 4.410000
4.754539 -7.901100 3.610770 -10.150000 0.490000 3.920000
4.754539 -7.901100 3.610770 -10.150000 0.490000 3.920000
4.821537 -7.750352 3.617948 -13.440001 -0.070000 3.990000
4.929214 -7.482357 3.527020 -45.430000 -0.630000 6.160000
4.737789 -7.511070 3.261417 -81.690002 1.400000 9.520000
4.730610 -7.161718 3.211168 -117.389999 2.240000 13.370000
4.730610 -7.161718 3.211168 -117.389999 2.240000 13.370000
4.730610 -7.161718 3.211168 -117.389999 2.240000 13.370000
4.730610 -7.161718 3.211168 -117.389999 2.240000 13.370000
4.634897 -9.174082 -0.404387 -251.300003 -17.639999 14.840000
4.634897 -9.174082 -0.404387 -251.300003 -17.639999 14.840000
4.524827 -7.458428 -1.038485 -206.220001 -21.420000 1.050000
4.524827 -7.458428 -1.038485 -206.220001 -21.420000 1.050000
4.524827 -7.458428 -1.038485 -206.220001 -21.420000 1.050000
4.333402 -7.104291 -3.658626 -144.270004 -17.500000 -9.730000
4.527221 -7.771888 -5.694918 -131.809998 -26.250000 -7.210000
4.764110 -6.817152 -5.891129 -102.129997 -24.430000 -13.720000
4.764110 -6.817152 -5.891129 -102.129997 -24.430000 -13.720000
4.354938 -6.101698 -6.008378 -127.470001 -22.960001 -12.460000
4.565506 -4.677969 -6.388836 -156.449997 -26.880001 -13.860000
4.299902 -4.563113 -7.252645 -195.509995 -27.090000 -14.350000
3.658626 -3.282953 -7.633104 -81.410004 -28.700001 -17.010000
3.603590 -3.541377 -8.516055 -74.480003 -29.960001 -13.230000
3.677768 -2.431108 -8.958728 -49.560001 -22.889999 -8.330000
3.677768 -2.431108 -8.958728 -49.560001 -22.889999 -8.330000
3.818945 -2.720639 -9.408579 -28.070000 -16.100000 -1.960000
3.763910 -2.378466 -9.477970 -21.350000 -11.410000 -0.630000
3.962514 -2.376073 -9.528220 -13.720000 -5.110000 0.070000
3.924229 -2.524428 -9.284152 -19.250000 -1.470000 0.630000
3.924229 -2.524428 -9.284152 -19.250000 -1.470000 0.630000
3.761517 -2.495714 -9.066404 -3.570000 2.800000 1.610000
3.773481 -2.287539 -9.001799 -3.780000 3.430000 1.750000
3.804588 -2.526821 -9.102298 -1.470000 5.390000 2.730000
3.704089 -2.450250 -9.054441 -0.700000 5.810000 3.080000
3.617948 -2.514857 -8.731410 -5.110000 5.740000 3.360000
