1.423729 2.754139 8.956335 1.960000 -0.280000 -0.910000
1.502693 2.605784 8.920443 0.910000 -0.560000 -1.820000
1.325624 2.957529 8.963513 0.700000 -0.280000 -0.910000
1.323231 2.732604 8.898908 2.030000 -0.070000 -0.630000
1.383051 2.964707 8.925228 2.030000 0.700000 -0.140000
1.500300 3.036492 8.927622 -15.330000 1.260000 -0.700000
1.375873 2.909672 8.884550 -25.129999 -0.210000 1.470000
1.596013 2.476572 8.860621 -14.840000 3.920000 2.590000
1.280160 3.098706 9.142976 -30.660000 9.730000 3.570000
1.280160 3.098706 9.142976 -30.660000 9.730000 3.570000
1.708475 3.285345 10.612168 -93.660004 23.240000 8.260000
1.708475 3.285345 10.612168 -93.660004 23.240000 8.260000
0.038285 4.113262 10.734202 -400.119995 -0.420000 13.790000
0.038285 4.113262 10.734202 -400.119995 -0.420000 13.790000
0.038285 4.113262 10.734202 -400.119995 -0.420000 13.790000
0.038285 4.113262 10.734202 -400.119995 -0.420000 13.790000
0.038285 4.113262 10.734202 -400.119995 -0.420000 13.790000
1.856830 -10.097712 -2.191825 -228.199997 -30.380001 0.140000
1.856830 -10.097712 -2.191825 -228.199997 -30.380001 0.140000
1.856830 -10.097712 -2.191825 -228.199997 -30.380001 0.140000
1.856830 -10.097712 -2.191825 -228.199997 -30.380001 0.140000
1.856830 -10.097712 -2.191825 -228.199997 -30.380001 0.140000
1.856830 -10.097712 -2.191825 -228.199997 -30.380001 0.140000
1.856830 -10.097712 -2.191825 -228.199997 -30.380001 0.140000
1.828116 -6.482157 -8.482556 -155.259995 -13.650000 -16.309999
1.828116 -6.482157 -8.482556 -155.259995 -13.650000 -16.309999
1.722832 -5.376673 -8.185846 -74.059998 -12.460000 -10.640000
1.722832 -5.376673 -8.185846 -74.059998 -12.460000 -10.640000
1.722832 -5.376673 -8.185846 -74.059998 -12.460000 -10.640000
1.722832 -5.048856 -8.611769 -28.139999 -4.550000 -2.940000
1.722832 -5.048856 -8.611769 -28.139999 -4.550000 -2.940000
1.753939 -5.130211 -8.714661 -21.700001 -4.480000 -0.420000
1.679761 -5.044070 -8.685946 -5.810000 1.540000 0.770000
1.701297 -4.895715 -8.599805 5.110000 -2.100000 -1.260000
1.514657 -4.737789 -8.595018 8.050000 -0.980000 -2.590000
1.514657 -4.737789 -8.595018 8.050000 -0.980000 -2.590000
1.581656 -4.742575 -8.657232 3.150000 0.140000 -2.520000
1.691726 -4.857430 -8.599805 2.520000 2.240000 -2.800000
1.706082 -4.651647 -8.554340 1.680000 1.190000 -3.780000
1.785046 -4.634897 -8.573483 4.130000 1.610000 -2.380000
1.785046 -4.634897 -8.573483 4.130000 1.610000 -2.380000
1.785046 -4.634897 -8.573483 4.130000 1.610000 -2.380000
1.852045 -4.883751 -8.817552 9.030000 2.800000 -1.190000
