2.763710 -9.549755 2.196611 -8.890000 5.600000 1.610000
2.857030 -9.420543 2.256432 -1.330000 6.860000 2.100000
2.955136 -9.231510 2.234896 -10.850000 3.850000 2.240000
2.955136 -9.231510 2.234896 -10.850000 3.850000 2.240000
2.780460 -8.815158 2.359323 -49.910000 3.010000 1.610000
2.780460 -8.815158 2.359323 -49.910000 3.010000 1.610000
2.916851 -9.291330 1.505085 -56.349998 2.100000 3.430000
2.943172 -8.788837 1.622334 -105.699997 -0.350000 3.920000
2.727818 -9.492328 -0.212961 -172.270004 -10.500000 3.920000
2.727818 -9.492328 -0.212961 -172.270004 -10.500000 3.920000
2.825923 -8.355737 -0.976272 -178.149994 -9.030000 -0.350000
2.653640 -9.640682 -3.632305 -205.029999 -13.650000 2.870000
2.988636 -10.310673 -4.615755 -137.619995 -14.910000 -0.210000
2.773281 -8.367701 -3.950550 -65.379997 -8.750000 -4.480000
2.780460 -7.623533 -4.584648 -128.520004 -9.240000 -3.780000
2.859423 -8.260024 -5.544170 -155.330002 -11.200000 -2.940000
3.010171 -7.702496 -5.838487 -84.910004 -11.130000 -7.700000
2.758924 -6.996613 -5.723632 -87.849998 -12.390000 -5.880000
2.696711 -6.687939 -6.013163 -104.230003 -13.160000 -4.270000
3.000600 -6.709475 -6.869793 -107.099998 -16.379999 -3.220000
3.000600 -6.709475 -6.869793 -107.099998 -16.379999 -3.220000
2.605784 -6.429514 -7.271788 -83.160004 -15.400000 -5.810000
2.596212 -5.644669 -7.920243 -76.510002 -13.160000 -5.740000
2.596212 -5.644669 -7.920243 -76.510002 -13.160000 -5.740000
2.589034 -5.101498 -8.597411 -58.029999 -9.100000 -5.460000
2.682354 -4.960321 -8.549555 -47.110001 -8.470000 -5.880000
2.682354 -4.960321 -8.549555 -47.110001 -8.470000 -5.880000
2.541178 -4.558327 -8.331808 -52.430000 -6.790000 -5.390000
2.644069 -4.350152 -8.949157 -48.299999 -6.440000 -6.090000
2.388037 -4.106083 -8.719445 -39.689999 -3.220000 -6.160000
2.505285 -3.663411 -8.882158 -20.299999 -6.160000 -5.600000
2.483750 -3.522235 -8.843873 -21.000000 -3.990000 -3.780000
2.213361 -3.749553 -8.748159 -19.740000 -1.750000 1.540000
2.553142 -3.594020 -9.116654 -13.580000 -1.400000 -0.280000
2.553142 -3.594020 -9.116654 -13.580000 -1.400000 -0.280000
2.268396 -3.455236 -8.786445 -7.910000 1.750000 3.360000
2.421536 -3.656233 -9.169296 0.490000 5.740000 4.130000
2.411965 -3.486342 -8.920443 -5.880000 4.900000 3.640000
2.359323 -3.661019 -9.025726 -3.010000 3.640000 4.550000
2.285146 -3.912265 -8.712267 -4.270000 3.360000 4.620000
2.285146 -3.912265 -8.712267 -4.270000 3.360000 4.620000
2.287539 -3.823731 -8.896514 -2.800000 2.240000 3.080000
2.249253 -3.629912 -8.939585 -1.750000 4.060000 2.870000
