3.215954 -8.573483 3.893122 -1.610000 4.760000 2.310000
3.247060 -8.516055 3.795017 -4.270000 4.270000 3.920000
3.247060 -8.516055 3.795017 -4.270000 4.270000 3.920000
3.220739 -8.673983 3.696911 -7.840000 4.200000 3.430000
3.203990 -8.549555 3.857230 -3.780000 4.130000 2.870000
3.203990 -8.549555 3.857230 -3.780000 4.130000 2.870000
3.203990 -8.549555 3.857230 -3.780000 4.130000 2.870000
3.151347 -8.389235 3.806981 -9.450000 3.570000 3.290000
3.151347 -8.389235 3.806981 -9.450000 3.570000 3.290000
3.206382 -8.889337 3.270989 -30.170000 2.590000 3.360000
3.060420 -8.379664 3.151347 -109.550003 1.680000 6.720000
3.060420 -8.379664 3.151347 -109.550003 1.680000 6.720000
2.957529 -8.961121 1.048056 -166.039993 -6.580000 3.920000
2.957529 -8.961121 1.048056 -166.039993 -6.580000 3.920000
2.957529 -8.961121 1.048056 -166.039993 -6.580000 3.920000
2.957529 -8.961121 1.048056 -166.039993 -6.580000 3.920000
2.957529 -8.961121 1.048056 -166.039993 -6.580000 3.920000
2.957529 -8.961121 1.048056 -166.039993 -6.580000 3.920000
2.957529 -8.961121 1.048056 -166.039993 -6.580000 3.920000
2.957529 -8.961121 1.048056 -166.039993 -6.580000 3.920000
3.306881 -10.686346 -0.679562 -91.629997 -9.520000 1.820000
3.306881 -10.686346 -0.679562 -91.629997 -9.520000 1.820000
3.306881 -10.686346 -0.679562 -91.629997 -9.520000 1.820000
3.378666 -8.271988 -4.579862 -52.080002 -8.470000 -3.500000
3.268596 -7.673782 -5.328816 -123.970001 -13.930000 1.680000
3.268596 -7.673782 -5.328816 -123.970001 -13.930000 1.680000
3.259024 -7.767102 -5.857630 -80.639999 -12.250000 -4.480000
3.259024 -7.767102 -5.857630 -80.639999 -12.250000 -4.480000
3.259024 -7.767102 -5.857630 -80.639999 -12.250000 -4.480000
3.050849 -6.977471 -6.795617 -112.000000 -12.530000 -1.610000
3.156133 -5.845665 -7.484749 -77.279999 -13.090000 -4.900000
3.156133 -5.845665 -7.484749 -77.279999 -13.090000 -4.900000
3.156133 -5.845665 -7.484749 -77.279999 -13.090000 -4.900000
2.916851 -5.168497 -8.073383 -61.389999 -12.880000 -4.900000
2.916851 -5.168497 -8.073383 -61.389999 -12.880000 -4.900000
2.916851 -5.168497 -8.073383 -61.389999 -12.880000 -4.900000
2.916851 -5.168497 -8.073383 -61.389999 -12.880000 -4.900000
2.916851 -5.168497 -8.073383 -61.389999 -12.880000 -4.900000
2.916851 -5.168497 -8.073383 -61.389999 -12.880000 -4.900000
2.600998 -3.969693 -8.721838 -39.619999 -6.090000 -3.780000
2.600998 -3.969693 -8.721838 -39.619999 -6.090000 -3.780000
2.502892 -3.885944 -8.652447 -38.570000 -6.160000 -3.780000
2.502892 -3.885944 -8.652447 -38.570000 -6.160000 -3.780000
2.502892 -3.885944 -8.652447 -38.570000 -6.160000 -3.780000
2.488536 -3.450450 -9.095119 -25.620001 -4.130000 -1.960000
2.533999 -3.280560 -8.937192 -14.420000 -0.840000 -0.420000
2.440679 -3.074777 -8.977871 -12.320000 -0.350000 -0.420000
2.440679 -3.074777 -8.977871 -12.320000 -0.350000 -0.420000
2.447858 -3.165704 -8.970692 -22.400000 0.980000 0.770000
2.385644 -3.050849 -8.877372 -5.740000 1.120000 1.330000
2.400001 -3.031706 -8.743374 -8.750000 0.490000 1.890000
2.402394 -3.043670 -9.071191 -6.230000 1.610000 2.240000
2.344966 -3.163311 -9.142976 -2.450000 3.500000 3.290000
2.275574 -3.146562 -9.004191 -8.540000 2.590000 1.890000
2.385644 -3.132205 -9.008978 -5.600000 1.820000 0.980000
2.333002 -2.981457 -9.164511 -5.880000 2.730000 2.520000
2.244468 -3.160919 -9.059227 -0.420000 4.340000 3.150000
2.400001 -3.127419 -9.190832 -4.340000 5.040000 2.310000
2.400001 -3.127419 -9.190832 -4.340000 5.040000 2.310000
2.335395 -3.113062 -9.075976 -5.950000 6.020000 2.660000
2.416751 -3.120241 -9.219545 -3.290000 6.300000 2.100000
2.514857 -3.156133 -9.152546 -2.240000 6.930000 2.800000
