2.957529 -9.183653 2.127219 -10.640000 2.730000 3.010000
3.110669 -8.992228 2.218147 -5.530000 4.410000 1.750000
3.139383 -9.126225 2.045863 -17.219999 2.100000 4.410000
3.036492 -8.949157 2.158326 -36.259998 2.030000 4.340000
3.206382 -9.889536 1.088734 -42.910000 -2.800000 5.390000
2.938386 -8.863015 1.490728 -40.320000 4.340000 3.500000
3.081956 -9.104690 1.227518 -67.900002 1.820000 4.690000
3.034099 -9.906286 0.547956 -67.269997 -3.640000 3.500000
3.034099 -9.906286 0.547956 -67.269997 -3.640000 3.500000
3.067599 -8.762517 0.787239 -48.020000 0.770000 2.520000
3.203990 -10.636096 -1.603191 -125.860001 -6.790000 3.990000
3.203990 -10.636096 -1.603191 -125.860001 -6.790000 3.990000
3.177669 -8.927622 -0.820738 -40.389999 -2.520000 -4.480000
3.084348 -8.721838 -2.201397 -37.240002 -6.020000 -2.940000
2.912065 -7.896315 -2.153540 -69.860001 -4.480000 -0.840000
3.105884 -9.554541 -4.086941 -122.639999 -11.340000 2.520000
3.105884 -9.554541 -4.086941 -122.639999 -11.340000 2.520000
3.144169 -8.233703 -3.675375 -38.290001 -7.420000 -3.290000
3.007778 -7.621140 -3.538985 -66.080002 -6.300000 0.210000
3.007778 -7.621140 -3.538985 -66.080002 -6.300000 0.210000
3.117848 -8.011170 -4.608576 -50.680000 -9.100000 -1.680000
3.117848 -8.011170 -4.608576 -50.680000 -9.100000 -1.680000
2.926422 -7.999206 -5.486742 -82.739998 -9.380000 2.450000
2.926422 -7.999206 -5.486742 -82.739998 -9.380000 2.450000
2.935993 -7.094719 -6.544370 -80.430000 -9.310000 0.770000
3.012564 -7.197611 -6.865008 -50.540001 -6.860000 -1.260000
2.866602 -6.604190 -6.929615 -56.840000 -5.460000 -0.770000
2.988636 -6.467800 -7.324430 -84.000000 -6.510000 -0.770000
2.859423 -5.903094 -7.640282 -94.220001 -7.000000 -2.380000
2.859423 -5.903094 -7.640282 -94.220001 -7.000000 -2.380000
2.727818 -5.285746 -7.980063 -65.519997 -4.760000 -3.500000
2.658426 -5.005785 -8.173882 -59.430000 -2.870000 -2.590000
2.658426 -5.005785 -8.173882 -59.430000 -2.870000 -2.590000
2.780460 -4.867002 -8.496914 -52.360001 -3.150000 -3.710000
2.555535 -4.378866 -8.181061 -49.980000 -2.030000 -3.360000
2.648855 -4.216154 -8.767302 -41.090000 -1.680000 -3.080000
2.689533 -3.929015 -8.575876 -22.960001 1.190000 1.890000
2.689533 -3.929015 -8.575876 -22.960001 1.190000 1.890000
2.725425 -4.278367 -8.736196 -28.490000 -0.070000 0.490000
2.567499 -3.893122 -8.602197 -15.400000 2.380000 1.890000
2.785245 -3.993621 -9.257831 -23.590000 3.150000 0.700000
2.785245 -3.993621 -9.257831 -23.590000 3.150000 0.700000
2.742175 -3.725625 -9.059227 -10.640000 5.110000 0.910000
2.471786 -3.637090 -8.640482 -13.160000 3.990000 3.710000
2.732604 -3.818945 -9.054441 0.070000 7.070000 4.620000
2.732604 -3.818945 -9.054441 0.070000 7.070000 4.620000
2.488536 -3.706482 -8.798409 -1.120000 5.530000 3.640000
2.488536 -3.706482 -8.798409 -1.120000 5.530000 3.640000
2.488536 -3.706482 -8.798409 -1.120000 5.530000 3.640000
2.658426 -3.591627 -8.740981 -0.840000 3.850000 2.940000
2.658426 -3.591627 -8.740981 -0.840000 3.850000 2.940000
2.658426 -3.591627 -8.740981 -0.840000 3.850000 2.940000
2.653640 -3.850052 -8.650054 -2.940000 4.760000 3.850000
