2.175076 -9.288938 2.648855 -8.400000 3.500000 2.100000
2.151148 -9.308081 2.775674 -9.520000 3.640000 1.260000
2.127219 -8.973085 2.813959 -18.129999 2.590000 1.610000
2.151148 -8.551948 2.825923 -81.760002 0.700000 2.240000
2.151148 -8.551948 2.825923 -81.760002 0.700000 2.240000
2.191825 -9.980463 1.323231 -96.669998 -6.370000 5.110000
2.316252 -9.762716 1.399801 -73.500000 -4.760000 3.500000
1.952543 -8.908479 1.342373 -112.349998 -4.970000 4.200000
2.292324 -10.016356 -0.191426 -129.639999 -10.850000 2.870000
2.292324 -10.016356 -0.191426 -129.639999 -10.850000 2.870000
2.246860 -9.803394 -0.430708 -117.529999 -9.030000 0.700000
2.246860 -9.803394 -0.430708 -117.529999 -9.030000 0.700000
2.110470 -9.044869 -2.694318 -147.279999 -9.660000 -4.200000
2.222932 -8.056634 -4.465007 -152.529999 -18.690001 -6.790000
2.222932 -8.056634 -4.465007 -152.529999 -18.690001 -6.790000
2.187040 -8.319844 -5.146961 -157.220001 -21.629999 -7.770000
2.244468 -7.800602 -5.958128 -106.470001 -21.070000 -9.590000
2.182254 -6.652047 -6.508478 -83.650002 -16.309999 -5.320000
2.182254 -6.652047 -6.508478 -83.650002 -16.309999 -5.320000
2.196611 -6.920043 -7.164111 -65.379997 -14.700000 -7.000000
2.196611 -6.920043 -7.164111 -65.379997 -14.700000 -7.000000
2.196611 -6.920043 -7.164111 -65.379997 -14.700000 -7.000000
1.981257 -5.718846 -7.970492 -55.650002 -15.890000 -11.480000
1.933401 -5.520242 -8.592626 -69.930000 -6.790000 -9.310000
1.933401 -5.520242 -8.592626 -69.930000 -6.790000 -9.310000
1.933401 -5.520242 -8.592626 -69.930000 -6.790000 -9.310000
1.875973 -4.426722 -8.389235 -72.379997 -7.420000 -12.740000
1.875973 -4.426722 -8.389235 -72.379997 -7.420000 -12.740000
2.007578 -4.299902 -8.496914 -48.299999 -6.790000 -8.750000
2.007578 -4.299902 -8.496914 -48.299999 -6.790000 -8.750000
2.007578 -4.299902 -8.496914 -48.299999 -6.790000 -8.750000
2.007578 -4.299902 -8.496914 -48.299999 -6.790000 -8.750000
1.875973 -3.960121 -8.894121 -20.160000 -6.300000 -3.150000
1.875973 -3.960121 -8.894121 -20.160000 -6.300000 -3.150000
1.875973 -3.960121 -8.894121 -20.160000 -6.300000 -3.150000
1.875973 -3.960121 -8.894121 -20.160000 -6.300000 -3.150000
1.622334 -3.828516 -9.037691 -2.240000 -1.190000 2.800000
1.521835 -4.094120 -8.925228 -2.870000 -1.610000 3.850000
1.567299 -4.204189 -9.157332 5.460000 1.190000 4.760000
1.567299 -4.204189 -9.157332 5.460000 1.190000 4.760000
1.593620 -4.007978 -8.860621 -3.920000 3.220000 3.710000
1.593620 -4.007978 -8.860621 -3.920000 3.220000 3.710000
