4.314260 -8.635696 2.041078 -5.880000 4.410000 3.220000
4.388437 -8.626125 2.177469 -2.380000 4.550000 3.080000
4.316652 -8.547162 2.256432 -7.280000 2.450000 3.360000
4.316652 -8.547162 2.256432 -7.280000 2.450000 3.360000
4.357330 -8.547162 2.165504 -9.730000 1.680000 3.360000
4.331009 -8.248059 2.201397 -29.540001 2.030000 5.110000
4.307081 -8.269595 1.780260 -71.050003 0.070000 7.770000
4.034299 -8.152347 0.373280 -172.690002 -3.780000 11.970000
4.235296 -8.997013 -0.825524 -162.750000 -6.510000 12.600000
4.113262 -7.934600 0.203390 -175.839996 -5.670000 11.270000
4.113262 -7.934600 0.203390 -175.839996 -5.670000 11.270000
4.010371 -9.219545 -3.007778 -195.229996 -12.180000 9.310000
4.070191 -7.563712 -3.017349 -165.690002 -11.410000 3.360000
4.374080 -8.410772 -5.087141 -145.809998 -15.190001 -1.050000
3.957729 -7.128219 -5.630312 -149.589996 -15.050000 -6.650000
3.957729 -7.128219 -5.630312 -149.589996 -15.050000 -6.650000
3.962514 -5.793024 -6.850651 -173.110001 -17.080000 -11.970000
4.060620 -5.221139 -7.487142 -181.089996 -21.420000 -12.670000
4.161119 -4.601398 -8.111670 -143.639999 -21.420000 -15.960000
3.684947 -4.735396 -8.200203 -125.230003 -18.549999 -16.660000
3.816552 -3.517449 -8.319844 -85.400002 -19.180000 -17.360001
3.816552 -3.517449 -8.319844 -85.400002 -19.180000 -17.360001
3.572484 -2.885744 -8.788837 -50.119999 -14.700000 -14.350000
3.469593 -2.459821 -9.207582 -29.960001 -10.920000 -9.380000
3.646662 -2.380858 -9.286544 -22.960001 -9.450000 -7.910000
3.649055 -2.232504 -9.186047 -8.680000 -7.840000 -3.850000
3.474378 -2.220540 -9.607183 -9.940000 -0.280000 1.190000
3.656233 -2.316252 -9.183653 -7.770000 2.520000 0.840000
3.656233 -2.316252 -9.183653 -7.770000 2.520000 0.840000
3.572484 -2.457429 -9.272188 -6.300000 4.130000 2.240000
3.498307 -2.227718 -9.008978 -2.660000 5.040000 2.310000
3.534199 -2.388037 -8.992228 -4.340000 4.200000 2.590000
