2.514857 -9.181261 2.569891 -8.820000 4.410000 2.030000
2.689533 -9.116654 2.605784 -3.500000 4.410000 2.380000
2.699104 -8.853443 2.746960 -7.840000 2.590000 3.710000
2.699104 -8.853443 2.746960 -7.840000 2.590000 3.710000
2.605784 -8.750552 2.847459 -32.340000 0.140000 3.220000
2.476572 -9.200402 2.457429 -43.750000 -1.610000 3.990000
2.644069 -9.013763 2.132005 -33.459999 1.330000 4.130000
2.622534 -8.530413 2.105684 -75.529999 3.290000 4.620000
2.505285 -8.961121 2.088934 -109.550003 -0.840000 5.320000
2.763710 -9.477970 0.725025 -101.500000 -4.410000 2.450000
2.636890 -9.236296 0.397209 -153.020004 -9.240000 3.010000
2.818745 -9.181261 -0.878166 -58.170002 -6.300000 -2.170000
2.818745 -9.181261 -0.878166 -58.170002 -6.300000 -2.170000
2.766103 -9.556933 -1.383051 -127.889999 -11.550000 1.120000
2.766103 -9.556933 -1.383051 -127.889999 -11.550000 1.120000
2.773281 -9.071191 -2.842674 -114.309998 -9.030000 1.190000
2.993421 -9.896714 -3.696911 -92.889999 -10.080000 -0.560000
2.682354 -8.264810 -3.268596 -58.029999 -7.210000 -4.900000
2.682354 -8.264810 -3.268596 -58.029999 -7.210000 -4.900000
2.964707 -8.410772 -4.137190 -99.820000 -11.410000 -1.750000
2.785245 -7.712067 -4.424329 -83.300003 -13.160000 -7.280000
2.785245 -7.712067 -4.424329 -83.300003 -13.160000 -7.280000
2.854637 -7.759924 -5.874380 -122.570000 -14.700000 -5.040000
2.679961 -7.168896 -6.355337 -55.510002 -11.060000 -5.950000
2.660819 -6.439085 -6.695118 -86.169998 -12.740000 -4.760000
2.701497 -6.594619 -7.061220 -99.050003 -11.970000 -5.530000
2.701497 -6.594619 -7.061220 -99.050003 -11.970000 -5.530000
2.787638 -6.482157 -7.200003 -68.459999 -11.480000 -5.670000
2.526821 -5.635098 -7.654640 -84.419998 -11.200000 -4.410000
2.586641 -4.895715 -8.204988 -63.700001 -7.700000 -5.880000
2.495714 -5.106283 -8.472985 -59.779999 -6.160000 -3.990000
2.495714 -5.106283 -8.472985 -59.779999 -6.160000 -3.990000
2.467000 -4.675575 -8.532805 -39.970001 -4.340000 -4.760000
2.390430 -4.491328 -8.676375 -36.889999 -3.010000 -2.100000
2.447858 -3.857230 -8.702696 -29.610001 -4.270000 -2.730000
2.464607 -4.151547 -8.683553 -36.330002 -3.920000 0.280000
2.464607 -4.151547 -8.683553 -36.330002 -3.920000 0.280000
2.301895 -4.022335 -8.831908 -15.470000 -3.010000 0.210000
2.215754 -3.704089 -8.865408 -17.710001 -2.310000 -0.840000
2.215754 -3.704089 -8.865408 -17.710001 -2.310000 -0.840000
2.352145 -3.897908 -9.047262 -16.240000 -0.280000 0.420000
2.227718 -3.352344 -8.807980 -8.540000 1.610000 -0.770000
2.333002 -3.550949 -9.145369 -8.190000 2.380000 3.080000
2.333002 -3.550949 -9.145369 -8.190000 2.380000 3.080000
2.242075 -3.558127 -9.142976 -5.320000 3.570000 3.360000
2.254039 -3.620341 -8.848659 -4.200000 4.480000 2.030000
2.254039 -3.620341 -8.848659 -4.200000 4.480000 2.030000
2.273181 -3.775874 -8.930015 -5.530000 3.500000 3.500000
2.258825 -3.644269 -8.896514 -4.970000 3.290000 1.540000
2.270789 -3.522235 -9.042477 -4.620000 4.060000 3.010000
2.270789 -3.522235 -9.042477 -4.620000 4.060000 3.010000
2.232504 -3.744767 -9.028119 2.380000 6.090000 4.130000
2.299503 -3.795017 -8.977871 -5.250000 5.880000 2.030000
