5.280960 -7.700103 3.129812 -4.620000 4.480000 2.450000
5.367101 -7.700103 3.132205 -3.570000 6.020000 1.680000
5.367101 -7.700103 3.132205 -3.570000 6.020000 1.680000
5.297709 -7.561320 3.309274 -2.800000 4.970000 2.170000
5.297709 -7.561320 3.309274 -2.800000 4.970000 2.170000
5.297709 -7.561320 3.309274 -2.800000 4.970000 2.170000
5.352744 -7.539784 3.337988 -5.040000 4.340000 2.310000
5.352744 -7.539784 3.337988 -5.040000 4.340000 2.310000
5.216353 -7.401000 3.359523 -18.480000 1.750000 3.920000
5.216353 -7.401000 3.359523 -18.480000 1.750000 3.920000
5.127820 -8.018349 2.287539 -146.440002 -6.860000 10.430000
5.216353 -7.881958 1.701297 -157.289993 -5.040000 10.920000
5.225924 -8.111670 0.734596 -192.710007 -13.930000 9.030000
5.225924 -8.111670 0.734596 -192.710007 -13.930000 9.030000
5.364708 -8.011170 -0.399601 -194.039993 -15.890000 5.740000
5.261817 -9.078369 -3.022135 -102.269997 -14.630000 -1.190000
5.056034 -7.343572 -2.411965 -98.559998 -11.200000 -3.010000
5.228317 -7.391429 -2.825923 -121.940002 -13.650000 -0.700000
5.335995 -7.843673 -3.979264 -90.580002 -12.810000 -2.660000
5.058427 -6.642475 -3.388237 -114.449997 -11.830000 -6.300000
5.058427 -6.642475 -3.388237 -114.449997 -11.830000 -6.300000
5.108676 -6.735795 -4.079762 -153.089996 -17.920000 -2.660000
5.364708 -6.704689 -5.446064 -124.110001 -18.830000 -7.700000
5.056034 -5.525027 -5.673382 -122.500000 -20.719999 -7.280000
5.067998 -4.895715 -7.556533 -96.180000 -21.070000 -9.520000
5.067998 -4.895715 -7.556533 -96.180000 -21.070000 -9.520000
4.931608 -4.515256 -7.436893 -73.849998 -19.530001 -10.570000
5.029713 -3.795017 -7.625926 -67.760002 -21.420000 -11.970000
4.831109 -3.768696 -7.853244 -92.260002 -21.000000 -14.210000
4.668397 -2.998207 -8.417950 -64.959999 -22.400000 -19.040001
4.371687 -2.342573 -8.408379 -61.040001 -20.020000 -17.780001
4.371687 -2.342573 -8.408379 -61.040001 -20.020000 -17.780001
4.326223 -2.031506 -8.858230 -61.110001 -17.639999 -16.100000
4.450650 -2.079363 -9.432507 -33.950001 -13.510000 -10.850000
4.393222 -1.538585 -8.532805 -21.070000 -8.400000 -8.680000
4.278367 -1.466800 -9.257831 -5.040000 -2.590000 1.470000
4.278367 -1.466800 -9.257831 -5.040000 -2.590000 1.470000
4.278367 -1.660619 -8.798409 -10.010000 -1.540000 1.260000
4.321437 -1.641476 -9.279366 -3.220000 -0.700000 1.610000
4.321437 -1.641476 -9.279366 -3.220000 -0.700000 1.610000
4.120440 -1.526621 -8.803195 -5.740000 1.260000 1.820000
4.185047 -1.703690 -8.889337 -3.080000 1.050000 1.680000
4.192225 -1.538585 -8.997013 -2.100000 2.100000 1.610000
4.108476 -1.770689 -8.932407 -5.530000 3.150000 2.940000
4.106083 -1.624727 -8.898908 -2.940000 3.920000 3.360000
