2.311467 -9.073583 2.998207 -12.950000 4.270000 0.910000
2.311467 -9.073583 2.998207 -12.950000 4.270000 0.910000
2.311467 -9.073583 2.998207 -12.950000 4.270000 0.910000
2.469393 -9.181261 2.756532 2.520000 3.990000 2.940000
2.323431 -9.200402 2.926422 -12.110000 2.100000 2.590000
2.323431 -9.200402 2.926422 -12.110000 2.100000 2.590000
2.323431 -9.200402 2.926422 -12.110000 2.100000 2.590000
2.373680 -8.798409 2.933600 -83.580002 -3.360000 1.890000
2.624927 -8.671589 1.849652 -132.440002 -8.610000 0.700000
2.467000 -9.611969 -0.141177 -183.119995 -14.630000 2.660000
2.467000 -9.611969 -0.141177 -183.119995 -14.630000 2.660000
2.464607 -8.669197 -0.583849 -131.039993 -10.780000 -1.610000
2.579463 -8.209774 -2.873780 -133.490005 -13.930000 -8.050000
2.579463 -8.209774 -2.873780 -133.490005 -13.930000 -8.050000
2.383251 -8.216952 -3.608376 -154.070007 -16.030001 -5.530000
2.383251 -8.216952 -3.608376 -154.070007 -16.030001 -5.530000
2.431108 -7.692925 -5.058427 -124.739998 -14.420000 -7.350000
2.495714 -8.183454 -5.776274 -121.870003 -15.820000 -9.100000
2.567499 -6.790830 -6.381658 -70.489998 -11.760000 -5.530000
2.567499 -6.790830 -6.381658 -70.489998 -11.760000 -5.530000
2.366502 -6.422336 -7.030113 -73.430000 -11.270000 -9.730000
2.366502 -6.422336 -7.030113 -73.430000 -11.270000 -9.730000
2.366502 -6.422336 -7.030113 -73.430000 -11.270000 -9.730000
2.366502 -6.422336 -7.030113 -73.430000 -11.270000 -9.730000
2.366502 -6.422336 -7.030113 -73.430000 -11.270000 -9.730000
2.376073 -5.173282 -8.044669 -34.230000 -13.020000 -10.220000
2.316252 -4.766503 -8.683553 -38.080002 -11.410000 -7.490000
2.316252 -4.766503 -8.683553 -38.080002 -11.410000 -7.490000
2.316252 -4.766503 -8.683553 -38.080002 -11.410000 -7.490000
2.273181 -4.378866 -8.047063 -31.430000 -14.630000 -9.590000
2.273181 -4.378866 -8.047063 -31.430000 -14.630000 -9.590000
1.990828 -4.589434 -8.638089 -23.730000 -17.500000 -6.440000
1.990828 -4.589434 -8.638089 -23.730000 -17.500000 -6.440000
1.990828 -4.589434 -8.638089 -23.730000 -17.500000 -6.440000
1.892723 -4.086941 -8.985049 -15.680000 -6.720000 -3.150000
1.892723 -4.086941 -8.985049 -15.680000 -6.720000 -3.150000
1.820938 -3.962514 -8.886944 1.190000 -3.220000 1.680000
1.820938 -3.962514 -8.886944 1.190000 -3.220000 1.680000
1.820938 -3.962514 -8.886944 1.190000 -3.220000 1.680000
1.770689 -4.254438 -9.245867 -8.820000 4.690000 3.220000
1.811367 -4.024727 -8.760124 -5.740000 5.670000 4.410000
1.763510 -3.957729 -8.760124 -14.210000 4.690000 3.360000
1.866402 -4.139583 -8.953942 -18.059999 4.620000 2.100000
1.866402 -4.139583 -8.953942 -18.059999 4.620000 2.100000
1.844866 -4.043870 -8.736196 -9.800000 5.320000 5.180000
1.844866 -4.043870 -8.736196 -9.800000 5.320000 5.180000
1.919044 -4.036692 -8.604590 -7.770000 6.440000 3.570000
