4.630112 -8.573483 2.117648 0.140000 3.500000 2.870000
4.658825 -8.463413 2.065006 -4.970000 3.570000 1.540000
4.587041 -8.379664 2.256432 2.590000 3.010000 1.960000
4.630112 -8.104490 2.445465 -6.160000 1.820000 2.590000
4.541577 -7.860423 2.522035 -44.730000 -1.820000 3.500000
4.541577 -7.860423 2.522035 -44.730000 -1.820000 3.500000
4.677969 -7.436893 1.990828 -158.339996 -7.000000 8.680000
4.677969 -7.436893 1.990828 -158.339996 -7.000000 8.680000
4.352544 -8.559127 -1.521835 -237.229996 -25.900000 2.660000
4.340580 -8.085347 -2.079363 -232.960007 -29.120001 -0.980000
4.340580 -8.085347 -2.079363 -232.960007 -29.120001 -0.980000
4.433900 -7.061220 -3.534199 -276.640015 -30.170000 -6.230000
4.505685 -7.472785 -6.709475 -241.919998 -32.900002 -10.430000
4.359723 -6.821937 -6.970293 -184.660004 -29.680000 -14.560000
4.455436 -5.204390 -7.740781 -90.650002 -23.240000 -12.810000
4.338188 -4.362115 -7.568498 -83.019997 -19.250000 -13.300000
4.036692 -3.708875 -7.879565 -141.259995 -18.760000 -10.850000
4.036692 -3.708875 -7.879565 -141.259995 -18.760000 -10.850000
4.455436 -3.687340 -9.087940 -111.720001 -15.820000 -15.190001
4.194618 -3.192025 -8.999406 -102.620003 -12.740000 -15.820000
4.079762 -2.199004 -8.973085 -66.779999 -14.420000 -19.600000
3.890730 -1.976472 -9.016156 -42.770000 -11.130000 -18.270000
3.845266 -1.170090 -9.243474 -20.650000 -7.910000 -14.560000
3.845266 -1.170090 -9.243474 -20.650000 -7.910000 -14.560000
4.048656 -1.261017 -9.267403 -26.740000 -4.900000 -9.520000
3.984050 -1.143769 -9.083155 -13.160000 -3.290000 -5.880000
3.857230 -1.138984 -9.396614 -10.430000 -0.770000 1.540000
3.804588 -1.383051 -9.147761 -4.410000 -0.070000 1.680000
3.768696 -1.426122 -9.394222 -0.840000 2.660000 3.010000
3.926622 -1.330409 -9.324830 -0.420000 3.080000 3.780000
3.842873 -1.387837 -8.987441 -5.180000 3.430000 4.130000
3.773481 -1.545763 -9.059227 -1.960000 2.520000 3.500000
3.811767 -1.488336 -9.231510 -0.630000 3.290000 3.360000
3.775874 -1.574477 -9.135797 0.700000 4.270000 4.060000
