5.340781 -7.312466 3.711268 0.350000 6.440000 3.290000
5.230711 -7.338787 3.871587 -6.230000 4.200000 3.010000
5.230711 -7.338787 3.871587 -6.230000 4.200000 3.010000
5.343173 -7.209574 3.862016 -4.760000 4.270000 3.290000
5.221139 -7.214360 3.919443 -5.390000 3.430000 4.830000
5.340781 -7.322037 3.909872 -16.240000 2.100000 5.040000
5.340781 -7.322037 3.909872 -16.240000 2.100000 5.040000
5.233103 -7.190433 3.945765 -24.639999 2.450000 5.810000
5.426922 -7.391429 3.617948 -65.309998 -0.770000 7.420000
5.395815 -7.482357 3.596412 -78.680000 -0.980000 9.380000
5.357530 -7.592427 3.065206 -95.059998 -0.840000 10.010000
5.199604 -8.051848 1.978864 -133.770004 -3.990000 8.540000
5.199604 -8.051848 1.978864 -133.770004 -3.990000 8.540000
5.302495 -7.793423 0.624527 -155.889999 -5.110000 6.650000
5.302495 -7.793423 0.624527 -155.889999 -5.110000 6.650000
5.149354 -8.709875 -0.588634 -164.919998 -10.500000 3.920000
5.213961 -8.927622 -1.237089 -138.389999 -10.850000 0.980000
5.328816 -7.709675 -1.438086 -123.059998 -8.890000 -3.010000
5.350351 -8.544770 -3.558127 -119.840004 -13.300000 -2.240000
5.268995 -6.920043 -2.964707 -112.279999 -9.590000 -5.460000
5.271388 -7.913064 -4.500899 -112.980003 -16.799999 -3.850000
5.307281 -7.116255 -4.654040 -88.830002 -14.070000 -6.300000
4.945964 -6.357729 -4.651647 -118.300003 -13.300000 -6.650000
5.443672 -7.015756 -5.836094 -84.489998 -16.100000 -6.930000
5.443672 -7.015756 -5.836094 -84.489998 -16.100000 -6.930000
5.319244 -6.013163 -5.601598 -69.160004 -11.410000 -10.640000
5.319244 -6.013163 -5.601598 -69.160004 -11.410000 -10.640000
5.319244 -6.013163 -5.601598 -69.160004 -11.410000 -10.640000
5.319244 -6.013163 -5.601598 -69.160004 -11.410000 -10.640000
5.347959 -5.563312 -6.704689 -74.059998 -14.420000 -9.100000
5.137390 -4.912465 -7.307681 -97.580002 -20.230000 -6.790000
4.867002 -4.027121 -7.087541 -88.620003 -16.799999 -9.450000
4.867002 -4.027121 -7.087541 -88.620003 -16.799999 -9.450000
4.867002 -4.027121 -7.087541 -88.620003 -16.799999 -9.450000
4.859823 -3.529413 -7.948956 -76.090004 -19.110001 -8.610000
4.601398 -3.010171 -8.025528 -63.630001 -15.890000 -8.610000
4.601398 -3.010171 -8.025528 -63.630001 -15.890000 -8.610000
4.601398 -3.010171 -8.025528 -63.630001 -15.890000 -8.610000
4.895715 -2.639283 -8.635696 -44.380001 -14.490000 -6.160000
4.895715 -2.639283 -8.635696 -44.380001 -14.490000 -6.160000
4.802395 -2.196611 -8.815158 -17.570000 -6.370000 -1.960000
4.488935 -2.421536 -8.963513 -16.660000 -3.010000 1.260000
4.675575 -2.313859 -8.748159 -4.480000 -2.030000 1.610000
4.338188 -2.225325 -8.719445 -5.250000 0.490000 2.380000
4.393222 -2.266003 -8.910872 -4.270000 3.640000 4.410000
4.551149 -2.344966 -8.336594 -4.830000 3.500000 3.570000
4.412365 -2.340181 -8.693125 -6.440000 4.270000 4.130000
4.412365 -2.340181 -8.693125 -6.440000 4.270000 4.130000
4.412365 -2.340181 -8.693125 -6.440000 4.270000 4.130000
4.455436 -2.306681 -8.463413 -5.530000 3.920000 4.130000
4.455436 -2.306681 -8.463413 -5.530000 3.920000 4.130000
