2.964707 -8.922836 2.847459 -3.850000 6.160000 5.320000
3.017349 -9.183653 2.782853 -13.580000 2.800000 4.200000
3.017349 -9.183653 2.782853 -13.580000 2.800000 4.200000
2.857030 -9.052048 2.780460 -10.360000 3.360000 3.920000
2.969493 -8.901299 2.744568 -15.330000 3.780000 3.500000
2.852244 -9.047262 2.581856 -30.100000 3.010000 5.250000
2.818745 -8.939585 2.641676 -5.880000 3.780000 2.100000
2.945565 -8.927622 2.577070 -38.639999 3.150000 4.130000
2.945565 -8.927622 2.577070 -38.639999 3.150000 4.130000
2.959922 -9.066404 2.452643 -47.320000 1.540000 5.110000
3.029313 -9.293723 2.151148 -50.259998 -1.540000 1.820000
2.943172 -9.243474 1.445265 -89.809998 -1.470000 0.350000
2.943172 -9.243474 1.445265 -89.809998 -1.470000 0.350000
3.058028 -9.602397 0.117248 -102.340004 -4.620000 2.520000
3.168097 -9.221939 0.327817 -81.199997 -4.690000 -0.560000
3.000600 -9.750752 -1.406980 -118.790001 -10.570000 2.170000
3.089134 -8.958728 -1.634298 -96.389999 -10.150000 -0.770000
3.089134 -8.958728 -1.634298 -96.389999 -10.150000 -0.770000
3.031706 -8.970692 -1.737189 -116.970001 -9.240000 1.120000
2.861816 -9.559326 -3.534199 -52.500000 -9.100000 3.150000
2.837888 -8.525627 -3.259024 -122.709999 -2.450000 4.340000
3.046063 -8.623734 -3.883551 -93.940002 -3.710000 -0.280000
3.113062 -7.764710 -3.661019 -147.699997 -10.080000 1.400000
3.113062 -7.764710 -3.661019 -147.699997 -10.080000 1.400000
3.199204 -7.841280 -4.395615 -160.300003 -15.050000 2.730000
3.182454 -7.915457 -5.407779 -134.610001 -22.680000 -1.400000
2.414358 -6.336195 -6.927221 -139.020004 -30.030001 -2.100000
2.457429 -6.104091 -8.111670 -87.570000 -23.590000 -2.240000
2.455036 -5.410172 -8.219346 -53.689999 -15.960000 -1.540000
2.455036 -5.410172 -8.219346 -53.689999 -15.960000 -1.540000
2.505285 -5.132604 -8.126025 -56.840000 -14.000000 -1.400000
2.438286 -5.099105 -8.405986 -79.660004 -12.880000 -3.430000
2.352145 -4.429115 -8.678767 -45.570000 -5.180000 -6.720000
2.270789 -4.453043 -8.867801 -40.880001 -4.340000 -6.790000
2.270789 -4.453043 -8.867801 -40.880001 -4.340000 -6.790000
2.364109 -3.940979 -8.724231 -29.120001 -1.260000 -9.590000
2.364109 -3.940979 -8.724231 -29.120001 -1.260000 -9.590000
2.359323 -3.711268 -8.894121 -28.210001 -3.710000 -5.530000
2.057827 -3.543770 -8.977871 -20.370001 2.450000 0.560000
2.057827 -3.543770 -8.977871 -20.370001 2.450000 0.560000
2.057827 -3.543770 -8.977871 -20.370001 2.450000 0.560000
2.230111 -3.306881 -9.044869 0.700000 7.630000 4.970000
2.230111 -3.306881 -9.044869 0.700000 7.630000 4.970000
2.230111 -3.306881 -9.044869 0.700000 7.630000 4.970000
2.313859 -3.672983 -8.886944 -3.220000 6.860000 5.040000
2.299503 -3.677768 -8.740981 -0.490000 6.160000 5.600000
2.313859 -3.912265 -8.963513 -1.330000 6.090000 6.160000
