2.009971 -8.901299 3.134598 -7.070000 5.810000 3.850000
2.084148 -9.212367 2.866602 -9.800000 2.870000 4.200000
2.206182 -9.209974 2.969493 -10.220000 3.990000 3.850000
2.206182 -9.209974 2.969493 -10.220000 3.990000 3.850000
2.206182 -9.209974 2.969493 -10.220000 3.990000 3.850000
2.206182 -9.209974 2.969493 -10.220000 3.990000 3.850000
2.079363 -9.085547 2.667997 -99.400002 -3.150000 7.560000
2.141576 -8.623734 1.555335 -127.610001 -3.430000 4.690000
2.141576 -8.623734 1.555335 -127.610001 -3.430000 4.690000
2.342573 -10.688738 -1.627119 -209.089996 -18.900000 2.450000
2.342573 -10.688738 -1.627119 -209.089996 -18.900000 2.450000
2.146362 -10.073784 -3.445665 -167.720001 -20.719999 -2.590000
2.146362 -10.073784 -3.445665 -167.720001 -20.719999 -2.590000
2.019542 -8.544770 -3.969693 -112.419998 -13.650000 -2.870000
2.019542 -8.544770 -3.969693 -112.419998 -13.650000 -2.870000
1.983650 -8.561519 -5.326423 -117.599998 -16.309999 -6.790000
1.990828 -7.398607 -5.962914 -119.629997 -15.750000 -5.740000
1.990828 -7.398607 -5.962914 -119.629997 -15.750000 -5.740000
1.990828 -7.398607 -5.962914 -119.629997 -15.750000 -5.740000
2.088934 -6.874579 -7.176075 -79.169998 -11.270000 -3.920000
2.088934 -6.874579 -7.176075 -79.169998 -11.270000 -3.920000
2.088934 -6.874579 -7.176075 -79.169998 -11.270000 -3.920000
1.988436 -5.943772 -7.429714 -65.800003 -12.460000 -7.420000
1.988436 -5.943772 -7.429714 -65.800003 -12.460000 -7.420000
1.907080 -5.797810 -8.413164 -52.709999 -11.760000 -6.510000
1.907080 -5.797810 -8.413164 -52.709999 -11.760000 -6.510000
1.804188 -5.039285 -8.444271 -46.970001 -8.260000 -6.440000
1.804188 -5.039285 -8.444271 -46.970001 -8.260000 -6.440000
1.615155 -4.510471 -8.305488 -38.360001 -12.320000 -6.020000
1.615155 -4.510471 -8.305488 -38.360001 -12.320000 -6.020000
1.564906 -4.610970 -8.657232 -24.639999 -11.130000 -4.060000
1.564906 -4.610970 -8.657232 -24.639999 -11.130000 -4.060000
1.414158 -4.223332 -8.729016 -9.520000 -4.270000 2.030000
1.435694 -4.211368 -9.061620 -0.630000 -4.480000 2.590000
1.435694 -4.211368 -9.061620 -0.630000 -4.480000 2.590000
1.435694 -4.211368 -9.061620 -0.630000 -4.480000 2.590000
1.246661 -4.161119 -9.044869 -1.960000 1.610000 2.660000
1.246661 -4.161119 -9.044869 -1.960000 1.610000 2.660000
1.246661 -4.161119 -9.044869 -1.960000 1.610000 2.660000
1.246661 -4.161119 -9.044869 -1.960000 1.610000 2.660000
1.246661 -4.161119 -9.044869 -1.960000 1.610000 2.660000
1.361516 -4.187439 -9.123833 -1.890000 4.480000 2.870000
