3.316452 -9.286544 2.151148 -8.050000 3.430000 3.570000
3.270989 -9.102298 2.409572 -8.050000 4.410000 3.360000
3.093920 -9.035298 2.567499 -7.210000 4.200000 3.010000
3.132205 -9.202796 2.191825 -11.060000 3.220000 3.290000
3.132205 -9.202796 2.191825 -11.060000 3.220000 3.290000
3.194418 -9.013763 2.383251 -7.490000 4.200000 1.890000
3.194418 -9.013763 2.383251 -7.490000 4.200000 1.890000
3.196811 -8.975478 2.306681 -21.420000 1.750000 1.960000
3.072384 -8.743374 1.782653 -115.220001 -2.660000 4.900000
3.072384 -8.743374 1.782653 -115.220001 -2.660000 4.900000
3.072384 -8.743374 1.782653 -115.220001 -2.660000 4.900000
3.105884 -8.501699 0.856631 -100.590004 -1.050000 0.280000
3.105884 -8.501699 0.856631 -100.590004 -1.050000 0.280000
3.235096 -9.686146 -0.653241 -175.279999 -10.990000 4.480000
3.235096 -9.686146 -0.653241 -175.279999 -10.990000 4.480000
3.067599 -8.370094 -0.969093 -125.930000 -8.260000 -0.560000
3.263810 -8.870193 -3.225525 -135.520004 -12.740000 -1.260000
3.263810 -8.870193 -3.225525 -135.520004 -12.740000 -1.260000
3.201597 -8.537591 -3.795017 -129.779999 -12.950000 -0.490000
3.201597 -8.537591 -3.795017 -129.779999 -12.950000 -0.490000
3.318845 -7.905886 -4.895715 -104.019997 -14.280000 -1.820000
3.163311 -6.252446 -5.733203 -126.139999 -14.840000 -3.990000
3.117848 -5.795416 -7.817351 -139.229996 -17.850000 -5.880000
3.117848 -5.795416 -7.817351 -139.229996 -17.850000 -5.880000
3.117848 -5.795416 -7.817351 -139.229996 -17.850000 -5.880000
3.117848 -5.795416 -7.817351 -139.229996 -17.850000 -5.880000
2.907279 -4.993821 -8.250452 -56.910000 -5.250000 -5.110000
2.907279 -4.993821 -8.250452 -56.910000 -5.250000 -5.110000
2.823531 -4.041477 -8.439486 -25.760000 -3.220000 -1.470000
2.823531 -4.041477 -8.439486 -25.760000 -3.220000 -1.470000
2.924029 -4.381258 -8.822337 -10.430000 -0.070000 -0.980000
2.924029 -4.381258 -8.822337 -10.430000 -0.070000 -0.980000
2.816352 -3.840480 -8.848659 -17.360001 1.890000 -0.560000
2.763710 -3.672983 -8.604590 -14.770000 2.240000 -0.490000
2.845066 -3.768696 -8.726624 -11.760000 3.570000 1.190000
2.845066 -3.768696 -8.726624 -11.760000 3.570000 1.190000
2.845066 -3.768696 -8.726624 -11.760000 3.570000 1.190000
2.730211 -3.732803 -8.405986 -2.520000 4.480000 2.520000
2.730211 -3.732803 -8.405986 -2.520000 4.480000 2.520000
2.730211 -3.732803 -8.405986 -2.520000 4.480000 2.520000
2.835495 -3.663411 -8.551948 -2.380000 3.360000 3.290000
2.742175 -3.637090 -8.609376 -2.520000 2.660000 4.200000
2.742175 -3.637090 -8.609376 -2.520000 2.660000 4.200000
2.658426 -3.558127 -8.827123 -0.840000 3.080000 3.080000
2.658426 -3.558127 -8.827123 -0.840000 3.080000 3.080000
2.835495 -4.139583 -8.611769 -4.270000 3.780000 3.080000
