5.166104 -7.735995 3.058028 -7.350000 3.990000 3.780000
5.048856 -7.781459 3.079563 -6.230000 2.170000 3.150000
5.048856 -7.781459 3.079563 -6.230000 2.170000 3.150000
5.230711 -7.702496 3.041277 -9.870000 1.610000 3.220000
5.132604 -7.848458 2.897708 -11.340000 1.470000 3.570000
5.067998 -7.802995 2.955136 -9.870000 2.520000 3.780000
5.276174 -7.601997 3.029313 -31.920000 0.840000 4.830000
5.257031 -7.838887 2.775674 -38.849998 0.630000 6.370000
5.257031 -7.838887 2.775674 -38.849998 0.630000 6.370000
5.106283 -7.963314 2.548356 -31.290001 2.310000 6.160000
5.106283 -7.963314 2.548356 -31.290001 2.310000 6.160000
5.091926 -7.439285 2.742175 -81.199997 0.560000 8.190000
5.091926 -7.439285 2.742175 -81.199997 0.560000 8.190000
5.091926 -7.439285 2.742175 -81.199997 0.560000 8.190000
5.149354 -7.769495 1.000200 -88.410004 1.400000 4.130000
5.149354 -7.769495 1.000200 -88.410004 1.400000 4.130000
5.185246 -8.123632 1.083949 -118.160004 -1.960000 6.930000
5.185246 -8.123632 1.083949 -118.160004 -1.960000 6.930000
5.053641 -7.470392 -3.017349 -147.419998 -18.760000 -3.710000
4.953143 -8.396415 -5.077570 -129.289993 -20.090000 -4.410000
4.802395 -6.532406 -4.922036 -72.379997 -13.160000 -12.390000
4.802395 -6.532406 -4.922036 -72.379997 -13.160000 -12.390000
4.804788 -6.723832 -5.395815 -115.430000 -17.850000 -4.060000
4.804788 -6.723832 -5.395815 -115.430000 -17.850000 -4.060000
4.811966 -5.319244 -5.702096 -107.520004 -13.300000 -8.400000
4.811966 -5.319244 -5.702096 -107.520004 -13.300000 -8.400000
4.811966 -5.319244 -5.702096 -107.520004 -13.300000 -8.400000
4.811966 -5.319244 -5.702096 -107.520004 -13.300000 -8.400000
4.811966 -5.319244 -5.702096 -107.520004 -13.300000 -8.400000
4.811966 -5.319244 -5.702096 -107.520004 -13.300000 -8.400000
4.118048 -1.890330 -8.934800 -43.610001 -19.670000 -17.290001
4.118048 -1.890330 -8.934800 -43.610001 -19.670000 -17.290001
4.249653 -1.641476 -9.212367 -26.740000 -10.780000 -6.930000
4.249653 -1.641476 -9.212367 -26.740000 -10.780000 -6.930000
4.319045 -1.598405 -9.212367 -7.630000 -1.190000 -1.400000
4.319045 -1.598405 -9.212367 -7.630000 -1.190000 -1.400000
4.201797 -1.466800 -9.267403 -1.610000 4.200000 2.800000
4.201797 -1.466800 -9.267403 -1.610000 4.200000 2.800000
4.297509 -1.651048 -8.989835 -3.500000 5.600000 2.450000
4.297509 -1.651048 -8.989835 -3.500000 5.600000 2.450000
4.297509 -1.651048 -8.989835 -3.500000 5.600000 2.450000
4.144369 -1.787439 -8.870193 -1.260000 5.670000 1.820000
4.144369 -1.787439 -8.870193 -1.260000 5.670000 1.820000
4.137190 -1.710868 -8.791230 -3.850000 4.830000 1.470000
