2.404787 -9.248260 2.471786 -4.060000 3.780000 2.940000
2.232504 -9.346365 2.445465 -1.820000 4.760000 2.380000
2.328217 -9.257831 2.478964 -7.140000 2.870000 1.680000
2.328217 -9.257831 2.478964 -7.140000 2.870000 1.680000
2.263610 -9.056834 2.459821 -23.870001 0.490000 1.890000
2.263610 -9.056834 2.459821 -23.870001 0.490000 1.890000
2.364109 -9.028119 2.481357 -34.369999 -0.420000 2.450000
2.364109 -9.028119 2.481357 -34.369999 -0.420000 2.450000
2.318645 -8.997013 1.696511 -119.070000 -3.010000 5.530000
2.318645 -8.997013 1.696511 -119.070000 -3.010000 5.530000
2.292324 -9.300901 0.267996 -159.460007 -4.620000 -0.140000
2.292324 -10.186246 -0.978664 -158.759995 -5.460000 1.540000
2.292324 -10.186246 -0.978664 -158.759995 -5.460000 1.540000
2.292324 -10.186246 -0.978664 -158.759995 -5.460000 1.540000
2.404787 -9.052048 -1.895115 -116.830002 -6.370000 -0.700000
2.404787 -9.052048 -1.895115 -116.830002 -6.370000 -0.700000
2.627320 -9.279366 -3.302095 -85.540001 -8.750000 -4.480000
2.627320 -9.279366 -3.302095 -85.540001 -8.750000 -4.480000
2.476572 -8.695518 -3.402594 -100.940002 -8.750000 -1.820000
2.476572 -8.695518 -3.402594 -100.940002 -8.750000 -1.820000
2.435893 -7.659425 -4.711468 -130.339996 -10.990000 -3.710000
2.251646 -7.525427 -6.139983 -113.050003 -12.600000 -7.140000
2.251646 -7.525427 -6.139983 -113.050003 -12.600000 -7.140000
2.548356 -6.881758 -7.056434 -86.309998 -8.260000 -9.310000
2.533999 -6.443871 -7.152147 -84.000000 -7.700000 -10.290000
2.533999 -6.443871 -7.152147 -84.000000 -7.700000 -10.290000
2.596212 -6.123233 -7.719246 -65.449997 -17.570000 -16.870001
2.545963 -5.536992 -7.767102 -65.519997 -17.920000 -17.639999
2.545963 -5.536992 -7.767102 -65.519997 -17.920000 -17.639999
2.545963 -5.536992 -7.767102 -65.519997 -17.920000 -17.639999
2.545963 -5.536992 -7.767102 -65.519997 -17.920000 -17.639999
2.545963 -5.536992 -7.767102 -65.519997 -17.920000 -17.639999
2.352145 -5.170890 -8.288737 -63.279999 -16.309999 -16.520000
2.352145 -5.170890 -8.288737 -63.279999 -16.309999 -16.520000
2.352145 -5.170890 -8.288737 -63.279999 -16.309999 -16.520000
2.352145 -5.170890 -8.288737 -63.279999 -16.309999 -16.520000
2.280360 -4.074977 -8.638089 -21.000000 -3.220000 -2.590000
2.254039 -3.960121 -8.697910 -7.630000 -7.420000 -0.980000
2.076970 -3.610770 -8.896514 -3.290000 -7.210000 -0.140000
2.076970 -3.610770 -8.896514 -3.290000 -7.210000 -0.140000
2.076970 -3.610770 -8.896514 -3.290000 -7.210000 -0.140000
2.088934 -3.507878 -8.956335 -3.010000 4.830000 5.460000
2.088934 -3.507878 -8.956335 -3.010000 4.830000 5.460000
2.115255 -3.694518 -8.913264 -2.870000 3.850000 4.900000
2.115255 -3.694518 -8.913264 -2.870000 3.850000 4.900000
2.160719 -3.979264 -8.970692 0.280000 5.320000 6.860000
2.134398 -4.256832 -8.812766 -2.240000 4.130000 3.710000
2.134398 -4.256832 -8.812766 -2.240000 4.130000 3.710000
2.096112 -3.912265 -8.748159 -3.990000 4.480000 2.940000
2.096112 -3.912265 -8.748159 -3.990000 4.480000 2.940000
2.096112 -3.912265 -8.748159 -3.990000 4.480000 2.940000
2.136791 -4.197011 -8.803195 1.540000 5.110000 3.990000
