4.567898 -7.951349 3.512664 -4.480000 3.990000 3.850000
4.529613 -7.987241 3.390630 -10.640000 1.890000 3.430000
4.522435 -8.078169 3.323631 -2.240000 4.060000 3.360000
4.589434 -8.200203 3.302095 -10.220000 1.540000 3.220000
4.534399 -8.142776 3.287738 -7.700000 2.380000 2.870000
4.534399 -8.142776 3.287738 -7.700000 2.380000 2.870000
4.570292 -7.726424 3.316452 -26.670000 2.030000 4.270000
4.560720 -7.721639 3.397808 -51.450001 -0.840000 4.620000
4.716253 -7.511070 3.256632 -115.430000 0.910000 9.870000
4.481757 -7.996813 1.928615 -195.930008 -7.770000 12.600000
4.481757 -7.996813 1.928615 -195.930008 -7.770000 12.600000
4.481757 -7.996813 1.928615 -195.930008 -7.770000 12.600000
4.395615 -8.776874 -0.588634 -221.550003 -21.700001 8.330000
4.414758 -7.747960 -3.306881 -240.729996 -31.500000 -3.080000
4.414758 -7.747960 -3.306881 -240.729996 -31.500000 -3.080000
4.445865 -6.209375 -7.130611 -181.440002 -32.130001 -10.500000
4.067799 -4.469792 -7.200003 -168.070007 -23.799999 -18.900000
4.067799 -4.469792 -7.200003 -168.070007 -23.799999 -18.900000
4.000800 -4.606184 -7.544570 -191.869995 -27.719999 -16.799999
4.603791 -4.168297 -8.707481 -144.619995 -29.190001 -19.320000
3.905087 -3.110669 -8.628519 -74.340004 -26.180000 -19.670000
3.742374 -2.457429 -8.973085 -56.980000 -24.219999 -15.050000
3.708875 -2.443072 -9.535398 -32.060001 -17.290001 -8.680000
3.708875 -2.443072 -9.535398 -32.060001 -17.290001 -8.680000
3.534199 -2.313859 -9.446864 -8.330000 -11.690000 -1.820000
3.479164 -2.136791 -9.621540 -10.500000 -5.040000 1.890000
3.479164 -2.136791 -9.621540 -10.500000 -5.040000 1.890000
3.665804 -2.045863 -9.418150 -4.620000 -2.520000 1.610000
3.565305 -2.199004 -9.296116 -2.520000 3.360000 2.870000
3.457629 -2.175076 -9.085547 -0.840000 3.920000 3.500000
3.457629 -2.175076 -9.085547 -0.840000 3.920000 3.500000
3.512664 -2.057827 -9.147761 -5.950000 4.340000 2.100000
