4.517649 -8.140383 3.110669 -3.430000 5.390000 2.940000
4.517649 -8.140383 3.110669 -3.430000 5.390000 2.940000
4.465007 -8.224132 3.232704 -4.620000 3.430000 3.080000
4.465007 -8.224132 3.232704 -4.620000 3.430000 3.080000
4.481757 -8.070991 3.232704 -12.460000 1.120000 3.780000
4.555934 -7.872386 3.235096 -78.470001 3.710000 8.470000
4.555934 -7.872386 3.235096 -78.470001 3.710000 8.470000
4.656433 -8.561519 1.256232 -161.139999 -4.550000 12.740000
4.431508 -8.346166 0.923629 -188.580002 -6.230000 8.120000
4.431508 -8.346166 0.923629 -188.580002 -6.230000 8.120000
4.383651 -9.410972 -0.715454 -162.259995 -11.760000 6.720000
4.130012 -7.573284 -2.256432 -273.350006 -20.930000 3.220000
4.130012 -7.573284 -2.256432 -273.350006 -20.930000 3.220000
4.517649 -9.554541 -5.374279 -139.300003 -18.620001 -7.210000
4.532006 -7.518249 -4.472186 -106.680000 -13.790000 -14.140000
4.704289 -6.144768 -6.561120 -171.570007 -17.850000 -13.090000
4.663611 -5.982057 -6.628119 -167.580002 -14.910000 -16.240000
4.364508 -5.359922 -7.003791 -172.550003 -20.230000 -13.790000
4.486543 -4.766503 -8.049455 -157.080002 -22.120001 -16.520000
4.283153 -4.362115 -8.197811 -142.869995 -22.120001 -17.780001
4.283153 -4.362115 -8.197811 -142.869995 -22.120001 -17.780001
4.103691 -3.756732 -8.374879 -104.930000 -24.080000 -17.639999
3.747160 -2.189433 -8.441878 -60.689999 -23.870001 -16.100000
3.493521 -1.859223 -9.272188 -31.500000 -21.840000 -12.670000
3.493521 -1.859223 -9.272188 -31.500000 -21.840000 -12.670000
3.493521 -1.859223 -9.272188 -31.500000 -21.840000 -12.670000
3.651447 -1.801795 -9.154939 -18.760000 -14.070000 -7.210000
3.761517 -1.780260 -9.611969 -5.460000 -5.600000 1.050000
3.845266 -1.875973 -9.487542 -4.480000 -2.870000 2.310000
3.768696 -1.849652 -9.296116 -5.950000 -0.420000 2.590000
3.787838 -2.139183 -9.662218 -3.710000 3.080000 3.430000
3.708875 -1.907080 -9.152546 -7.630000 5.040000 3.150000
3.775874 -2.172683 -9.272188 -5.530000 5.040000 2.730000
3.677768 -2.096112 -9.035298 -1.610000 6.230000 1.960000
