3.144169 -9.202796 2.340181 -4.550000 5.460000 1.190000
3.208775 -9.087940 2.440679 -8.190000 3.920000 3.220000
3.261417 -9.056834 2.423929 -13.090000 4.900000 3.920000
3.218346 -9.284152 2.323431 -28.770000 3.430000 1.750000
3.218346 -9.284152 2.323431 -28.770000 3.430000 1.750000
3.220739 -8.987441 2.280360 -31.010000 4.200000 2.450000
3.170490 -8.824730 2.244468 -46.900002 4.760000 2.240000
3.292524 -9.030513 1.349552 -50.400002 2.520000 0.980000
3.292524 -9.030513 1.349552 -50.400002 2.520000 0.980000
3.093920 -8.611769 1.351945 -70.279999 2.520000 1.820000
3.225525 -9.664611 0.619741 -72.590004 -2.870000 4.970000
3.108276 -8.908479 0.325424 -85.959999 -1.470000 2.590000
3.354738 -9.803394 -0.885344 -36.889999 -0.630000 2.100000
3.079563 -8.616554 -0.555135 -88.550003 3.080000 1.260000
3.081956 -9.262616 -1.208375 -107.099998 -1.960000 3.920000
3.402594 -8.965906 -1.519442 -57.119999 -1.400000 -0.420000
3.105884 -9.257831 -2.270789 -90.230003 -2.590000 3.990000
3.103491 -9.650253 -2.785245 -65.800003 -3.010000 3.360000
3.103491 -9.650253 -2.785245 -65.800003 -3.010000 3.360000
3.302095 -8.269595 -2.143969 -43.189999 0.070000 -0.350000
3.546163 -9.279366 -3.486342 -67.760002 -7.070000 2.590000
3.077170 -8.468199 -3.531806 -71.680000 -7.280000 -0.490000
3.349952 -8.434700 -4.254438 -77.980003 -10.570000 0.420000
3.349952 -8.434700 -4.254438 -77.980003 -10.570000 0.420000
3.263810 -8.573483 -4.563113 -69.090004 -9.800000 -1.330000
3.151347 -7.819745 -5.087141 -74.410004 -10.570000 -1.820000
3.270989 -7.968100 -5.292924 -48.860001 -6.860000 -2.660000
3.069991 -7.231110 -5.190032 -51.450001 -5.110000 -1.610000
3.069991 -7.231110 -5.190032 -51.450001 -5.110000 -1.610000
3.122634 -7.334002 -5.694918 -61.389999 -6.230000 1.680000
3.031706 -7.089933 -6.003592 -73.220001 -6.300000 2.310000
3.031706 -7.089933 -6.003592 -73.220001 -6.300000 2.310000
2.952743 -6.271588 -7.013363 -98.629997 -6.510000 -0.070000
2.952743 -6.271588 -7.013363 -98.629997 -6.510000 -0.070000
2.940779 -5.481956 -7.740781 -112.699997 -8.750000 -2.450000
2.974278 -5.151747 -7.999206 -94.220001 -9.660000 -2.940000
2.859423 -4.910072 -8.425128 -78.680000 -9.800000 -3.920000
2.770889 -4.426722 -8.264810 -52.990002 -9.520000 -6.160000
2.550749 -4.280759 -8.618947 -29.120001 -7.770000 -6.790000
2.763710 -3.732803 -8.819944 -21.700001 -0.140000 -2.590000
2.873780 -3.816552 -8.877372 -20.090000 1.470000 -0.910000
2.758924 -3.735196 -8.973085 -17.920000 1.750000 -0.490000
2.770889 -3.795017 -8.805587 -10.150000 2.520000 0.350000
2.811567 -3.885944 -8.863015 -8.890000 3.290000 0.770000
2.811567 -3.885944 -8.863015 -8.890000 3.290000 0.770000
2.706282 -3.670590 -8.898908 -5.040000 4.200000 0.840000
2.670390 -3.694518 -8.901299 -6.370000 5.320000 2.240000
2.766103 -3.811767 -8.688338 -3.080000 5.740000 2.730000
2.883351 -3.625126 -8.822337 -6.300000 4.060000 2.170000
2.883351 -3.625126 -8.822337 -6.300000 4.060000 2.170000
2.868994 -3.716053 -8.800802 -3.430000 4.200000 2.660000
2.799603 -3.728018 -8.702696 -0.490000 4.410000 3.990000
2.794817 -3.828516 -8.683553 -7.910000 3.500000 1.470000
