5.273781 -7.946564 2.170290 -6.790000 3.220000 5.320000
5.359922 -8.003991 2.304288 -5.530000 3.920000 6.510000
5.295317 -8.118847 2.385644 -12.110000 0.770000 6.090000
5.367101 -8.087741 2.275574 -12.250000 3.990000 5.740000
5.367101 -8.087741 2.275574 -12.250000 3.990000 5.740000
5.254639 -7.946564 2.366502 -22.820000 3.150000 6.230000
5.347959 -8.140383 2.143969 -36.750000 1.820000 6.650000
5.225924 -7.800602 2.158326 -56.980000 1.260000 7.210000
5.194818 -8.618947 0.926022 -67.690002 -4.410000 7.420000
5.032106 -7.936993 0.892523 -85.820000 -2.730000 3.640000
5.094319 -8.264810 0.803988 -109.059998 -4.270000 4.620000
5.094319 -8.264810 0.803988 -109.059998 -4.270000 4.620000
5.094319 -8.264810 0.803988 -109.059998 -4.270000 4.620000
5.225924 -9.092726 -1.682154 -122.430000 -9.380000 3.850000
5.103891 -6.929615 -1.136591 -112.489998 -6.720000 -1.330000
5.103891 -6.929615 -1.136591 -112.489998 -6.720000 -1.330000
5.103891 -6.929615 -1.136591 -112.489998 -6.720000 -1.330000
5.103891 -6.929615 -1.136591 -112.489998 -6.720000 -1.330000
5.173282 -8.322237 -3.285345 -54.599998 -9.450000 -4.760000
5.173282 -8.322237 -3.285345 -54.599998 -9.450000 -4.760000
5.173282 -8.322237 -3.285345 -54.599998 -9.450000 -4.760000
5.032106 -6.896115 -2.694318 -98.980003 -9.450000 -4.620000
5.032106 -6.896115 -2.694318 -98.980003 -9.450000 -4.620000
5.180461 -8.032705 -4.670790 -97.370003 -11.970000 0.840000
5.180461 -8.032705 -4.670790 -97.370003 -11.970000 0.840000
5.180461 -8.032705 -4.670790 -97.370003 -11.970000 0.840000
5.180461 -8.032705 -4.670790 -97.370003 -11.970000 0.840000
5.149354 -6.860222 -4.070191 -101.080002 -9.730000 -0.840000
5.163712 -6.178268 -5.235496 -65.870003 -9.030000 -4.690000
5.163712 -6.178268 -5.235496 -65.870003 -9.030000 -4.690000
5.216353 -5.816952 -6.051448 -54.459999 -9.100000 -5.880000
5.216353 -5.816952 -6.051448 -54.459999 -9.100000 -5.880000
5.216353 -5.816952 -6.051448 -54.459999 -9.100000 -5.880000
5.216353 -5.816952 -6.051448 -54.459999 -9.100000 -5.880000
5.216353 -5.816952 -6.051448 -54.459999 -9.100000 -5.880000
5.216353 -5.816952 -6.051448 -54.459999 -9.100000 -5.880000
4.747360 -4.747360 -6.599405 -62.930000 -7.910000 -4.760000
4.747360 -4.747360 -6.599405 -62.930000 -7.910000 -4.760000
4.869394 -4.414758 -7.750352 -70.279999 -10.500000 -4.340000
4.869394 -4.414758 -7.750352 -70.279999 -10.500000 -4.340000
4.869394 -4.414758 -7.750352 -70.279999 -10.500000 -4.340000
4.867002 -3.716053 -7.948956 -73.849998 -11.900000 -4.550000
4.666004 -3.292524 -8.111670 -54.950001 -10.430000 -4.340000
4.666004 -3.292524 -8.111670 -54.950001 -10.430000 -4.340000
4.666004 -3.292524 -8.111670 -54.950001 -10.430000 -4.340000
4.666004 -3.292524 -8.111670 -54.950001 -10.430000 -4.340000
4.666004 -3.292524 -8.111670 -54.950001 -10.430000 -4.340000
4.666004 -3.292524 -8.111670 -54.950001 -10.430000 -4.340000
4.603791 -2.794817 -8.791230 -40.110001 -8.610000 -3.010000
4.603791 -2.794817 -8.791230 -40.110001 -8.610000 -3.010000
4.603791 -2.794817 -8.791230 -40.110001 -8.610000 -3.010000
