5.144568 -7.977671 2.801995 -3.080000 4.340000 2.240000
5.144568 -7.977671 2.801995 -3.080000 4.340000 2.240000
5.144568 -7.977671 2.801995 -3.080000 4.340000 2.240000
5.173282 -7.853244 2.919244 -2.170000 5.250000 2.380000
5.118248 -7.654640 3.089134 -3.290000 5.250000 2.170000
5.118248 -7.654640 3.089134 -3.290000 5.250000 2.170000
5.118248 -7.654640 3.089134 -3.290000 5.250000 2.170000
5.118248 -7.654640 3.089134 -3.290000 5.250000 2.170000
5.209175 -7.802995 3.136991 -22.049999 0.980000 3.570000
5.012963 -7.233503 2.687140 -140.070007 -1.120000 9.590000
5.012963 -7.233503 2.687140 -140.070007 -1.120000 9.590000
4.979464 -7.561320 -0.045464 -230.509995 -16.590000 7.770000
4.979464 -7.561320 -0.045464 -230.509995 -16.590000 7.770000
4.914857 -8.465806 -2.620141 -159.740005 -20.719999 -1.960000
4.816752 -7.838887 -3.189633 -149.169998 -20.160000 -2.100000
4.816752 -7.838887 -3.189633 -149.169998 -20.160000 -2.100000
4.876573 -7.939385 -3.735196 -138.809998 -20.299999 -2.030000
4.876573 -7.939385 -3.735196 -138.809998 -20.299999 -2.030000
4.876573 -7.939385 -3.735196 -138.809998 -20.299999 -2.030000
4.876573 -7.939385 -3.735196 -138.809998 -20.299999 -2.030000
4.845466 -5.625526 -6.154340 -118.300003 -15.330000 -6.580000
4.912465 -5.477170 -6.908078 -127.750000 -19.389999 -8.750000
4.898108 -4.130012 -6.979864 -124.110001 -18.690001 -12.740000
4.680361 -4.663611 -7.714460 -123.199997 -26.600000 -14.700000
4.680361 -4.663611 -7.714460 -123.199997 -26.600000 -14.700000
4.646862 -4.086941 -8.228917 -93.099998 -24.920000 -17.639999
4.283153 -3.196811 -7.879565 -85.260002 -24.290001 -15.890000
4.364508 -2.397608 -8.633304 -64.540001 -23.730000 -11.830000
4.292724 -2.065006 -8.822337 -44.590000 -19.670000 -11.480000
4.292724 -2.065006 -8.822337 -44.590000 -19.670000 -11.480000
4.079762 -1.730011 -9.267403 -26.600000 -14.140000 -6.020000
4.053442 -1.552942 -9.583255 -27.370001 -10.500000 -3.360000
4.287938 -1.624727 -9.162118 -13.860000 -5.040000 -1.960000
4.252046 -1.643869 -9.293723 -7.210000 -3.220000 0.140000
4.048656 -1.548156 -9.470792 -10.500000 -0.980000 1.680000
4.072584 -1.777867 -9.030513 -4.340000 3.780000 3.220000
3.986443 -1.670190 -9.006584 -4.900000 4.130000 3.080000
4.074977 -1.840081 -8.901299 -0.910000 4.970000 2.940000
3.962514 -1.854438 -8.774480 -2.730000 3.850000 2.870000
