2.689533 -9.159724 2.311467 -7.000000 3.640000 3.010000
2.689533 -9.159724 2.311467 -7.000000 3.640000 3.010000
2.720639 -9.040084 2.476572 -9.660000 2.940000 4.480000
2.720639 -9.040084 2.476572 -9.660000 2.940000 4.480000
2.720639 -9.013763 2.359323 -30.870001 1.820000 4.340000
2.713461 -9.140583 2.225325 -63.490002 -2.870000 6.230000
2.713461 -9.140583 2.225325 -63.490002 -2.870000 6.230000
2.653640 -9.181261 1.234696 -89.180000 -7.840000 6.720000
2.653640 -9.181261 1.234696 -89.180000 -7.840000 6.720000
2.533999 -9.198010 0.169890 -139.160004 -11.620000 7.420000
2.634498 -9.801002 -1.177269 -139.930008 -10.150000 3.920000
2.529213 -8.906086 -1.816152 -140.139999 -9.520000 0.210000
2.529213 -8.906086 -1.816152 -140.139999 -9.520000 0.210000
2.703890 -8.939585 -2.414358 -150.919998 -11.060000 -0.700000
2.703890 -8.939585 -2.414358 -150.919998 -11.060000 -0.700000
2.746960 -7.972885 -5.850451 -123.620003 -18.480000 -10.500000
2.746960 -7.972885 -5.850451 -123.620003 -18.480000 -10.500000
2.746960 -7.972885 -5.850451 -123.620003 -18.480000 -10.500000
2.471786 -6.285945 -7.080362 -87.080002 -20.299999 -7.070000
2.438286 -6.118448 -7.255038 -64.610001 -16.870001 -6.860000
2.414358 -5.694918 -7.377072 -64.889999 -13.300000 -3.920000
2.414358 -5.694918 -7.377072 -64.889999 -13.300000 -3.920000
2.361716 -5.668597 -8.018349 -73.220001 -18.620001 -6.440000
2.194218 -5.039285 -8.248059 -81.690002 -19.180000 -9.380000
2.084148 -4.335794 -9.004191 -54.740002 -15.050000 -11.620000
2.084148 -4.335794 -9.004191 -54.740002 -15.050000 -11.620000
2.084148 -4.335794 -9.004191 -54.740002 -15.050000 -11.620000
1.945365 -3.830909 -9.056834 -50.889999 -10.290000 -10.010000
1.945365 -3.830909 -9.056834 -50.889999 -10.290000 -10.010000
2.079363 -3.414558 -9.071191 -33.389999 -6.650000 -6.230000
2.079363 -3.146562 -9.360723 -27.020000 -2.240000 -2.800000
2.079363 -3.146562 -9.360723 -27.020000 -2.240000 -2.800000
2.079363 -3.146562 -9.360723 -27.020000 -2.240000 -2.800000
1.840081 -2.957529 -9.188439 -16.870001 1.610000 -0.350000
1.840081 -2.957529 -9.188439 -16.870001 1.610000 -0.350000
1.840081 -2.957529 -9.188439 -16.870001 1.610000 -0.350000
1.840081 -2.957529 -9.188439 -16.870001 1.610000 -0.350000
1.928615 -2.926422 -9.121440 -2.800000 4.480000 3.640000
1.866402 -2.876173 -9.190832 -7.350000 4.690000 3.430000
1.866402 -2.876173 -9.190832 -7.350000 4.690000 3.430000
1.916651 -3.065206 -9.109475 -0.140000 4.830000 3.920000
1.856830 -3.069991 -9.212367 -1.540000 4.480000 3.430000
1.935793 -3.062813 -9.131011 -4.550000 3.780000 2.940000
1.935793 -3.062813 -9.131011 -4.550000 3.780000 2.940000
1.890330 -3.201597 -9.212367 -7.280000 4.270000 2.800000
1.890330 -3.201597 -9.212367 -7.280000 4.270000 2.800000
1.849652 -3.115455 -9.178867 -2.030000 3.080000 2.170000
1.849652 -3.115455 -9.178867 -2.030000 3.080000 2.170000
1.849652 -3.115455 -9.178867 -2.030000 3.080000 2.170000
1.847259 -3.034099 -9.248260 -3.850000 4.480000 2.870000
