2.404787 -9.200402 3.211168 -6.860000 3.220000 2.660000
2.340181 -8.879765 3.402594 -6.650000 3.150000 2.380000
2.426322 -8.870193 3.192025 -23.660000 0.770000 2.030000
2.426322 -8.870193 3.192025 -23.660000 0.770000 2.030000
2.366502 -9.121440 2.758924 -59.990002 -1.960000 4.620000
2.366502 -9.121440 2.758924 -59.990002 -1.960000 4.620000
2.543570 -9.410972 2.309074 -51.869999 -0.980000 3.850000
2.222932 -9.054441 2.005185 -116.480003 -2.660000 4.970000
2.579463 -9.097511 1.127020 -125.020004 -4.620000 1.400000
2.490928 -10.076177 -0.430708 -154.839996 -11.340000 1.470000
2.641676 -9.973285 -1.021735 -129.850006 -8.470000 -2.380000
2.421536 -8.930015 -1.337588 -157.289993 -7.700000 -4.970000
2.519642 -9.217153 -3.079563 -192.919998 -14.140000 -4.550000
2.519642 -9.217153 -3.079563 -192.919998 -14.140000 -4.550000
2.888137 -9.121440 -3.811767 -177.520004 -14.350000 -8.050000
2.572284 -8.147561 -5.199604 -98.000000 -11.130000 -7.770000
2.517249 -8.025528 -5.793024 -87.570000 -9.940000 -7.560000
2.730211 -7.202396 -5.541777 -78.470001 -9.800000 -7.210000
2.730211 -7.202396 -5.541777 -78.470001 -9.800000 -7.210000
2.888137 -7.410572 -6.637690 -73.430000 -12.390000 -8.190000
2.555535 -6.228518 -6.585048 -78.470001 -13.020000 -6.440000
2.737389 -6.422336 -7.077969 -84.910004 -13.510000 -7.700000
2.684747 -6.307480 -7.645068 -78.610001 -13.720000 -9.100000
2.493321 -5.766702 -7.290931 -69.440002 -15.050000 -11.270000
2.490928 -5.338387 -7.987241 -63.910000 -16.590000 -10.920000
2.447858 -5.194818 -7.922636 -62.020000 -16.030001 -10.710000
2.450250 -4.917251 -7.970492 -41.790001 -17.920000 -10.920000
2.450250 -4.917251 -7.970492 -41.790001 -17.920000 -10.920000
2.086541 -4.716253 -8.585447 -29.820000 -18.620001 -6.930000
2.203789 -3.962514 -9.209974 -20.860001 -19.040001 -4.480000
2.038685 -4.101298 -9.272188 -8.120000 -11.200000 0.770000
2.038685 -4.101298 -9.272188 -8.120000 -11.200000 0.770000
1.758725 -4.175476 -9.188439 -11.550000 -0.980000 2.240000
1.856830 -4.106083 -9.267403 -2.730000 1.050000 2.030000
1.895115 -4.168297 -8.927622 1.680000 9.310000 5.110000
2.026721 -4.137190 -8.913264 -6.160000 7.560000 4.550000
2.026721 -4.137190 -8.913264 -6.160000 7.560000 4.550000
1.878366 -4.170690 -8.798409 -2.450000 8.050000 3.990000
1.878366 -4.170690 -8.798409 -2.450000 8.050000 3.990000
1.978864 -4.053442 -8.690732 -4.900000 7.490000 2.800000
1.978864 -4.053442 -8.690732 -4.900000 7.490000 2.800000
1.998007 -4.381258 -8.772088 -3.010000 3.640000 3.010000
