1.586441 -0.026321 8.484949 -15.050000 9.030000 0.210000
1.586441 -0.026321 8.484949 -15.050000 9.030000 0.210000
1.433301 -0.323031 7.661818 -20.930000 13.510000 -0.490000
1.433301 -0.323031 7.661818 -20.930000 13.510000 -0.490000
1.406980 -0.356531 6.979864 -18.620001 27.860001 -0.700000
1.411765 -0.315853 6.989435 -29.469999 41.369999 1.400000
1.418944 -0.770489 7.159326 -24.080000 47.389999 2.800000
1.418944 -0.770489 7.159326 -24.080000 47.389999 2.800000
0.476172 -0.569492 8.212167 -4.130000 59.920002 9.100000
0.413958 -0.631705 8.934800 -28.490000 58.590000 8.190000
-1.162912 -1.301696 8.501699 -8.190000 65.239998 7.700000
-1.545763 -1.124627 8.755339 -9.030000 70.070000 4.970000
-1.773082 -0.973879 8.738588 -12.880000 68.180000 2.310000
-1.773082 -0.973879 8.738588 -12.880000 68.180000 2.310000
-2.139183 -1.064806 8.796017 -4.410000 71.959999 -2.240000
-2.567499 -0.713061 9.133404 -11.550000 70.000000 -3.990000
-2.388037 -0.902094 9.355937 -8.820000 69.790001 -1.400000
-3.510271 -0.964308 9.032906 -20.020000 71.820000 5.740000
-3.510271 -0.964308 9.032906 -20.020000 71.820000 5.740000
-4.527221 -0.839881 9.487542 -13.580000 69.860001 9.310000
-4.637290 -1.060020 9.750752 -14.560000 69.510002 8.470000
-5.187639 -0.887737 9.480364 -11.830000 69.019997 10.430000
-5.099105 -0.902094 9.384650 -24.010000 59.920002 10.080000
-5.824130 -1.160519 9.413363 -23.309999 60.060001 13.720000
-5.824130 -1.160519 9.413363 -23.309999 60.060001 13.720000
-5.656632 -1.928615 9.339187 -44.380001 49.490002 11.060000
-5.656632 -1.928615 9.339187 -44.380001 49.490002 11.060000
-6.262017 -1.931008 9.128618 -17.990000 35.980000 11.410000
-6.262017 -1.931008 9.128618 -17.990000 35.980000 11.410000
-6.443871 -1.785046 8.812766 -9.590000 16.170000 5.040000
-6.128019 -1.820938 8.836694 -12.600000 12.600000 2.870000
-6.171089 -2.057827 8.252845 -7.490000 9.940000 1.820000
-6.171089 -2.057827 8.252845 -7.490000 9.940000 1.820000
-5.984450 -1.887937 7.877172 -4.970000 3.570000 -1.190000
-5.977271 -1.885544 7.523034 -5.670000 3.290000 -1.260000
-5.943772 -1.792224 7.350751 -1.750000 1.260000 -2.940000
-5.943772 -1.792224 7.350751 -1.750000 1.260000 -2.940000
-5.857630 -1.739582 7.223931 -3.220000 0.630000 -2.170000
-5.857630 -1.739582 7.223931 -3.220000 0.630000 -2.170000
-5.857630 -1.739582 7.223931 -3.220000 0.630000 -2.170000
-5.903094 -1.538585 7.417750 -6.230000 4.690000 1.190000
-5.903094 -1.538585 7.417750 -6.230000 4.690000 1.190000
-5.833702 -1.818545 7.467999 -10.150000 6.160000 3.150000
