1.538585 0.387637 8.937192 -10.150000 4.550000 2.310000
1.543371 0.562313 9.080762 -6.790000 9.310000 2.870000
1.543371 0.562313 9.080762 -6.790000 9.310000 2.870000
1.435694 0.239282 8.427521 -16.730000 10.150000 1.820000
1.165305 0.057428 7.621140 -15.960000 17.500000 0.280000
1.165305 0.057428 7.621140 -15.960000 17.500000 0.280000
1.344766 -0.138784 6.910471 -26.110001 23.170000 -1.470000
0.868595 -0.210568 6.750153 -19.879999 46.900002 -0.490000
0.681954 -0.217747 6.563512 -38.570000 56.139999 2.800000
0.681954 -0.217747 6.563512 -38.570000 56.139999 2.800000
1.052842 -0.679562 7.123433 -31.080000 64.260002 3.990000
-0.746561 -0.358923 7.826923 2.030000 79.660004 11.200000
-0.746561 -0.358923 7.826923 2.030000 79.660004 11.200000
-1.292124 -0.758525 9.221939 -17.710001 91.070000 10.150000
-2.297110 -0.040678 10.045070 -25.760000 77.980003 5.180000
-3.211168 -1.069592 9.513863 -18.410000 73.570000 4.620000
-3.450450 -0.284746 9.786645 1.540000 65.309998 4.690000
-3.498307 -0.215354 9.879964 -30.100000 71.260002 4.200000
-4.039084 -0.770489 9.394222 -29.610001 70.559998 3.640000
-4.039084 -0.770489 9.394222 -29.610001 70.559998 3.640000
-4.529613 -1.009771 9.327222 -6.160000 65.239998 8.050000
-4.242475 -0.734596 9.485149 -0.490000 65.099998 6.370000
-4.984250 -0.409173 9.755538 -10.640000 56.910000 8.890000
-5.158926 -0.466600 9.963714 -15.050000 59.849998 11.060000
-5.627919 -0.112463 9.674182 -16.450001 53.549999 13.090000
-5.627919 -0.112463 9.674182 -16.450001 53.549999 13.090000
-5.661418 -1.002593 9.571291 -24.990000 45.990002 15.050000
-5.819345 -0.600598 9.683753 -10.080000 36.049999 12.390000
-5.819345 -0.600598 9.683753 -10.080000 36.049999 12.390000
-5.795416 -0.923629 9.013763 -1.470000 13.860000 2.800000
-5.850451 -0.744168 8.635696 -23.240000 10.080000 0.980000
-5.850451 -0.744168 8.635696 -23.240000 10.080000 0.980000
-5.656632 -1.658226 8.228917 -20.860001 12.040000 3.920000
-5.931807 -1.476372 8.159525 -7.980000 0.980000 1.400000
-5.800202 -1.488336 7.767102 -8.260000 0.560000 -1.050000
-5.630312 -1.311267 7.709675 -6.370000 -0.350000 -1.610000
-5.587241 -1.215554 7.477571 -7.910000 2.380000 -1.890000
-5.592027 -1.067199 7.511070 -2.870000 3.990000 1.820000
-5.654240 -1.045663 7.561320 -3.150000 4.690000 3.220000
-5.654240 -1.045663 7.561320 -3.150000 4.690000 3.220000
-5.673382 -1.079163 7.769495 -11.130000 7.280000 3.290000
-5.941379 -1.256232 7.721639 -3.080000 4.130000 4.060000
