0.452243 0.636491 8.846266 -9.590000 12.390000 1.120000
0.564706 0.497707 8.736196 -17.219999 13.300000 1.050000
0.492921 0.299103 8.389235 -21.210001 18.900000 0.560000
0.069392 0.251246 7.180861 -33.599998 25.270000 -1.820000
0.069392 0.251246 7.180861 -33.599998 25.270000 -1.820000
0.160319 0.153141 6.496514 -49.490002 28.420000 -3.640000
-0.064606 -0.416351 5.410172 -83.440002 42.700001 2.380000
-1.414158 -0.181855 7.951349 28.139999 88.059998 15.400000
-1.828116 -0.131605 8.484949 21.000000 90.860001 15.890000
-1.828116 -0.131605 8.484949 21.000000 90.860001 15.890000
-1.828116 -0.131605 8.484949 21.000000 90.860001 15.890000
-3.608376 -0.074178 9.999605 -29.889999 82.529999 13.160000
-3.828516 -1.129412 9.865608 -52.009998 84.000000 18.480000
-3.828516 -1.129412 9.865608 -52.009998 84.000000 18.480000
-4.582255 -1.390230 9.789038 -23.309999 80.150002 20.440001
-4.582255 -1.390230 9.789038 -23.309999 80.150002 20.440001
-4.582255 -1.390230 9.789038 -23.309999 80.150002 20.440001
-4.627719 -1.124627 10.217353 -14.000000 77.070000 18.830000
-4.627719 -1.124627 10.217353 -14.000000 77.070000 18.830000
-5.580062 -1.136591 9.777073 -0.910000 32.270000 3.430000
-5.367101 -0.327817 9.690931 -11.130000 20.090000 2.590000
-5.367101 -0.327817 9.690931 -11.130000 20.090000 2.590000
-5.249853 -0.648455 9.367901 -16.660000 18.549999 2.310000
-5.580062 -0.588634 8.946764 -11.270000 17.360001 4.060000
-5.737988 -0.784846 8.571091 -13.160000 9.450000 5.460000
-5.362316 -0.966700 8.252845 -12.320000 2.870000 3.430000
-5.467600 -1.021735 7.948956 -6.650000 1.960000 3.990000
-5.467600 -1.021735 7.948956 -6.650000 1.960000 3.990000
-5.240282 -1.105484 7.838887 -10.220000 1.890000 2.730000
-5.240282 -1.105484 7.838887 -10.220000 1.890000 2.730000
-5.163712 -0.918844 7.712067 -11.900000 3.290000 1.680000
-5.347959 -0.949951 7.841280 -3.360000 5.460000 5.530000
-5.347959 -0.949951 7.841280 -3.360000 5.460000 5.530000
-5.347959 -0.949951 7.841280 -3.360000 5.460000 5.530000
-5.422136 -0.792024 7.992027 -0.140000 4.760000 3.640000
-5.371887 -0.875773 7.920243 -6.370000 5.530000 1.610000
-5.407779 -0.952343 7.740781 -6.860000 3.220000 3.080000
-5.280960 -0.954736 7.898707 -1.050000 4.620000 4.620000
