0.954736 2.816352 9.506684 -65.379997 3.360000 5.670000
0.679562 3.172883 10.920842 -166.949997 11.340000 6.300000
0.311067 2.720639 10.710274 -258.720001 1.190000 7.070000
0.342174 0.949951 9.667004 -329.700012 -19.740000 6.860000
0.887737 -1.445265 8.968300 -345.029999 -31.570000 9.310000
0.887737 -1.445265 8.968300 -345.029999 -31.570000 9.310000
1.325624 -3.120241 8.487342 -310.940002 -20.020000 11.130000
1.332802 -6.905686 5.491528 -321.299988 -29.120001 7.000000
1.332802 -6.905686 5.491528 -321.299988 -29.120001 7.000000
1.332802 -6.905686 5.491528 -321.299988 -29.120001 7.000000
1.332802 -6.905686 5.491528 -321.299988 -29.120001 7.000000
1.332802 -6.905686 5.491528 -321.299988 -29.120001 7.000000
1.332802 -6.905686 5.491528 -321.299988 -29.120001 7.000000
1.332802 -6.905686 5.491528 -321.299988 -29.120001 7.000000
1.332802 -6.905686 5.491528 -321.299988 -29.120001 7.000000
1.332802 -6.905686 5.491528 -321.299988 -29.120001 7.000000
1.332802 -6.905686 5.491528 -321.299988 -29.120001 7.000000
1.332802 -6.905686 5.491528 -321.299988 -29.120001 7.000000
1.966900 -7.283752 -6.721439 -159.949997 -27.090000 -19.670000
1.928615 -6.910471 -7.183254 -111.860001 -26.809999 -15.470000
1.928615 -6.910471 -7.183254 -111.860001 -26.809999 -15.470000
1.885544 -6.446264 -8.056634 -63.209999 -24.430000 -8.960000
1.933401 -6.245267 -8.394022 -29.680000 -17.010000 -5.600000
1.933401 -6.245267 -8.394022 -29.680000 -17.010000 -5.600000
1.596013 -6.125626 -8.336594 -2.170000 -5.670000 -0.490000
1.658226 -5.785845 -8.240881 -5.460000 -2.730000 -1.750000
1.658226 -5.785845 -8.240881 -5.460000 -2.730000 -1.750000
1.753939 -6.077770 -8.264810 -8.680000 -3.360000 -0.700000
1.598405 -5.699703 -8.085347 -4.130000 2.450000 -2.450000
1.653440 -5.833702 -8.111670 -4.970000 2.940000 -1.610000
1.739582 -5.852845 -8.183454 3.710000 3.920000 -0.630000
1.634298 -5.838487 -7.826923 5.880000 5.110000 -0.490000
1.816152 -5.615955 -7.862815 0.210000 6.020000 -1.820000
