0.736989 1.938186 9.267403 3.850000 2.450000 1.330000
0.736989 1.938186 9.267403 3.850000 2.450000 1.330000
0.736989 1.938186 9.267403 3.850000 2.450000 1.330000
0.736989 1.938186 9.267403 3.850000 2.450000 1.330000
0.624527 2.172683 9.025726 -0.350000 4.060000 8.960000
0.540778 2.227718 9.078369 1.120000 4.550000 10.010000
0.411566 2.543570 8.851050 2.520000 7.840000 12.250000
0.270389 2.490928 9.095119 8.400000 7.630000 12.530000
0.392423 2.711068 9.336794 21.210001 10.290000 14.070000
0.133998 3.871587 9.841680 29.750000 12.530000 18.200001
-0.031107 4.610970 9.887143 22.889999 9.590000 21.840000
-0.047856 5.771489 10.198210 27.510000 3.360000 42.420002
-0.313460 6.290731 10.250853 33.250000 6.300000 53.270000
-0.684347 6.728617 10.107283 25.760000 2.310000 66.360001
-0.916451 6.125626 9.178867 -4.410000 -4.620000 90.930000
-0.859023 5.785845 8.779266 -10.920000 -3.500000 98.349998
-1.019342 4.957928 8.025528 -21.490000 -2.030000 114.239998
-1.019342 4.957928 8.025528 -21.490000 -2.030000 114.239998
-0.890130 3.117848 8.054241 4.200000 9.380000 133.979996
-0.890130 3.117848 8.054241 4.200000 9.380000 133.979996
-1.083949 2.885744 7.884350 13.650000 19.250000 139.720001
-0.851845 1.945365 8.449057 7.420000 26.670000 145.389999
-0.863809 1.150948 9.382257 11.410000 31.500000 154.770004
-0.863809 1.150948 9.382257 11.410000 31.500000 154.770004
-0.973879 0.380459 9.425328 17.570000 30.240000 156.869995
-0.655633 0.691526 10.260423 44.240002 37.799999 146.509995
-0.679562 -0.433101 9.537791 16.450001 28.490000 132.369995
-0.397209 -0.076570 9.693325 1.960000 27.020000 120.889999
-0.452243 -0.971486 9.865608 -7.140000 20.160000 119.559998
-0.452243 -0.971486 9.865608 -7.140000 20.160000 119.559998
0.035892 -0.624527 9.427721 -11.270000 26.740000 111.440002
0.502493 -2.409572 9.872787 -31.920000 6.790000 94.779999
0.801596 -3.151347 9.640682 9.590000 16.520000 91.349998
0.636491 -2.790031 9.387043 -46.549999 5.740000 57.889999
0.636491 -2.790031 9.387043 -46.549999 5.740000 57.889999
1.160519 -2.359323 9.753145 9.240000 14.000000 23.799999
1.050449 -1.368695 10.052249 6.300000 12.740000 14.700000
1.383051 -1.560120 9.956534 -7.630000 4.130000 5.880000
1.383051 -1.560120 9.956534 -7.630000 4.130000 5.880000
1.069592 -0.803988 9.635897 3.780000 6.230000 -1.330000
1.316052 -0.150748 10.004392 15.820000 6.510000 -5.320000
1.316052 -0.150748 10.004392 15.820000 6.510000 -5.320000
0.646062 -0.031107 9.573684 -5.180000 0.490000 -7.490000
1.172483 0.047856 9.765109 -8.610000 0.210000 -10.710000
0.940379 -0.382852 9.430114 -3.430000 1.400000 -10.290000
1.057628 -0.117248 9.645468 8.260000 1.960000 -14.910000
