0.811167 -0.291924 9.511470 -4.340000 3.990000 4.060000
0.744168 -0.351745 9.396614 -3.500000 4.200000 3.710000
0.679562 -0.224925 9.451650 -1.890000 4.900000 2.450000
0.739382 -0.236889 9.475577 1.820000 5.740000 2.240000
0.758525 -0.090927 9.585647 6.440000 5.740000 1.330000
0.756132 0.052642 9.590433 6.650000 6.090000 1.120000
0.756132 0.052642 9.590433 6.650000 6.090000 1.120000
0.911665 -0.404387 8.650054 142.869995 8.260000 1.820000
0.911665 -0.404387 8.650054 142.869995 8.260000 1.820000
0.674776 1.423729 7.953743 243.669998 12.180000 -0.840000
0.557528 4.843073 8.453842 266.140015 17.430000 1.960000
0.557528 4.843073 8.453842 266.140015 17.430000 1.960000
0.169890 4.816752 6.580262 252.070007 2.380000 1.120000
-0.334995 8.860621 7.582855 174.930008 13.580000 -1.610000
0.260818 8.949157 4.716253 185.360001 10.500000 -8.540000
0.258425 8.159525 3.120241 144.339996 -0.700000 -18.410000
0.258425 8.159525 3.120241 144.339996 -0.700000 -18.410000
0.294317 8.693125 2.847459 152.250000 1.680000 -24.080000
0.294317 8.693125 2.847459 152.250000 1.680000 -24.080000
0.294317 8.693125 2.847459 152.250000 1.680000 -24.080000
-0.165105 9.535398 1.359123 43.049999 9.450000 -10.780000
-0.205783 9.683753 1.306481 28.910000 7.210000 -9.730000
-0.193819 9.516255 0.993021 29.889999 4.760000 -9.380000
-0.380459 9.891929 1.194018 29.260000 5.950000 -9.030000
-0.533599 10.435099 0.703490 4.970000 0.280000 -5.740000
-0.358923 10.126426 0.488136 6.790000 4.900000 -1.960000
-0.593420 10.080962 0.758525 -16.590000 -1.120000 -0.700000
-0.468993 9.903893 0.279960 -10.780000 0.140000 -0.350000
-0.428315 9.846465 0.332602 -25.410000 -1.050000 3.150000
-0.401994 9.688539 0.327817 -29.120001 2.520000 5.880000
-0.595813 9.901501 0.545564 -31.920000 2.660000 7.910000
-0.595813 9.901501 0.545564 -31.920000 2.660000 7.910000
-0.473779 9.695717 0.598206 -22.120001 4.200000 6.440000
-0.679562 9.609575 1.141376 -22.889999 1.120000 5.390000
-0.411566 9.667004 0.909273 -2.520000 3.780000 1.260000
-0.358923 9.942179 1.148555 -7.630000 3.150000 3.360000
-0.452243 9.681360 1.000200 -12.250000 3.500000 6.160000
-0.375673 9.678967 1.124627 -10.780000 3.570000 6.440000
