1.756332 -9.473185 1.512264 -1.820000 -0.210000 0.840000
1.756332 -9.473185 1.512264 -1.820000 -0.210000 0.840000
1.720440 -9.604790 1.557728 -0.700000 -0.770000 1.750000
1.737189 -9.568897 1.471586 -2.030000 -0.840000 1.260000
1.737189 -9.568897 1.471586 -2.030000 -0.840000 1.260000
1.737189 -9.568897 1.471586 -2.030000 -0.840000 1.260000
1.828116 -9.564112 1.473979 -5.180000 -2.380000 1.470000
1.828116 -9.564112 1.473979 -5.180000 -2.380000 1.470000
1.703690 -9.748360 1.249053 -4.060000 1.400000 0.840000
1.804188 -9.736395 1.332802 -0.560000 0.910000 0.490000
1.804188 -9.736395 1.332802 -0.560000 0.910000 0.490000
1.739582 -9.686146 1.371087 0.210000 0.490000 1.680000
1.756332 -9.707682 1.356731 -0.560000 0.280000 1.890000
1.756332 -9.707682 1.356731 -0.560000 0.280000 1.890000
1.756332 -9.707682 1.356731 -0.560000 0.280000 1.890000
1.756332 -9.707682 1.356731 -0.560000 0.280000 1.890000
1.756332 -9.707682 1.356731 -0.560000 0.280000 1.890000
1.756332 -9.707682 1.356731 -0.560000 0.280000 1.890000
1.686940 -9.650253 1.368695 -3.080000 0.210000 0.420000
1.677369 -9.791430 1.308874 0.700000 0.070000 -0.490000
1.677369 -9.791430 1.308874 0.700000 0.070000 -0.490000
1.617548 -9.781858 1.246661 0.070000 1.540000 -0.770000
1.617548 -9.781858 1.246661 0.070000 1.540000 -0.770000
1.765903 -9.628718 1.383051 -1.260000 1.330000 -1.610000
1.701297 -9.647861 1.263410 -0.840000 0.770000 -1.190000
1.701297 -9.647861 1.263410 -0.840000 0.770000 -1.190000
1.701297 -9.647861 1.263410 -0.840000 0.770000 -1.190000
1.701297 -9.647861 1.263410 -0.840000 0.770000 -1.190000
1.684547 -9.645468 1.347159 -0.560000 0.420000 -1.400000
1.684547 -9.645468 1.347159 -0.560000 0.420000 -1.400000
1.696511 -9.851252 1.150948 -0.560000 -0.420000 -1.050000
1.792224 -9.442079 1.232304 2.170000 -0.210000 -0.910000
1.782653 -9.580862 1.174876 -1.540000 0.280000 -0.420000
1.854438 -9.767502 1.057628 1.680000 1.960000 -0.700000
1.753939 -9.547362 1.335195 -0.210000 2.100000 -1.540000
1.706082 -9.623933 1.217947 -3.430000 1.190000 -1.540000
1.806581 -9.714860 1.146162 -1.050000 0.280000 -1.050000
1.856830 -9.607183 1.466800 -0.420000 3.780000 -3.080000
1.856830 -9.607183 1.466800 -0.420000 3.780000 -3.080000
1.768296 -9.638289 1.213161 -5.530000 2.100000 -3.360000
1.825724 -9.753145 1.134198 0.490000 0.910000 -2.450000
1.825724 -9.753145 1.134198 0.490000 0.910000 -2.450000
1.840081 -9.736395 1.210768 0.350000 1.470000 -0.140000
1.974079 -9.712467 1.328017 -0.140000 3.150000 -2.590000
1.828116 -9.741181 1.282553 1.540000 3.080000 -3.500000
1.828116 -9.741181 1.282553 1.540000 3.080000 -3.500000
1.976472 -9.595219 1.330409 3.290000 1.680000 -1.680000
1.789831 -9.449257 1.339981 -0.420000 1.820000 -2.380000
2.009971 -9.726824 1.418944 1.260000 -1.190000 0.490000
2.009971 -9.726824 1.418944 1.260000 -1.190000 0.490000
1.923829 -9.513863 1.354338 1.330000 -0.840000 0.210000
1.952543 -9.533006 1.287339 -0.910000 -1.190000 -0.070000
1.952543 -9.533006 1.287339 -0.910000 -1.190000 -0.070000
1.945365 -9.485149 1.356731 0.140000 -2.800000 1.470000
1.873580 -9.513863 1.148555 -0.980000 -2.450000 1.400000
1.971686 -9.707682 1.189233 -0.280000 -0.490000 0.070000
2.053042 -9.580862 1.189233 -2.660000 0.420000 -0.630000
1.938186 -9.832108 1.155733 -0.560000 1.750000 -0.630000
1.978864 -9.805787 1.203590 0.560000 1.400000 -1.890000
1.978864 -9.805787 1.203590 0.560000 1.400000 -1.890000
1.978864 -9.805787 1.203590 0.560000 1.400000 -1.890000
1.971686 -9.801002 1.251446 -11.690000 2.800000 -5.390000
1.971686 -9.801002 1.251446 -11.690000 2.800000 -5.390000
2.012364 -9.683753 1.076770 1.330000 5.740000 -5.600000
2.012364 -9.683753 1.076770 1.330000 5.740000 -5.600000
2.045863 -9.662218 1.244268 -0.980000 6.370000 -3.710000
2.045863 -9.662218 1.244268 -0.980000 6.370000 -3.710000
2.148755 -9.592826 1.287339 1.960000 4.130000 -3.780000
2.148755 -9.592826 1.287339 1.960000 4.130000 -3.780000
2.148755 -9.592826 1.287339 1.960000 4.130000 -3.780000
1.990828 -9.592826 1.318445 -1.750000 1.680000 -1.680000
1.990828 -9.592826 1.318445 -1.750000 1.680000 -1.680000
2.122434 -9.757930 1.270589 1.540000 -0.350000 -0.770000
2.122434 -9.757930 1.270589 1.540000 -0.350000 -0.770000
2.122434 -9.757930 1.270589 1.540000 -0.350000 -0.770000
2.251646 -10.289137 1.067199 -21.490000 -3.990000 -5.950000
2.251646 -10.289137 1.067199 -21.490000 -3.990000 -5.950000
2.335395 -10.104890 0.806381 -0.560000 2.940000 -13.020000
2.335395 -10.104890 0.806381 -0.560000 2.940000 -13.020000
2.335395 -10.104890 0.806381 -0.560000 2.940000 -13.020000
2.395216 -10.427922 0.842274 -8.190000 8.680000 -22.469999
2.395216 -10.427922 0.842274 -8.190000 8.680000 -22.469999
2.395216 -10.427922 0.842274 -8.190000 8.680000 -22.469999
2.395216 -10.427922 0.842274 -8.190000 8.680000 -22.469999
2.395216 -10.427922 0.842274 -8.190000 8.680000 -22.469999
2.395216 -10.427922 0.842274 -8.190000 8.680000 -22.469999
3.079563 -10.597812 1.473979 15.960000 11.060000 -65.029999
4.194618 -10.695917 0.390030 -25.200001 1.190000 -84.559998
4.211368 -9.001799 1.095913 -0.910000 7.770000 -91.840004
4.723432 -8.695518 0.722632 -9.310000 4.760000 -93.870003
5.161318 -7.812566 0.727418 -14.910000 3.500000 -93.519997
5.572884 -8.312666 0.662812 1.330000 1.540000 -90.160004
5.910272 -6.695118 0.978664 10.850000 0.560000 -89.320000
5.910272 -6.695118 0.978664 10.850000 0.560000 -89.320000
6.384050 -6.865008 0.583849 7.630000 -2.170000 -81.480003
7.087541 -5.666204 0.646062 3.220000 -2.240000 -81.900002
7.133004 -5.666204 0.672383 -16.520000 -4.130000 -77.910004
7.133004 -5.666204 0.672383 -16.520000 -4.130000 -77.910004
7.769495 -5.800202 0.318245 18.690001 -4.620000 -78.470001
7.542177 -4.941179 1.016950 16.799999 -7.490000 -80.290001
8.118847 -4.512863 0.729811 1.470000 -10.570000 -79.379997
7.841280 -4.733003 0.366102 9.380000 -8.890000 -77.139999
8.312666 -3.270989 0.892523 -3.710000 -7.630000 -79.449997
8.709875 -3.014957 0.110070 -5.320000 -12.670000 -78.540001
8.688338 -2.416751 0.492921 15.680000 -7.700000 -80.639999
8.350951 -2.230111 0.524028 -8.050000 -7.350000 -77.840004
8.898908 -1.672583 0.191426 -7.560000 -7.350000 -78.889999
9.099905 -1.244268 0.392423 6.790000 -4.690000 -80.779999
9.308081 0.342174 0.313460 -8.890000 -4.970000 -69.650002
9.468399 0.756132 0.126820 -8.400000 -3.640000 -68.320000
9.384650 1.129412 0.110070 -10.150000 -4.410000 -63.560001
9.384650 1.129412 0.110070 -10.150000 -4.410000 -63.560001
9.427721 1.548156 0.181855 19.460001 -4.340000 -58.310001
9.399008 2.007578 0.184247 29.260000 1.190000 -55.510002
9.214760 2.567499 -0.023928 18.200001 -1.330000 -47.880001
9.317651 2.189433 0.141177 10.500000 -2.310000 -42.420002
9.501899 3.081956 -0.033500 7.840000 3.360000 -34.509998
9.506684 2.988636 0.045464 -3.430000 5.180000 -25.270000
9.506684 2.988636 0.045464 -3.430000 5.180000 -25.270000
9.231510 3.120241 0.416351 -2.870000 6.650000 -20.020000
9.418150 3.242275 0.476172 -3.430000 4.830000 -18.690001
9.418150 3.242275 0.476172 -3.430000 4.830000 -18.690001
9.418150 3.242275 0.476172 -3.430000 4.830000 -18.690001
9.418150 3.242275 0.476172 -3.430000 4.830000 -18.690001
9.418150 3.242275 0.476172 -3.430000 4.830000 -18.690001
9.140583 3.739982 0.459422 9.520000 2.660000 -12.810000
9.035298 3.589234 0.631705 -0.210000 0.770000 -7.630000
9.035298 3.589234 0.631705 -0.210000 0.770000 -7.630000
9.138189 3.617948 0.375673 4.830000 1.540000 -3.780000
9.138189 3.617948 0.375673 4.830000 1.540000 -3.780000
8.997013 3.467200 0.251246 5.040000 0.280000 -3.850000
8.997013 3.467200 0.251246 5.040000 0.280000 -3.850000
8.997013 3.467200 0.251246 5.040000 0.280000 -3.850000
8.997013 3.467200 0.251246 5.040000 0.280000 -3.850000
8.997013 3.467200 0.251246 5.040000 0.280000 -3.850000
8.997013 3.467200 0.251246 5.040000 0.280000 -3.850000
9.109475 3.651447 0.244068 1.610000 2.800000 -4.270000
8.973085 3.720839 0.437887 3.500000 2.800000 -4.550000
8.973085 3.720839 0.437887 3.500000 2.800000 -4.550000
8.973085 3.720839 0.437887 3.500000 2.800000 -4.550000
8.982656 3.914658 0.279960 0.700000 2.730000 1.260000
8.949157 3.617948 0.394816 -2.870000 0.840000 1.050000
9.011370 3.641876 0.382852 0.770000 0.840000 0.560000
9.013763 3.672983 0.418744 1.680000 1.610000 -0.070000
8.961121 3.661019 0.514457 1.540000 1.680000 -0.280000
8.949157 3.555735 0.543171 1.540000 1.960000 -0.140000
9.123833 3.644269 0.495314 1.190000 1.330000 -0.140000
9.090333 3.625126 0.461815 -0.910000 0.840000 -0.910000
9.004191 3.570091 0.229711 -0.560000 1.120000 -1.260000
9.037691 3.665804 0.468993 1.330000 2.240000 -1.680000
9.037691 3.665804 0.468993 1.330000 2.240000 -1.680000
8.851050 3.704089 0.442672 0.350000 3.150000 -0.350000
8.851050 3.704089 0.442672 0.350000 3.150000 -0.350000
8.831908 3.838088 0.514457 3.570000 2.520000 0.420000
8.831908 3.838088 0.514457 3.570000 2.520000 0.420000
9.054441 3.828516 0.411566 1.680000 1.260000 0.910000
8.970692 3.902694 0.562313 4.200000 0.910000 2.100000
8.970692 3.902694 0.562313 4.200000 0.910000 2.100000
9.092726 3.897908 0.449851 4.620000 0.560000 2.660000
9.075976 3.603590 0.454636 -5.040000 0.350000 4.060000
8.953942 3.644269 0.540778 0.700000 1.820000 2.870000
9.052048 3.555735 0.514457 -1.470000 1.610000 2.100000
8.898908 3.457629 0.500100 0.070000 2.310000 1.820000
8.898908 3.457629 0.500100 0.070000 2.310000 1.820000
9.018548 3.637090 0.497707 -2.240000 0.700000 0.560000
9.066404 3.826123 0.600598 1.750000 0.770000 1.890000
9.042477 3.852444 0.576670 -1.540000 0.560000 2.800000
9.042477 3.852444 0.576670 -1.540000 0.560000 2.800000
9.042477 3.852444 0.576670 -1.540000 0.560000 2.800000
8.846266 3.713661 0.636491 -0.280000 2.730000 6.020000
8.913264 3.582055 0.574277 -3.640000 1.960000 6.930000
8.913264 3.582055 0.574277 -3.640000 1.960000 6.930000
8.913264 3.582055 0.574277 -3.640000 1.960000 6.930000
9.119047 3.340380 0.636491 -0.070000 1.680000 5.110000
9.119047 3.340380 0.636491 -0.070000 1.680000 5.110000
9.119047 3.340380 0.636491 -0.070000 1.680000 5.110000
9.343972 3.340380 0.634098 0.630000 1.050000 2.100000
9.343972 3.340380 0.634098 0.630000 1.050000 2.100000
9.253045 3.280560 0.557528 -2.240000 2.170000 3.010000
9.142976 3.340380 0.667598 2.590000 5.180000 1.330000
9.142976 3.340380 0.667598 2.590000 5.180000 1.330000
9.054441 3.562913 0.878166 1.190000 2.870000 2.380000
9.054441 3.562913 0.878166 1.190000 2.870000 2.380000
9.054441 3.562913 0.878166 1.190000 2.870000 2.380000
9.054441 3.562913 0.878166 1.190000 2.870000 2.380000
9.054441 3.562913 0.878166 1.190000 2.870000 2.380000
9.054441 3.562913 0.878166 1.190000 2.870000 2.380000
8.827123 3.699304 0.715454 0.070000 -0.560000 5.180000
9.300901 4.900501 0.713061 -2.380000 -0.770000 31.920000
9.300901 4.900501 0.713061 -2.380000 -0.770000 31.920000
9.300901 4.900501 0.713061 -2.380000 -0.770000 31.920000
8.394022 -0.081356 0.126820 -34.650002 -3.990000 115.849998
8.336594 -1.524228 0.224925 -33.180000 -6.020000 113.190002
8.860621 -2.225325 0.342174 -12.390000 -7.420000 103.669998
8.427521 -2.758924 0.368495 -6.580000 -5.040000 98.910004
8.456236 -3.460021 0.701097 -18.620001 -9.240000 100.590004
8.231310 -3.964907 0.325424 5.880000 -9.170000 101.290001
8.231310 -3.964907 0.325424 5.880000 -9.170000 101.290001
8.066205 -4.352544 0.399601 7.770000 -7.840000 95.410004
7.503892 -5.539384 0.765703 -5.600000 -10.850000 93.239998
6.963113 -6.250053 0.363709 -7.980000 -14.070000 95.340004
6.819544 -6.343372 0.100499 -13.160000 -14.490000 97.230003
6.044270 -7.853244 0.062213 -15.470000 -13.370000 94.849998
5.898308 -8.575876 -0.490529 26.950001 -6.370000 78.330002
5.802595 -8.626125 0.057428 34.720001 -3.500000 72.029999
5.324030 -8.370094 0.191426 2.940000 -7.000000 64.540001
5.132604 -8.520842 0.557528 -6.300000 -7.420000 63.560001
4.706682 -9.336794 0.334995 -1.400000 -10.850000 59.360001
4.706682 -9.336794 0.334995 -1.400000 -10.850000 59.360001
4.524827 -8.932407 0.430708 7.350000 -11.480000 55.930000
4.443472 -9.272188 0.413958 3.500000 -10.570000 57.189999
3.897908 -9.365508 0.253639 24.920000 -6.370000 52.009998
3.495914 -9.525827 0.509671 0.350000 -7.420000 49.139999
3.002992 -9.925428 0.425922 -0.910000 -3.220000 38.009998
3.002992 -9.925428 0.425922 -0.910000 -3.220000 38.009998
3.048456 -10.236496 0.401994 -4.690000 -1.540000 33.670002
3.048456 -10.236496 0.401994 -4.690000 -1.540000 33.670002
3.048456 -10.236496 0.401994 -4.690000 -1.540000 33.670002
2.742175 -9.970891 0.753739 17.780001 9.310000 23.240000
2.694318 -10.114462 1.100698 9.030000 11.270000 21.420000
2.203789 -9.635897 0.945165 -1.820000 2.870000 13.860000
2.206182 -10.018748 0.430708 -32.970001 0.070000 14.280000
2.206182 -10.018748 0.430708 -32.970001 0.070000 14.280000
2.277967 -10.152746 0.653241 -2.100000 -0.210000 8.750000
2.277967 -10.152746 0.653241 -2.100000 -0.210000 8.750000
2.277967 -10.152746 0.653241 -2.100000 -0.210000 8.750000
1.933401 -10.066606 0.418744 2.380000 0.770000 8.190000
1.868794 -10.054641 0.734596 -2.170000 0.910000 2.800000
1.868794 -10.054641 0.734596 -2.170000 0.910000 2.800000
1.868794 -10.054641 0.734596 -2.170000 0.910000 2.800000
1.868794 -10.054641 0.734596 -2.170000 0.910000 2.800000
1.868794 -10.054641 0.734596 -2.170000 0.910000 2.800000
1.868794 -10.054641 0.734596 -2.170000 0.910000 2.800000
1.861616 -9.705289 0.562313 -0.700000 -1.680000 1.190000
1.861616 -9.705289 0.562313 -0.700000 -1.680000 1.190000
1.861616 -9.705289 0.562313 -0.700000 -1.680000 1.190000
1.966900 -9.798609 0.703490 0.280000 -0.770000 1.680000
1.966900 -9.798609 0.703490 0.280000 -0.770000 1.680000
1.816152 -9.688539 0.736989 5.880000 0.140000 -0.210000
1.768296 -9.741181 0.650848 0.980000 0.070000 1.400000
1.823331 -10.018748 0.684347 -1.680000 1.050000 -0.420000
1.837688 -9.793823 0.669990 -3.360000 0.210000 -1.470000
1.761117 -9.915856 0.552742 -2.870000 -0.140000 -0.630000
1.703690 -9.762716 0.375673 -7.560000 1.260000 -1.400000
1.887937 -9.667004 0.344566 -4.970000 0.700000 -0.910000
1.952543 -9.690931 0.729811 1.680000 1.960000 -0.700000
1.887937 -9.676575 0.792024 -9.310000 0.700000 -0.210000
1.852045 -9.645468 0.411566 -11.480000 0.910000 0.070000
1.933401 -9.812965 0.710668 2.730000 0.350000 -1.190000
1.794617 -9.824929 0.571885 -6.860000 0.210000 -0.980000
1.794617 -9.573684 0.583849 0.490000 -0.840000 1.050000
1.794617 -9.573684 0.583849 0.490000 -0.840000 1.050000
1.899901 -9.669396 0.342174 0.140000 -0.700000 1.540000
1.744368 -9.621540 0.581456 0.350000 -1.260000 1.190000
1.823331 -9.705289 0.423530 -5.950000 -2.170000 3.080000
1.871187 -9.908678 0.282353 -4.900000 -2.450000 3.850000
1.770689 -9.729217 0.416351 3.150000 1.330000 -0.980000
1.871187 -9.812965 0.325424 4.970000 1.330000 -0.980000
1.816152 -9.571291 0.423530 8.750000 4.130000 -2.030000
1.816152 -9.571291 0.423530 8.750000 4.130000 -2.030000
2.000400 -9.891929 0.729811 -1.960000 0.910000 -1.330000
1.864009 -9.829715 0.595813 -0.490000 2.240000 -2.100000
1.883151 -9.820145 0.660419 -1.890000 1.540000 -0.770000
1.902294 -9.628718 0.715454 2.380000 0.560000 -0.910000
1.902294 -9.628718 0.715454 2.380000 0.560000 -0.910000
1.904687 -9.588040 0.696311 0.630000 1.190000 -1.190000
1.904687 -9.588040 0.696311 0.630000 1.190000 -1.190000
1.904687 -9.588040 0.696311 0.630000 1.190000 -1.190000
1.770689 -9.561719 2.428715 -27.230000 3.290000 10.850000
2.029114 -9.269794 2.830709 -54.110001 3.010000 19.530001
1.485943 -10.621738 -2.524428 -75.389999 29.750000 31.080000
1.485943 -10.621738 -2.524428 -75.389999 29.750000 31.080000
1.485943 -10.621738 -2.524428 -75.389999 29.750000 31.080000
1.485943 -10.621738 -2.524428 -75.389999 29.750000 31.080000
1.512264 -8.874979 -0.363709 -34.369999 27.580000 4.550000
1.512264 -8.874979 -0.363709 -34.369999 27.580000 4.550000
1.512264 -8.874979 -0.363709 -34.369999 27.580000 4.550000
1.512264 -8.874979 -0.363709 -34.369999 27.580000 4.550000
1.335195 -10.401600 -2.983850 -6.510000 22.190001 -3.010000
1.335195 -10.401600 -2.983850 -6.510000 22.190001 -3.010000
1.579263 -9.561719 -2.084148 9.170000 18.549999 -4.130000
1.579263 -9.561719 -2.084148 9.170000 18.549999 -4.130000
1.579263 -9.561719 -2.084148 9.170000 18.549999 -4.130000
1.634298 -9.504292 -2.333002 0.210000 19.320000 -7.840000
1.607977 -9.080762 -2.187040 -8.890000 14.000000 -8.890000
1.607977 -9.080762 -2.187040 -8.890000 14.000000 -8.890000
1.607977 -9.080762 -2.187040 -8.890000 14.000000 -8.890000
1.607977 -9.080762 -2.187040 -8.890000 14.000000 -8.890000
1.607977 -9.080762 -2.187040 -8.890000 14.000000 -8.890000
2.009971 -9.296116 -2.361716 -9.100000 6.580000 -0.210000
1.727618 -9.434900 -2.438286 -2.100000 1.330000 2.310000
1.974079 -9.286544 -2.318645 -5.600000 -1.960000 0.350000
1.974079 -9.286544 -2.318645 -5.600000 -1.960000 0.350000
1.741975 -9.554541 -2.553142 -6.230000 -2.310000 1.470000
1.813759 -9.678967 -2.749353 -3.850000 -2.240000 0.210000
1.868794 -9.327222 -2.608176 -4.690000 -2.380000 -0.770000
1.775474 -9.334401 -2.687140 -4.200000 -0.140000 -0.630000
1.830509 -9.274581 -2.694318 -4.130000 0.350000 -0.910000
1.945365 -9.456435 -2.780460 -4.270000 -0.210000 -0.280000
1.830509 -9.434900 -2.864209 -0.700000 2.240000 -0.910000
1.830509 -9.434900 -2.864209 -0.700000 2.240000 -0.910000
1.902294 -9.231510 -2.766103 -2.170000 1.050000 -0.070000
1.813759 -9.322437 -2.766103 -3.990000 1.190000 -0.490000
1.840081 -9.528220 -2.854637 -2.170000 0.910000 -0.070000
1.840081 -9.528220 -2.854637 -2.170000 0.910000 -0.070000
1.878366 -9.353544 -2.871387 0.280000 0.280000 -0.140000
1.945365 -9.372685 -2.794817 6.860000 0.980000 2.310000
1.720440 -9.432507 -2.778067 -2.660000 2.520000 -3.360000
2.129612 -9.602397 -2.857030 -4.620000 4.830000 -3.920000
1.993221 -9.370294 -2.895315 -1.470000 4.760000 -3.570000
1.995614 -9.408579 -2.871387 -3.640000 2.450000 -0.280000
2.014757 -9.456435 -2.756532 3.220000 0.980000 -0.700000
2.014757 -9.456435 -2.756532 3.220000 0.980000 -0.700000
2.074577 -9.348758 -2.684747 7.420000 -0.700000 -0.770000
2.074577 -9.348758 -2.684747 7.420000 -0.700000 -0.770000
2.074577 -9.348758 -2.684747 7.420000 -0.700000 -0.770000
1.952543 -9.176475 -2.706282 -0.700000 3.010000 -2.310000
2.194218 -9.351151 -2.679961 -2.590000 1.750000 -1.190000
2.194218 -9.351151 -2.679961 -2.590000 1.750000 -1.190000
2.139183 -9.310472 -2.598605 3.850000 -1.470000 0.630000
2.031506 -9.188439 -2.737389 1.050000 -0.560000 1.890000
1.981257 -9.487542 -2.737389 1.330000 -0.980000 1.190000
1.981257 -9.487542 -2.737389 1.330000 -0.980000 1.190000
1.981257 -9.487542 -2.737389 1.330000 -0.980000 1.190000
1.981257 -9.487542 -2.737389 1.330000 -0.980000 1.190000
1.981257 -9.487542 -2.737389 1.330000 -0.980000 1.190000
1.981257 -9.487542 -2.737389 1.330000 -0.980000 1.190000
1.981257 -9.487542 -2.737389 1.330000 -0.980000 1.190000
2.249253 -9.351151 -2.596212 -2.450000 0.070000 0.560000
2.005185 -9.415757 -2.656033 -0.070000 -1.330000 1.470000
2.005185 -9.415757 -2.656033 -0.070000 -1.330000 1.470000
2.005185 -9.415757 -2.656033 -0.070000 -1.330000 1.470000
2.005185 -9.415757 -2.656033 -0.070000 -1.330000 1.470000
1.940579 -9.525827 -2.691926 -0.070000 0.140000 0.980000
2.048256 -9.437292 -2.653640 -0.420000 -0.560000 -0.490000
2.048256 -9.437292 -2.653640 -0.420000 -0.560000 -0.490000
2.048256 -9.437292 -2.653640 -0.420000 -0.560000 -0.490000
2.048256 -9.437292 -2.653640 -0.420000 -0.560000 -0.490000
2.048256 -9.437292 -2.653640 -0.420000 -0.560000 -0.490000
2.048256 -9.437292 -2.653640 -0.420000 -0.560000 -0.490000
1.974079 -9.217153 -2.596212 -0.140000 0.910000 0.630000
2.038685 -9.470792 -2.835495 -6.020000 1.190000 -1.050000
2.141576 -9.554541 -2.732604 -3.080000 1.330000 -0.560000
1.856830 -9.315259 -2.732604 0.280000 2.590000 0.490000
2.019542 -9.284152 -2.553142 -3.010000 2.520000 0.280000
2.019542 -9.284152 -2.553142 -3.010000 2.520000 0.280000
1.947758 -9.504292 -2.737389 3.500000 -2.100000 1.120000
2.024328 -9.245867 -2.574677 6.580000 -2.520000 1.120000
1.928615 -9.044869 -2.639283 -1.470000 -1.400000 1.820000
1.928615 -9.044869 -2.639283 -1.470000 -1.400000 1.820000
1.945365 -9.454042 -2.804388 -1.400000 -2.450000 0.770000
1.935793 -9.348758 -2.725425 1.330000 -3.290000 0.840000
1.873580 -9.312866 -2.715853 -0.140000 -3.710000 0.980000
1.718047 -9.427721 -2.971886 -10.080000 -3.360000 -7.350000
1.718047 -9.427721 -2.971886 -10.080000 -3.360000 -7.350000
1.718047 -9.427721 -2.971886 -10.080000 -3.360000 -7.350000
1.981257 -9.379865 -2.799603 -8.960000 -5.810000 -12.180000
1.998007 -9.521042 -3.105884 5.180000 -9.100000 -18.480000
2.292324 -9.348758 -2.589034 17.430000 -10.430000 -13.580000
2.292324 -9.348758 -2.589034 17.430000 -10.430000 -13.580000
2.359323 -9.123833 -2.591427 29.469999 -17.780001 -10.010000
2.392823 -9.291330 -2.703890 29.680000 -14.910000 -8.960000
2.165504 -9.162118 -2.297110 28.000000 -16.100000 -8.330000
2.354537 -9.710074 -2.624927 30.309999 -14.140000 -10.290000
2.340181 -9.432507 -2.471786 38.779999 -12.810000 -7.910000
2.340181 -9.432507 -2.471786 38.779999 -12.810000 -7.910000
2.340181 -9.432507 -2.471786 38.779999 -12.810000 -7.910000
2.395216 -8.819944 -1.368695 7.350000 -9.800000 -4.270000
2.682354 -9.028119 -0.949951 44.590000 -7.980000 -6.160000
2.682354 -9.028119 -0.949951 44.590000 -7.980000 -6.160000
2.682354 -9.028119 -0.949951 44.590000 -7.980000 -6.160000
2.612962 -10.222138 -1.366302 23.520000 -9.660000 -7.420000
2.651247 -10.494920 -0.918844 8.890000 -1.050000 -5.040000
2.567499 -8.803195 -0.399601 4.760000 -1.680000 -1.050000
2.629712 -9.485149 -0.279960 -8.750000 -4.690000 -1.120000
2.629712 -9.485149 -0.279960 -8.750000 -4.690000 -1.120000
2.629712 -9.485149 -0.279960 -8.750000 -4.690000 -1.120000
2.502892 -9.992428 -0.607777 27.860001 -3.360000 -1.610000
2.502892 -9.992428 -0.607777 27.860001 -3.360000 -1.610000
2.486143 -9.288938 -0.050249 -3.080000 -1.190000 2.310000
2.627320 -9.544970 -0.301496 -6.160000 -4.060000 2.450000
2.627320 -9.544970 -0.301496 -6.160000 -4.060000 2.450000
2.455036 -9.817751 -0.459422 -6.580000 -2.800000 2.520000
2.455036 -9.817751 -0.459422 -6.580000 -2.800000 2.520000
2.455036 -9.817751 -0.459422 -6.580000 -2.800000 2.520000
2.455036 -9.817751 -0.459422 -6.580000 -2.800000 2.520000
2.455036 -9.817751 -0.459422 -6.580000 -2.800000 2.520000
2.533999 -9.585647 -0.260818 2.100000 -1.120000 0.630000
2.533999 -9.585647 -0.260818 2.100000 -1.120000 0.630000
2.533999 -9.585647 -0.260818 2.100000 -1.120000 0.630000
2.502892 -9.714860 -0.658026 5.040000 0.770000 -0.700000
2.572284 -9.583255 -0.162712 5.880000 0.210000 -1.190000
2.526821 -9.803394 -0.418744 -10.990000 -0.840000 0.280000
2.443072 -9.413363 -0.399601 4.900000 -0.070000 0.630000
2.505285 -9.762716 -0.440279 -9.380000 -1.190000 -0.770000
2.603391 -9.595219 -0.471386 -1.540000 -0.210000 -0.700000
2.603391 -9.595219 -0.471386 -1.540000 -0.210000 -0.700000
2.522035 -9.717253 -0.509671 1.680000 1.190000 -1.610000
2.522035 -9.717253 -0.509671 1.680000 1.190000 -1.610000
2.522035 -9.717253 -0.509671 1.680000 1.190000 -1.610000
2.490928 -9.748360 -0.562313 -1.400000 -1.120000 -0.420000
2.419144 -9.942179 -0.885344 -10.990000 0.700000 0.140000
2.644069 -9.623933 -0.368495 10.780000 -0.420000 -1.260000
2.543570 -9.296116 -0.141177 8.540000 -0.280000 -0.910000
2.495714 -9.602397 -0.641276 -11.200000 -0.910000 2.030000
2.586641 -9.903893 -0.859023 -1.960000 -0.140000 -2.520000
2.452643 -9.410972 -0.521635 -2.100000 0.490000 -0.770000
2.627320 -9.657433 -0.447458 4.760000 2.450000 -4.060000
2.627320 -9.657433 -0.447458 4.760000 2.450000 -4.060000
2.579463 -9.470792 -0.378066 2.380000 1.260000 -3.080000
2.562713 -9.528220 -0.626920 -2.800000 0.770000 -0.770000
2.555535 -9.293723 -0.622134 -1.260000 -0.630000 0.140000
2.543570 -9.525827 -0.658026 -1.680000 -0.630000 0.490000
2.567499 -9.501899 -0.574277 2.590000 0.210000 0.070000
2.533999 -9.537791 -0.524028 0.770000 -0.280000 0.350000
2.505285 -9.690931 -0.698704 11.130000 1.400000 -0.910000
2.505285 -9.690931 -0.698704 11.130000 1.400000 -0.910000
2.505285 -9.690931 -0.698704 11.130000 1.400000 -0.910000
2.483750 -9.535398 -0.579063 17.430000 0.910000 -2.310000
2.610569 -9.676575 -0.497707 6.930000 -0.210000 -1.540000
2.644069 -9.394222 0.114855 14.350000 -0.070000 -5.670000
2.708675 -10.159925 -0.090927 23.170000 0.070000 -9.940000
2.866602 -9.377472 0.212961 55.369999 3.010000 -15.190001
2.813959 -9.360723 0.229711 46.830002 8.050000 -16.730000
2.813959 -9.360723 0.229711 46.830002 8.050000 -16.730000
2.813959 -9.360723 0.229711 46.830002 8.050000 -16.730000
3.050849 -10.145569 1.777867 85.120003 9.660000 -39.900002
3.062813 -9.468399 1.942972 80.779999 15.120000 -37.099998
3.601198 -8.274381 2.991028 71.820000 16.660000 -42.490002
3.601198 -8.274381 2.991028 71.820000 16.660000 -42.490002
3.601198 -8.274381 2.991028 71.820000 16.660000 -42.490002
3.601198 -8.274381 2.991028 71.820000 16.660000 -42.490002
3.601198 -8.274381 2.991028 71.820000 16.660000 -42.490002
3.601198 -8.274381 2.991028 71.820000 16.660000 -42.490002
3.601198 -8.274381 2.991028 71.820000 16.660000 -42.490002
4.051049 -8.123632 3.531806 60.549999 6.860000 -46.410000
4.479364 -7.917850 3.974478 32.340000 8.330000 -46.830002
4.479364 -7.917850 3.974478 32.340000 8.330000 -46.830002
4.479364 -7.917850 3.974478 32.340000 8.330000 -46.830002
5.486742 -5.960521 5.673382 73.220001 6.650000 -47.459999
5.685347 -4.998606 5.596812 68.949997 8.190000 -34.720001
5.867201 -4.381258 5.891129 63.560001 8.260000 -31.500000
5.548956 -4.778467 6.455836 35.139999 2.520000 -19.600000
5.807381 -4.304688 6.022735 38.220001 1.890000 -16.030001
5.807381 -4.304688 6.022735 38.220001 1.890000 -16.030001
5.809773 -4.345366 6.163911 4.060000 -0.420000 -12.320000
5.905487 -4.467400 6.343372 21.070000 -0.980000 -10.360000
6.132804 -4.156333 6.486942 15.680000 2.660000 -9.380000
6.077770 -4.098906 6.597012 14.070000 2.170000 -11.200000
5.967700 -3.783052 6.630512 -11.130000 1.400000 -9.310000
5.967700 -3.783052 6.630512 -11.130000 1.400000 -9.310000
6.106483 -3.720839 6.604190 3.920000 -0.910000 -8.260000
5.903094 -4.094120 6.599405 8.050000 -0.280000 -8.610000
5.927022 -3.826123 6.381658 -0.560000 -2.520000 -3.920000
6.180661 -3.869194 6.309873 -2.730000 -2.030000 -3.430000
6.180661 -3.869194 6.309873 -2.730000 -2.030000 -3.430000
6.068198 -3.718446 6.080163 -4.970000 -1.050000 -2.310000
6.118448 -3.895515 6.429514 -1.820000 -1.330000 -3.150000
6.195018 -3.795017 6.259624 0.070000 -0.630000 -1.750000
6.183054 -3.749553 6.317052 -1.750000 -0.350000 -0.560000
6.226124 -4.086941 6.319445 -3.220000 -2.100000 -0.910000
6.084948 -4.007978 6.407979 -0.910000 -1.120000 -2.310000
6.221339 -3.972085 6.436693 -2.520000 -1.260000 -2.450000
6.221339 -3.972085 6.436693 -2.520000 -1.260000 -2.450000
6.221339 -3.972085 6.436693 -2.520000 -1.260000 -2.450000
6.228518 -3.974478 6.147161 1.820000 0.560000 -1.260000
6.159126 -3.945765 6.348158 4.060000 0.140000 -1.610000
6.111269 -3.797409 6.326623 -2.590000 -1.190000 -0.980000
6.072984 -3.974478 6.398407 4.200000 0.210000 -2.030000
6.072984 -3.974478 6.398407 4.200000 0.210000 -2.030000
6.072984 -3.974478 6.398407 4.200000 0.210000 -2.030000
6.273981 -3.792624 6.262017 3.850000 1.890000 -0.840000
6.195018 -3.749553 6.441479 5.670000 2.170000 -0.560000
6.195018 -3.749553 6.441479 5.670000 2.170000 -0.560000
6.142376 -3.821337 6.484549 -8.680000 -2.240000 -1.540000
6.142376 -3.821337 6.484549 -8.680000 -2.240000 -1.540000
6.142376 -3.821337 6.484549 -8.680000 -2.240000 -1.540000
6.142376 -3.821337 6.484549 -8.680000 -2.240000 -1.540000
6.142376 -3.821337 6.484549 -8.680000 -2.240000 -1.540000
6.278766 -3.771089 6.312266 4.620000 0.210000 -2.380000
6.314659 -3.579663 6.278766 -2.870000 1.820000 -0.490000
6.314659 -3.579663 6.278766 -2.870000 1.820000 -0.490000
6.250053 -3.790231 6.283553 -2.030000 1.120000 -0.980000
6.250053 -3.790231 6.283553 -2.030000 1.120000 -0.980000
6.276374 -3.806981 6.388836 -10.710000 0.350000 2.380000
6.132804 -3.821337 6.451050 -21.420000 0.560000 7.980000
6.190232 -3.873980 6.436693 -26.670000 0.560000 10.220000
6.190232 -3.873980 6.436693 -26.670000 0.560000 10.220000
6.015556 -3.737589 6.580262 -41.720001 2.030000 16.799999
6.015556 -3.737589 6.580262 -41.720001 2.030000 16.799999
6.498906 -3.862016 4.474578 -116.970001 -4.760000 36.049999
5.824130 -4.905287 5.036892 -109.340004 -11.130000 37.099998
5.793024 -5.766702 3.893122 -111.370003 -14.280000 39.130001
5.388636 -6.613762 4.177868 -90.790001 -15.960000 40.880001
5.541777 -7.018148 2.852244 -78.540001 -13.930000 41.790001
5.534599 -7.444071 2.600998 -50.119999 -9.240000 40.110001
5.218746 -7.518249 2.289931 -55.580002 0.630000 44.730000
4.931608 -8.362915 1.978864 -34.790001 -1.680000 43.189999
4.931608 -8.362915 1.978864 -34.790001 -1.680000 43.189999
4.859823 -7.288538 3.644269 -25.690001 -2.170000 38.709999
4.859823 -7.288538 3.644269 -25.690001 -2.170000 38.709999
4.859823 -7.288538 3.644269 -25.690001 -2.170000 38.709999
4.859823 -7.288538 3.644269 -25.690001 -2.170000 38.709999
4.859823 -7.288538 3.644269 -25.690001 -2.170000 38.709999
4.859823 -7.288538 3.644269 -25.690001 -2.170000 38.709999
4.390830 -8.745767 2.304288 -32.410000 -3.570000 34.160000
3.773481 -9.116654 2.048256 -38.500000 -5.250000 27.440001
3.773481 -9.116654 2.048256 -38.500000 -5.250000 27.440001
3.756732 -8.906086 1.957329 12.320000 -0.840000 18.760000
3.756732 -8.906086 1.957329 12.320000 -0.840000 18.760000
3.756732 -8.906086 1.957329 12.320000 -0.840000 18.760000
3.680161 -9.339187 2.292324 -22.820000 -0.700000 17.920000
3.730411 -9.001799 1.780260 4.410000 -0.910000 14.420000
3.730411 -9.001799 1.780260 4.410000 -0.910000 14.420000
3.302095 -10.408779 1.052842 1.610000 2.590000 2.590000
3.170490 -8.729016 1.610370 13.160000 3.290000 4.830000
3.182454 -8.250452 2.409572 -0.630000 2.870000 3.150000
3.182454 -8.250452 2.409572 -0.630000 2.870000 3.150000
3.182454 -8.250452 2.409572 -0.630000 2.870000 3.150000
3.062813 -8.300702 1.730011 0.070000 1.890000 5.740000
3.065206 -8.865408 1.744368 -9.450000 1.610000 3.990000
3.065206 -8.865408 1.744368 -9.450000 1.610000 3.990000
3.065206 -8.865408 1.744368 -9.450000 1.610000 3.990000
3.065206 -8.865408 1.744368 -9.450000 1.610000 3.990000
3.065206 -8.865408 1.744368 -9.450000 1.610000 3.990000
3.275774 -9.542577 1.550549 0.280000 -0.210000 2.100000
3.069991 -9.568897 1.325624 -7.630000 -2.520000 5.110000
3.069991 -9.568897 1.325624 -7.630000 -2.520000 5.110000
3.067599 -9.377472 1.517050 -1.470000 -0.700000 0.350000
3.067599 -9.377472 1.517050 -1.470000 -0.700000 0.350000
3.067599 -9.377472 1.517050 -1.470000 -0.700000 0.350000
3.170490 -9.202796 1.686940 2.730000 0.770000 -0.140000
3.151347 -9.226725 1.414158 3.150000 4.410000 -1.400000
3.151347 -9.226725 1.414158 3.150000 4.410000 -1.400000
3.141776 -9.322437 1.761117 1.190000 2.310000 -0.840000
3.141776 -9.322437 1.761117 1.190000 2.310000 -0.840000
3.180061 -9.353544 1.538585 -3.430000 0.280000 -1.260000
2.976671 -9.274581 1.579263 1.960000 2.100000 -1.610000
3.127419 -9.255438 1.596013 1.540000 2.030000 -1.260000
3.127419 -9.255438 1.596013 1.540000 2.030000 -1.260000
3.136991 -9.250652 1.639083 -2.870000 0.770000 -1.190000
3.136991 -9.250652 1.639083 -2.870000 0.770000 -1.190000
3.098706 -9.214760 1.667797 -2.870000 -1.260000 -1.120000
3.098706 -9.214760 1.667797 -2.870000 -1.260000 -1.120000
3.136991 -9.434900 1.579263 3.010000 -1.050000 -1.820000
3.136991 -9.434900 1.579263 3.010000 -1.050000 -1.820000
3.120241 -9.260223 1.598405 5.740000 0.280000 -2.310000
3.120241 -9.260223 1.598405 5.740000 0.280000 -2.310000
3.306881 -9.461221 1.581656 1.330000 0.980000 -2.730000
3.306881 -9.461221 1.581656 1.330000 0.980000 -2.730000
3.306881 -9.461221 1.581656 1.330000 0.980000 -2.730000
3.132205 -9.159724 1.667797 -2.030000 -0.980000 -0.700000
3.148954 -9.281759 1.493121 -2.520000 -1.470000 -0.630000
3.211168 -9.257831 1.560120 2.520000 0.070000 0.280000
3.211168 -9.257831 1.560120 2.520000 0.070000 0.280000
3.211168 -9.257831 1.560120 2.520000 0.070000 0.280000
3.223132 -9.281759 1.579263 -3.150000 -1.470000 0.700000
3.223132 -9.281759 1.579263 -3.150000 -1.470000 0.700000
3.251846 -9.255438 1.629512 -0.700000 -1.190000 0.700000
3.273381 -9.339187 1.586441 -2.800000 -1.540000 -0.070000
3.273381 -9.339187 1.586441 -2.800000 -1.540000 -0.070000
3.273381 -9.339187 1.586441 -2.800000 -1.540000 -0.070000
3.158526 -9.085547 1.658226 0.770000 0.420000 0.210000
3.158526 -9.085547 1.658226 0.770000 0.420000 0.210000
3.148954 -9.281759 1.533799 -3.010000 -1.960000 0.420000
3.187240 -9.279366 1.540978 -0.560000 -1.960000 0.840000
3.225525 -9.190832 1.722832 -0.280000 -1.050000 1.680000
3.225525 -9.190832 1.722832 -0.280000 -1.050000 1.680000
3.225525 -9.190832 1.722832 -0.280000 -1.050000 1.680000
3.132205 -9.269794 1.481157 -3.360000 -1.190000 1.260000
3.132205 -9.269794 1.481157 -3.360000 -1.190000 1.260000
3.132205 -9.269794 1.481157 -3.360000 -1.190000 1.260000
3.132205 -9.269794 1.481157 -3.360000 -1.190000 1.260000
3.132205 -9.269794 1.481157 -3.360000 -1.190000 1.260000
3.199204 -9.384650 1.777867 -9.800000 -1.750000 -1.330000
3.199204 -9.384650 1.777867 -9.800000 -1.750000 -1.330000
3.199204 -9.384650 1.777867 -9.800000 -1.750000 -1.330000
3.230310 -8.434700 1.679761 -66.709999 -0.280000 -0.840000
3.230310 -8.434700 1.679761 -66.709999 -0.280000 -0.840000
3.223132 -8.932407 -0.949951 -108.360001 11.760000 11.130000
2.959922 -10.066606 -1.567299 -53.340000 18.830000 0.140000
2.959922 -10.066606 -1.567299 -53.340000 18.830000 0.140000
2.959922 -10.066606 -1.567299 -53.340000 18.830000 0.140000
3.730411 -8.664411 -0.019143 -40.250000 13.300000 8.190000
2.938386 -9.119047 -2.397608 -19.670000 6.370000 11.200000
2.589034 -9.159724 -2.667997 -7.000000 6.930000 11.760000
2.615355 -9.164511 -2.589034 5.110000 4.690000 9.940000
2.615355 -9.164511 -2.589034 5.110000 4.690000 9.940000
2.876173 -9.202796 -2.246860 13.510000 2.240000 10.850000
2.658426 -9.446864 -2.333002 11.200000 1.120000 7.910000
2.689533 -9.475577 -2.189433 -0.350000 2.590000 6.090000
2.541178 -9.513863 -2.400001 -3.010000 4.620000 2.800000
2.725425 -9.688539 -2.098505 -0.420000 3.570000 0.910000
2.725425 -9.688539 -2.098505 -0.420000 3.570000 0.910000
2.632105 -9.420543 -2.074577 -3.780000 5.180000 0.490000
2.471786 -9.444471 -2.187040 -1.400000 4.620000 -1.540000
2.557927 -9.528220 -1.974079 0.140000 2.590000 -2.100000
2.557927 -9.528220 -1.974079 0.140000 2.590000 -2.100000
2.541178 -9.332008 -2.043471 2.380000 1.260000 -0.210000
2.665605 -9.377472 -1.899901 3.010000 1.400000 0.210000
2.560320 -9.442079 -2.005185 5.670000 0.840000 2.030000
2.428715 -9.501899 -2.134398 0.490000 2.380000 0.420000
2.519642 -9.396614 -1.875973 -0.420000 2.100000 -0.770000
2.632105 -9.614362 -2.050649 3.290000 0.490000 0.490000
2.495714 -9.355937 -2.112862 -4.480000 0.700000 1.960000
2.495714 -9.355937 -2.112862 -4.480000 0.700000 1.960000
2.445465 -9.250652 -2.065006 -4.620000 1.540000 1.540000
2.522035 -9.332008 -1.883151 -3.080000 2.380000 1.120000
2.684747 -8.681160 -1.447658 3.920000 0.350000 3.990000
2.292324 -9.236296 -2.234896 1.540000 -0.140000 -0.210000
2.627320 -9.315259 -1.861616 0.350000 -0.350000 -0.070000
2.627320 -9.315259 -1.861616 0.350000 -0.350000 -0.070000
2.383251 -9.233903 -2.091327 -3.430000 0.980000 0.630000
2.383251 -9.233903 -2.091327 -3.430000 0.980000 0.630000
2.383251 -9.233903 -2.091327 -3.430000 0.980000 0.630000
2.730211 -9.427721 -1.995614 -2.730000 -0.350000 1.960000
2.426322 -9.456435 -2.268396 -0.980000 0.840000 1.470000
2.426322 -9.456435 -2.268396 -0.980000 0.840000 1.470000
2.426322 -9.456435 -2.268396 -0.980000 0.840000 1.470000
2.411965 -9.324830 -2.196611 -0.070000 2.520000 0.630000
2.452643 -9.396614 -2.029114 0.560000 1.610000 -1.120000
2.323431 -9.353544 -2.124826 -0.560000 0.070000 1.400000
2.323431 -9.353544 -2.124826 -0.560000 0.070000 1.400000
2.323431 -9.353544 -2.124826 -0.560000 0.070000 1.400000
2.615355 -9.420543 -2.244468 -4.340000 -0.630000 -1.120000
2.610569 -9.427721 -2.139183 -5.670000 1.610000 -0.420000
2.610569 -9.427721 -2.139183 -5.670000 1.610000 -0.420000
2.610569 -9.427721 -2.139183 -5.670000 1.610000 -0.420000
2.610569 -9.427721 -2.139183 -5.670000 1.610000 -0.420000
2.610569 -9.427721 -2.139183 -5.670000 1.610000 -0.420000
2.610569 -9.427721 -2.139183 -5.670000 1.610000 -0.420000
2.610569 -9.427721 -2.139183 -5.670000 1.610000 -0.420000
2.608176 -9.707682 -2.352145 -0.560000 -0.140000 -0.350000
2.577070 -9.446864 -2.263610 1.610000 2.310000 -0.980000
2.517249 -9.226725 -2.060220 2.730000 2.030000 -1.050000
2.636890 -9.126225 -2.005185 0.280000 1.400000 -0.420000
2.574677 -9.355937 -2.151148 -1.050000 1.050000 0.490000
2.481357 -9.269794 -2.084148 0.420000 0.910000 0.770000
2.421536 -9.406186 -2.187040 -2.450000 0.140000 1.470000
2.533999 -9.475577 -2.191825 -1.540000 -0.700000 0.420000
2.667997 -9.554541 -2.108077 2.590000 -1.120000 1.050000
2.667997 -9.554541 -2.108077 2.590000 -1.120000 1.050000
2.600998 -9.370294 -2.237289 1.260000 0.350000 0.840000
2.579463 -9.430114 -2.000400 -2.800000 -1.400000 -1.120000
2.691926 -9.760324 -2.213361 -1.750000 -1.190000 -0.350000
2.459821 -9.367901 -2.143969 2.520000 -0.210000 -0.980000
2.459821 -9.367901 -2.143969 2.520000 -0.210000 -0.980000
2.459821 -9.367901 -2.143969 2.520000 -0.210000 -0.980000
2.459821 -9.367901 -2.143969 2.520000 -0.210000 -0.980000
2.459821 -9.367901 -2.143969 2.520000 -0.210000 -0.980000
2.459821 -9.367901 -2.143969 2.520000 -0.210000 -0.980000
2.586641 -9.382257 -2.079363 -0.910000 -2.030000 -1.960000
2.586641 -9.382257 -2.079363 -0.910000 -2.030000 -1.960000
2.533999 -9.226725 -1.998007 0.560000 -5.250000 -1.960000
2.533999 -9.226725 -1.998007 0.560000 -5.250000 -1.960000
2.368894 -9.700503 -2.474179 -1.820000 -6.580000 -8.750000
2.368894 -9.700503 -2.474179 -1.820000 -6.580000 -8.750000
2.538785 -8.592626 -2.143969 3.920000 -12.950000 -13.930000
2.895315 -9.159724 -1.904687 0.980000 -11.690000 -10.150000
2.895315 -9.159724 -1.904687 0.980000 -11.690000 -10.150000
2.895315 -9.159724 -1.904687 0.980000 -11.690000 -10.150000
2.895315 -9.159724 -1.904687 0.980000 -11.690000 -10.150000
2.921637 -8.745767 -1.607977 30.730000 -21.700001 -14.350000
3.144169 -9.571291 -1.253839 24.639999 -21.770000 -12.180000
2.981457 -8.642875 -0.184247 14.560000 -4.340000 -1.470000
2.981457 -8.642875 -0.184247 14.560000 -4.340000 -1.470000
3.062813 -10.183852 -0.653241 -8.120000 -1.750000 -0.630000
3.175276 -9.339187 -0.559920 38.990002 -1.540000 -0.840000
3.175276 -9.339187 -0.559920 38.990002 -1.540000 -0.840000
3.175276 -9.339187 -0.559920 38.990002 -1.540000 -0.840000
3.280560 -9.951750 -0.574277 6.020000 -3.570000 0.210000
3.280560 -9.951750 -0.574277 6.020000 -3.570000 0.210000
3.280560 -9.951750 -0.574277 6.020000 -3.570000 0.210000
3.103491 -9.324830 0.095713 11.760000 -5.180000 0.700000
3.103491 -9.324830 0.095713 11.760000 -5.180000 0.700000
3.103491 -9.324830 0.095713 11.760000 -5.180000 0.700000
3.103491 -9.324830 0.095713 11.760000 -5.180000 0.700000
3.103491 -9.324830 0.095713 11.760000 -5.180000 0.700000
3.026921 -9.430114 0.217747 -4.200000 -6.650000 1.400000
3.002992 -9.501899 -0.291924 1.820000 -6.230000 1.680000
3.002992 -9.501899 -0.291924 1.820000 -6.230000 1.680000
3.067599 -9.494720 -0.040678 -7.840000 -6.860000 2.520000
3.067599 -9.494720 -0.040678 -7.840000 -6.860000 2.520000
3.067599 -9.494720 -0.040678 -7.840000 -6.860000 2.520000
3.060420 -9.370294 0.095713 7.210000 -2.030000 -2.240000
3.048456 -9.626326 -0.272782 -10.500000 -0.210000 1.190000
3.048456 -9.626326 -0.272782 -10.500000 -0.210000 1.190000
3.012564 -9.693325 -0.033500 7.560000 -0.560000 -1.610000
2.935993 -9.178867 -0.485743 -4.900000 0.910000 1.610000
3.141776 -9.614362 -0.332602 -10.220000 1.960000 0.350000
3.074777 -9.363115 0.189033 7.490000 0.910000 -1.330000
3.069991 -9.377472 -0.179462 2.940000 0.280000 0.070000
3.031706 -9.458827 0.337388 -1.330000 -1.680000 -1.050000
3.031706 -9.458827 0.337388 -1.330000 -1.680000 -1.050000
2.950350 -9.384650 0.110070 -4.410000 -1.400000 -0.070000
3.060420 -9.638289 -0.361316 0.350000 0.560000 -0.700000
3.113062 -9.456435 0.069392 6.020000 -0.070000 -2.520000
3.065206 -9.286544 -0.210568 -2.870000 0.490000 0.140000
3.084348 -9.351151 0.007178 2.800000 0.140000 -0.840000
3.103491 -9.355937 0.088534 -6.790000 0.140000 -0.280000
3.089134 -9.463614 -0.387637 3.780000 1.050000 -0.840000
3.103491 -9.298509 0.318245 3.710000 -0.490000 -2.030000
3.089134 -9.442079 -0.074178 -2.030000 -0.490000 -0.770000
3.089134 -9.442079 -0.074178 -2.030000 -0.490000 -0.770000
3.067599 -9.396614 -0.210568 0.560000 2.030000 1.820000
3.050849 -9.324830 0.150748 4.130000 1.470000 0.560000
3.074777 -9.360723 0.150748 1.050000 -0.280000 0.770000
3.069991 -9.556933 -0.047856 -2.100000 0.070000 1.890000
3.122634 -9.566505 -0.155533 0.490000 -0.140000 0.630000
3.122634 -9.566505 -0.155533 0.490000 -0.140000 0.630000
3.122634 -9.566505 -0.155533 0.490000 -0.140000 0.630000
3.122634 -9.566505 -0.155533 0.490000 -0.140000 0.630000
3.069991 -9.329616 0.052642 1.190000 -0.490000 -0.140000
3.069991 -9.329616 0.052642 1.190000 -0.490000 -0.140000
3.084348 -9.497113 -0.143569 -2.450000 -0.700000 0.420000
3.067599 -9.408579 -0.102891 3.640000 -0.630000 0.280000
3.067599 -9.408579 -0.102891 3.640000 -0.630000 0.280000
3.067599 -9.408579 -0.102891 3.640000 -0.630000 0.280000
3.067599 -9.408579 -0.102891 3.640000 -0.630000 0.280000
3.067599 -9.408579 -0.102891 3.640000 -0.630000 0.280000
3.024528 -9.530612 -0.203390 0.070000 1.120000 1.330000
3.014957 -9.339187 0.256032 0.770000 1.120000 0.910000
2.974278 -9.707682 0.122034 -2.660000 -0.350000 -0.560000
3.093920 -9.379865 0.021535 0.770000 0.840000 0.140000
3.093920 -9.379865 0.021535 0.770000 0.840000 0.140000
3.010171 -9.473185 0.043071 5.740000 1.540000 -1.190000
3.062813 -9.418150 0.090927 -0.840000 0.490000 -0.770000
3.062813 -9.418150 0.090927 -0.840000 0.490000 -0.770000
2.931208 -9.372685 0.200997 8.890000 1.120000 -0.280000
2.931208 -9.372685 0.200997 8.890000 1.120000 -0.280000
3.069991 -10.152746 -0.047856 21.559999 1.890000 -0.840000
3.069991 -10.152746 -0.047856 21.559999 1.890000 -0.840000
3.069991 -10.152746 -0.047856 21.559999 1.890000 -0.840000
3.069991 -10.152746 -0.047856 21.559999 1.890000 -0.840000
3.069991 -10.152746 -0.047856 21.559999 1.890000 -0.840000
3.069991 -10.152746 -0.047856 21.559999 1.890000 -0.840000
3.225525 -8.896514 3.926622 166.250000 1.190000 -9.800000
3.151347 -6.314659 5.687739 166.389999 9.450000 -12.110000
2.730211 -7.551748 5.419744 100.309998 -8.190000 -15.190001
3.428915 -8.439486 4.862216 163.169998 -2.240000 -19.670000
3.108276 -4.204189 6.628119 177.169998 13.790000 -18.410000
3.108276 -4.204189 6.628119 177.169998 13.790000 -18.410000
3.292524 -5.309673 7.654640 132.860001 3.150000 -20.299999
3.242275 -3.718446 8.202596 95.760002 -0.350000 -20.020000
3.153740 -1.885544 8.980263 105.699997 1.750000 -18.410000
3.412165 -1.414158 8.946764 88.760002 0.420000 -16.520000
3.077170 -1.718047 8.575876 60.689999 -2.590000 -15.260000
3.077170 -1.718047 8.575876 60.689999 -2.590000 -15.260000
3.254239 -0.823131 8.518449 45.430000 1.470000 -7.560000
3.328416 -0.136391 9.020942 55.790001 3.220000 -5.250000
3.328416 -0.136391 9.020942 55.790001 3.220000 -5.250000
3.328416 -0.136391 9.020942 55.790001 3.220000 -5.250000
3.328416 -0.136391 9.020942 55.790001 3.220000 -5.250000
3.328416 -0.136391 9.020942 55.790001 3.220000 -5.250000
3.328416 -0.136391 9.020942 55.790001 3.220000 -5.250000
3.328416 -0.136391 9.020942 55.790001 3.220000 -5.250000
2.892922 0.229711 8.970692 23.100000 0.560000 -0.140000
2.892922 0.229711 8.970692 23.100000 0.560000 -0.140000
3.175276 0.291924 8.980263 5.740000 1.050000 0.560000
3.175276 0.291924 8.980263 5.740000 1.050000 0.560000
3.175276 0.291924 8.980263 5.740000 1.050000 0.560000
3.055635 0.660419 8.994620 -1.120000 0.070000 0.770000
3.055635 0.660419 8.994620 -1.120000 0.070000 0.770000
3.055635 0.660419 8.994620 -1.120000 0.070000 0.770000
3.055635 0.660419 8.994620 -1.120000 0.070000 0.770000
3.055635 0.660419 8.994620 -1.120000 0.070000 0.770000
3.242275 0.308674 9.059227 -5.530000 1.190000 0.630000
3.093920 0.038285 8.872586 -8.120000 0.560000 0.350000
3.093920 0.038285 8.872586 -8.120000 0.560000 0.350000
3.093920 0.038285 8.872586 -8.120000 0.560000 0.350000
3.093920 0.038285 8.872586 -8.120000 0.560000 0.350000
3.093920 0.038285 8.872586 -8.120000 0.560000 0.350000
3.093920 0.038285 8.872586 -8.120000 0.560000 0.350000
3.259024 0.093320 8.975478 1.540000 0.140000 -0.980000
3.259024 0.093320 8.975478 1.540000 0.140000 -0.980000
3.259024 0.093320 8.975478 1.540000 0.140000 -0.980000
3.259024 0.093320 8.975478 1.540000 0.140000 -0.980000
3.259024 0.093320 8.975478 1.540000 0.140000 -0.980000
3.086741 0.150748 8.961121 1.820000 -0.490000 -1.050000
3.158526 0.098106 9.028119 3.290000 -0.350000 -1.050000
3.158526 0.098106 9.028119 3.290000 -0.350000 -1.050000
3.058028 0.366102 8.944371 2.380000 0.140000 0.490000
3.058028 0.366102 8.944371 2.380000 0.140000 0.490000
3.058028 0.366102 8.944371 2.380000 0.140000 0.490000
3.194418 -0.179462 8.894121 -1.890000 -0.980000 -0.560000
3.120241 0.373280 9.186047 10.990000 1.820000 -1.190000
3.120241 0.373280 9.186047 10.990000 1.820000 -1.190000
3.041277 0.440279 9.018548 -3.010000 -0.350000 0.980000
3.041277 0.440279 9.018548 -3.010000 -0.350000 0.980000
3.096312 -0.021535 8.867801 -4.130000 -1.540000 -0.140000
3.096312 -0.021535 8.867801 -4.130000 -1.540000 -0.140000
3.093920 0.430708 8.970692 -4.270000 0.560000 -0.770000
3.093920 0.430708 8.970692 -4.270000 0.560000 -0.770000
3.093920 0.430708 8.970692 -4.270000 0.560000 -0.770000
3.093920 0.430708 8.970692 -4.270000 0.560000 -0.770000
3.093920 0.430708 8.970692 -4.270000 0.560000 -0.770000
3.089134 0.772882 9.080762 6.650000 2.170000 -0.350000
3.072384 0.354138 8.997013 -2.240000 -0.140000 0.350000
3.072384 0.354138 8.997013 -2.240000 -0.140000 0.350000
3.067599 0.378066 8.956335 -5.250000 -0.070000 1.050000
3.067599 0.378066 8.956335 -5.250000 -0.070000 1.050000
3.084348 0.476172 9.056834 5.460000 0.840000 -0.490000
3.122634 0.423530 9.001799 -1.400000 0.350000 0.210000
3.122634 0.423530 9.001799 -1.400000 0.350000 0.210000
3.122634 0.423530 9.001799 -1.400000 0.350000 0.210000
3.038885 0.447458 9.104690 1.680000 0.280000 0.350000
3.058028 0.308674 9.013763 -4.900000 -0.420000 0.070000
3.184847 0.217747 8.956335 -0.630000 -0.770000 -1.470000
3.184847 0.217747 8.956335 -0.630000 -0.770000 -1.470000
3.048456 0.416351 9.030513 -2.380000 -1.050000 -0.140000
3.048456 0.416351 9.030513 -2.380000 -1.050000 -0.140000
3.048456 0.416351 9.030513 -2.380000 -1.050000 -0.140000
2.979064 0.504886 9.087940 -1.190000 -0.980000 0.770000
3.091527 0.287139 8.982656 -5.250000 -0.350000 0.420000
3.091527 0.287139 8.982656 -5.250000 -0.350000 0.420000
3.062813 0.454636 8.977871 -11.760000 -1.330000 1.820000
3.062813 0.454636 8.977871 -11.760000 -1.330000 1.820000
3.062813 0.454636 8.977871 -11.760000 -1.330000 1.820000
3.062813 0.454636 8.977871 -11.760000 -1.330000 1.820000
3.108276 0.016750 8.906086 -10.710000 -1.400000 0.980000
3.108276 0.016750 8.906086 -10.710000 -1.400000 0.980000
3.108276 0.016750 8.906086 -10.710000 -1.400000 0.980000
3.108276 0.016750 8.906086 -10.710000 -1.400000 0.980000
3.189633 0.457029 9.061620 0.910000 0.770000 -0.350000
3.005385 0.181855 8.930015 0.490000 -0.840000 -0.280000
3.005385 0.181855 8.930015 0.490000 -0.840000 -0.280000
2.931208 0.437887 9.071191 -9.870000 -0.630000 1.890000
2.931208 0.437887 9.071191 -9.870000 -0.630000 1.890000
2.931208 0.437887 9.071191 -9.870000 -0.630000 1.890000
3.077170 1.122234 9.133404 -14.630000 0.490000 3.990000
2.940779 1.098306 9.265009 -45.009998 -4.060000 8.120000
2.940779 1.098306 9.265009 -45.009998 -4.060000 8.120000
2.940779 1.098306 9.265009 -45.009998 -4.060000 8.120000
2.782853 -1.871187 8.477771 -185.570007 3.710000 26.950001
3.026921 -5.570491 6.396015 -204.820007 -0.770000 20.719999
3.034099 -6.491727 6.738188 -144.410004 3.010000 3.920000
3.034099 -6.491727 6.738188 -144.410004 3.010000 3.920000
3.034099 -6.491727 6.738188 -144.410004 3.010000 3.920000
3.034099 -6.491727 6.738188 -144.410004 3.010000 3.920000
2.861816 -7.025328 6.216553 -165.690002 -1.190000 3.150000
2.952743 -8.441878 4.223332 -66.639999 -1.750000 -0.770000
2.914458 -8.867801 3.728018 -89.250000 -3.360000 -0.350000
2.914458 -8.867801 3.728018 -89.250000 -3.360000 -0.350000
3.168097 -8.930015 2.928815 -47.180000 -1.750000 -0.490000
3.055635 -8.595018 3.053242 -44.170002 0.280000 -0.280000
3.168097 -9.365508 2.297110 -41.090000 -1.540000 2.380000
2.945565 -9.279366 2.170290 -55.230000 -2.730000 2.380000
2.945565 -9.279366 2.170290 -55.230000 -2.730000 2.380000
3.067599 -9.643075 1.447658 -26.460001 -3.290000 0.140000
3.067599 -9.643075 1.447658 -26.460001 -3.290000 0.140000
2.955136 -9.415757 1.591227 -11.270000 0.070000 -0.420000
3.141776 -9.379865 1.263410 3.780000 2.730000 -1.190000
3.125026 -9.229117 1.674976 -2.870000 2.310000 -0.350000
3.125026 -9.229117 1.674976 -2.870000 2.310000 -0.350000
3.132205 -9.439686 1.426122 -2.240000 1.260000 -1.540000
3.132205 -9.439686 1.426122 -2.240000 1.260000 -1.540000
3.079563 -9.176475 1.775474 -8.470000 0.840000 -1.050000
3.113062 -9.516255 1.337588 -6.860000 -0.420000 -0.700000
3.074777 -9.363115 1.232304 3.710000 1.540000 -0.910000
3.074777 -9.363115 1.232304 3.710000 1.540000 -0.910000
2.979064 -9.138189 1.672583 1.120000 1.540000 -1.890000
2.979064 -9.138189 1.672583 1.120000 1.540000 -1.890000
2.979064 -9.138189 1.672583 1.120000 1.540000 -1.890000
3.220739 -9.217153 1.416551 1.050000 0.210000 -0.980000
3.268596 -9.238688 1.682154 0.980000 -0.420000 -1.120000
3.048456 -9.413363 1.478764 -2.590000 -0.210000 -0.700000
3.156133 -9.018548 1.368695 0.770000 -0.210000 -0.700000
3.053242 -9.253045 1.246661 9.030000 -1.190000 -1.050000
3.053242 -9.253045 1.246661 9.030000 -1.190000 -1.050000
3.053242 -9.253045 1.246661 9.030000 -1.190000 -1.050000
3.187240 -9.109475 1.787439 40.880001 -2.660000 -7.210000
3.328416 -8.985049 2.440679 43.189999 -0.350000 -12.670000
3.328416 -8.985049 2.440679 43.189999 -0.350000 -12.670000
3.328416 -8.985049 2.440679 43.189999 -0.350000 -12.670000
3.682554 -8.047063 2.708675 95.690002 -7.280000 -39.970001
3.682554 -8.047063 2.708675 95.690002 -7.280000 -39.970001
3.682554 -8.047063 2.708675 95.690002 -7.280000 -39.970001
3.376273 -10.813165 3.395415 127.050003 -2.170000 -63.700001
3.936193 -8.011170 4.948357 91.840004 -2.030000 -58.939999
3.936193 -8.011170 4.948357 91.840004 -2.030000 -58.939999
4.319045 -7.948956 4.486543 52.639999 1.050000 -47.810001
4.319045 -7.948956 4.486543 52.639999 1.050000 -47.810001
4.319045 -7.948956 4.486543 52.639999 1.050000 -47.810001
4.319045 -7.948956 4.486543 52.639999 1.050000 -47.810001
4.319045 -7.948956 4.486543 52.639999 1.050000 -47.810001
4.319045 -7.948956 4.486543 52.639999 1.050000 -47.810001
5.407779 -5.300103 5.532206 25.969999 -2.100000 -29.960001
5.862415 -5.094319 5.568098 31.780001 1.330000 -30.730000
5.862415 -5.094319 5.568098 31.780001 1.330000 -30.730000
5.936593 -4.546363 6.061020 52.290001 3.850000 -31.639999
5.977271 -4.321437 6.214160 43.400002 5.110000 -31.290001
6.072984 -4.051049 6.503692 40.529999 4.900000 -29.260000
5.900701 -4.331009 6.970293 45.150002 4.410000 -32.060001
6.309873 -3.409772 6.295516 32.970001 5.740000 -30.940001
6.056234 -3.175276 7.338787 15.400000 1.190000 -28.280001
6.238089 -2.395216 6.812366 23.170000 -3.360000 -16.730000
6.266802 -2.522035 6.496514 10.850000 -3.850000 -13.790000
6.235696 -2.486143 6.642475 8.890000 -1.750000 -9.100000
6.235696 -2.486143 6.642475 8.890000 -1.750000 -9.100000
6.391229 -2.323431 6.632904 10.640000 1.120000 -7.420000
6.331409 -2.325824 6.501299 20.510000 2.660000 -5.180000
6.276374 -2.636890 6.845865 6.090000 4.550000 -4.480000
6.278766 -2.065006 7.104291 1.820000 2.870000 -1.400000
6.259624 -2.562713 7.200003 3.780000 2.520000 -3.500000
6.424729 -2.459821 6.915257 1.960000 0.630000 -3.500000
6.405586 -2.476572 6.874579 2.800000 0.980000 -4.550000
6.230910 -2.261217 7.104291 9.730000 1.610000 -5.600000
6.309873 -2.493321 6.982256 5.040000 1.470000 -7.000000
6.309873 -2.366502 6.987042 -2.030000 0.700000 -6.790000
6.278766 -2.239682 6.965507 10.290000 0.910000 -6.790000
6.278766 -2.014757 6.979864 7.910000 0.490000 -7.000000
6.266802 -1.962115 7.298109 0.770000 -1.540000 -6.930000
6.266802 -1.962115 7.298109 0.770000 -1.540000 -6.930000
6.075377 -1.830509 7.051648 8.190000 -0.140000 -0.980000
6.254838 -1.878366 6.845865 -4.200000 -1.050000 1.750000
6.254838 -1.878366 6.845865 -4.200000 -1.050000 1.750000
6.319445 -2.086541 6.903293 -3.710000 0.070000 -0.910000
6.319445 -2.086541 6.903293 -3.710000 0.070000 -0.910000
6.319445 -2.086541 6.903293 -3.710000 0.070000 -0.910000
6.477371 -1.904687 6.939186 -5.180000 0.070000 -0.210000
6.336195 -2.249253 7.097112 19.740000 2.030000 -3.220000
6.326623 -2.124826 7.109076 -18.900000 -0.980000 -1.050000
6.326623 -2.124826 7.109076 -18.900000 -0.980000 -1.050000
6.326623 -2.124826 7.109076 -18.900000 -0.980000 -1.050000
6.324231 -2.237289 7.066005 7.210000 -0.980000 -4.060000
6.324231 -2.237289 7.066005 7.210000 -0.980000 -4.060000
6.324231 -2.237289 7.066005 7.210000 -0.980000 -4.060000
6.357729 -1.895115 7.058826 -6.790000 -0.910000 0.420000
6.309873 -2.024328 6.960721 3.220000 -0.420000 0.350000
6.309873 -2.024328 6.960721 3.220000 -0.420000 0.350000
6.309873 -2.024328 6.960721 3.220000 -0.420000 0.350000
6.309873 -2.024328 6.960721 3.220000 -0.420000 0.350000
6.309873 -2.024328 6.960721 3.220000 -0.420000 0.350000
6.309873 -2.024328 6.960721 3.220000 -0.420000 0.350000
6.309873 -2.024328 6.960721 3.220000 -0.420000 0.350000
6.252446 -2.002793 7.044470 2.240000 1.050000 0.770000
6.326623 -2.132005 7.061220 5.810000 -0.770000 0.070000
6.326623 -2.132005 7.061220 5.810000 -0.770000 0.070000
6.326623 -2.132005 7.061220 5.810000 -0.770000 0.070000
6.391229 -2.172683 6.886543 0.560000 -0.490000 -0.490000
6.391229 -2.172683 6.886543 0.560000 -0.490000 -0.490000
6.391229 -2.172683 6.886543 0.560000 -0.490000 -0.490000
6.391229 -2.172683 6.886543 0.560000 -0.490000 -0.490000
6.391229 -2.172683 6.886543 0.560000 -0.490000 -0.490000
6.391229 -2.172683 6.886543 0.560000 -0.490000 -0.490000
6.281159 -2.201397 7.173682 -15.050000 -3.570000 -0.630000
6.281159 -2.201397 7.173682 -15.050000 -3.570000 -0.630000
6.422336 -2.213361 6.673582 -8.120000 0.140000 3.080000
6.422336 -2.213361 6.673582 -8.120000 0.140000 3.080000
6.422336 -2.213361 6.673582 -8.120000 0.140000 3.080000
6.465407 -2.328217 6.833901 -15.680000 2.800000 6.930000
6.465407 -2.328217 6.833901 -15.680000 2.800000 6.930000
6.465407 -2.328217 6.833901 -15.680000 2.800000 6.930000
6.465407 -2.328217 6.833901 -15.680000 2.800000 6.930000
6.465407 -2.328217 6.833901 -15.680000 2.800000 6.930000
5.857630 -5.324030 5.230711 -95.269997 -10.500000 58.730000
5.359922 -5.761917 4.855037 -100.239998 -11.900000 56.209999
5.132604 -6.652047 4.005585 -91.279999 -12.740000 56.490002
5.029713 -6.568298 4.213760 -66.010002 -11.830000 54.389999
5.029713 -6.568298 4.213760 -66.010002 -11.830000 54.389999
4.871787 -7.898707 3.381058 -59.150002 -11.830000 42.770000
4.704289 -8.116454 3.352344 -21.139999 -7.980000 34.160000
4.723432 -8.137990 3.270989 -30.170000 -4.130000 30.799999
4.838287 -7.817351 2.995814 -21.980000 -1.470000 29.400000
4.649254 -8.111670 3.263810 -30.450001 -0.840000 26.880001
4.649254 -8.111670 3.263810 -30.450001 -0.840000 26.880001
4.649254 -8.111670 3.263810 -30.450001 -0.840000 26.880001
4.455436 -8.008778 3.117848 -16.940001 -3.080000 22.610001
4.359723 -8.475377 2.667997 -20.440001 -3.150000 22.469999
4.359723 -8.475377 2.667997 -20.440001 -3.150000 22.469999
3.821337 -8.932407 2.316252 -30.590000 -0.210000 23.799999
3.821337 -8.932407 2.316252 -30.590000 -0.210000 23.799999
3.821337 -8.932407 2.316252 -30.590000 -0.210000 23.799999
3.689733 -9.073583 2.624927 -11.550000 -3.220000 20.299999
3.689733 -9.073583 2.624927 -11.550000 -3.220000 20.299999
3.407379 -9.470792 1.885544 -22.400000 -0.840000 17.920000
3.407379 -9.470792 1.885544 -22.400000 -0.840000 17.920000
3.407379 -9.470792 1.885544 -22.400000 -0.840000 17.920000
3.347559 -9.011370 1.907080 -10.570000 3.010000 14.770000
3.311667 -9.358330 1.986043 5.740000 3.500000 10.850000
3.311667 -9.358330 1.986043 5.740000 3.500000 10.850000
3.311667 -9.358330 1.986043 5.740000 3.500000 10.850000
3.311667 -9.358330 1.986043 5.740000 3.500000 10.850000
3.311667 -9.358330 1.986043 5.740000 3.500000 10.850000
3.311667 -9.358330 1.986043 5.740000 3.500000 10.850000
3.311667 -9.358330 1.986043 5.740000 3.500000 10.850000
3.201597 -9.279366 1.938186 -14.560000 -0.070000 5.670000
3.201597 -9.279366 1.938186 -14.560000 -0.070000 5.670000
3.201597 -9.279366 1.938186 -14.560000 -0.070000 5.670000
3.113062 -9.463614 1.581656 -6.860000 0.280000 5.670000
3.113062 -9.463614 1.581656 -6.860000 0.280000 5.670000
2.998207 -9.296116 1.856830 -2.870000 -0.630000 -0.210000
2.998207 -9.296116 1.856830 -2.870000 -0.630000 -0.210000
3.038885 -9.322437 1.674976 -1.330000 -0.210000 -0.840000
2.991028 -9.142976 1.746760 -2.520000 1.400000 -0.350000
2.991028 -9.142976 1.746760 -2.520000 1.400000 -0.350000
2.976671 -9.126225 1.734797 2.940000 1.120000 -0.210000
2.909672 -9.209974 1.586441 -1.260000 1.050000 0.070000
2.974278 -9.293723 1.988436 2.800000 0.840000 -0.420000
3.031706 -9.025726 1.797010 -3.780000 0.140000 0.770000
2.897708 -9.430114 1.557728 -1.750000 0.700000 0.560000
2.959922 -9.265009 2.048256 1.750000 -0.490000 -0.560000
3.034099 -9.126225 1.986043 -2.100000 -0.630000 -0.350000
3.022135 -9.399008 1.636691 -1.050000 1.120000 0.910000
3.029313 -9.250652 1.670190 -2.660000 -1.680000 -1.540000
2.962314 -9.260223 1.741975 -0.980000 0.350000 -0.490000
3.022135 -9.171689 1.636691 0.770000 0.560000 -0.700000
3.022135 -9.171689 1.636691 0.770000 0.560000 -0.700000
3.077170 -9.236296 1.588834 0.980000 1.050000 -0.210000
2.969493 -9.226725 1.763510 -1.820000 0.420000 -0.070000
3.048456 -9.298509 1.634298 -0.490000 1.330000 0.420000
3.005385 -9.250652 1.828116 1.750000 0.700000 0.840000
3.077170 -9.174082 1.765903 -1.050000 0.630000 0.070000
3.048456 -9.377472 1.320838 0.070000 0.770000 -1.050000
3.072384 -9.363115 1.272982 -2.100000 -0.140000 -2.030000
3.031706 -9.324830 1.507478 -1.750000 -1.750000 -2.170000
3.031706 -9.324830 1.507478 -1.750000 -1.750000 -2.170000
3.223132 -9.305687 0.873380 -1.610000 -0.840000 -2.310000
3.223132 -9.305687 0.873380 -1.610000 -0.840000 -2.310000
3.409772 -9.619147 0.471386 18.200001 -2.310000 -4.830000
3.141776 -9.016156 1.976472 34.020000 0.490000 -6.650000
3.141776 -9.016156 1.976472 34.020000 0.490000 -6.650000
3.141776 -9.016156 1.976472 34.020000 0.490000 -6.650000
3.299703 -7.948956 3.177669 26.809999 -11.340000 -14.070000
3.357130 -8.906086 2.813959 1.190000 -25.690001 -9.380000
3.311667 -9.097511 2.648855 -11.900000 -27.790001 -8.470000
3.311667 -9.097511 2.648855 -11.900000 -27.790001 -8.470000
3.311667 -9.097511 2.648855 -11.900000 -27.790001 -8.470000
3.720839 -8.616554 1.564906 5.530000 -38.779999 -6.370000
3.720839 -8.616554 1.564906 5.530000 -38.779999 -6.370000
3.421736 -9.111869 1.229911 7.700000 -38.990002 -7.840000
3.421736 -9.111869 1.229911 7.700000 -38.990002 -7.840000
3.421736 -9.111869 1.229911 7.700000 -38.990002 -7.840000
3.421736 -9.111869 1.229911 7.700000 -38.990002 -7.840000
3.421736 -9.111869 1.229911 7.700000 -38.990002 -7.840000
3.421736 -9.111869 1.229911 7.700000 -38.990002 -7.840000
3.421736 -9.111869 1.229911 7.700000 -38.990002 -7.840000
4.072584 -8.817552 1.481157 -6.720000 -31.710001 -1.330000
4.072584 -8.817552 1.481157 -6.720000 -31.710001 -1.330000
4.072584 -8.817552 1.481157 -6.720000 -31.710001 -1.330000
4.003192 -8.980263 1.435694 25.900000 -23.450001 4.130000
4.003192 -8.980263 1.435694 25.900000 -23.450001 4.130000
4.335794 -8.578269 0.949951 14.560000 -7.350000 -0.560000
4.340580 -8.618947 1.399801 6.090000 -4.970000 0.210000
4.340580 -8.618947 1.399801 6.090000 -4.970000 0.210000
4.161119 -8.662018 1.342373 -6.090000 -2.310000 4.060000
4.177868 -8.566305 1.337588 3.290000 -3.850000 4.690000
4.204189 -9.061620 1.423729 -9.520000 -2.800000 2.240000
4.043870 -9.142976 1.261017 -2.100000 -7.000000 2.310000
4.158726 -8.848659 1.244268 7.770000 -3.220000 -0.490000
4.137190 -8.877372 1.055235 7.770000 -5.530000 -0.560000
4.137190 -8.877372 1.055235 7.770000 -5.530000 -0.560000
4.395615 -8.803195 1.210768 -9.800000 -3.850000 -1.050000
4.024727 -8.970692 1.332802 1.120000 -4.270000 -0.630000
4.290331 -8.872586 1.213161 -5.040000 -5.110000 -1.260000
4.149154 -8.870193 1.138984 1.680000 -5.320000 -0.070000
4.201797 -8.985049 0.981057 -7.140000 -6.090000 -0.910000
4.098906 -8.810372 0.873380 -8.750000 -3.850000 -0.770000
4.218546 -8.910872 0.926022 17.219999 -5.950000 -2.030000
4.146761 -8.932407 1.174876 11.620000 -4.130000 -2.660000
4.314260 -8.729016 1.263410 -12.180000 -3.710000 -1.330000
4.314260 -8.729016 1.263410 -12.180000 -3.710000 -1.330000
4.319045 -8.949157 0.732204 3.220000 -6.160000 0.770000
4.354938 -8.805587 0.763310 -6.510000 -3.990000 0.210000
4.354938 -8.805587 0.763310 -6.510000 -3.990000 0.210000
4.192225 -9.083155 1.167697 6.580000 -4.130000 -0.700000
4.192225 -9.083155 1.167697 6.580000 -4.130000 -0.700000
4.247260 -8.937192 0.856631 -3.850000 -3.920000 -0.070000
4.247260 -8.937192 0.856631 -3.850000 -3.920000 -0.070000
4.247260 -8.937192 0.856631 -3.850000 -3.920000 -0.070000
4.247260 -8.937192 0.856631 -3.850000 -3.920000 -0.070000
4.199404 -8.860621 1.107877 0.350000 -2.730000 -0.560000
3.991228 -8.884550 0.445065 -7.980000 -2.030000 3.290000
4.199404 -8.714661 0.538385 -11.900000 -0.210000 1.610000
4.192225 -8.752945 0.650848 4.270000 -2.240000 0.700000
4.345366 -9.188439 0.662812 7.420000 0.630000 0.420000
4.345366 -9.188439 0.662812 7.420000 0.630000 0.420000
4.345366 -9.188439 0.662812 7.420000 0.630000 0.420000
4.424329 -9.121440 0.457029 -7.630000 -1.470000 1.190000
4.424329 -9.121440 0.457029 -7.630000 -1.470000 1.190000
4.424329 -9.121440 0.457029 -7.630000 -1.470000 1.190000
4.275974 -9.387043 0.466600 1.610000 2.380000 -0.700000
4.275974 -9.387043 0.466600 1.610000 2.380000 -0.700000
4.275974 -9.387043 0.466600 1.610000 2.380000 -0.700000
4.374080 -9.073583 0.725025 -9.100000 4.270000 -2.940000
4.264010 -8.920443 0.595813 -1.890000 4.200000 -3.850000
4.264010 -8.920443 0.595813 -1.890000 4.200000 -3.850000
4.256832 -8.542377 0.598206 6.160000 3.920000 -3.220000
4.256832 -8.542377 0.598206 6.160000 3.920000 -3.220000
4.256832 -8.542377 0.598206 6.160000 3.920000 -3.220000
4.089334 -8.664411 0.942772 3.920000 3.570000 -4.270000
4.304688 -8.719445 0.748954 -3.150000 10.710000 0.140000
4.304688 -8.719445 0.748954 -3.150000 10.710000 0.140000
4.304688 -8.719445 0.748954 -3.150000 10.710000 0.140000
4.304688 -8.719445 0.748954 -3.150000 10.710000 0.140000
4.304688 -8.719445 0.748954 -3.150000 10.710000 0.140000
3.625126 -9.415757 1.942972 -2.660000 -0.700000 -4.550000
4.287938 -8.743374 0.904487 7.630000 10.360000 -2.800000
4.287938 -8.743374 0.904487 7.630000 10.360000 -2.800000
4.287938 -8.743374 0.904487 7.630000 10.360000 -2.800000
4.962714 -8.807980 0.129212 4.970000 24.010000 0.840000
5.091926 -8.396415 1.261017 -14.630000 27.650000 -6.160000
5.091926 -8.396415 1.261017 -14.630000 27.650000 -6.160000
5.091926 -8.396415 1.261017 -14.630000 27.650000 -6.160000
4.510471 -8.688338 1.217947 29.260000 18.830000 -1.260000
4.510471 -8.688338 1.217947 29.260000 18.830000 -1.260000
4.486543 -8.394022 1.596013 -18.410000 18.410000 0.980000
4.146761 -8.843873 0.655633 -37.170002 15.610000 3.920000
4.311867 -8.513663 1.785046 3.780000 10.360000 3.570000
4.311867 -8.513663 1.785046 3.780000 10.360000 3.570000
4.146761 -8.750552 1.150948 13.790000 9.660000 4.200000
3.986443 -8.800802 1.380659 -0.140000 10.290000 4.060000
4.189832 -9.178867 1.368695 -9.030000 14.420000 5.110000
3.991228 -9.011370 0.440279 17.990000 12.530000 5.670000
3.943372 -9.059227 1.591227 6.720000 16.730000 4.550000
4.096512 -9.188439 1.777867 6.230000 16.590000 5.390000
3.878766 -8.774480 1.495514 8.120000 13.650000 4.690000
3.881158 -9.040084 2.029114 4.270000 7.210000 1.610000
3.881158 -9.040084 2.029114 4.270000 7.210000 1.610000
3.881158 -9.040084 2.029114 4.270000 7.210000 1.610000
3.881158 -9.040084 2.029114 4.270000 7.210000 1.610000
3.881158 -9.040084 2.029114 4.270000 7.210000 1.610000
3.787838 -8.951550 1.899901 5.740000 3.850000 -0.770000
3.871587 -8.894121 2.344966 0.630000 1.260000 1.050000
3.821337 -8.841480 1.825724 5.040000 0.140000 -0.420000
3.821337 -8.841480 1.825724 5.040000 0.140000 -0.420000
3.821337 -8.841480 1.825724 5.040000 0.140000 -0.420000
3.821337 -8.841480 1.825724 5.040000 0.140000 -0.420000
3.821337 -8.841480 1.825724 5.040000 0.140000 -0.420000
3.792624 -8.774480 1.909473 -8.540000 -0.490000 -0.280000
3.792624 -8.774480 1.909473 -8.540000 -0.490000 -0.280000
3.792624 -8.774480 1.909473 -8.540000 -0.490000 -0.280000
3.792624 -8.774480 1.909473 -8.540000 -0.490000 -0.280000
3.792624 -8.774480 1.909473 -8.540000 -0.490000 -0.280000
3.876373 -9.092726 1.591227 -4.130000 -0.420000 -0.210000
3.945765 -8.776874 1.806581 5.110000 0.350000 -0.350000
3.945765 -8.776874 1.806581 5.110000 0.350000 -0.350000
3.881158 -8.934800 1.830509 0.560000 -0.980000 0.490000
3.897908 -9.126225 1.651048 -6.510000 -0.350000 0.420000
3.897908 -9.126225 1.651048 -6.510000 -0.350000 0.420000
3.897908 -9.126225 1.651048 -6.510000 -0.350000 0.420000
3.900301 -8.975478 1.660619 -0.280000 -0.140000 0.630000
3.936193 -8.872586 1.725225 -3.640000 0.980000 -0.350000
3.936193 -8.872586 1.725225 -3.640000 0.980000 -0.350000
3.936193 -8.872586 1.725225 -3.640000 0.980000 -0.350000
3.984050 -8.920443 1.753939 -3.500000 -0.770000 -0.420000
3.842873 -8.807980 1.691726 -0.490000 0.350000 1.680000
3.955336 -9.025726 1.593620 -9.100000 -1.680000 2.520000
3.926622 -9.119047 1.258625 -5.040000 -1.680000 1.890000
3.845266 -9.030513 1.521835 -0.140000 -0.980000 0.980000
3.859623 -8.994620 1.550549 -7.210000 -1.890000 0.700000
3.878766 -9.231510 1.124627 -14.210000 -0.210000 2.100000
3.878766 -9.231510 1.124627 -14.210000 -0.210000 2.100000
3.869194 -8.666803 1.471586 -19.740000 -0.630000 1.190000
4.012764 -8.556733 1.287339 -117.320000 -8.260000 3.430000
3.845266 -9.430114 -0.679562 -141.399994 -14.560000 2.450000
3.845266 -9.430114 -0.679562 -141.399994 -14.560000 2.450000
3.845266 -9.430114 -0.679562 -141.399994 -14.560000 2.450000
3.701697 -9.111869 -2.306681 -175.979996 -14.070000 3.290000
3.814159 -9.245867 -3.682554 -155.050003 -13.020000 2.030000
3.579663 -8.063812 -3.964907 -130.899994 -6.300000 -0.910000
3.579663 -8.063812 -3.964907 -130.899994 -6.300000 -0.910000
3.814159 -7.494320 -5.048856 -122.150002 -6.930000 -2.520000
3.754339 -7.269395 -5.948557 -129.990005 -6.650000 -6.160000
3.948158 -6.429514 -7.094719 -93.590004 -4.410000 -8.820000
3.921836 -6.556334 -6.769295 -70.000000 -4.200000 -10.080000
3.888337 -6.388836 -6.541977 -29.330000 -7.280000 -13.440001
3.699304 -5.735595 -6.798009 -32.619999 -7.000000 -15.610000
3.749553 -6.087341 -6.793223 -44.869999 -7.840000 -13.580000
3.759124 -5.797810 -6.838687 -40.740002 -7.350000 -10.640000
3.881158 -5.599205 -7.503892 -37.730000 -6.930000 -11.200000
3.663411 -4.924429 -7.601997 -37.099998 -4.760000 -7.630000
4.213760 -4.723432 -8.724231 -61.529999 -3.710000 -6.930000
4.213760 -4.723432 -8.724231 -61.529999 -3.710000 -6.930000
4.213760 -4.723432 -8.724231 -61.529999 -3.710000 -6.930000
4.106083 -3.840480 -7.858029 -83.860001 -10.010000 -12.670000
4.106083 -3.840480 -7.858029 -83.860001 -10.010000 -12.670000
4.003192 -3.328416 -8.829515 -16.170000 1.610000 2.800000
4.003192 -3.328416 -8.829515 -16.170000 1.610000 2.800000
3.900301 -3.091527 -8.298308 -18.900000 1.680000 0.140000
3.900301 -3.091527 -8.298308 -18.900000 1.680000 0.140000
3.900301 -3.091527 -8.298308 -18.900000 1.680000 0.140000
4.041477 -3.098706 -9.178867 -17.710001 -0.350000 -0.700000
3.948158 -2.603391 -8.879765 -19.670000 1.400000 0.980000
3.948158 -2.603391 -8.879765 -19.670000 1.400000 0.980000
4.027121 -2.876173 -9.032906 -5.810000 2.800000 1.470000
4.027121 -2.876173 -9.032906 -5.810000 2.800000 1.470000
4.027121 -2.876173 -9.032906 -5.810000 2.800000 1.470000
4.077370 -2.459821 -8.817552 -32.759998 0.910000 -0.280000
4.077370 -2.459821 -8.817552 -32.759998 0.910000 -0.280000
4.039084 -2.505285 -8.872586 -16.030001 0.490000 -0.280000
3.969693 -2.263610 -9.226725 -19.740000 -3.290000 2.800000
3.969693 -2.263610 -9.226725 -19.740000 -3.290000 2.800000
3.969693 -2.263610 -9.226725 -19.740000 -3.290000 2.800000
3.948158 -2.175076 -8.738588 -7.280000 -1.890000 2.590000
3.943372 -2.246860 -8.925228 3.220000 0.630000 -1.260000
3.893122 -2.292324 -9.111869 2.870000 1.960000 -0.140000
3.893122 -2.292324 -9.111869 2.870000 1.960000 -0.140000
3.883551 -2.160719 -8.599805 2.590000 1.820000 -0.980000
3.883551 -2.160719 -8.599805 2.590000 1.820000 -0.980000
3.883551 -2.160719 -8.599805 2.590000 1.820000 -0.980000
3.857230 -2.218147 -8.736196 1.330000 0.980000 -0.910000
3.826123 -2.270789 -8.681160 2.100000 -0.350000 -1.050000
3.759124 -2.285146 -8.791230 -0.980000 -0.350000 -0.700000
3.952943 -2.203789 -8.779266 0.070000 -0.210000 -0.350000
3.804588 -2.325824 -8.618947 0.490000 -1.120000 -0.350000
3.739982 -2.349752 -8.786445 -0.840000 -3.360000 -1.050000
3.780660 -2.380858 -8.889337 0.420000 -0.770000 0.490000
3.890730 -2.177469 -8.891729 -3.290000 -0.490000 -1.050000
3.890730 -2.177469 -8.891729 -3.290000 -0.490000 -1.050000
4.067799 -2.292324 -8.992228 0.350000 -0.350000 -0.280000
3.873980 -2.309074 -8.973085 -0.140000 0.490000 -0.210000
3.912265 -2.385644 -8.812766 0.490000 0.490000 -1.120000
3.900301 -2.443072 -8.810372 0.910000 0.980000 -0.350000
3.900301 -2.443072 -8.810372 0.910000 0.980000 -0.350000
3.862016 -2.354537 -9.064013 0.210000 1.820000 -0.770000
3.890730 -2.299503 -8.898908 2.730000 1.750000 -1.330000
3.873980 -2.304288 -8.946764 0.910000 1.470000 0.140000
3.838088 -2.287539 -8.855836 3.080000 1.610000 -0.630000
3.838088 -2.287539 -8.855836 3.080000 1.610000 -0.630000
3.838088 -2.287539 -8.855836 3.080000 1.610000 -0.630000
3.893122 -2.266003 -8.865408 3.080000 1.120000 -0.980000
3.873980 -2.340181 -8.934800 2.240000 0.210000 -0.140000
3.873980 -2.340181 -8.934800 2.240000 0.210000 -0.140000
3.952943 -2.464607 -8.688338 2.100000 0.210000 0.560000
3.952943 -2.464607 -8.688338 2.100000 0.210000 0.560000
3.972085 -2.507678 -8.848659 2.170000 -0.210000 -0.070000
3.972085 -2.507678 -8.848659 2.170000 -0.210000 -0.070000
4.055835 -2.488536 -8.848659 5.880000 0.980000 1.190000
4.055835 -2.488536 -8.848659 5.880000 0.980000 1.190000
3.972085 -2.569891 -8.776874 12.530000 0.280000 0.420000
3.845266 -2.452643 -8.819944 10.010000 0.910000 0.980000
3.845266 -2.452643 -8.819944 10.010000 0.910000 0.980000
4.197011 -2.550749 -8.786445 12.600000 0.280000 1.470000
4.197011 -2.550749 -8.786445 12.600000 0.280000 1.470000
4.197011 -2.550749 -8.786445 12.600000 0.280000 1.470000
3.804588 -2.591427 -8.403593 7.980000 -0.700000 1.330000
3.804588 -2.591427 -8.403593 7.980000 -0.700000 1.330000
3.804588 -2.591427 -8.403593 7.980000 -0.700000 1.330000
3.804588 -2.591427 -8.403593 7.980000 -0.700000 1.330000
3.804588 -2.591427 -8.403593 7.980000 -0.700000 1.330000
3.917051 -2.883351 -8.618947 4.270000 -0.420000 1.960000
3.976871 -3.084348 -8.755339 22.190001 -0.210000 2.940000
3.976871 -3.084348 -8.755339 22.190001 -0.210000 2.940000
3.976871 -3.084348 -8.755339 22.190001 -0.210000 2.940000
3.919443 -3.842873 -9.126225 61.810001 9.730000 8.120000
3.895515 -4.402793 -8.137990 66.430000 10.430000 6.650000
3.895515 -4.402793 -8.137990 66.430000 10.430000 6.650000
3.895515 -4.402793 -8.137990 66.430000 10.430000 6.650000
4.302295 -7.843673 -5.699703 65.800003 13.790000 3.430000
4.197011 -5.802595 -4.522435 87.080002 14.000000 7.210000
4.197011 -5.802595 -4.522435 87.080002 14.000000 7.210000
4.314260 -7.401000 -4.333402 63.840000 12.110000 3.220000
4.304688 -7.599605 -3.357130 64.260002 9.940000 0.210000
4.548756 -8.803195 -3.730411 70.489998 11.550000 6.020000
4.548756 -8.803195 -3.730411 70.489998 11.550000 6.020000
4.285545 -7.204789 -2.143969 64.330002 9.590000 3.500000
4.335794 -8.702696 -2.266003 26.600000 8.680000 3.220000
4.283153 -8.161918 -1.950150 47.110001 6.790000 0.350000
4.273581 -8.867801 -1.797010 25.410000 6.580000 0.700000
4.481757 -8.293523 -1.830509 31.219999 5.250000 0.700000
4.467400 -8.810372 -1.646262 34.650002 5.390000 -0.420000
4.314260 -8.920443 -1.428515 41.299999 4.620000 0.420000
4.141976 -8.394022 -0.741775 31.010000 5.530000 4.480000
4.295116 -8.327023 -0.830309 39.970001 0.700000 11.270000
4.211368 -9.231510 -0.559920 11.130000 -2.800000 4.690000
4.211368 -9.231510 -0.559920 11.130000 -2.800000 4.690000
4.242475 -9.425328 -0.717847 21.210001 -0.420000 5.810000
4.115655 -9.341579 -0.260818 18.690001 3.010000 -1.820000
4.115655 -9.341579 -0.260818 18.690001 3.010000 -1.820000
4.115655 -9.341579 -0.260818 18.690001 3.010000 -1.820000
4.376472 -8.867801 0.033500 6.230000 2.730000 1.330000
4.146761 -8.884550 -0.217747 -1.400000 0.420000 2.870000
4.060620 -8.839087 -0.026321 0.140000 -0.350000 1.400000
4.060620 -8.839087 -0.026321 0.140000 -0.350000 1.400000
4.175476 -9.056834 0.035892 0.560000 1.050000 -0.630000
4.175476 -9.056834 0.035892 0.560000 1.050000 -0.630000
4.175476 -9.056834 0.035892 0.560000 1.050000 -0.630000
4.225725 -8.729016 -0.086142 3.290000 1.470000 0.910000
4.225725 -8.729016 -0.086142 3.290000 1.470000 0.910000
4.144369 -9.140583 -0.064606 -3.360000 -0.980000 -0.910000
4.144369 -9.140583 -0.064606 -3.360000 -0.980000 -0.910000
4.259224 -9.207582 -0.189033 -6.790000 -0.980000 1.400000
4.259224 -9.207582 -0.189033 -6.790000 -0.980000 1.400000
4.019942 -9.107083 -0.112463 6.230000 1.050000 -0.770000
4.019942 -9.107083 -0.112463 6.230000 1.050000 -0.770000
4.024727 -9.133404 -0.031107 3.850000 -0.210000 -1.050000
4.024727 -9.133404 -0.031107 3.850000 -0.210000 -1.050000
4.024727 -9.133404 -0.031107 3.850000 -0.210000 -1.050000
4.024727 -9.133404 -0.031107 3.850000 -0.210000 -1.050000
4.216154 -9.071191 -0.083749 11.760000 1.120000 -0.700000
4.134798 -9.016156 0.035892 -7.910000 0.140000 1.540000
4.120440 -8.908479 0.066999 -6.860000 -0.700000 -2.310000
4.120440 -8.908479 0.066999 -6.860000 -0.700000 -2.310000
4.199404 -9.083155 -0.323031 -3.990000 0.840000 1.050000
4.132405 -8.817552 0.076570 4.620000 0.280000 -0.980000
4.149154 -8.705089 0.004786 2.940000 1.470000 0.560000
4.063013 -8.956335 0.033500 -3.080000 0.070000 0.420000
4.146761 -8.834301 -0.133998 -7.210000 -0.280000 1.470000
4.146761 -8.834301 -0.133998 -7.210000 -0.280000 1.470000
4.161119 -9.075976 -0.090927 3.220000 0.980000 2.380000
4.012764 -9.018548 -0.095713 1.050000 0.910000 -0.070000
4.199404 -9.083155 -0.007178 0.350000 0.210000 -0.630000
4.180261 -8.944371 -0.071785 -0.350000 -0.490000 -0.490000
4.146761 -9.030513 -0.033500 5.530000 -0.560000 -0.630000
4.053442 -8.829515 0.090927 0.630000 -1.190000 -1.960000
4.180261 -9.095119 -0.244068 -3.220000 -1.330000 -1.260000
4.108476 -8.963513 -0.088534 1.540000 -0.910000 0.070000
4.168297 -8.982656 -0.126820 0.280000 -2.240000 -0.420000
4.189832 -8.877372 -0.210568 -1.050000 0.420000 0.490000
4.098906 -9.092726 -0.136391 -0.630000 -0.490000 0.630000
4.098906 -8.786445 -0.270389 -0.140000 -1.190000 1.470000
4.098906 -8.786445 -0.270389 -0.140000 -1.190000 1.470000
4.086941 -8.985049 -0.284746 -1.750000 -1.470000 0.560000
4.086941 -8.855836 -0.189033 0.770000 -0.630000 1.540000
4.086941 -8.855836 -0.189033 0.770000 -0.630000 1.540000
4.086941 -8.855836 -0.189033 0.770000 -0.630000 1.540000
4.125226 -9.059227 -0.196211 0.420000 -0.350000 1.400000
4.125226 -9.059227 -0.196211 0.420000 -0.350000 1.400000
4.125226 -9.059227 -0.196211 0.420000 -0.350000 1.400000
4.125226 -9.059227 -0.196211 0.420000 -0.350000 1.400000
4.125226 -9.059227 -0.196211 0.420000 -0.350000 1.400000
4.003192 -9.265009 -0.138784 -2.520000 -1.820000 -0.070000
4.058227 -9.178867 -0.129212 3.360000 0.350000 -1.120000
4.058227 -9.178867 -0.129212 3.360000 0.350000 -1.120000
4.058227 -9.178867 -0.129212 3.360000 0.350000 -1.120000
4.173083 -9.061620 -0.177069 -2.730000 -0.420000 -1.470000
4.173083 -9.061620 -0.177069 -2.730000 -0.420000 -1.470000
4.173083 -9.061620 -0.177069 -2.730000 -0.420000 -1.470000
4.173083 -9.061620 -0.177069 -2.730000 -0.420000 -1.470000
4.127619 -9.008978 -0.277567 2.310000 0.420000 -0.630000
4.101298 -9.044869 -0.143569 -0.910000 -0.140000 -0.630000
4.101298 -9.044869 -0.143569 -0.910000 -0.140000 -0.630000
4.101298 -9.044869 -0.143569 -0.910000 -0.140000 -0.630000
4.053442 -9.107083 -0.229711 -4.970000 -1.400000 0.560000
4.115655 -8.997013 -0.145962 4.340000 0.070000 0.840000
4.110869 -9.047262 -0.205783 -2.310000 -1.400000 0.770000
4.110869 -9.047262 -0.205783 -2.310000 -1.400000 0.770000
4.110869 -9.047262 -0.205783 -2.310000 -1.400000 0.770000
4.110869 -9.047262 -0.205783 -2.310000 -1.400000 0.770000
3.957729 -8.987441 -0.100499 6.230000 0.070000 1.050000
4.086941 -9.159724 -0.217747 -6.370000 -0.350000 2.030000
4.130012 -9.157332 -0.189033 0.700000 0.070000 1.750000
4.029513 -9.073583 -0.014357 -0.630000 -0.560000 -0.070000
4.041477 -9.133404 -0.110070 -1.470000 0.070000 -0.140000
4.086941 -8.961121 -0.141177 -1.260000 0.280000 0.140000
4.024727 -9.052048 -0.066999 -0.490000 0.210000 -0.630000
4.005585 -9.085547 -0.095713 -1.820000 0.560000 0.210000
4.041477 -9.114261 -0.066999 0.350000 -0.420000 0.210000
4.046263 -8.992228 -0.004786 -1.470000 -0.280000 0.700000
4.046263 -8.992228 -0.004786 -1.470000 -0.280000 0.700000
4.027121 -8.987441 -0.165105 2.380000 0.630000 0.770000
3.979264 -8.932407 -0.021535 -0.560000 -0.280000 0.630000
3.988836 -9.183653 -0.177069 -0.910000 -0.980000 0.630000
3.988836 -9.183653 -0.177069 -0.910000 -0.980000 0.630000
4.067799 -9.075976 -0.093320 -0.420000 0.070000 0.630000
4.086941 -9.008978 -0.083749 -2.940000 -0.420000 -0.280000
4.053442 -9.078369 -0.081356 -3.080000 -0.630000 -0.070000
4.137190 -9.099905 -0.129212 -1.540000 -0.980000 -0.140000
3.984050 -9.119047 -0.145962 0.700000 -0.070000 -0.210000
4.041477 -9.064013 -0.090927 -0.910000 -0.630000 0.140000
3.940979 -8.992228 -0.064606 -0.070000 -0.840000 0.140000
3.940979 -8.992228 -0.064606 -0.070000 -0.840000 0.140000
3.940979 -8.992228 -0.064606 -0.070000 -0.840000 0.140000
4.055835 -9.023334 -0.184247 -1.960000 -0.980000 0.910000
4.041477 -9.145369 -0.148355 -0.210000 -0.280000 0.350000
