-0.368495 1.871187 9.298509 -5.040000 5.670000 3.920000
-0.318245 1.782653 9.245867 -8.890000 3.220000 1.540000
-0.318245 1.782653 9.245867 -8.890000 3.220000 1.540000
-0.416351 2.019542 9.217153 -1.610000 5.460000 2.100000
-0.416351 2.019542 9.217153 -1.610000 5.460000 2.100000
-0.418744 2.481357 9.095119 -6.440000 4.130000 1.820000
-0.940379 3.857230 8.200203 -9.800000 7.420000 3.290000
-0.940379 3.857230 8.200203 -9.800000 7.420000 3.290000
-0.995414 4.630112 8.090133 9.660000 9.100000 4.970000
-1.153341 7.587641 8.061419 36.750000 23.379999 26.110001
-2.184647 8.099705 8.130811 -14.840000 34.090000 94.639999
-3.263810 6.697510 8.360522 -21.210001 41.580002 132.930008
-3.263810 6.697510 8.360522 -21.210001 41.580002 132.930008
-3.292524 5.534599 8.489735 -17.990000 41.509998 140.419998
-3.610770 4.567898 8.528020 -9.940000 46.060001 152.529999
-3.845266 3.211168 8.851050 8.610000 45.920002 157.009995
-3.883551 2.766103 9.238688 16.309999 46.060001 153.440002
-3.883551 2.766103 9.238688 16.309999 46.060001 153.440002
-3.503092 1.292124 9.221939 -23.379999 34.509998 138.880005
-3.503092 1.292124 9.221939 -23.379999 34.509998 138.880005
-2.809174 2.249253 9.171689 -19.040001 32.480000 131.880005
-2.749353 0.480957 9.320045 9.380000 38.220001 142.940002
-2.344966 1.519442 9.710074 26.320000 38.990002 140.210007
-2.344966 1.519442 9.710074 26.320000 38.990002 140.210007
-2.100898 0.492921 9.767502 -17.430000 41.650002 140.070007
-2.507678 0.454636 9.798609 -19.809999 37.730000 133.279999
-1.323231 0.119641 9.049655 -52.639999 31.360001 129.850006
-1.631905 -1.438086 9.006584 -74.269997 36.259998 124.949997
-1.435694 -1.670190 8.700303 -60.480000 32.970001 118.370003
-0.337388 -1.794617 10.104890 27.719999 25.410000 55.020000
-0.239282 -1.220340 10.104890 -3.640000 17.219999 31.710001
-0.227318 -0.385244 10.435099 -17.290001 9.170000 28.770000
-0.227318 -0.385244 10.435099 -17.290001 9.170000 28.770000
0.100499 -0.543171 9.454042 -29.750000 8.820000 19.809999
0.090927 0.184247 9.872787 3.290000 10.290000 4.970000
0.090927 0.184247 9.872787 3.290000 10.290000 4.970000
0.090927 0.184247 9.872787 3.290000 10.290000 4.970000
0.028714 0.598206 9.678967 -6.510000 5.880000 -4.690000
0.028714 0.598206 9.678967 -6.510000 5.880000 -4.690000
0.028714 0.598206 9.678967 -6.510000 5.880000 -4.690000
0.062213 1.244268 9.501899 -10.850000 3.570000 -8.470000
