0.837488 1.976472 9.260223 0.560000 0.560000 0.210000
0.703490 2.182254 9.355937 1.050000 0.560000 1.610000
0.777667 2.084148 9.200402 -3.570000 -1.610000 1.120000
0.720240 2.311467 9.157332 3.500000 1.190000 2.030000
0.562313 2.605784 9.131011 2.240000 0.630000 2.520000
0.535992 2.529213 9.157332 2.310000 -0.490000 4.480000
0.535992 2.529213 9.157332 2.310000 -0.490000 4.480000
0.100499 3.842873 9.327222 4.480000 -1.610000 10.920000
0.016750 4.752146 9.099905 15.680000 0.070000 17.500000
0.016750 4.752146 9.099905 15.680000 0.070000 17.500000
-0.397209 5.594419 9.016156 27.719999 6.510000 36.540001
-0.294317 5.443672 8.563912 7.910000 9.730000 63.279999
-0.294317 5.443672 8.563912 7.910000 9.730000 63.279999
-0.416351 4.421937 8.901299 34.020000 21.629999 86.379997
-0.416351 4.421937 8.901299 34.020000 21.629999 86.379997
-0.792024 4.043870 9.284152 12.460000 16.870001 104.090004
-0.433101 3.979264 9.265009 -8.260000 12.600000 108.220001
-0.098106 2.943172 8.944371 -11.340000 12.250000 122.709999
-0.098106 2.943172 8.944371 -11.340000 12.250000 122.709999
-0.124427 2.555535 8.891729 -7.490000 15.260000 127.750000
-0.098106 1.897508 8.755339 -2.030000 19.460001 134.820007
-0.165105 1.335195 8.736196 22.889999 30.380001 131.600006
-0.165105 1.335195 8.736196 22.889999 30.380001 131.600006
0.153141 0.198604 8.851050 -18.059999 20.230000 122.849998
0.153141 0.198604 8.851050 -18.059999 20.230000 122.849998
0.461815 -0.416351 9.028119 -10.640000 22.610001 124.320000
0.461815 -0.416351 9.028119 -10.640000 22.610001 124.320000
0.401994 0.495314 9.054441 14.770000 37.240002 122.150002
0.401994 0.495314 9.054441 14.770000 37.240002 122.150002
0.926022 -1.789831 9.951750 -26.040001 17.150000 80.639999
1.284946 -1.904687 9.561719 -22.190001 9.240000 55.790001
1.131805 -1.237089 9.535398 2.240000 13.300000 41.509998
1.131805 -1.237089 9.535398 2.240000 13.300000 41.509998
1.337588 -0.729811 9.477970 -5.250000 7.350000 31.290001
1.634298 -1.016950 9.592826 -0.700000 5.670000 29.190001
1.634298 -1.016950 9.592826 -0.700000 5.670000 29.190001
1.495514 -1.629512 9.439686 -5.530000 7.770000 17.010000
1.495514 -1.629512 9.439686 -5.530000 7.770000 17.010000
1.261017 -0.533599 9.702895 7.210000 9.100000 3.500000
1.261017 -0.533599 9.702895 7.210000 9.100000 3.500000
1.308874 0.040678 9.994821 6.160000 4.270000 -3.500000
1.308874 0.040678 9.994821 6.160000 4.270000 -3.500000
1.091127 -0.045464 10.016356 1.120000 1.820000 -1.750000
1.203590 -0.155533 9.674182 -4.060000 -0.630000 -4.690000
1.203590 -0.155533 9.674182 -4.060000 -0.630000 -4.690000
1.203590 -0.155533 9.674182 -4.060000 -0.630000 -4.690000
1.203590 -0.155533 9.674182 -4.060000 -0.630000 -4.690000
1.222732 -0.107677 9.985250 0.840000 -7.000000 -21.980000
