1.983650 -9.446864 3.404987 -5.600000 1.890000 1.610000
1.935793 -9.195618 3.438486 -12.320000 1.190000 -1.470000
2.067399 -9.339187 3.134598 -1.050000 2.730000 -19.040001
2.067399 -9.339187 3.134598 -1.050000 2.730000 -19.040001
2.199004 -9.827322 3.878766 90.090004 7.070000 -67.760002
2.622534 -9.023334 4.632504 104.230003 8.750000 -73.290001
3.050849 -8.721838 5.036892 88.269997 11.480000 -77.559998
3.168097 -8.583055 5.673382 104.230003 6.370000 -87.570000
3.168097 -8.583055 5.673382 104.230003 6.370000 -87.570000
3.486342 -8.044669 5.864808 133.350006 6.440000 -93.800003
4.345366 -5.797810 6.235696 111.020004 -4.340000 -87.779999
4.022335 -5.041678 7.135397 128.520004 -1.610000 -89.599998
4.826324 -3.321238 6.510870 85.470001 -15.330000 -77.489998
4.826324 -3.321238 6.510870 85.470001 -15.330000 -77.489998
5.273781 -3.172883 6.884151 121.870003 -5.740000 -67.269997
4.929214 -2.921637 6.750153 103.739998 -3.570000 -65.099998
5.151747 -2.175076 7.116255 63.700001 -13.020000 -53.900002
5.575277 -1.703690 7.171289 69.019997 -10.010000 -50.610001
5.771489 -1.299303 6.898508 54.389999 -10.710000 -47.110001
5.778666 -0.430708 7.097112 42.910000 -1.680000 -33.529999
5.941379 -0.040678 7.106683 24.850000 -3.150000 -29.190001
5.790630 0.189033 7.290931 35.700001 2.520000 -22.540001
5.797810 0.126820 7.532606 11.620000 2.590000 -21.210001
5.797810 0.126820 7.532606 11.620000 2.590000 -21.210001
5.955735 0.363709 7.590034 -7.910000 4.760000 -15.750000
5.912664 0.650848 7.673782 15.190001 4.060000 -9.660000
5.826523 0.296710 7.702496 -1.960000 3.010000 -7.630000
5.773881 0.277567 7.946564 -12.320000 -1.050000 1.820000
5.709275 0.050249 7.657032 -13.860000 -3.850000 4.690000
5.709275 0.050249 7.657032 -13.860000 -3.850000 4.690000
5.649454 -0.200997 7.621140 -14.840000 -2.030000 5.740000
5.553742 -0.392423 7.465607 -21.210001 -2.940000 8.330000
5.742774 -0.282353 7.463214 -15.050000 -1.470000 8.680000
