0.093320 1.438086 10.277173 -8.190000 -3.430000 -0.280000
-0.224925 1.158126 10.837094 1.750000 -17.850000 -3.220000
-0.224925 1.158126 10.837094 1.750000 -17.850000 -3.220000
-0.224925 1.158126 10.837094 1.750000 -17.850000 -3.220000
0.064606 1.660619 11.712867 -5.880000 -54.320000 -9.660000
0.064606 1.660619 11.712867 -5.880000 -54.320000 -9.660000
0.064606 1.660619 11.712867 -5.880000 -54.320000 -9.660000
1.134198 1.787439 12.076575 -25.270000 -116.340004 -17.500000
1.471586 1.832902 12.394822 -27.370001 -136.500000 -14.770000
1.471586 1.832902 12.394822 -27.370001 -136.500000 -14.770000
1.643869 1.713261 12.370893 -27.930000 -146.369995 -12.530000
1.643869 1.713261 12.370893 -27.930000 -146.369995 -12.530000
2.983850 0.672383 8.889337 -16.520000 -196.979996 -12.040000
4.465007 1.112662 6.297909 -0.210000 -205.660004 -10.290000
6.197411 1.083949 3.412165 19.110001 -210.210007 -6.510000
6.197411 1.083949 3.412165 19.110001 -210.210007 -6.510000
6.072984 1.229911 2.053042 6.230000 -190.119995 -1.610000
7.070791 1.361516 0.966700 10.780000 -187.529999 -1.190000
7.070791 1.361516 0.966700 10.780000 -187.529999 -1.190000
7.070791 1.361516 0.966700 10.780000 -187.529999 -1.190000
7.070791 1.361516 0.966700 10.780000 -187.529999 -1.190000
7.070791 1.361516 0.966700 10.780000 -187.529999 -1.190000
7.070791 1.361516 0.966700 10.780000 -187.529999 -1.190000
7.070791 1.361516 0.966700 10.780000 -187.529999 -1.190000
7.123433 1.229911 0.212961 8.330000 -162.119995 4.480000
7.123433 1.229911 0.212961 8.330000 -162.119995 4.480000
7.123433 1.229911 0.212961 8.330000 -162.119995 4.480000
9.406186 1.028914 -5.254639 -7.840000 -19.670000 -7.420000
9.427721 1.383051 -4.981857 -11.690000 -11.200000 -8.120000
9.241080 1.390230 -4.448257 -15.750000 -2.940000 -10.430000
9.241080 1.390230 -4.448257 -15.750000 -2.940000 -10.430000
9.154939 1.481157 -3.948158 -12.950000 4.550000 -9.310000
9.217153 1.866402 -3.522235 -14.700000 10.010000 -8.400000
9.114261 1.799403 -3.742374 -12.950000 9.730000 -6.930000
9.025726 1.768296 -3.117848 -18.340000 13.860000 1.400000
9.025726 1.768296 -3.117848 -18.340000 13.860000 1.400000
9.133404 1.758725 -3.113062 -8.260000 11.830000 2.450000
9.025726 1.859223 -3.046063 -9.590000 11.830000 2.380000
