1.368695 -9.315259 3.804588 12.040000 3.990000 -10.920000
1.234696 -9.394222 3.586841 25.340000 3.920000 -22.400000
1.765903 -9.451650 3.692125 28.420000 7.840000 -37.590000
1.825724 -9.291330 4.359723 91.070000 8.540000 -51.170002
1.825724 -9.291330 4.359723 91.070000 8.540000 -51.170002
2.605784 -8.597411 4.919643 126.559998 14.700000 -54.670002
2.110470 -8.087741 5.194818 124.529999 17.219999 -55.580002
2.598605 -6.927221 6.518049 87.779999 10.150000 -64.120003
2.598605 -6.927221 6.518049 87.779999 10.150000 -64.120003
2.756532 -6.623333 6.714260 102.199997 13.020000 -67.340004
3.366701 -5.723632 6.790830 102.550003 14.210000 -71.190002
3.141776 -4.783253 7.140182 104.019997 14.280000 -67.410004
3.029313 -3.907479 8.307880 86.870003 7.700000 -68.040001
3.893122 -3.139383 8.092526 61.670002 4.130000 -64.120003
3.833302 -2.715853 8.090133 40.670002 2.310000 -61.599998
3.560520 -2.593820 8.401200 34.509998 0.560000 -59.290001
3.560520 -2.593820 8.401200 34.509998 0.560000 -59.290001
3.890730 -2.057827 8.451449 59.709999 2.170000 -58.590000
3.933800 -1.785046 8.417950 53.549999 0.070000 -57.540001
4.151547 -1.021735 8.264810 46.900002 -2.030000 -52.709999
3.929015 -0.703490 8.729016 60.689999 -0.490000 -51.660000
4.103691 -0.114855 8.396415 62.650002 -1.540000 -49.279999
4.103691 -0.114855 8.396415 62.650002 -1.540000 -49.279999
4.292724 0.576670 8.398808 26.809999 -1.680000 -25.760000
4.149154 1.186840 8.539984 6.930000 -4.130000 -17.850000
4.084548 1.076770 8.583055 19.040001 -3.500000 -12.320000
4.084548 1.076770 8.583055 19.040001 -3.500000 -12.320000
4.297509 0.741775 8.255238 -2.450000 -2.380000 -9.170000
4.206582 0.947558 8.542377 -31.920000 -5.110000 -0.910000
4.158726 0.533599 8.310273 -5.460000 -1.400000 1.260000
4.141976 0.217747 8.628519 -7.070000 0.770000 3.500000
4.165904 0.179462 8.580662 -10.990000 1.050000 3.360000
4.261617 0.181855 8.736196 -9.800000 -1.540000 2.380000
4.261617 0.181855 8.736196 -9.800000 -1.540000 2.380000
4.302295 0.033500 8.327023 0.700000 0.070000 2.800000
4.302295 0.033500 8.327023 0.700000 0.070000 2.800000
4.333402 0.165105 8.621340 -7.770000 0.840000 0.910000
4.098906 0.057428 8.544770 -15.400000 -0.350000 1.540000
4.098906 0.057428 8.544770 -15.400000 -0.350000 1.540000
4.060620 0.093320 8.611769 -1.890000 -0.840000 2.380000
