2.129612 -9.248260 3.842873 -0.280000 -0.770000 -5.180000
2.093720 -9.186047 3.608376 2.800000 -3.640000 -10.220000
2.093720 -9.186047 3.608376 2.800000 -3.640000 -10.220000
1.947758 -9.336794 3.357130 12.250000 -3.220000 -13.510000
2.234896 -9.257831 3.177669 26.880001 0.280000 -19.320000
2.266003 -9.896714 4.510471 73.570000 5.740000 -40.880001
2.266003 -9.896714 4.510471 73.570000 5.740000 -40.880001
2.701497 -9.303294 4.448257 95.340004 5.040000 -61.670002
2.902494 -8.781659 5.130211 104.370003 9.590000 -76.300003
2.940779 -8.260024 5.429315 107.870003 11.900000 -78.120003
3.806981 -7.111469 6.116055 103.949997 12.250000 -83.300003
3.479164 -6.240481 6.429514 77.769997 11.340000 -77.489998
3.720839 -5.716454 6.410372 69.230003 8.890000 -77.349998
4.101298 -5.233103 6.771688 50.330002 8.680000 -74.900002
4.548756 -4.637290 7.295716 84.070000 2.800000 -77.000000
4.548756 -4.637290 7.295716 84.070000 2.800000 -77.000000
4.826324 -3.766303 7.075576 56.840000 -3.080000 -78.820000
5.458029 -3.081956 7.228717 53.480000 -14.350000 -73.500000
5.225924 -3.172883 7.621140 82.040001 -8.680000 -73.779999
5.297709 -1.423729 7.826923 69.370003 -10.920000 -71.680000
5.505885 -1.088734 7.563712 68.669998 -8.120000 -71.050003
5.391029 -0.318245 7.551748 66.010002 -7.280000 -67.269997
5.391029 -0.318245 7.551748 66.010002 -7.280000 -67.269997
5.572884 0.602991 7.621140 49.490002 -8.890000 -62.510002
5.556134 1.586441 7.276574 29.960001 -13.930000 -47.180000
5.778666 2.148755 7.018148 31.780001 -12.320000 -34.720001
5.587241 2.191825 6.999006 25.549999 -11.270000 -27.510000
5.587241 2.191825 6.999006 25.549999 -11.270000 -27.510000
5.788238 2.359323 7.044470 -4.130000 -6.160000 -6.510000
5.788238 2.359323 7.044470 -4.130000 -6.160000 -6.510000
5.900701 1.914258 7.142576 1.960000 -2.450000 -2.240000
5.864808 1.842474 7.288538 -8.120000 2.730000 2.240000
5.848059 1.258625 7.448857 -10.220000 2.660000 8.330000
5.848059 1.258625 7.448857 -10.220000 2.660000 8.330000
5.869594 0.916451 7.446464 -16.100000 0.770000 9.310000
5.857630 1.105484 7.477571 -7.140000 1.540000 7.910000
5.912664 1.021735 7.444071 1.330000 3.920000 7.770000
5.742774 0.859023 7.568498 -24.710001 1.890000 9.450000
5.680561 0.830309 7.384251 -28.559999 -0.070000 10.010000
5.831308 0.937986 7.527820 -3.920000 2.730000 10.570000
5.910272 0.753739 7.714460 -19.670000 1.610000 10.850000
