2.703890 -9.470792 2.713461 27.860001 5.880000 -7.910000
2.782853 -8.908479 2.833102 16.240000 8.400000 -8.050000
2.794817 -8.604590 2.734996 -1.610000 9.590000 -7.490000
2.916851 -9.528220 2.708675 4.060000 7.980000 -11.620000
2.902494 -9.231510 3.393023 42.840000 5.320000 -17.360001
3.141776 -8.286345 3.424129 37.590000 4.690000 -16.520000
2.845066 -9.410972 2.902494 35.000000 8.470000 -19.250000
3.158526 -8.657232 3.649055 86.029999 10.430000 -37.240002
3.373880 -8.683553 4.206582 103.879997 14.560000 -45.990002
3.495914 -8.090133 5.211568 98.139999 8.610000 -56.770000
3.495914 -8.090133 5.211568 98.139999 8.610000 -56.770000
3.840480 -7.410572 5.501099 87.360001 8.400000 -56.349998
4.031906 -7.314859 5.168497 100.940002 15.610000 -55.860001
3.976871 -6.142376 6.520442 109.550003 17.010000 -60.480000
4.371687 -5.257031 7.202396 98.209999 7.980000 -57.400002
4.314260 -4.211368 7.551748 112.840004 10.640000 -59.080002
4.505685 -3.771089 7.133004 104.300003 6.020000 -56.700001
4.505685 -3.771089 7.133004 104.300003 6.020000 -56.700001
4.457829 -3.237489 8.085347 86.169998 0.070000 -51.660000
4.953143 -2.270789 7.302894 83.510002 0.560000 -49.840000
4.649254 -0.837488 7.999206 96.320000 6.370000 -42.560001
4.689932 -0.535992 7.917850 73.220001 0.630000 -38.009998
4.689932 -0.535992 7.917850 73.220001 0.630000 -38.009998
4.567898 -0.464208 8.219346 67.620003 -2.520000 -36.750000
4.912465 0.227318 7.757531 70.279999 2.240000 -35.770000
4.694718 0.748954 8.154739 89.739998 6.930000 -30.730000
4.694718 0.748954 8.154739 89.739998 6.930000 -30.730000
4.826324 1.708475 8.300702 44.730000 3.850000 -23.520000
4.773681 2.014757 8.248059 34.230000 2.730000 -19.250000
4.555934 2.076970 8.580662 26.040001 0.630000 -17.290001
4.764110 2.340181 8.037491 -8.960000 -6.230000 -9.520000
4.864608 2.160719 7.939385 -6.370000 -7.420000 -4.130000
4.761717 2.021935 7.992027 -8.470000 -6.720000 -3.500000
4.570292 1.466800 7.941778 -1.400000 -0.700000 -0.770000
4.517649 1.679761 8.080563 -6.930000 -0.770000 -0.980000
4.723432 1.545763 8.061419 -12.320000 -0.560000 0.630000
4.654040 1.505085 8.204988 -1.400000 -0.490000 -0.980000
4.682754 1.543371 8.250452 -7.840000 -0.840000 -0.140000
4.682754 1.543371 8.250452 -7.840000 -0.840000 -0.140000
4.766503 1.418944 8.104490 -13.230000 -3.850000 1.540000
