1.672583 -9.860823 2.285146 14.910000 6.580000 -23.660000
1.875973 -9.556933 2.859423 56.770000 9.450000 -38.220001
1.820938 -9.743573 2.907279 51.590000 3.010000 -51.380001
2.313859 -9.284152 2.431108 83.790001 2.100000 -54.599998
2.313859 -9.284152 2.431108 83.790001 2.100000 -54.599998
2.593820 -9.305687 4.807181 138.529999 8.330000 -74.410004
3.792624 -7.800602 4.524827 128.800003 5.390000 -73.220001
3.792624 -7.800602 4.524827 128.800003 5.390000 -73.220001
3.541377 -6.197411 6.666404 114.309998 8.750000 -70.489998
4.106083 -5.874380 6.259624 107.099998 4.200000 -68.739998
3.859623 -5.271388 7.544570 99.820000 -1.960000 -66.849998
4.302295 -3.850052 6.943972 76.720001 -3.290000 -58.029999
4.302295 -3.850052 6.943972 76.720001 -3.290000 -58.029999
4.357330 -3.924229 7.149754 71.610001 -3.290000 -54.180000
4.790431 -2.935993 7.238289 84.349998 2.730000 -47.670002
4.993821 -2.366502 7.015756 51.310001 6.370000 -40.459999
4.804788 -1.804188 7.948956 16.660000 7.070000 -19.740000
4.802395 -1.789831 8.214561 10.850000 5.040000 -17.639999
4.929214 -1.179662 7.846066 9.380000 0.070000 -8.540000
4.749753 -1.835295 7.984849 8.260000 3.780000 -4.620000
4.749753 -1.835295 7.984849 8.260000 3.780000 -4.620000
4.666004 -1.756332 8.355737 -3.150000 5.320000 -2.100000
4.613362 -1.847259 8.066205 -15.050000 2.030000 2.660000
4.491328 -2.206182 8.245667 -10.220000 3.010000 1.330000
4.716253 -2.187040 8.295916 -19.600000 -0.630000 3.080000
4.539185 -2.512464 8.360522 -6.790000 1.120000 1.820000
4.675575 -2.457429 7.984849 -8.680000 -0.070000 0.350000
4.850252 -2.261217 7.719246 -18.270000 -0.210000 0.350000
4.618148 -2.333002 8.195417 -8.820000 1.540000 -0.280000
4.618148 -2.333002 8.195417 -8.820000 1.540000 -0.280000
4.756931 -2.481357 7.929814 -10.360000 0.700000 0.560000
4.768896 -2.474179 7.774280 -22.960001 -0.980000 3.220000
4.546363 -2.433501 7.975278 -13.230000 -1.890000 5.670000
4.546363 -2.873780 7.910671 -1.050000 0.280000 5.810000
4.474578 -2.974278 7.683353 -14.210000 -0.140000 5.600000
