2.584249 -8.800802 3.203990 -1.820000 6.510000 -7.140000
2.885744 -9.116654 2.419144 52.709999 12.180000 -14.560000
2.885744 -9.116654 2.419144 52.709999 12.180000 -14.560000
2.754139 -8.671589 4.041477 126.840004 17.430000 -39.340000
3.022135 -8.334201 5.331209 115.919998 17.500000 -49.840000
3.022135 -8.334201 5.331209 115.919998 17.500000 -49.840000
3.376273 -7.951349 6.053841 101.919998 16.520000 -63.770000
3.376273 -7.951349 6.053841 101.919998 16.520000 -63.770000
3.914658 -6.049056 6.673582 96.180000 14.280000 -63.700001
3.665804 -5.699703 7.606783 97.790001 13.930000 -63.279999
3.972085 -4.725825 7.202396 89.739998 5.460000 -62.230000
3.972085 -4.725825 7.202396 89.739998 5.460000 -62.230000
3.972085 -3.206382 7.841280 132.089996 5.950000 -55.299999
3.972085 -3.206382 7.841280 132.089996 5.950000 -55.299999
4.606184 -1.875973 7.623533 82.529999 2.590000 -43.610001
4.460221 -1.296910 8.654840 82.739998 4.830000 -45.500000
4.591826 -1.124627 8.133204 59.360001 -6.090000 -38.990002
4.599005 -0.579063 8.377272 54.810001 -4.830000 -39.270000
4.541577 0.023928 8.525627 17.290001 -12.600000 -34.299999
4.541577 0.023928 8.525627 17.290001 -12.600000 -34.299999
5.199604 0.514457 8.216952 15.330000 -11.830000 -28.280001
5.199604 0.514457 8.216952 15.330000 -11.830000 -28.280001
5.199604 0.514457 8.216952 15.330000 -11.830000 -28.280001
5.199604 0.514457 8.216952 15.330000 -11.830000 -28.280001
4.950750 0.571885 8.154739 -8.050000 -6.580000 -18.549999
4.778467 0.500100 8.133204 20.860001 -0.280000 -12.250000
4.778467 0.500100 8.133204 20.860001 -0.280000 -12.250000
4.596612 0.646062 8.271988 5.250000 1.890000 -2.030000
4.704289 0.430708 8.432307 -8.260000 -1.890000 -1.540000
4.807181 0.392423 8.221739 -22.680000 -4.690000 0.630000
4.565506 0.296710 8.501699 -0.630000 -1.960000 1.120000
4.778467 0.390030 8.209774 -5.110000 -1.820000 0.700000
4.826324 0.378066 8.159525 -13.370000 -0.350000 1.820000
4.790431 0.282353 8.408379 5.460000 0.700000 0.420000
4.613362 0.110070 8.346166 8.330000 1.470000 -3.360000
4.859823 0.263210 8.181061 -7.000000 0.490000 -1.960000
4.733003 0.354138 8.274381 -9.940000 -0.700000 1.050000
4.694718 0.112463 8.166703 2.940000 2.450000 0.070000
4.646862 0.112463 8.441878 -10.080000 -0.280000 0.910000
4.867002 0.220140 8.405986 -16.520000 -1.120000 3.360000
