2.246860 -8.805587 3.783052 9.100000 2.450000 -5.390000
2.282753 -8.992228 3.598805 1.820000 0.840000 -4.270000
2.282753 -8.992228 3.598805 1.820000 0.840000 -4.270000
2.282753 -8.992228 3.598805 1.820000 0.840000 -4.270000
2.249253 -9.700503 4.015156 51.029999 -3.360000 -22.400000
2.249253 -9.700503 4.015156 51.029999 -3.360000 -22.400000
2.201397 -8.858230 3.790231 11.970000 -8.540000 -30.380001
2.859423 -9.119047 4.855037 101.430000 -1.190000 -57.540001
2.859423 -9.119047 4.855037 101.430000 -1.190000 -57.540001
3.409772 -8.537591 4.716253 67.550003 1.890000 -65.449997
3.431308 -8.202596 5.797810 81.550003 4.410000 -73.779999
3.900301 -6.762117 5.850451 69.720001 -2.660000 -77.139999
3.900301 -6.762117 5.850451 69.720001 -2.660000 -77.139999
4.661219 -5.536992 5.991628 83.650002 4.690000 -80.779999
4.890929 -4.520042 6.809973 90.019997 0.980000 -79.519997
4.890929 -4.520042 6.809973 90.019997 0.980000 -79.519997
5.259424 -3.529413 6.441479 66.709999 -0.630000 -77.070000
5.015356 -3.041277 7.250252 65.309998 -3.360000 -71.820000
5.192425 -2.801995 6.982256 62.020000 -3.220000 -71.260002
5.580062 -1.512264 6.833901 72.379997 -9.030000 -63.070000
5.843273 -0.696311 7.269395 43.750000 -6.510000 -54.810001
5.843273 -0.696311 7.269395 43.750000 -6.510000 -54.810001
5.836094 0.246461 7.135397 52.080002 -7.280000 -44.240002
5.694918 -0.138784 7.341179 59.500000 -3.500000 -44.099998
6.173482 1.079163 7.044470 14.700000 -5.600000 -38.080002
5.781059 0.794417 7.508677 27.790001 -5.180000 -27.090000
6.204589 1.048056 7.130611 -8.120000 -7.280000 -19.530001
5.931807 1.052842 7.116255 5.250000 -5.040000 -12.390000
5.931807 1.052842 7.116255 5.250000 -5.040000 -12.390000
5.970093 1.165305 7.022934 0.630000 -3.360000 -11.690000
6.190232 1.055235 7.298109 -5.950000 -2.940000 -5.810000
6.190232 1.055235 7.298109 -5.950000 -2.940000 -5.810000
6.190232 1.055235 7.298109 -5.950000 -2.940000 -5.810000
6.230910 0.918844 7.144968 -9.310000 -1.960000 -3.430000
6.094519 0.772882 7.343572 5.810000 2.170000 -2.800000
6.094519 0.772882 7.343572 5.810000 2.170000 -2.800000
6.017949 0.717847 7.015756 -2.170000 0.350000 0.980000
5.867201 0.624527 7.245467 2.030000 3.080000 -0.630000
6.144768 0.669990 7.511070 -6.160000 2.100000 0.980000
5.989235 1.093520 7.484749 0.070000 2.170000 4.130000
5.809773 0.997807 7.678568 4.970000 3.150000 4.410000
