2.268396 -8.839087 3.404987 0.910000 2.450000 -4.690000
2.313859 -8.599805 3.696911 4.270000 2.870000 -5.040000
2.127219 -9.231510 3.775874 4.830000 1.820000 -6.510000
2.222932 -8.757731 3.909872 20.790001 2.100000 -17.360001
2.426322 -9.595219 3.964907 47.529999 -2.450000 -28.980000
2.395216 -9.628718 4.438686 62.299999 0.560000 -35.560001
2.778067 -8.796017 4.331009 69.370003 -1.050000 -45.920002
2.778067 -8.796017 4.331009 69.370003 -1.050000 -45.920002
2.541178 -8.202596 5.474778 91.980003 7.980000 -58.099998
3.567699 -7.319644 5.714060 88.690002 14.140000 -65.099998
3.730411 -6.829116 5.843273 71.750000 10.570000 -66.290001
3.850052 -6.731010 6.611369 92.190002 7.630000 -69.650002
3.850052 -6.731010 6.611369 92.190002 7.630000 -69.650002
4.153940 -5.393422 6.795617 72.099998 7.140000 -77.279999
4.153940 -5.393422 6.795617 72.099998 7.140000 -77.279999
4.625326 -4.331009 7.195218 76.300003 -0.280000 -73.989998
4.639683 -3.586841 7.369894 73.290001 -1.610000 -73.220001
4.642076 -2.751746 7.341179 65.730003 -3.640000 -65.169998
4.771288 -2.088934 7.826923 73.500000 -5.390000 -62.439999
4.764110 -1.739582 7.458428 73.779999 -6.230000 -57.189999
4.974678 -1.093520 7.886744 48.020000 -8.820000 -55.790001
5.125426 -0.727418 7.879565 45.709999 -11.270000 -48.650002
5.034499 -0.227318 8.080563 57.260002 -8.330000 -49.349998
5.632704 0.110070 7.341179 41.580002 -8.890000 -47.250000
5.280960 0.720240 7.704889 32.060001 -10.360000 -35.420002
5.572884 1.036092 7.645068 9.870000 -10.640000 -29.400000
5.489135 1.028914 7.726424 9.100000 -11.690000 -21.000000
5.484349 0.748954 7.712067 -3.920000 -12.670000 -21.350000
5.694918 1.179662 7.379465 -4.270000 -11.620000 -18.480000
5.400600 1.016950 7.745567 24.780001 -8.540000 -14.770000
5.680561 1.170090 7.281359 9.870000 -10.990000 -14.210000
5.647062 1.275374 7.420143 -0.980000 -4.410000 -7.910000
5.814559 1.466800 7.262216 -9.380000 -3.920000 -5.880000
5.613562 1.208375 7.566105 2.800000 -2.310000 -0.910000
5.620740 0.937986 7.489535 -5.530000 -1.050000 2.450000
5.776274 0.748954 7.534998 0.280000 0.140000 0.140000
5.694918 0.976272 7.403394 -4.620000 0.140000 0.630000
5.694918 0.976272 7.403394 -4.620000 0.140000 0.630000
5.778666 0.997807 7.549356 -4.130000 -0.140000 0.560000
5.788238 0.945165 7.573284 -1.960000 0.210000 0.140000
5.776274 1.328017 7.499106 -4.550000 1.680000 3.430000
5.666204 1.153341 7.692925 -4.970000 0.840000 5.180000
