2.426322 -8.851050 3.601198 -1.190000 0.840000 -1.190000
2.431108 -8.774480 3.950550 2.100000 1.680000 -3.920000
2.366502 -9.164511 3.641876 6.090000 2.590000 -7.910000
2.366502 -9.164511 3.641876 6.090000 2.590000 -7.910000
2.206182 -9.315259 3.742374 15.330000 1.470000 -12.600000
2.342573 -9.217153 3.957729 31.639999 1.540000 -27.370001
2.510071 -9.573684 4.005585 25.059999 1.120000 -38.639999
2.620141 -9.434900 3.950550 42.070000 0.980000 -45.360001
2.620141 -9.434900 3.950550 42.070000 0.980000 -45.360001
2.699104 -9.324830 4.718646 73.080002 4.690000 -60.619999
3.608376 -7.965706 4.859823 80.500000 3.500000 -71.680000
3.931407 -7.501499 6.132804 113.190002 5.180000 -81.620003
3.931407 -7.501499 6.132804 113.190002 5.180000 -81.620003
4.457829 -5.589634 5.687739 76.930000 -3.290000 -80.080002
4.661219 -5.618347 5.991628 84.070000 -3.990000 -78.190002
4.596612 -4.546363 6.319445 119.070000 4.760000 -78.610001
4.575077 -3.495914 6.728617 116.340004 6.230000 -72.379997
4.551149 -2.928815 7.154540 101.150002 3.290000 -69.230003
4.859823 -2.878566 7.326823 79.239998 -0.210000 -62.369999
4.859823 -2.878566 7.326823 79.239998 -0.210000 -62.369999
4.859823 -2.878566 7.326823 79.239998 -0.210000 -62.369999
4.859823 -2.878566 7.326823 79.239998 -0.210000 -62.369999
5.070391 -2.486143 7.563712 59.080002 -2.240000 -54.110001
5.268995 -0.672383 8.154739 55.650002 -11.130000 -57.820000
5.718846 0.239282 7.563712 50.189999 -13.580000 -52.150002
5.718846 0.239282 7.563712 50.189999 -13.580000 -52.150002
5.642276 0.937986 7.360322 35.560001 -12.600000 -48.090000
5.778666 1.435694 7.276574 34.299999 -7.910000 -34.860001
5.749953 1.777867 7.298109 12.600000 -7.840000 -27.230000
5.895915 2.220540 6.750153 -3.640000 -5.040000 -20.299999
5.895915 2.220540 6.750153 -3.640000 -5.040000 -20.299999
5.410172 1.643869 7.432107 2.240000 -4.830000 -9.030000
5.879165 1.569692 7.161718 -11.480000 -2.660000 -3.640000
5.489135 1.110270 7.448857 4.270000 1.260000 3.570000
5.900701 1.067199 7.377072 -21.070000 0.280000 5.810000
5.821737 1.112662 7.520642 -19.389999 0.980000 7.700000
5.850451 0.646062 7.599605 -11.200000 1.470000 3.010000
5.850451 0.646062 7.599605 -11.200000 1.470000 3.010000
5.766702 0.691526 7.568498 -10.080000 1.050000 3.990000
5.778666 0.595813 7.645068 -9.870000 1.400000 1.750000
5.776274 0.681954 7.697710 -18.690001 -1.610000 3.430000
