1.351945 -8.846266 3.168097 11.970000 -1.400000 -5.390000
1.495514 -9.154939 3.206382 8.330000 0.350000 -9.590000
1.581656 -9.341579 3.046063 31.639999 1.260000 -13.300000
1.361516 -9.975677 4.168297 69.580002 1.400000 -28.139999
1.797010 -9.980463 5.015356 84.559998 -6.230000 -48.790001
2.280360 -8.693125 5.034499 86.800003 -1.050000 -56.980000
2.280360 -8.693125 5.034499 86.800003 -1.050000 -56.980000
2.335395 -8.578269 5.345565 69.650002 -0.350000 -62.439999
2.823531 -7.348359 5.876772 95.059998 13.860000 -69.510002
3.146562 -6.448657 5.917450 82.529999 10.500000 -69.019997
3.146562 -6.448657 5.917450 82.529999 10.500000 -69.019997
3.218346 -6.321837 6.565905 96.320000 11.200000 -71.610001
3.393023 -5.546563 6.790830 73.220001 8.400000 -74.340004
3.517449 -4.701896 7.496714 103.320000 6.160000 -70.489998
3.737589 -3.553342 7.697710 58.240002 1.260000 -72.169998
3.737589 -3.553342 7.697710 58.240002 1.260000 -72.169998
3.972085 -3.170490 8.252845 63.349998 3.150000 -64.680000
4.254438 -3.019742 8.204988 64.610001 0.420000 -65.730003
4.515256 -1.875973 7.910671 47.599998 -0.630000 -60.480000
4.197011 -1.517050 8.190632 52.779999 0.420000 -55.580002
4.309474 0.050249 8.094919 39.340000 2.380000 -43.189999
4.309474 0.050249 8.094919 39.340000 2.380000 -43.189999
4.486543 0.492921 8.068598 30.170000 0.420000 -35.700001
4.328616 0.100499 8.310273 18.690001 1.050000 -28.490000
4.548756 0.579063 8.279166 -6.370000 -3.640000 -17.430000
4.524827 0.071785 8.654840 19.670000 3.150000 -16.170000
4.697111 0.600598 8.437093 -10.010000 3.010000 -7.350000
4.539185 0.696311 8.508877 -4.270000 2.170000 -3.150000
4.376472 0.289532 8.516055 -1.960000 -0.280000 -2.240000
4.543970 0.375673 8.511270 -12.390000 -1.750000 3.080000
4.443472 0.143569 8.480164 -2.940000 0.140000 4.620000
4.405186 0.071785 8.465806 0.350000 -0.910000 3.640000
4.252046 -0.215354 8.537591 -9.240000 0.840000 6.510000
4.252046 -0.215354 8.537591 -9.240000 0.840000 6.510000
4.323831 -0.203390 8.422735 -1.890000 -0.210000 5.880000
4.338188 -0.437887 8.365308 -4.830000 0.210000 5.810000
4.199404 -0.401994 8.291130 -7.350000 0.420000 5.740000
