2.057827 -9.274581 3.146562 2.660000 -0.350000 -10.500000
1.954936 -9.147761 2.890530 5.320000 0.490000 -13.650000
2.136791 -10.092925 3.206382 55.580002 4.620000 -25.129999
2.074577 -8.951550 3.515057 70.559998 7.280000 -43.330002
2.679961 -8.633304 3.670590 78.260002 6.300000 -47.950001
2.986243 -8.621340 4.642076 113.050003 8.820000 -63.840000
2.986243 -8.621340 4.642076 113.050003 8.820000 -63.840000
3.390630 -7.992027 5.642276 127.120003 9.870000 -74.690002
3.584448 -6.881758 7.109076 103.320000 6.580000 -77.629997
3.974478 -6.214160 6.271588 57.400002 0.490000 -73.500000
3.974478 -6.214160 6.271588 57.400002 0.490000 -73.500000
4.058227 -5.213961 6.987042 75.529999 5.390000 -74.480003
4.058227 -5.213961 6.987042 75.529999 5.390000 -74.480003
4.754539 -3.866802 7.188039 89.110001 5.740000 -79.730003
4.754539 -3.866802 7.188039 89.110001 5.740000 -79.730003
5.190032 -1.902294 7.551748 59.990002 -7.140000 -76.510002
5.190032 -1.902294 7.551748 59.990002 -7.140000 -76.510002
5.324030 -0.780060 7.599605 62.230000 -8.400000 -66.919998
5.728417 -0.026321 7.219146 38.150002 -8.750000 -61.529999
5.402994 0.512064 7.714460 26.110001 -9.590000 -48.790001
5.883951 1.208375 7.417750 10.290000 -6.440000 -39.900002
5.656632 1.191626 7.305287 1.190000 -6.090000 -32.060001
5.656632 1.191626 7.305287 1.190000 -6.090000 -32.060001
5.446064 1.182054 7.384251 15.610000 -2.380000 -18.760000
5.510671 1.146162 7.434500 -11.690000 0.350000 -8.540000
5.328816 0.411566 7.762317 2.450000 1.960000 1.120000
5.536992 -0.169890 7.793423 -20.510000 -3.290000 8.190000
5.611169 -0.792024 7.673782 -5.950000 -1.260000 3.080000
5.611169 -0.792024 7.673782 -5.950000 -1.260000 3.080000
5.730811 -0.320638 7.451250 -6.720000 -0.980000 2.380000
5.429315 -0.232104 7.824530 -4.200000 -0.910000 3.570000
5.714060 -0.200997 7.733603 -8.960000 0.910000 2.380000
5.637490 0.191426 7.913064 -13.510000 0.770000 3.290000
5.637490 0.191426 7.913064 -13.510000 0.770000 3.290000
5.410172 0.177069 7.948956 -1.190000 3.710000 7.280000
