1.378266 -9.300901 2.201397 2.870000 1.400000 -2.590000
1.409373 -10.035499 1.854438 3.990000 0.210000 -5.040000
1.502693 -9.336794 1.799403 22.610001 1.750000 -9.310000
1.536192 -9.209974 2.067399 33.740002 3.220000 -11.130000
1.588834 -10.107283 2.045863 46.970001 1.820000 -22.610001
1.588834 -10.107283 2.045863 46.970001 1.820000 -22.610001
2.007578 -10.552348 3.342773 96.459999 -1.190000 -54.110001
2.203789 -9.288938 4.304688 48.790001 0.770000 -54.950001
2.644069 -9.602397 3.814159 16.240000 0.280000 -51.380001
2.644069 -9.602397 3.814159 16.240000 0.280000 -51.380001
2.857030 -9.186047 3.969693 30.100000 6.440000 -57.540001
2.857030 -9.186047 3.969693 30.100000 6.440000 -57.540001
3.110669 -8.705089 4.079762 27.719999 0.350000 -67.059998
3.522235 -8.181061 4.264010 62.090000 3.360000 -77.769997
3.672983 -7.350751 4.496114 39.480000 0.350000 -80.430000
4.067799 -7.343572 4.307081 50.400002 -0.980000 -81.900002
4.426722 -6.439085 5.161318 49.770000 2.450000 -82.459999
4.426722 -6.439085 5.161318 49.770000 2.450000 -82.459999
5.635098 -5.596812 5.168497 67.129997 2.520000 -68.389999
5.515456 -4.431508 5.869594 40.040001 1.750000 -60.410000
5.515456 -4.431508 5.869594 40.040001 1.750000 -60.410000
5.986843 -4.137190 5.900701 27.090000 -1.610000 -38.500000
5.986843 -4.137190 5.900701 27.090000 -1.610000 -38.500000
5.986843 -4.137190 5.900701 27.090000 -1.610000 -38.500000
5.986843 -4.137190 5.900701 27.090000 -1.610000 -38.500000
5.577669 -4.931608 5.958128 1.820000 4.200000 3.710000
5.749953 -5.213961 5.962914 0.070000 0.910000 1.190000
5.749953 -5.213961 5.962914 0.070000 0.910000 1.190000
5.979663 -4.800002 5.661418 -7.350000 -1.610000 5.460000
5.836094 -5.206782 5.869594 -6.720000 -1.470000 5.530000
6.096912 -5.063213 5.460421 -1.610000 2.310000 6.090000
6.096912 -5.063213 5.460421 -1.610000 2.310000 6.090000
5.852845 -5.276174 5.888737 -10.570000 1.820000 4.200000
5.752346 -5.278566 5.723632 -11.340000 -1.750000 5.110000
5.953342 -5.271388 5.460421 8.820000 0.210000 6.650000
