1.311267 -9.370294 4.292724 11.270000 -0.910000 -21.420000
1.462015 -9.303294 4.091727 18.340000 -3.850000 -32.549999
1.083949 -9.442079 4.323831 53.900002 -8.400000 -47.110001
1.670190 -9.389436 4.359723 96.389999 -4.830000 -54.320000
1.670190 -9.389436 4.359723 96.389999 -4.830000 -54.320000
2.383251 -7.590034 5.998806 94.010002 9.100000 -64.959999
2.383251 -7.590034 5.998806 94.010002 9.100000 -64.959999
3.170490 -6.606583 6.592227 75.669998 4.760000 -69.720001
3.141776 -6.307480 6.439085 72.169998 0.700000 -63.420002
3.519842 -5.824130 6.879365 67.830002 3.220000 -64.820000
3.519842 -5.824130 6.879365 67.830002 3.220000 -64.820000
3.847659 -5.120641 7.152147 87.150002 8.540000 -61.389999
3.847659 -5.120641 7.152147 87.150002 8.540000 -61.389999
3.754339 -3.830909 7.611568 51.310001 1.050000 -66.570000
3.763910 -3.280560 7.908278 74.550003 6.160000 -64.680000
3.763910 -3.280560 7.908278 74.550003 6.160000 -64.680000
4.522435 -1.653440 7.779066 38.290001 -0.210000 -57.260002
4.455436 -1.607977 8.219346 70.209999 2.100000 -47.459999
4.402793 -0.813560 8.484949 36.610001 -1.260000 -43.889999
4.579862 -0.538385 8.391629 37.799999 -5.810000 -35.070000
4.606184 -0.433101 8.202596 37.380001 -3.360000 -33.740002
4.565506 -0.196211 8.568698 26.809999 -5.880000 -27.510000
4.752146 0.311067 8.173882 19.879999 -6.790000 -20.510000
4.752146 0.311067 8.173882 19.879999 -6.790000 -20.510000
4.687540 0.090927 8.214561 15.960000 -4.340000 -17.500000
4.601398 0.126820 8.341379 3.780000 -0.630000 -5.390000
4.601398 0.126820 8.341379 3.780000 -0.630000 -5.390000
4.656433 -0.129212 8.212167 -12.740000 2.660000 -0.630000
4.656433 -0.129212 8.212167 -12.740000 2.660000 -0.630000
4.584648 -0.239282 8.587841 6.230000 2.520000 -0.840000
4.584648 -0.239282 8.587841 6.230000 2.520000 -0.840000
4.584648 -0.239282 8.587841 6.230000 2.520000 -0.840000
4.584648 -0.239282 8.587841 6.230000 2.520000 -0.840000
4.584648 -0.239282 8.587841 6.230000 2.520000 -0.840000
4.584648 -0.239282 8.587841 6.230000 2.520000 -0.840000
4.618148 -0.411566 7.944171 -5.740000 -1.890000 -0.280000
4.333402 -0.363709 8.516055 4.760000 0.980000 -0.980000
4.333402 -0.363709 8.516055 4.760000 0.980000 -0.980000
4.309474 -0.385244 8.324631 -2.380000 3.430000 -1.330000
4.630112 -0.301496 8.394022 -5.600000 6.020000 1.540000
