2.407180 -9.078369 2.967100 2.380000 2.380000 -3.570000
2.299503 -9.597611 3.275774 19.320000 3.080000 -14.070000
2.299503 -9.597611 3.275774 19.320000 3.080000 -14.070000
2.658426 -9.853643 2.981457 49.700001 2.380000 -22.820000
2.658426 -9.853643 2.981457 49.700001 2.380000 -22.820000
2.658426 -9.853643 2.981457 49.700001 2.380000 -22.820000
2.526821 -9.291330 2.495714 47.110001 8.120000 -35.770000
3.232704 -8.470592 4.374080 89.879997 16.590000 -62.790001
3.232704 -8.470592 4.374080 89.879997 16.590000 -62.790001
3.232704 -8.470592 4.374080 89.879997 16.590000 -62.790001
3.574877 -7.463214 7.087541 97.580002 11.620000 -71.330002
4.350152 -6.690332 5.606383 54.250000 1.050000 -66.430000
4.106083 -6.616155 5.941379 71.470001 0.560000 -63.000000
4.106083 -6.616155 5.941379 71.470001 0.560000 -63.000000
4.216154 -5.958128 6.939186 97.790001 4.340000 -67.340004
4.417150 -4.914857 6.247660 61.459999 -1.330000 -60.480000
4.735396 -4.345366 6.711867 96.320000 5.810000 -66.010002
5.326423 -2.888137 6.915257 83.930000 2.660000 -61.389999
5.216353 -2.313859 7.111469 51.730000 1.190000 -53.340000
5.216353 -2.313859 7.111469 51.730000 1.190000 -53.340000
5.539384 -1.440479 7.317252 87.779999 5.950000 -45.009998
5.666204 -1.619941 7.161718 97.090004 9.590000 -43.470001
5.168497 -0.837488 7.956135 51.380001 2.590000 -39.480000
5.268995 -0.083749 7.575676 61.320000 6.650000 -26.600000
5.170890 0.385244 7.925028 17.080000 1.540000 -20.020000
5.170890 0.385244 7.925028 17.080000 1.540000 -20.020000
5.233103 0.203390 7.972885 35.420002 0.420000 -11.690000
5.209175 0.210568 8.181061 45.220001 4.270000 -14.070000
5.201996 0.406780 8.437093 1.540000 -1.820000 -1.610000
5.225924 0.141177 7.814958 -5.670000 -1.960000 -1.400000
5.225924 0.141177 7.814958 -5.670000 -1.960000 -1.400000
5.197211 0.215354 8.073383 -3.990000 -2.800000 2.030000
5.127820 0.043071 8.056634 -0.490000 -1.960000 1.190000
5.304887 0.186640 7.939385 -7.560000 0.070000 1.050000
5.225924 0.055035 8.126025 -6.790000 1.890000 3.150000
5.096712 -0.110070 8.195417 -4.410000 0.840000 3.290000
5.096712 -0.110070 8.195417 -4.410000 0.840000 3.290000
5.257031 -0.043071 8.039884 -4.690000 1.120000 2.590000
