-0.799203 0.224925 9.712467 -5.460000 7.000000 -1.120000
-0.916451 0.557528 9.858429 -4.200000 6.160000 -3.570000
-0.859023 0.607777 9.942179 0.420000 4.760000 -2.030000
-0.911665 0.736989 10.411172 -5.530000 2.660000 2.100000
-0.911665 0.736989 10.411172 -5.530000 2.660000 2.100000
-0.878166 0.442672 10.542776 -2.870000 1.610000 5.390000
-0.870987 0.971486 11.665009 1.470000 -0.700000 5.320000
-0.832702 1.012164 14.256437 29.330000 -14.910000 -0.840000
-1.392623 3.326023 15.582061 25.410000 -63.700001 2.730000
-1.502693 2.952743 14.912071 18.760000 -94.010002 6.370000
-1.397408 3.105884 14.620146 20.510000 -105.980003 11.970000
-1.191626 2.957529 12.981063 20.160000 -125.300003 22.260000
-0.882952 2.500499 10.906486 0.420000 -143.220001 29.260000
-0.882952 2.500499 10.906486 0.420000 -143.220001 29.260000
-0.882952 2.500499 10.906486 0.420000 -143.220001 29.260000
-0.882952 2.500499 10.906486 0.420000 -143.220001 29.260000
-0.440279 2.383251 9.901501 -9.450000 -147.770004 31.710001
3.381058 1.215554 4.627719 -5.110000 -126.629997 35.070000
4.503292 0.765703 4.237689 -14.210000 -123.760002 33.040001
4.977071 0.937986 4.189832 -3.010000 -112.980003 28.210001
4.977071 0.937986 4.189832 -3.010000 -112.980003 28.210001
5.357530 0.784846 3.696911 -1.680000 -103.459999 23.170000
6.288338 0.567099 3.232704 -11.690000 -100.660004 17.780001
7.207181 0.433101 2.093720 -11.340000 -81.199997 17.920000
8.315059 -0.461815 1.593620 -7.350000 -64.889999 22.400000
8.396415 -0.246461 1.804188 4.200000 -53.760002 20.299999
8.657232 -0.052642 1.674976 11.970000 -40.529999 12.320000
8.657232 -0.052642 1.674976 11.970000 -40.529999 12.320000
8.697910 -0.256032 1.538585 18.760000 -35.070000 11.970000
8.877372 -0.162712 1.349552 10.990000 -31.150000 13.230000
8.652447 -0.684347 0.433101 -9.730000 -16.450001 -2.520000
8.652447 -0.684347 0.433101 -9.730000 -16.450001 -2.520000
9.257831 -0.526421 0.923629 0.140000 -14.280000 -8.750000
9.315259 0.394816 1.433301 15.190001 -5.740000 -14.700000
9.420543 0.464208 1.703690 3.920000 -3.710000 -15.890000
9.444471 0.792024 1.859223 -0.280000 2.520000 -15.610000
