-0.308674 1.864009 9.726824 -5.810000 1.190000 3.080000
-0.509671 1.787439 9.884750 -7.560000 0.210000 3.080000
-0.509671 1.787439 9.884750 -7.560000 0.210000 3.080000
-0.509671 1.787439 9.884750 -7.560000 0.210000 3.080000
-0.768096 1.952543 10.526026 -9.800000 -11.410000 2.100000
-0.768096 1.952543 10.526026 -9.800000 -11.410000 2.100000
0.301496 1.947758 11.595619 -30.309999 -101.080002 -11.410000
0.301496 1.947758 11.595619 -30.309999 -101.080002 -11.410000
0.964308 2.057827 11.239087 -24.780001 -112.000000 -9.590000
1.856830 1.952543 10.439885 -28.139999 -119.419998 -5.040000
2.048256 1.789831 10.454242 -17.080000 -119.699997 -2.800000
1.835295 1.600798 9.908678 -7.910000 -127.190002 -0.770000
1.835295 1.600798 9.908678 -7.910000 -127.190002 -0.770000
2.871387 1.284946 9.667004 -14.000000 -141.399994 0.910000
3.617948 0.969093 8.051848 -11.760000 -154.839996 -3.010000
4.275974 0.507278 6.675975 -19.670000 -154.979996 -1.400000
5.891129 1.062413 6.104091 -3.500000 -162.610001 -6.650000
5.891129 1.062413 6.104091 -3.500000 -162.610001 -6.650000
5.891129 1.062413 6.104091 -3.500000 -162.610001 -6.650000
5.996413 0.997807 5.740381 -2.940000 -156.169998 -7.700000
6.625726 1.689333 4.242475 1.120000 -152.949997 3.500000
6.625726 1.689333 4.242475 1.120000 -152.949997 3.500000
6.625726 1.689333 4.242475 1.120000 -152.949997 3.500000
6.343372 2.172683 3.529413 -15.750000 -157.990005 9.310000
6.343372 2.172683 3.529413 -15.750000 -157.990005 9.310000
7.424929 0.327817 -0.050249 7.000000 -171.500000 30.520000
7.424929 0.327817 -0.050249 7.000000 -171.500000 30.520000
8.819944 -0.078963 -5.503492 -2.940000 -20.580000 -17.990000
9.119047 1.012164 -4.977071 -2.940000 -10.640000 -18.200001
9.367901 1.371087 -5.027320 -14.140000 2.380000 -12.040000
9.265009 1.318445 -4.031906 -18.760000 9.660000 -5.390000
9.150154 1.220340 -3.572484 -6.230000 16.799999 1.890000
9.231510 1.246661 -3.457629 -12.600000 22.400000 6.300000
