1.866402 -9.372685 3.292524 4.480000 2.380000 -3.360000
1.964507 -9.054441 3.297310 -1.540000 1.330000 -5.670000
1.911865 -9.674182 3.436093 25.620001 3.220000 -14.000000
1.971686 -9.276974 3.249453 48.720001 1.750000 -24.570000
1.971686 -9.276974 3.249453 48.720001 1.750000 -24.570000
2.151148 -9.781858 3.531806 59.290001 3.290000 -32.549999
2.464607 -9.102298 4.058227 73.010002 5.250000 -47.459999
3.239882 -8.166703 4.376472 111.440002 5.530000 -62.299999
3.239882 -8.166703 4.376472 111.440002 5.530000 -62.299999
2.679961 -8.578269 6.161518 117.879997 9.870000 -71.120003
3.381058 -6.912865 6.015556 90.230003 1.680000 -69.160004
3.862016 -6.958328 6.482157 93.239998 3.010000 -71.260002
3.862016 -6.958328 6.482157 93.239998 3.010000 -71.260002
3.862016 -6.958328 6.482157 93.239998 3.010000 -71.260002
3.895515 -6.242875 6.683154 94.919998 1.400000 -77.980003
4.110869 -4.630112 7.609176 105.139999 0.210000 -88.760002
4.110869 -4.630112 7.609176 105.139999 0.210000 -88.760002
4.663611 -2.739782 7.724032 47.950001 -12.670000 -85.260002
4.663611 -2.739782 7.724032 47.950001 -12.670000 -85.260002
4.632504 -2.754139 7.637890 56.560001 -9.310000 -87.989998
5.247460 -1.234696 7.499106 41.509998 -15.470000 -82.110001
5.431707 -0.320638 7.281359 32.830002 -15.050000 -70.629997
5.654240 0.746561 7.200003 18.969999 -12.880000 -56.630001
5.592027 0.607777 7.080362 19.600000 -10.780000 -48.509998
5.635098 0.897308 7.310073 11.410000 -7.420000 -38.639999
5.670990 0.870987 7.408179 4.900000 -6.440000 -27.510000
5.625526 0.894916 7.532606 13.790000 -4.830000 -21.629999
5.625526 0.894916 7.532606 13.790000 -4.830000 -21.629999
5.687739 0.849452 7.307681 4.690000 1.120000 -3.640000
5.694918 0.593420 7.494320 -8.750000 -0.140000 4.270000
5.783452 0.265603 7.580462 -12.390000 1.960000 6.510000
5.649454 0.148355 7.690532 -12.600000 0.490000 7.070000
5.800202 -0.033500 7.826923 1.540000 0.980000 8.190000
5.883951 -0.062213 7.654640 -3.990000 -0.350000 7.210000
5.769095 0.009571 7.664211 -10.710000 -1.190000 8.610000
5.754738 0.198604 7.554141 -1.680000 -0.840000 11.340000
