2.538785 -9.497113 2.991028 19.879999 3.780000 -11.130000
2.538785 -9.497113 2.991028 19.879999 3.780000 -11.130000
2.522035 -8.499306 3.153740 10.850000 7.910000 -21.559999
2.751746 -8.982656 2.787638 0.840000 10.360000 -22.540001
2.751746 -8.982656 2.787638 0.840000 10.360000 -22.540001
2.658426 -9.466006 3.314059 71.959999 11.200000 -31.710001
3.086741 -8.295916 4.019942 96.459999 7.910000 -45.639999
3.103491 -8.142776 5.300103 94.709999 3.710000 -56.980000
3.103491 -8.142776 5.300103 94.709999 3.710000 -56.980000
3.907479 -7.609176 5.206782 111.720001 6.370000 -67.550003
4.029513 -6.996613 5.895915 119.419998 11.550000 -67.410004
4.086941 -6.242875 6.711867 107.449997 8.610000 -68.040001
4.409972 -4.955536 6.910471 85.540001 5.880000 -62.930000
4.591826 -4.481757 7.156933 72.940002 2.590000 -59.920002
4.730610 -3.830909 7.137790 88.340004 11.130000 -56.139999
4.074977 -3.326023 7.805387 90.019997 8.680000 -55.299999
4.074977 -3.326023 7.805387 90.019997 8.680000 -55.299999
4.699504 -2.555535 7.609176 115.709999 8.400000 -52.639999
4.591826 -1.342373 8.102098 76.790001 8.960000 -50.750000
4.694718 -0.387637 8.504091 75.320000 2.940000 -45.709999
4.867002 -0.208176 7.874779 46.830002 -8.820000 -40.529999
4.867002 -0.208176 7.874779 46.830002 -8.820000 -40.529999
4.821537 0.021535 8.178668 39.480000 -2.450000 -39.759998
4.945964 0.933201 8.154739 52.290001 0.280000 -33.459999
5.144568 1.545763 8.073383 22.330000 -2.870000 -28.139999
5.144568 1.545763 8.073383 22.330000 -2.870000 -28.139999
4.867002 2.048256 8.152347 31.290001 -0.840000 -15.680000
4.874180 2.057827 8.123632 -3.360000 -3.430000 -9.940000
4.917251 1.799403 7.812566 -15.330000 -5.460000 -2.310000
4.917251 1.799403 7.812566 -15.330000 -5.460000 -2.310000
4.740182 1.708475 8.303094 -7.420000 -3.850000 -2.170000
4.756931 1.306481 8.307880 -10.500000 -3.780000 -2.310000
4.761717 1.217947 8.087741 -3.220000 -3.570000 -2.590000
4.826324 1.548156 7.941778 3.080000 -2.310000 -3.710000
4.888536 1.660619 7.822137 -3.500000 0.280000 -1.330000
4.929214 1.672583 8.013563 -3.360000 0.910000 0.420000
4.922036 1.462015 8.025528 -0.630000 2.800000 2.100000
4.922036 1.462015 8.025528 -0.630000 2.800000 2.100000
4.977071 1.277767 8.212167 -9.800000 1.330000 2.310000
4.874180 1.617548 8.233703 -11.620000 0.840000 3.360000
