-0.815953 1.615155 9.616754 -5.320000 2.520000 4.130000
-0.756132 1.454836 9.619147 -8.820000 0.280000 2.520000
-0.748954 1.143769 9.662218 -8.120000 -2.660000 0.140000
-0.748954 1.143769 9.662218 -8.120000 -2.660000 0.140000
-0.777667 1.902294 10.463813 -20.719999 -21.139999 -2.310000
-0.490529 2.093720 11.406586 -22.190001 -38.709999 -0.140000
-0.490529 2.093720 11.406586 -22.190001 -38.709999 -0.140000
-0.490529 2.093720 11.406586 -22.190001 -38.709999 -0.140000
-0.672383 0.471386 12.863814 -37.380001 -92.680000 0.700000
-0.217747 0.571885 12.725031 -31.850000 -109.270004 -5.180000
0.358923 0.234497 11.935399 -31.990000 -145.949997 -9.870000
1.552942 -0.512064 10.884951 -12.950000 -168.699997 -18.059999
1.552942 -0.512064 10.884951 -12.950000 -168.699997 -18.059999
4.859823 0.947558 6.396015 -2.520000 -178.639999 -23.730000
4.859823 0.947558 6.396015 -2.520000 -178.639999 -23.730000
6.013163 0.969093 4.754539 10.290000 -159.250000 -16.379999
6.013163 0.969093 4.754539 10.290000 -159.250000 -16.379999
6.374479 1.227518 4.548756 4.620000 -153.229996 -13.160000
6.374479 1.227518 4.548756 4.620000 -153.229996 -13.160000
5.972485 0.258425 4.290331 3.430000 -142.729996 -8.750000
5.972485 0.258425 4.290331 3.430000 -142.729996 -8.750000
5.972485 0.258425 4.290331 3.430000 -142.729996 -8.750000
5.972485 0.258425 4.290331 3.430000 -142.729996 -8.750000
5.972485 0.258425 4.290331 3.430000 -142.729996 -8.750000
5.972485 0.258425 4.290331 3.430000 -142.729996 -8.750000
5.972485 0.258425 4.290331 3.430000 -142.729996 -8.750000
5.972485 0.258425 4.290331 3.430000 -142.729996 -8.750000
5.972485 0.258425 4.290331 3.430000 -142.729996 -8.750000
5.972485 0.258425 4.290331 3.430000 -142.729996 -8.750000
8.987441 1.036092 -6.520442 2.590000 -34.509998 -14.910000
9.291330 1.773082 -6.147161 1.330000 -17.850000 -16.520000
9.032906 1.450050 -5.142176 -10.500000 8.330000 -11.480000
9.092726 1.950150 -3.969693 -7.070000 16.450001 -3.920000
8.982656 1.574477 -3.438486 -9.450000 19.040001 -0.840000
8.982656 1.574477 -3.438486 -9.450000 19.040001 -0.840000
