1.787439 -9.200402 3.603590 -0.420000 3.640000 -3.850000
1.641476 -9.075976 2.835495 2.100000 6.020000 -7.980000
1.641476 -9.075976 2.835495 2.100000 6.020000 -7.980000
1.672583 -9.588040 3.548556 19.460001 7.210000 -17.360001
1.641476 -8.965906 3.706482 63.770000 7.000000 -33.810001
2.065006 -9.408579 4.022335 75.459999 6.230000 -44.310001
1.976472 -8.767302 4.871787 84.489998 8.190000 -51.029999
2.672783 -8.544770 5.398208 77.070000 6.580000 -55.160000
2.811567 -7.869993 5.778666 68.949997 8.470000 -55.510002
2.883351 -7.372287 5.864808 58.099998 12.460000 -51.660000
2.883351 -7.372287 5.864808 58.099998 12.460000 -51.660000
3.079563 -6.955935 5.630312 62.930000 19.180000 -55.369999
3.208775 -6.728617 6.470192 76.650002 13.230000 -62.510002
3.436093 -6.089733 7.176075 69.160004 8.680000 -69.580002
3.436093 -6.089733 7.176075 69.160004 8.680000 -69.580002
4.299902 -4.706682 7.369894 73.639999 2.870000 -64.750000
4.299902 -4.706682 7.369894 73.639999 2.870000 -64.750000
4.225725 -3.531806 7.733603 63.980000 1.050000 -61.529999
4.192225 -2.916851 8.027920 61.529999 -0.350000 -61.529999
4.450650 -1.871187 8.147561 81.830002 -0.980000 -60.410000
4.496114 -1.160519 7.752745 24.850000 -7.560000 -54.599998
4.496114 -1.160519 7.752745 24.850000 -7.560000 -54.599998
4.907679 -0.780060 8.056634 18.270000 -6.790000 -49.000000
4.898108 -0.124427 8.106883 27.230000 -0.210000 -31.500000
5.111069 -0.038285 7.879565 36.049999 0.420000 -28.000000
5.111069 -0.038285 7.879565 36.049999 0.420000 -28.000000
4.993821 0.009571 8.216952 38.430000 3.010000 -24.570000
4.986642 0.291924 8.118847 18.480000 0.980000 -19.809999
4.807181 0.241675 8.183454 -4.620000 -1.820000 -8.470000
4.828716 -0.107677 8.394022 -6.930000 -0.770000 -8.400000
4.737789 0.119641 8.508877 -13.160000 -3.080000 -2.520000
4.828716 -0.205783 8.252845 -4.760000 -3.150000 -0.910000
4.828716 -0.205783 8.252845 -4.760000 -3.150000 -0.910000
4.800002 -0.323031 8.293523 -13.650000 -3.640000 0.840000
4.888536 -0.380459 8.281559 -9.590000 -2.310000 1.680000
4.768896 -0.658026 8.310273 6.020000 0.210000 0.420000
4.883751 -0.842274 8.047063 -9.170000 -2.030000 -0.070000
