1.923829 -9.468399 3.682554 -2.800000 -0.770000 -6.860000
1.639083 -8.611769 3.586841 25.480000 2.030000 -8.260000
2.081756 -8.563912 2.981457 6.090000 9.520000 -9.660000
1.969293 -9.186047 3.653840 -6.020000 12.320000 -12.600000
1.959722 -9.466006 4.022335 -10.990000 13.650000 -20.930000
2.151148 -9.233903 2.517249 21.490000 20.510000 -27.440001
2.254039 -8.726624 6.137590 147.770004 10.640000 -55.510002
2.885744 -8.295916 4.850252 68.180000 9.590000 -48.020000
2.885744 -8.295916 4.850252 68.180000 9.590000 -48.020000
3.060420 -8.133204 5.321638 82.389999 13.720000 -45.220001
3.160919 -7.037291 5.596812 19.879999 6.020000 -48.439999
3.156133 -6.752545 5.548956 37.730000 7.350000 -47.880001
3.156133 -6.752545 5.548956 37.730000 7.350000 -47.880001
3.144169 -6.446264 6.501299 86.519997 11.970000 -56.980000
3.634698 -5.290531 7.441679 97.370003 9.100000 -56.070000
3.634698 -5.290531 7.441679 97.370003 9.100000 -56.070000
4.029513 -4.331009 7.972885 62.439999 -1.750000 -56.000000
3.842873 -4.122833 8.348558 72.590004 -3.080000 -54.320000
4.127619 -3.402594 7.886744 70.980003 -2.800000 -56.490002
4.639683 -2.605784 7.968100 80.989998 -1.330000 -52.500000
4.639683 -2.605784 7.968100 80.989998 -1.330000 -52.500000
4.170690 -2.677568 8.008778 94.779999 5.250000 -52.220001
4.465007 -1.153341 8.353344 74.690002 1.190000 -47.110001
4.374080 -0.729811 8.860621 72.099998 0.140000 -47.180000
4.922036 0.291924 7.879565 37.240002 -9.520000 -39.410000
4.922036 0.291924 7.879565 37.240002 -9.520000 -39.410000
4.867002 0.445065 8.334201 54.180000 -6.090000 -31.639999
4.867002 0.445065 8.334201 54.180000 -6.090000 -31.639999
4.867002 0.445065 8.334201 54.180000 -6.090000 -31.639999
4.663611 1.007378 8.207381 34.930000 -0.210000 -18.480000
4.797609 1.320838 8.197811 -3.430000 -0.560000 -12.670000
4.615755 1.416551 8.537591 6.230000 -0.980000 -7.280000
4.733003 1.514657 8.327023 0.490000 -1.750000 -5.810000
4.601398 1.438086 8.204988 -33.740002 -2.940000 1.120000
4.656433 1.323231 8.322237 -15.820000 -0.770000 4.690000
4.572684 0.574277 8.104490 -10.570000 -1.750000 2.730000
4.843073 0.610170 7.941778 -13.930000 0.070000 3.080000
4.553542 0.131605 8.214561 -7.840000 -1.960000 3.220000
