2.323431 -9.080762 2.742175 -3.570000 -0.140000 -0.560000
2.323431 -9.080762 2.742175 -3.570000 -0.140000 -0.560000
2.323431 -9.080762 2.742175 -3.570000 -0.140000 -0.560000
2.333002 -9.238688 3.153740 23.590000 1.820000 -3.640000
2.333002 -9.238688 3.153740 23.590000 1.820000 -3.640000
2.333002 -9.238688 3.153740 23.590000 1.820000 -3.640000
2.333002 -9.238688 3.153740 23.590000 1.820000 -3.640000
2.459821 -9.714860 3.201597 57.610001 3.010000 -32.270000
2.545963 -9.360723 3.718446 66.709999 3.990000 -39.410000
2.885744 -9.054441 3.852444 71.750000 2.450000 -53.200001
2.885744 -9.054441 3.852444 71.750000 2.450000 -53.200001
3.261417 -9.013763 4.532006 113.260002 3.710000 -73.989998
2.931208 -9.202796 6.285945 124.459999 2.170000 -84.910004
4.067799 -7.338787 5.584848 159.110001 4.760000 -92.400002
4.242475 -5.955735 6.419943 100.239998 -1.470000 -89.529999
4.565506 -4.589434 6.776474 104.160004 3.430000 -84.840004
4.565506 -4.589434 6.776474 104.160004 3.430000 -84.840004
4.785645 -3.847659 6.953543 83.230003 0.280000 -83.160004
4.689932 -3.218346 7.156933 75.250000 -4.620000 -80.570000
5.156533 -2.254039 7.415358 92.470001 -3.150000 -76.860001
5.115855 -1.263410 7.580462 66.919998 -10.990000 -69.160004
5.357530 -0.564706 7.460821 69.720001 -13.160000 -59.639999
5.601598 0.361316 6.802795 47.599998 -15.540000 -52.150002
5.654240 0.650848 6.951149 56.490002 -11.970000 -44.450001
5.448457 0.897308 7.365108 49.630001 -2.240000 -40.529999
5.448457 0.897308 7.365108 49.630001 -2.240000 -40.529999
5.647062 1.390230 7.355537 32.130001 -4.060000 -28.559999
5.637490 1.392623 7.190433 27.580000 -0.700000 -19.879999
5.565705 1.665405 7.611568 3.990000 -3.500000 -7.910000
5.379066 1.177269 7.695317 10.570000 -2.520000 -5.810000
5.800202 1.308874 7.527820 6.160000 -1.400000 -6.300000
5.800202 1.308874 7.527820 6.160000 -1.400000 -6.300000
5.682954 1.232304 7.570890 -0.140000 -2.240000 -5.600000
5.752346 1.210768 7.477571 -2.520000 0.140000 -4.900000
5.752346 1.210768 7.477571 -2.520000 0.140000 -4.900000
5.699703 1.459622 7.599605 -5.950000 1.330000 -0.210000
5.699703 1.459622 7.599605 -5.950000 1.330000 -0.210000
5.778666 1.220340 7.441679 -3.290000 1.680000 -0.420000
5.766702 0.961915 7.424929 -9.520000 1.120000 0.140000
5.414958 1.170090 8.013563 -10.290000 0.070000 2.450000
5.749953 0.784846 7.489535 -13.860000 -1.470000 3.570000
5.821737 0.732204 7.475177 -3.710000 0.560000 3.150000
5.584848 1.069592 7.728817 -2.310000 2.520000 1.960000
5.405386 1.148555 7.822137 -20.719999 2.240000 4.130000
