1.445265 -9.638289 2.782853 5.250000 2.030000 0.560000
1.378266 -9.662218 2.677568 1.610000 2.030000 -1.330000
1.378266 -9.662218 2.677568 1.610000 2.030000 -1.330000
1.318445 -10.107283 2.926422 18.340000 1.540000 -10.570000
1.318445 -10.107283 2.926422 18.340000 1.540000 -10.570000
1.318445 -10.107283 2.926422 18.340000 1.540000 -10.570000
1.189233 -10.406385 2.955136 4.690000 13.160000 -34.160000
1.603191 -10.705488 3.452843 79.449997 16.870001 -55.230000
1.603191 -10.705488 3.452843 79.449997 16.870001 -55.230000
2.017149 -9.360723 4.938786 113.050003 12.530000 -76.860001
3.249453 -8.027920 5.450850 118.930000 3.850000 -85.610001
3.249453 -8.027920 5.450850 118.930000 3.850000 -85.610001
3.304488 -7.200003 5.816952 131.320007 -5.950000 -84.279999
3.546163 -5.206782 7.243074 137.690002 -3.710000 -78.820000
3.546163 -5.206782 7.243074 137.690002 -3.710000 -78.820000
3.728018 -4.448257 7.530212 114.590004 -9.660000 -68.879997
4.555934 -3.218346 7.192825 80.080002 -16.309999 -66.709999
4.555934 -3.218346 7.192825 80.080002 -16.309999 -66.709999
4.563113 -2.648855 7.621140 106.820000 -8.960000 -63.139999
4.563113 -2.648855 7.621140 106.820000 -8.960000 -63.139999
4.828716 -0.272782 7.511070 106.470001 -7.840000 -50.049999
4.969893 0.526421 7.515855 81.690002 -8.750000 -44.170002
5.288138 0.502493 7.238289 23.240000 -16.520000 -33.180000
5.436492 0.837488 7.427321 48.580002 -3.920000 -29.469999
5.436492 0.837488 7.427321 48.580002 -3.920000 -29.469999
5.280960 1.249053 7.532606 12.950000 1.960000 -19.110001
5.280960 1.249053 7.532606 12.950000 1.960000 -19.110001
5.230711 1.225125 7.752745 -5.740000 4.690000 -14.770000
5.115855 1.234696 8.102098 -5.110000 4.340000 -12.600000
5.027320 0.923629 8.097312 -6.580000 1.330000 -3.010000
5.027320 0.923629 8.097312 -6.580000 1.330000 -3.010000
5.197211 0.985843 8.154739 -7.420000 0.560000 -2.520000
5.163712 0.629312 8.178668 -2.030000 -0.210000 -1.190000
5.240282 0.674776 7.965706 -5.880000 0.490000 -1.750000
5.123034 0.598206 8.027920 -11.200000 -0.910000 -0.700000
5.123034 0.598206 8.027920 -11.200000 -0.910000 -0.700000
5.163712 0.679562 7.956135 -11.620000 0.840000 -1.400000
5.113462 0.631705 8.035098 -5.600000 1.680000 -2.100000
5.144568 0.966700 8.178668 -19.670000 0.490000 2.800000
5.144568 0.966700 8.178668 -19.670000 0.490000 2.800000
5.257031 0.997807 7.994420 -30.380001 -1.190000 5.530000
