1.813759 -9.533006 3.034099 0.210000 3.290000 -5.600000
2.060220 -9.379865 3.110669 4.480000 0.140000 -9.380000
2.060220 -9.379865 3.110669 4.480000 0.140000 -9.380000
2.033899 -9.549755 3.014957 12.460000 -1.330000 -10.290000
1.782653 -9.341579 2.299503 19.740000 -2.030000 -19.040001
1.782653 -9.341579 2.299503 19.740000 -2.030000 -19.040001
1.782653 -9.341579 2.299503 19.740000 -2.030000 -19.040001
2.249253 -9.142976 3.357130 120.540001 7.280000 -34.230000
2.249253 -9.142976 3.357130 120.540001 7.280000 -34.230000
2.292324 -8.494520 5.209175 117.250000 -0.420000 -61.599998
3.548556 -6.967900 5.891129 69.370003 -8.120000 -66.570000
4.146761 -7.046863 5.745167 69.930000 -12.040000 -65.309998
4.146761 -7.046863 5.745167 69.930000 -12.040000 -65.309998
3.952943 -6.644868 6.886543 111.230003 -7.070000 -69.230003
4.070191 -5.970093 6.726225 98.070000 -7.350000 -73.220001
4.266403 -4.766503 7.171289 100.379997 -9.310000 -77.840004
4.543970 -3.534199 7.166504 90.510002 -13.160000 -77.629997
4.826324 -2.773281 7.130611 79.800003 -14.490000 -74.340004
4.969893 -2.088934 7.183254 60.900002 -14.070000 -65.940002
5.252246 -1.344766 7.740781 69.230003 -17.360001 -59.500000
5.252246 -1.344766 7.740781 69.230003 -17.360001 -59.500000
5.285746 -1.016950 7.477571 73.080002 -13.370000 -55.439999
5.331209 -0.332602 6.979864 58.660000 -13.300000 -46.340000
5.257031 -0.086142 7.482357 43.400002 -6.790000 -38.639999
5.620740 0.244068 7.475177 28.000000 -8.680000 -36.259998
5.620740 0.406780 7.398607 6.230000 -5.180000 -20.090000
5.587241 0.421137 7.750352 7.280000 -6.090000 -17.360001
5.790630 0.713061 7.144968 8.820000 -2.870000 -13.790000
5.790630 0.713061 7.144968 8.820000 -2.870000 -13.790000
5.752346 0.579063 7.527820 -4.060000 -1.400000 -3.850000
5.931807 0.684347 7.168896 -11.830000 2.590000 -1.120000
5.630312 0.442672 7.537392 -8.190000 3.920000 1.960000
5.558527 0.076570 7.814958 -3.290000 2.660000 2.380000
5.845665 -0.083749 7.702496 -8.260000 2.800000 1.540000
