2.533999 -8.934800 3.790231 10.710000 2.520000 -14.280000
2.756532 -9.133404 4.295116 53.549999 3.360000 -34.790001
2.756532 -9.133404 4.295116 53.549999 3.360000 -34.790001
2.849852 -8.975478 3.929015 64.959999 2.660000 -39.549999
3.041277 -8.750552 5.163712 99.120003 3.010000 -54.180000
3.146562 -8.078169 5.929415 107.239998 5.950000 -66.010002
3.718446 -6.594619 6.881758 95.690002 1.820000 -73.919998
3.981657 -5.338387 6.687939 93.800003 0.770000 -76.090004
4.338188 -5.070391 7.283752 127.120003 -3.080000 -77.910004
4.264010 -3.773481 7.377072 112.209999 -0.700000 -85.540001
4.264010 -3.773481 7.377072 112.209999 -0.700000 -85.540001
4.713861 -2.916851 7.180861 93.730003 -6.300000 -82.180000
4.986642 -1.179662 7.750352 52.150002 -17.710001 -75.040001
5.108676 -0.662812 7.470392 56.139999 -18.690001 -68.110001
4.955536 -0.275175 7.601997 69.930000 -17.290001 -61.110001
5.603990 0.567099 7.245467 49.910000 -15.750000 -51.939999
5.603990 0.567099 7.245467 49.910000 -15.750000 -51.939999
5.690133 0.988236 7.219146 50.820000 -12.460000 -46.200001
5.455636 1.545763 7.123433 27.930000 -8.400000 -25.690001
5.331209 1.495514 7.587641 26.809999 -6.020000 -21.559999
5.630312 1.658226 7.353144 5.530000 -4.760000 -16.660000
5.520242 1.689333 7.496714 -3.850000 -3.780000 -7.770000
5.520242 1.689333 7.496714 -3.850000 -3.780000 -7.770000
5.592027 1.586441 7.549356 -3.570000 -5.250000 -5.950000
5.687739 1.368695 7.319644 1.470000 -3.430000 -3.920000
5.718846 1.316052 7.441679 -5.390000 -1.890000 1.050000
5.556134 1.172483 7.575676 -3.500000 -0.210000 1.050000
5.656632 0.911665 7.578069 -0.350000 2.450000 -1.540000
5.603990 1.048056 7.635497 -1.750000 2.380000 -2.170000
5.556134 1.158126 7.740781 -3.990000 -0.070000 -1.120000
5.556134 1.158126 7.740781 -3.990000 -0.070000 -1.120000
5.620740 1.141376 7.623533 2.240000 0.210000 -1.470000
5.651847 1.088734 7.518249 4.130000 1.260000 -1.050000
5.551349 1.268196 7.448857 -5.320000 1.190000 2.030000
5.649454 0.949951 7.544570 -7.490000 0.770000 3.500000
5.522634 0.885344 7.814958 0.560000 3.360000 2.870000
5.635098 1.127020 7.743174 -4.760000 2.520000 3.360000
