1.878366 -10.052249 3.804588 90.230003 -5.880000 -41.509998
2.105684 -9.406186 4.055835 119.910004 -2.380000 -52.150002
2.105684 -9.406186 4.055835 119.910004 -2.380000 -52.150002
2.512464 -8.860621 5.154140 114.239998 2.310000 -66.989998
3.074777 -8.047063 5.544170 76.860001 -6.510000 -73.639999
3.074777 -8.047063 5.544170 76.860001 -6.510000 -73.639999
3.792624 -6.563512 6.149554 86.660004 -7.700000 -87.500000
3.902694 -6.340980 6.532406 99.050003 -5.950000 -88.340004
4.438686 -5.199604 7.022934 88.129997 -4.900000 -96.459999
4.438686 -5.199604 7.022934 88.129997 -4.900000 -96.459999
4.974678 -4.218546 6.522834 90.510002 -7.560000 -91.419998
5.257031 -2.730211 6.953543 74.269997 -5.180000 -89.180000
5.608776 -1.732404 6.592227 58.099998 -7.770000 -79.309998
5.608776 -1.732404 6.592227 58.099998 -7.770000 -79.309998
5.465207 -0.356531 7.063612 54.110001 -5.600000 -64.050003
5.465207 -0.356531 7.063612 54.110001 -5.600000 -64.050003
5.419744 0.689133 7.384251 37.029999 2.030000 -29.610001
5.613562 1.280160 7.546963 -9.240000 -0.420000 -16.450001
5.637490 0.756132 7.508677 -8.400000 -0.350000 -10.290000
5.419744 0.165105 7.886744 -3.500000 1.820000 -5.040000
5.659025 -0.110070 7.697710 -18.620001 -0.560000 0.070000
5.659025 -0.110070 7.697710 -18.620001 -0.560000 0.070000
5.697310 -0.390030 7.692925 -1.400000 -0.490000 1.190000
5.714060 -0.461815 7.544570 -14.350000 1.190000 2.030000
5.618347 -0.401994 7.843673 -11.270000 1.960000 2.240000
5.618347 -0.401994 7.843673 -11.270000 1.960000 2.240000
5.654240 -0.492921 7.893922 -8.890000 0.420000 0.350000
5.726025 -0.497707 7.673782 -6.020000 -0.980000 0.350000
5.723632 -0.416351 7.733603 -11.270000 -1.820000 0.560000
5.587241 -0.689133 7.807780 -13.230000 -2.450000 1.820000
5.644669 -0.435494 7.678568 -6.090000 1.260000 2.800000
5.450850 -0.342174 7.819745 -7.490000 2.100000 3.780000
5.599205 -0.100499 7.740781 -15.120000 1.820000 11.130000
5.503492 -0.078963 7.814958 -25.129999 3.920000 18.549999
