1.753939 -9.095119 3.220739 2.240000 2.730000 -1.190000
1.610370 -9.401401 3.065206 22.330000 4.060000 -7.770000
1.610370 -9.401401 3.065206 22.330000 4.060000 -7.770000
1.725225 -9.461221 3.493521 42.209999 2.100000 -24.780001
1.794617 -10.363315 3.864408 71.330002 0.770000 -40.529999
1.990828 -9.049655 4.831109 90.790001 1.540000 -62.510002
1.990828 -9.049655 4.831109 90.790001 1.540000 -62.510002
2.713461 -9.202796 5.647062 109.760002 3.500000 -73.709999
2.713461 -9.202796 5.647062 109.760002 3.500000 -73.709999
3.718446 -6.632904 5.905487 87.779999 6.230000 -70.070000
3.632305 -6.405586 6.989435 92.680000 3.500000 -68.529999
3.909872 -5.630312 6.338587 76.230003 -1.470000 -68.529999
3.909872 -5.630312 6.338587 76.230003 -1.470000 -68.529999
4.168297 -5.264209 7.223931 94.989998 -2.800000 -76.930000
4.168297 -5.264209 7.223931 94.989998 -2.800000 -76.930000
4.268795 -4.668397 7.534998 66.500000 -16.240000 -82.180000
4.515256 -3.706482 7.616355 80.639999 -11.270000 -88.340004
5.075177 -1.998007 7.381857 57.049999 -20.719999 -85.610001
5.651847 -1.562513 7.271788 64.190002 -19.740000 -84.769997
5.271388 -1.091127 7.527820 74.410004 -14.560000 -85.120003
5.271388 -1.091127 7.527820 74.410004 -14.560000 -85.120003
5.271388 -0.222532 7.338787 40.810001 -20.230000 -77.629997
5.608776 0.945165 7.283752 42.349998 -16.309999 -66.220001
5.737988 1.619941 7.190433 26.110001 -18.690001 -54.599998
5.757132 1.500300 7.142576 15.050000 -18.900000 -49.910000
5.757132 1.500300 7.142576 15.050000 -18.900000 -49.910000
5.785845 2.038685 7.099504 18.760000 -11.480000 -28.000000
5.785845 2.038685 7.099504 18.760000 -11.480000 -28.000000
6.072984 2.361716 7.001399 11.830000 -10.710000 -23.730000
5.958128 2.383251 6.714260 -4.340000 -6.230000 -13.230000
5.845665 2.122434 7.008578 9.030000 -0.630000 -5.950000
5.821737 2.057827 7.188039 2.380000 0.770000 -2.660000
5.862415 2.024328 6.898508 -14.350000 0.420000 5.180000
5.766702 1.497907 7.415358 2.450000 2.380000 6.300000
6.068198 1.512264 7.319644 -1.470000 1.750000 6.300000
5.962914 1.263410 7.322037 -16.870001 -1.960000 10.850000
5.962914 1.263410 7.322037 -16.870001 -1.960000 10.850000
6.072984 0.981057 7.305287 1.330000 1.470000 6.650000
6.161518 0.983450 7.389036 -4.690000 0.490000 5.320000
6.178268 1.385444 7.300502 -15.260000 1.260000 7.840000
5.953342 1.122234 7.465607 -4.900000 2.450000 7.910000
6.051448 1.060020 7.542177 -4.550000 2.030000 8.260000
