1.895115 -8.640482 4.426722 8.190000 2.870000 -9.100000
2.146362 -9.253045 4.084548 28.280001 4.410000 -17.710001
2.002793 -9.128618 4.386044 49.700001 5.670000 -21.280001
2.225325 -8.434700 4.670790 41.439999 7.000000 -41.160000
2.239682 -8.525627 5.012963 58.380001 6.160000 -47.459999
2.464607 -8.097312 5.910272 72.730003 5.950000 -62.790001
2.464607 -8.097312 5.910272 72.730003 5.950000 -62.790001
2.550749 -7.791030 5.860023 31.219999 -3.920000 -64.680000
3.136991 -7.609176 5.895915 55.580002 -4.130000 -66.709999
3.527020 -6.209375 5.955735 100.590004 5.670000 -72.800003
3.584448 -5.680561 6.611369 75.739998 11.690000 -71.050003
3.584448 -5.680561 6.611369 75.739998 11.690000 -71.050003
4.292724 -5.091926 6.802795 67.199997 13.300000 -70.489998
4.292724 -5.091926 6.802795 67.199997 13.300000 -70.489998
4.378866 -3.864408 7.647461 76.440002 10.850000 -64.050003
4.658825 -3.086741 7.920243 75.250000 8.680000 -54.389999
4.658825 -3.086741 7.920243 75.250000 8.680000 -54.389999
4.546363 -1.007378 8.614161 55.299999 -4.830000 -48.720001
4.357330 -0.940379 8.606983 47.529999 -7.070000 -48.160000
4.931608 -0.081356 8.121240 38.360001 -6.930000 -44.099998
4.711468 0.404387 8.271988 52.080002 -2.730000 -37.660000
4.570292 0.708275 8.140383 44.799999 -3.010000 -34.650002
4.663611 0.918844 7.941778 21.559999 -3.780000 -25.059999
4.448257 1.136591 8.209774 31.010000 -0.070000 -19.320000
4.613362 1.323231 8.066205 28.350000 -0.070000 -16.240000
4.615755 1.392623 7.936993 -9.730000 4.480000 -1.470000
4.165904 0.770489 8.480164 -12.180000 8.050000 3.780000
4.553542 0.591027 8.719445 0.350000 3.920000 5.180000
4.517649 0.631705 8.681160 8.680000 3.570000 4.690000
4.575077 0.528814 8.616554 -7.280000 2.450000 2.310000
4.462614 0.638884 8.647661 -25.760000 -3.430000 4.970000
4.462614 0.638884 8.647661 -25.760000 -3.430000 4.970000
4.419543 0.406780 8.729016 -7.630000 -3.430000 4.550000
4.673182 0.313460 8.461020 -1.610000 -3.500000 1.820000
4.642076 0.217747 8.140383 -10.570000 -2.030000 1.540000
4.460221 0.332602 8.575876 -2.310000 -0.140000 0.700000
