1.820938 -8.896514 3.921836 4.690000 1.960000 -10.430000
1.885544 -8.824730 3.917051 16.030001 3.500000 -9.870000
1.789831 -8.827123 3.804588 17.920000 4.130000 -15.120000
1.789831 -8.827123 3.804588 17.920000 4.130000 -15.120000
2.045863 -9.164511 4.244867 27.020000 3.150000 -19.670000
1.777867 -8.951550 3.984050 18.129999 -1.330000 -28.350000
2.158326 -10.092925 4.807181 58.450001 3.080000 -51.029999
2.158326 -10.092925 4.807181 58.450001 3.080000 -51.029999
2.646462 -8.568698 5.575277 64.190002 0.630000 -61.599998
2.646462 -8.568698 5.575277 64.190002 0.630000 -61.599998
3.364309 -7.939385 5.257031 51.939999 0.420000 -66.919998
3.381058 -7.903493 5.656632 78.680000 7.420000 -75.180000
3.790231 -7.178468 5.984450 76.860001 8.120000 -82.040001
3.739982 -7.075576 6.501299 87.849998 10.500000 -84.349998
4.197011 -5.728417 5.953342 84.209999 5.950000 -88.620003
4.539185 -4.912465 6.544370 73.639999 7.490000 -86.309998
4.539185 -4.912465 6.544370 73.639999 7.490000 -86.309998
4.828716 -4.395615 6.391229 63.139999 5.390000 -83.440002
5.237889 -2.615355 7.453642 58.869999 -5.670000 -78.889999
4.706682 -1.844866 7.491928 54.110001 -11.620000 -66.849998
5.273781 -1.543371 7.604390 30.730000 -14.980000 -61.389999
5.120641 -1.258625 7.334002 35.279999 -14.280000 -59.080002
5.386244 -0.789631 7.250252 38.849998 -11.060000 -54.670002
5.386244 -0.789631 7.250252 38.849998 -11.060000 -54.670002
5.788238 0.071785 7.293324 23.660000 -10.290000 -45.709999
6.034698 0.306281 7.415358 3.920000 -5.320000 -33.880001
6.044270 0.636491 7.561320 11.270000 -6.860000 -24.430000
5.589634 0.342174 7.834101 24.780001 -6.020000 -21.139999
5.589634 0.342174 7.834101 24.780001 -6.020000 -21.139999
5.998806 0.567099 7.087541 -5.880000 -7.140000 -15.540000
5.950950 0.368495 7.374680 3.080000 -4.620000 -5.810000
6.094519 0.547956 7.298109 -8.050000 -1.190000 -1.680000
5.934200 -0.009571 7.475177 0.490000 1.890000 0.140000
5.821737 0.105284 7.484749 -9.520000 2.030000 0.840000
5.927022 0.028714 7.499106 -9.590000 -1.820000 6.020000
6.123233 -0.217747 7.305287 -15.610000 -2.800000 5.250000
6.017949 0.047856 7.403394 -19.110001 -2.240000 6.860000
5.814559 -0.342174 7.558927 2.730000 0.700000 6.790000
