2.060220 -9.425328 3.337988 9.170000 -1.190000 -9.450000
1.933401 -9.521042 3.168097 17.010000 0.910000 -14.070000
2.148755 -9.446864 3.349952 24.430000 0.350000 -17.150000
1.974079 -8.949157 2.699104 34.580002 2.940000 -21.840000
2.017149 -9.403792 3.347559 55.160000 4.340000 -32.549999
2.237289 -8.654840 3.759124 65.590004 6.300000 -41.930000
2.330609 -9.042477 3.531806 76.580002 7.000000 -45.990002
3.050849 -8.432307 5.371887 105.489998 13.090000 -67.269997
3.311667 -7.628319 5.084748 96.110001 20.090000 -69.300003
3.730411 -6.647261 6.527620 92.750000 17.290001 -69.370003
3.730411 -6.647261 6.527620 92.750000 17.290001 -69.370003
3.900301 -6.372087 6.872187 92.680000 16.240000 -71.260002
3.890730 -5.747560 7.685746 72.239998 -2.310000 -73.570000
3.783052 -5.192425 7.927422 58.660000 -6.370000 -76.230003
4.761717 -4.388437 7.434500 53.340000 -12.670000 -76.019997
4.761717 -4.388437 7.434500 53.340000 -12.670000 -76.019997
4.902894 -3.309274 7.424929 56.700001 -10.220000 -74.340004
4.902894 -3.309274 7.424929 56.700001 -10.220000 -74.340004
5.194818 -2.337788 7.676175 57.540001 -8.820000 -68.669998
5.474778 -1.375873 7.633104 52.009998 -7.700000 -67.900002
5.187639 -0.473779 7.240681 57.540001 -7.000000 -57.470001
5.395815 -0.062213 7.482357 51.099998 -6.230000 -51.029999
5.627919 0.545564 7.243074 23.799999 -9.240000 -43.750000
5.627919 0.545564 7.243074 23.799999 -9.240000 -43.750000
5.620740 1.012164 7.178468 20.160000 -5.460000 -26.180000
5.414958 0.734596 7.628319 20.860001 -2.590000 -18.270000
5.678168 0.866202 7.367501 0.980000 -3.290000 -9.450000
5.438886 0.387637 7.487142 -1.680000 -0.490000 1.820000
5.601598 0.196211 7.891530 5.530000 3.010000 3.920000
5.580062 -0.193819 7.781459 -5.040000 0.910000 4.480000
5.891129 -0.382852 7.532606 -8.750000 -1.190000 6.160000
5.726025 -0.576670 7.604390 9.520000 2.380000 2.240000
5.575277 -0.468993 7.893922 -2.870000 0.070000 1.470000
5.580062 -0.392423 7.609176 3.640000 0.980000 -2.450000
5.580062 -0.392423 7.609176 3.640000 0.980000 -2.450000
5.580062 -0.392423 7.609176 3.640000 0.980000 -2.450000
5.850451 -0.203390 7.633104 -9.660000 -3.290000 0.490000
5.850451 -0.203390 7.633104 -9.660000 -3.290000 0.490000
5.850451 -0.203390 7.633104 -9.660000 -3.290000 0.490000
5.850451 -0.203390 7.633104 -9.660000 -3.290000 0.490000
5.850451 -0.203390 7.633104 -9.660000 -3.290000 0.490000
5.850451 -0.203390 7.633104 -9.660000 -3.290000 0.490000
5.601598 -0.126820 7.922636 -21.139999 2.590000 11.340000
