1.689333 -8.551948 3.917051 7.210000 -0.070000 -5.530000
1.689333 -8.551948 3.917051 7.210000 -0.070000 -5.530000
1.686940 -9.647861 4.012764 19.530001 -0.840000 -19.040001
1.878366 -9.052048 3.881158 30.730000 0.070000 -29.680000
2.124826 -9.774680 3.962514 71.400002 -4.270000 -47.250000
2.112862 -10.116854 4.893322 96.389999 0.700000 -57.820000
2.830709 -8.796017 5.316852 57.400002 -3.010000 -66.150002
2.830709 -8.796017 5.316852 57.400002 -3.010000 -66.150002
3.220739 -8.384450 5.498707 88.760002 0.350000 -71.959999
3.345166 -6.805188 5.651847 51.939999 0.280000 -75.739998
3.730411 -6.798009 5.965307 83.790001 6.790000 -78.680000
3.737589 -6.398407 6.003592 79.870003 7.840000 -82.529999
3.735196 -5.929415 6.692725 70.209999 5.740000 -87.220001
4.376472 -4.589434 6.759724 67.900002 5.530000 -87.010002
4.376472 -4.589434 6.759724 67.900002 5.530000 -87.010002
4.764110 -3.371487 7.324430 47.599998 0.630000 -78.120003
4.764110 -3.371487 7.324430 47.599998 0.630000 -78.120003
5.194818 -2.495714 7.434500 43.049999 0.490000 -72.029999
5.194818 -2.495714 7.434500 43.049999 0.490000 -72.029999
5.292924 -1.325624 7.343572 41.790001 -11.690000 -59.849998
5.190032 -1.220340 7.587641 31.430000 -14.630000 -56.209999
5.565705 -0.849452 7.310073 35.000000 -10.010000 -48.860001
5.685347 -0.308674 7.061220 27.230000 -7.630000 -39.970001
5.685347 -0.308674 7.061220 27.230000 -7.630000 -39.970001
5.702096 -0.110070 7.250252 32.410000 -5.600000 -34.090000
5.874380 -0.174676 7.542177 19.530001 -4.970000 -29.889999
5.852845 0.160319 7.590034 14.980000 -3.360000 -22.610001
5.802595 0.236889 7.532606 23.660000 -3.360000 -19.320000
5.802595 0.236889 7.532606 23.660000 -3.360000 -19.320000
5.802595 0.236889 7.532606 23.660000 -3.360000 -19.320000
6.037091 0.193819 7.539784 0.910000 -1.540000 -7.840000
5.955735 -0.009571 7.465607 -17.360001 -5.670000 -1.680000
5.831308 0.327817 7.546963 -20.580000 -6.580000 2.800000
5.812167 0.100499 7.779066 -5.040000 -2.940000 5.460000
5.898308 -0.368495 7.398607 -2.590000 1.330000 7.000000
5.912664 -0.617348 7.219146 -7.700000 2.030000 8.680000
5.721239 -0.665205 8.013563 -3.640000 5.320000 7.770000
5.721239 -0.665205 8.013563 -3.640000 5.320000 7.770000
5.922236 -0.693919 7.841280 -9.870000 2.100000 6.930000
5.867201 -0.485743 7.755138 -13.860000 -0.560000 6.300000
