1.483550 -9.418150 3.842873 14.560000 2.520000 -2.590000
1.356731 -9.616754 3.996014 4.130000 -1.120000 -10.290000
1.320838 -9.604790 3.665804 6.510000 -2.100000 -18.830000
1.320838 -9.604790 3.665804 6.510000 -2.100000 -18.830000
1.880759 -9.494720 3.943372 58.660000 -3.150000 -39.130001
1.880759 -9.494720 3.943372 58.660000 -3.150000 -39.130001
2.024328 -9.121440 4.242475 78.750000 -4.410000 -52.220001
2.586641 -8.793623 5.113462 97.510002 0.210000 -64.190002
2.543570 -7.642675 5.477170 69.650002 -1.470000 -66.080002
3.249453 -7.200003 5.673382 61.810001 -3.500000 -66.430000
3.148954 -7.460821 6.285945 60.830002 -1.260000 -72.309998
3.469593 -6.970293 5.996413 74.059998 -5.390000 -75.110001
4.137190 -5.974878 6.455836 98.629997 -4.200000 -82.389999
4.627719 -4.058227 6.829116 78.470001 -6.090000 -76.230003
4.780859 -3.445665 6.958328 95.620003 -3.780000 -68.949997
4.780859 -3.445665 6.958328 95.620003 -3.780000 -68.949997
4.541577 -2.251646 7.549356 105.910004 1.050000 -66.150002
4.943572 -1.131805 7.733603 73.989998 -7.560000 -47.740002
4.969893 -0.457029 7.786245 47.250000 -8.680000 -43.259998
5.391029 0.263210 7.467999 24.710001 -10.640000 -32.130001
5.022535 0.126820 7.958528 33.180000 -7.840000 -23.379999
5.302495 0.193819 7.609176 6.790000 -4.900000 -15.750000
5.335995 0.184247 7.692925 -5.810000 -4.620000 -10.150000
5.300103 -0.394816 7.786245 -6.860000 0.490000 -0.490000
5.300103 -0.394816 7.786245 -6.860000 0.490000 -0.490000
5.412565 -0.404387 7.649854 -13.720000 2.310000 2.100000
5.242674 -0.595813 7.886744 -6.370000 3.570000 3.360000
5.364708 -0.830309 7.910671 -6.020000 4.760000 1.120000
5.278566 -0.617348 7.814958 -12.670000 3.640000 2.660000
5.450850 -0.937986 7.939385 -4.200000 2.800000 -0.140000
5.450850 -0.937986 7.939385 -4.200000 2.800000 -0.140000
5.405386 -0.457029 8.066205 -10.500000 1.470000 1.330000
5.130211 -0.827917 8.250452 0.490000 1.190000 1.820000
5.386244 -0.957129 7.807780 -10.780000 0.140000 0.560000
