1.758725 -8.860621 3.718446 34.299999 8.680000 -28.770000
1.758725 -8.860621 3.718446 34.299999 8.680000 -28.770000
2.359323 -8.207381 4.426722 67.269997 4.340000 -49.770000
2.359323 -8.207381 4.426722 67.269997 4.340000 -49.770000
2.615355 -8.544770 4.079762 72.730003 4.480000 -52.709999
2.067399 -8.803195 5.783452 111.440002 7.490000 -69.860001
2.983850 -8.044669 5.594419 47.529999 -4.060000 -71.540001
3.495914 -7.168896 6.896115 74.480003 -3.220000 -82.599998
3.495914 -7.168896 6.896115 74.480003 -3.220000 -82.599998
3.909872 -6.003592 6.546762 66.360001 -8.050000 -81.620003
4.280759 -5.381458 6.920043 73.779999 2.660000 -89.110001
4.280759 -5.381458 6.920043 73.779999 2.660000 -89.110001
4.713861 -3.938586 6.613762 79.169998 0.560000 -83.370003
4.823930 -3.373880 7.367501 52.009998 -5.600000 -84.769997
5.146961 -2.297110 7.719246 55.439999 -9.520000 -77.209999
5.146961 -2.297110 7.719246 55.439999 -9.520000 -77.209999
5.331209 -1.380659 7.561320 36.610001 -15.960000 -76.300003
5.532206 -0.765703 7.286145 43.540001 -16.870001 -67.900002
5.522634 -0.588634 7.324430 41.720001 -16.940001 -66.709999
5.654240 0.521635 7.283752 50.470001 -9.730000 -50.820000
5.728417 0.863809 7.116255 39.130001 -9.590000 -45.709999
6.053841 1.131805 7.341179 30.590000 -9.870000 -36.680000
5.895915 1.442872 6.941578 11.130000 -8.400000 -27.299999
5.950950 1.466800 7.061220 11.270000 -9.030000 -24.080000
6.061020 2.053042 6.965507 -2.380000 -3.850000 -8.890000
6.171089 1.725225 7.101898 -3.430000 -3.640000 -5.110000
6.259624 1.572084 7.233503 1.890000 2.240000 -2.940000
6.010770 1.715654 7.271788 -14.140000 0.280000 4.340000
5.862415 1.265803 7.379465 -11.480000 -1.820000 7.770000
6.080163 0.557528 7.070791 -13.860000 -2.660000 7.350000
6.185446 0.323031 7.188039 -2.100000 -0.420000 2.450000
6.218946 0.937986 7.068398 -2.520000 1.680000 0.700000
6.084948 0.705883 7.367501 0.630000 2.030000 0.980000
5.979663 0.725025 7.444071 -2.310000 0.980000 1.190000
5.979663 0.725025 7.444071 -2.310000 0.980000 1.190000
6.130411 0.844666 7.491928 -6.230000 -1.050000 1.960000
6.068198 0.698704 7.489535 0.280000 -1.890000 1.680000
6.120840 0.803988 7.319644 -0.840000 -2.940000 3.220000
6.089733 0.736989 7.159326 -5.250000 -2.380000 2.730000
6.087341 0.715454 7.252645 -1.890000 -0.910000 2.240000
