1.497907 -9.207582 3.716053 2.660000 5.810000 -15.610000
1.792224 -9.198010 3.881158 12.250000 6.790000 -23.590000
1.495514 -9.415757 4.409972 69.370003 4.130000 -37.380001
1.495514 -9.415757 4.409972 69.370003 4.130000 -37.380001
1.823331 -8.841480 4.740182 76.300003 3.640000 -40.599998
2.254039 -8.623734 5.209175 64.610001 9.590000 -40.389999
2.572284 -7.661818 5.142176 68.180000 7.840000 -46.200001
2.572284 -7.661818 5.142176 68.180000 7.840000 -46.200001
2.433501 -8.137990 5.862415 69.300003 5.880000 -53.270000
2.634498 -7.549356 6.329016 85.330002 4.970000 -62.160000
2.849852 -6.541977 6.857830 87.500000 7.280000 -70.349998
2.849852 -6.541977 6.857830 87.500000 7.280000 -70.349998
2.799603 -5.979663 7.056434 53.900002 -4.200000 -74.199997
3.570091 -5.682954 7.123433 53.480000 -2.170000 -73.570000
3.653840 -4.847858 7.278966 78.470001 14.700000 -72.730003
4.517649 -3.388237 7.448857 61.320000 6.300000 -64.610001
4.711468 -2.672783 7.448857 41.439999 2.240000 -59.080002
4.364508 -2.584249 8.224132 28.700001 -3.010000 -53.970001
4.364508 -2.584249 8.224132 28.700001 -3.010000 -53.970001
4.713861 -1.828116 8.142776 40.110001 -3.850000 -51.170002
4.400401 -1.406980 8.044669 47.250000 -2.730000 -46.830002
4.555934 -1.481157 8.181061 1.540000 -9.590000 -42.209999
4.553542 -0.945165 8.341379 14.420000 -5.600000 -40.880001
4.534399 -0.524028 8.336594 20.790001 -8.050000 -38.080002
4.534399 -0.524028 8.336594 20.790001 -8.050000 -38.080002
4.931608 -0.705883 7.996813 -2.170000 -3.360000 -30.240000
4.797609 -0.411566 8.386844 14.350000 -0.490000 -23.940001
4.912465 -0.088534 8.152347 18.969999 0.350000 -20.930000
4.878965 -0.052642 8.137990 -9.240000 -1.680000 -6.930000
4.742575 -0.296710 8.283953 -2.380000 -0.070000 -2.730000
4.656433 -0.497707 8.264810 -15.260000 -3.570000 2.170000
4.811966 -0.600598 8.044669 -13.090000 -3.220000 3.990000
4.773681 -0.933201 8.018349 -3.010000 -0.070000 2.730000
4.773681 -0.933201 8.018349 -3.010000 -0.070000 2.730000
4.790431 -1.007378 8.023134 -10.640000 0.420000 4.410000
4.869394 -1.019342 8.319844 -6.160000 1.610000 5.320000
4.807181 -1.158126 8.190632 -15.120000 0.770000 5.180000
4.910072 -1.052842 8.032705 -9.310000 0.210000 7.210000
