1.574477 -9.150154 3.481557 23.240000 3.990000 -15.820000
1.677369 -9.248260 4.012764 22.889999 6.090000 -24.850000
1.677369 -9.248260 4.012764 22.889999 6.090000 -24.850000
1.899901 -9.008978 3.967300 31.219999 6.300000 -27.930000
2.110470 -8.446664 3.988836 56.279999 5.180000 -37.240002
2.280360 -8.614161 4.972286 86.029999 10.570000 -45.920002
2.653640 -7.379465 4.756931 80.919998 11.410000 -48.020000
2.311467 -8.755339 5.491528 91.699997 7.700000 -59.849998
2.672783 -7.987241 6.498906 105.349998 8.260000 -67.199997
2.672783 -7.987241 6.498906 105.349998 8.260000 -67.199997
3.182454 -7.192825 7.590034 80.570000 -3.430000 -76.510002
3.182454 -7.192825 7.590034 80.570000 -3.430000 -76.510002
3.182454 -7.192825 7.590034 80.570000 -3.430000 -76.510002
3.182454 -7.192825 7.590034 80.570000 -3.430000 -76.510002
3.601198 -5.903094 7.429714 71.400002 -5.180000 -80.360001
4.448257 -4.096512 7.164111 58.869999 -8.400000 -82.739998
4.290331 -3.984050 7.893922 82.250000 -6.370000 -85.330002
4.687540 -2.792424 7.472785 65.800003 -11.830000 -89.320000
4.687540 -2.792424 7.472785 65.800003 -11.830000 -89.320000
4.792823 -1.859223 7.685746 44.450001 -19.250000 -81.340004
4.687540 -1.751546 7.910671 63.560001 -19.320000 -80.779999
5.257031 -0.763310 7.578069 48.720001 -24.570000 -80.290001
5.749953 0.421137 7.484749 43.680000 -26.670000 -66.849998
5.632704 1.270589 6.977471 32.130001 -21.559999 -55.369999
5.532206 1.189233 6.833901 58.099998 -11.130000 -45.290001
5.647062 1.615155 6.936793 29.610001 -8.680000 -40.950001
5.766702 1.916651 7.441679 8.960000 -8.610000 -28.559999
5.771489 2.091327 7.027720 18.549999 -2.730000 -21.139999
5.838487 1.966900 7.326823 -6.930000 -5.460000 -7.630000
6.159126 1.612763 7.259824 -6.440000 -2.590000 -3.150000
6.159126 1.612763 7.259824 -6.440000 -2.590000 -3.150000
5.692525 1.421337 7.326823 -2.520000 -2.100000 2.800000
5.912664 1.036092 7.532606 -7.000000 -1.470000 0.490000
5.936593 0.909273 7.200003 -20.790001 -0.770000 0.700000
5.924629 1.004985 7.324430 -7.700000 -1.470000 0.560000
6.065805 1.210768 7.630712 -19.389999 -0.840000 -0.210000
6.065805 1.210768 7.630712 -19.389999 -0.840000 -0.210000
5.740381 1.043271 7.728817 -4.760000 -1.820000 2.170000
6.099305 0.882952 7.293324 0.840000 -0.070000 -0.140000
5.848059 1.172483 7.841280 -9.590000 -1.680000 2.100000
6.128019 1.055235 7.369894 -8.400000 -1.750000 2.800000
