2.088934 -8.688338 3.460021 -3.430000 2.450000 -6.370000
2.187040 -9.040084 3.072384 32.900002 10.080000 -12.740000
1.981257 -9.126225 3.603590 57.119999 12.320000 -24.290001
1.981257 -9.126225 3.603590 57.119999 12.320000 -24.290001
2.201397 -9.267403 3.862016 63.279999 10.990000 -34.160000
2.455036 -9.236296 4.646862 77.910004 14.980000 -47.389999
2.553142 -8.736196 4.759324 104.160004 13.230000 -56.209999
2.553142 -8.736196 4.759324 104.160004 13.230000 -56.209999
3.024528 -8.331808 5.319244 113.820000 17.360001 -58.170002
3.192025 -7.255038 5.757132 113.540001 21.280001 -61.810001
3.192025 -7.255038 5.757132 113.540001 21.280001 -61.810001
3.739982 -6.178268 6.530013 88.760002 17.219999 -60.200001
3.783052 -5.639884 7.448857 111.930000 15.120000 -61.180000
3.864408 -4.694718 7.661818 95.340004 5.390000 -58.520000
3.864408 -4.694718 7.661818 95.340004 5.390000 -58.520000
3.962514 -3.649055 8.281559 80.779999 -1.470000 -54.250000
3.998406 -3.146562 8.078169 74.620003 -6.020000 -49.490002
4.168297 -2.768496 7.814958 83.930000 1.260000 -47.599998
4.182654 -2.062613 7.697710 79.239998 4.760000 -43.959999
4.436293 -1.337588 7.948956 79.169998 3.920000 -40.320000
4.280759 -1.294517 8.051848 74.410004 1.820000 -38.009998
4.280759 -1.294517 8.051848 74.410004 1.820000 -38.009998
4.448257 -0.772882 8.465806 70.279999 1.190000 -39.130001
4.340580 -0.074178 8.798409 62.510002 -7.560000 -33.250000
4.266403 0.538385 8.707481 42.910000 -11.200000 -29.260000
4.682754 0.815953 8.169096 25.969999 -9.450000 -23.940001
4.682754 0.815953 8.169096 25.969999 -9.450000 -23.940001
4.634897 1.012164 8.080563 24.150000 -5.530000 -21.980000
4.498507 1.184447 8.360522 -1.820000 -0.490000 -12.460000
4.433900 1.325624 8.578269 -8.470000 0.070000 -9.170000
4.565506 1.308874 8.544770 0.490000 -3.570000 -4.970000
4.555934 0.947558 8.039884 -8.470000 -0.560000 -1.890000
4.465007 1.277767 8.015956 -20.510000 -0.350000 -1.330000
4.252046 0.918844 8.839087 -1.820000 4.690000 -0.420000
4.199404 1.098306 8.779266 13.440001 9.380000 -0.070000
4.335794 0.995414 8.193025 5.670000 9.100000 0.840000
4.335794 0.995414 8.193025 5.670000 9.100000 0.840000
4.130012 0.887737 9.040084 -2.520000 4.690000 1.120000
4.388437 1.344766 8.671589 -5.740000 2.730000 4.970000
