-1.890330 -0.521635 9.513863 -6.930000 6.580000 4.620000
-1.854438 -0.418744 9.633504 -3.780000 6.860000 5.670000
-1.940579 -0.488136 9.918249 -10.150000 5.670000 4.270000
-1.830509 -0.361316 10.159925 -11.480000 0.350000 4.550000
-1.957329 -0.373280 10.188639 -11.480000 -1.820000 4.410000
-1.952543 -0.399601 11.866007 -0.140000 -11.130000 3.080000
-1.612763 -0.370888 13.718053 -12.670000 -38.220001 6.510000
-1.887937 0.090927 14.053047 -2.940000 -58.799999 4.410000
-1.751546 -0.055035 14.208582 -6.370000 -73.290001 6.300000
-1.600798 -0.193819 13.344771 -18.900000 -93.590004 7.700000
-1.600798 -0.193819 13.344771 -18.900000 -93.590004 7.700000
-1.239482 -0.401994 12.241680 -4.270000 -107.309998 11.340000
-0.842274 -0.373280 11.849257 -2.380000 -113.050003 11.550000
-0.842274 -0.373280 11.849257 -2.380000 -113.050003 11.550000
-0.165105 -0.607777 11.231910 11.970000 -120.190002 12.180000
-0.110070 -0.215354 10.980663 14.420000 -118.230003 16.799999
1.036092 -0.607777 10.236496 -2.170000 -130.479996 13.790000
1.189233 -0.478565 10.001998 10.570000 -141.610001 13.020000
1.189233 -0.478565 10.001998 10.570000 -141.610001 13.020000
1.189233 -0.478565 10.001998 10.570000 -141.610001 13.020000
2.076970 -0.449851 8.949157 20.299999 -143.009995 12.390000
4.740182 -1.232304 3.285345 -34.720001 -161.839996 6.440000
5.766702 -1.521835 3.385844 33.040001 -136.500000 -1.890000
5.398208 -1.014557 2.967100 30.309999 -128.029999 -2.800000
5.398208 -1.014557 2.967100 30.309999 -128.029999 -2.800000
5.398208 -1.014557 2.967100 30.309999 -128.029999 -2.800000
5.398208 -1.014557 2.967100 30.309999 -128.029999 -2.800000
5.398208 -1.014557 2.967100 30.309999 -128.029999 -2.800000
5.398208 -1.014557 2.967100 30.309999 -128.029999 -2.800000
5.398208 -1.014557 2.967100 30.309999 -128.029999 -2.800000
5.398208 -1.014557 2.967100 30.309999 -128.029999 -2.800000
5.398208 -1.014557 2.967100 30.309999 -128.029999 -2.800000
5.398208 -1.014557 2.967100 30.309999 -128.029999 -2.800000
5.398208 -1.014557 2.967100 30.309999 -128.029999 -2.800000
5.398208 -1.014557 2.967100 30.309999 -128.029999 -2.800000
5.398208 -1.014557 2.967100 30.309999 -128.029999 -2.800000
9.470792 -0.059821 -2.469393 -2.660000 -13.860000 -10.430000
9.911072 0.363709 -1.907080 6.860000 -7.770000 -7.980000
9.705289 0.679562 -1.562513 7.560000 2.660000 -7.210000
10.018748 0.885344 -1.299303 -0.210000 4.690000 -2.660000
