2.734996 -9.008978 3.034099 20.440001 11.550000 -42.209999
2.569891 -8.410772 4.455436 55.369999 15.400000 -67.059998
2.569891 -8.410772 4.455436 55.369999 15.400000 -67.059998
3.560520 -8.681160 3.735196 81.410004 16.030001 -73.639999
3.527020 -8.080563 5.053641 82.739998 17.360001 -81.129997
3.646662 -7.594819 5.350351 38.709999 12.670000 -78.680000
3.646662 -7.594819 5.350351 38.709999 12.670000 -78.680000
4.718646 -6.206983 5.484349 81.830002 14.630000 -76.019997
4.036692 -6.269196 6.628119 49.139999 1.260000 -81.690002
5.333601 -5.108676 6.199803 63.070000 -2.660000 -82.879997
5.333601 -5.108676 6.199803 63.070000 -2.660000 -82.879997
4.926822 -5.230711 6.290731 72.870003 -1.120000 -79.940002
5.580062 -4.063013 6.474977 58.099998 2.310000 -74.900002
6.178268 -4.225725 6.082555 64.260002 -0.070000 -65.590004
6.178268 -4.225725 6.082555 64.260002 -0.070000 -65.590004
6.187840 -3.646662 6.482157 68.599998 5.740000 -70.910004
5.972485 -2.112862 7.479963 94.709999 5.320000 -62.090000
5.855237 -1.993221 7.092326 74.269997 -0.770000 -61.740002
5.855237 -1.993221 7.092326 74.269997 -0.770000 -61.740002
6.204589 -1.351945 6.608976 15.330000 -11.130000 -53.760002
6.013163 -0.167498 7.200003 72.590004 0.210000 -49.139999
6.281159 0.258425 6.853044 1.540000 -6.020000 -33.529999
6.597012 0.258425 7.137790 38.849998 1.050000 -26.320000
6.597012 0.258425 7.137790 38.849998 1.050000 -26.320000
6.613762 0.478565 7.039684 54.320000 7.070000 -25.200001
6.580262 1.064806 6.979864 -2.240000 0.980000 -13.160000
6.013163 0.133998 8.070991 7.630000 -2.730000 -5.390000
6.726225 0.478565 6.403193 -27.090000 -3.570000 -3.850000
6.266802 0.251246 7.542177 -22.400000 -5.670000 3.430000
6.209375 -0.133998 7.226324 -8.260000 -5.110000 1.540000
6.439085 0.016750 6.613762 -29.260000 -2.590000 5.810000
6.329016 -0.473779 7.302894 -17.500000 -0.140000 7.490000
6.417551 -0.622134 6.881758 -16.730000 2.450000 5.530000
6.417551 -0.622134 6.881758 -16.730000 2.450000 5.530000
6.407979 -0.863809 7.173682 -6.860000 4.200000 5.810000
6.407979 -0.863809 7.173682 -6.860000 4.200000 5.810000
6.484549 -0.454636 7.099504 1.890000 11.060000 6.440000
6.616155 -0.198604 7.527820 -31.990000 15.050000 12.740000
6.355337 -0.275175 7.700103 -48.509998 14.210000 18.690001
