1.619941 -9.592826 1.885544 -0.420000 -0.560000 0.420000
1.473979 -9.896714 1.866402 -0.070000 0.140000 1.120000
1.464408 -9.829715 1.933401 6.930000 0.770000 0.770000
1.416551 -10.329816 1.957329 21.980000 3.430000 -7.770000
1.416551 -10.329816 1.957329 21.980000 3.430000 -7.770000
1.447658 -10.248460 2.026721 27.230000 4.130000 -11.620000
1.284946 -10.549955 2.093720 20.650000 8.400000 -23.379999
1.823331 -10.061819 2.395216 65.169998 10.430000 -48.720001
2.335395 -9.765109 3.620341 76.230003 10.010000 -56.700001
2.335395 -9.765109 3.620341 76.230003 10.010000 -56.700001
2.718246 -8.461020 3.773481 66.849998 6.510000 -62.930000
2.679961 -8.733803 4.441079 47.950001 4.130000 -63.420002
3.201597 -8.817552 3.885944 70.349998 1.120000 -68.459999
3.084348 -8.551948 4.283153 50.540001 -6.370000 -75.599998
3.914658 -7.264609 4.972286 76.930000 -2.170000 -86.379997
4.096512 -6.752545 4.857430 40.529999 -17.430000 -85.400002
4.673182 -6.848258 4.630112 63.910000 -18.480000 -85.050003
4.673182 -6.848258 4.630112 63.910000 -18.480000 -85.050003
5.063213 -5.115855 5.185246 51.380001 -9.800000 -79.379997
5.630312 -4.469792 5.955735 77.139999 3.290000 -62.860001
6.034698 -3.586841 5.639884 29.960001 -1.470000 -49.070000
6.034698 -3.586841 5.639884 29.960001 -1.470000 -49.070000
6.008378 -3.651447 5.615955 47.740002 -1.680000 -39.480000
5.690133 -3.589234 6.419943 50.189999 3.220000 -36.119999
6.240481 -3.218346 5.680561 -1.680000 0.140000 -18.690001
6.061020 -3.455236 6.290731 2.730000 4.340000 -17.150000
6.522834 -3.177669 5.649454 -21.070000 5.040000 -6.370000
6.139983 -3.610770 6.415157 -6.370000 7.980000 -2.940000
6.005985 -3.505485 6.577869 -3.710000 6.300000 -0.770000
6.005985 -3.505485 6.577869 -3.710000 6.300000 -0.770000
6.005985 -3.505485 6.577869 -3.710000 6.300000 -0.770000
5.881558 -4.297509 6.484549 -11.270000 -4.480000 5.320000
5.881558 -4.297509 6.484549 -11.270000 -4.480000 5.320000
6.099305 -4.151547 6.046663 -22.120001 -3.710000 8.120000
6.025128 -4.386044 5.749953 -27.860001 -3.150000 9.730000
6.044270 -4.508078 6.252446 -0.140000 1.470000 8.050000
6.032306 -4.431508 5.869594 -13.790000 3.150000 11.060000
