1.265803 -9.583255 2.646462 -9.170000 -0.840000 -0.980000
1.339981 -9.784252 2.421536 -23.100000 -0.700000 -5.670000
1.385444 -10.298709 2.699104 -39.480000 1.120000 -14.140000
1.335195 -10.317852 2.778067 -37.590000 0.840000 -22.540001
1.335195 -10.317852 2.778067 -37.590000 0.840000 -22.540001
1.335195 -10.317852 2.778067 -37.590000 0.840000 -22.540001
1.335195 -10.317852 2.778067 -37.590000 0.840000 -22.540001
1.531406 -10.262815 1.677369 17.500000 6.440000 -47.459999
1.531406 -10.262815 1.677369 17.500000 6.440000 -47.459999
2.117648 -10.652846 1.509871 74.550003 7.280000 -66.290001
2.117648 -10.652846 1.509871 74.550003 7.280000 -66.290001
2.117648 -10.652846 1.509871 74.550003 7.280000 -66.290001
3.335595 -9.403792 3.704089 71.260002 6.720000 -90.090004
3.629912 -7.807780 2.277967 18.270000 -2.520000 -78.330002
4.409972 -8.647661 2.857030 67.129997 8.470000 -81.900002
3.974478 -7.762317 4.137190 49.000000 4.900000 -83.580002
4.788038 -7.276574 4.835894 128.100006 12.600000 -78.470001
4.788038 -7.276574 4.835894 128.100006 12.600000 -78.470001
5.089533 -6.355337 4.721039 94.010002 10.010000 -78.820000
5.541777 -5.900701 4.333402 12.600000 -0.140000 -61.250000
6.355337 -4.240082 5.201996 48.509998 8.190000 -54.110001
6.357729 -3.802195 5.319244 15.890000 0.140000 -28.000000
6.242875 -3.998406 5.185246 2.100000 4.550000 -15.960000
6.101698 -4.225725 5.560920 -10.710000 5.530000 -8.120000
5.924629 -4.656433 5.860023 -17.080000 2.100000 3.080000
5.924629 -4.656433 5.860023 -17.080000 2.100000 3.080000
5.900701 -5.178068 5.728417 -9.660000 -2.800000 2.030000
6.039484 -5.814559 5.242674 -21.350000 -2.870000 2.520000
6.111269 -5.592027 4.811966 -6.230000 3.220000 -0.770000
6.020342 -5.417351 5.175675 -8.050000 6.300000 -0.140000
6.020342 -5.417351 5.175675 -8.050000 6.300000 -0.140000
6.171089 -5.438886 5.362316 -4.480000 6.930000 0.210000
6.113662 -5.642276 5.398208 -1.190000 6.230000 0.490000
6.089733 -5.757132 5.295317 -20.650000 1.610000 2.240000
5.907879 -5.723632 5.213961 -7.420000 1.680000 1.050000
6.168696 -5.422136 4.814359 -10.570000 0.420000 1.680000
5.958128 -5.596812 5.316852 -10.710000 1.680000 2.660000
6.084948 -5.726025 4.960321 -5.950000 3.710000 4.060000
6.084948 -5.726025 4.960321 -5.950000 3.710000 4.060000
5.982057 -5.680561 4.977071 -3.010000 3.640000 4.620000
