1.804188 -9.176475 3.414558 23.379999 2.100000 -6.650000
1.844866 -9.399008 3.010171 13.370000 4.340000 -5.460000
1.844866 -9.399008 3.010171 13.370000 4.340000 -5.460000
1.684547 -10.535598 3.646662 70.489998 3.080000 -26.600000
1.684547 -10.535598 3.646662 70.489998 3.080000 -26.600000
2.093720 -9.305687 3.967300 41.160000 3.290000 -42.349998
2.304288 -9.300901 4.835894 112.419998 6.580000 -56.070000
2.553142 -8.374879 5.127820 110.459999 9.170000 -61.810001
2.553142 -8.374879 5.127820 110.459999 9.170000 -61.810001
2.797210 -8.501699 4.953143 67.900002 5.320000 -64.120003
3.086741 -8.549555 5.728417 100.309998 5.530000 -81.480003
3.086741 -8.549555 5.728417 100.309998 5.530000 -81.480003
3.460021 -6.472585 6.618547 103.739998 2.100000 -97.230003
3.754339 -6.128019 7.022934 90.720001 -1.820000 -99.540001
3.885944 -4.620540 7.250252 71.959999 -7.420000 -99.120003
3.885944 -4.620540 7.250252 71.959999 -7.420000 -99.120003
3.885944 -4.620540 7.250252 71.959999 -7.420000 -99.120003
5.221139 -2.122434 7.068398 44.450001 -11.200000 -71.050003
5.221139 -2.122434 7.068398 44.450001 -11.200000 -71.050003
5.395815 -1.579263 7.592427 40.250000 -9.380000 -71.260002
5.350351 -1.170090 7.673782 50.889999 -12.600000 -63.490002
5.285746 -0.227318 7.685746 43.049999 -15.540000 -61.880001
5.307281 -0.102891 7.501499 21.420000 -23.030001 -58.240002
6.068198 0.327817 7.188039 18.270000 -23.170000 -49.980000
6.156733 1.067199 6.675975 24.850000 -17.850000 -43.119999
6.271588 1.268196 6.778866 36.820000 -14.280000 -37.939999
6.269196 1.682154 6.716653 26.670000 -4.060000 -27.860001
6.161518 1.624727 6.955935 14.560000 -0.560000 -16.940001
6.171089 1.550549 7.173682 14.000000 1.680000 -12.740000
5.749953 1.351945 7.465607 -6.930000 1.050000 -4.690000
6.168696 0.952343 7.302894 3.080000 -2.030000 -1.750000
6.216553 1.060020 7.379465 5.250000 -1.050000 -1.820000
5.972485 1.024128 7.195218 -9.380000 -1.400000 1.190000
6.039484 0.887737 7.427321 -0.700000 -3.640000 2.800000
6.228518 0.631705 7.190433 -11.270000 -1.610000 0.840000
6.192625 0.684347 7.350751 -3.920000 -1.820000 0.770000
6.340980 0.765703 7.030113 -12.250000 -0.420000 -0.560000
6.340980 0.765703 7.030113 -12.250000 -0.420000 -0.560000
6.221339 0.777667 7.298109 -14.490000 -3.290000 2.940000
6.010770 0.684347 7.243074 3.570000 -0.070000 3.430000
6.092126 1.040878 7.154540 -0.910000 2.450000 2.940000
