3.069991 -8.906086 3.158526 -5.180000 0.210000 -0.420000
3.000600 -9.064013 3.058028 -0.910000 -0.490000 -1.190000
3.141776 -8.614161 3.433701 10.080000 -0.420000 -1.680000
3.141776 -8.614161 3.433701 10.080000 -0.420000 -1.680000
3.136991 -8.798409 3.113062 -3.570000 -2.520000 -0.350000
3.110669 -8.985049 2.964707 -3.080000 -0.770000 -0.910000
3.189633 -8.659625 3.445665 6.860000 -1.890000 -2.030000
3.077170 -8.743374 3.163311 0.630000 0.210000 -0.070000
3.215954 -8.721838 3.206382 -0.490000 0.980000 -0.350000
3.170490 -8.654840 3.259024 7.070000 -0.210000 -0.980000
3.091527 -8.748159 3.483950 -2.030000 0.630000 -0.770000
3.096312 -8.731410 3.280560 -3.220000 0.630000 -0.700000
3.201597 -8.652447 3.220739 3.570000 0.630000 -0.140000
3.120241 -8.772088 3.639483 1.050000 1.400000 0.140000
3.067599 -8.958728 3.555735 2.030000 1.890000 0.560000
2.993421 -7.968100 4.256832 -42.630001 1.330000 12.250000
2.969493 -9.150154 3.457629 -75.320000 -1.470000 13.160000
3.366701 -9.042477 2.600998 -55.020000 -4.480000 16.799999
2.167897 -8.800802 2.744568 -98.209999 -0.070000 18.549999
2.880959 -11.897114 0.605384 -115.290001 -2.590000 6.930000
1.653440 -8.611769 -0.148355 -104.300003 -10.920000 36.610001
1.433301 -10.384850 -1.198804 -68.110001 -5.110000 18.620001
2.964707 -9.547362 -0.358923 28.910000 -5.250000 1.960000
2.964707 -9.547362 -0.358923 28.910000 -5.250000 1.960000
2.000400 -10.667203 -0.591027 -4.270000 -3.640000 3.150000
2.225325 -9.879964 0.758525 9.450000 -1.750000 0.280000
2.292324 -9.932607 0.500100 2.590000 -2.590000 -1.330000
2.292324 -9.932607 0.500100 2.590000 -2.590000 -1.330000
2.062613 -9.836893 0.124427 -0.280000 -0.420000 0.070000
2.184647 -9.841680 0.148355 0.350000 1.120000 -1.680000
2.187040 -9.485149 0.480957 4.900000 -0.560000 -1.610000
2.112862 -9.475577 0.074178 2.030000 -0.070000 -0.700000
2.112862 -9.475577 0.074178 2.030000 -0.070000 -0.700000
2.184647 -9.556933 0.449851 2.240000 0.490000 0.770000
2.194218 -9.700503 0.361316 2.660000 0.350000 0.560000
2.153540 -9.671788 0.624527 12.880000 -0.350000 -0.070000
2.153540 -9.671788 0.624527 12.880000 -0.350000 -0.070000
2.175076 -9.537791 0.418744 7.210000 0.630000 0.630000
2.251646 -9.604790 0.684347 6.300000 -0.420000 0.210000
2.084148 -9.559326 0.799203 4.690000 -1.610000 -1.120000
