3.055635 -8.477771 3.933800 2.310000 0.980000 0.140000
3.177669 -8.571091 3.699304 -0.070000 0.420000 -0.980000
3.060420 -8.578269 4.144369 7.490000 -0.070000 -0.350000
3.108276 -8.606983 4.060620 4.410000 -1.260000 -0.420000
3.074777 -8.635696 3.610770 -4.410000 -0.490000 -1.890000
3.074777 -8.635696 3.610770 -4.410000 -0.490000 -1.890000
3.146562 -8.595018 3.921836 3.920000 -0.140000 -2.380000
3.184847 -8.681160 3.732803 5.810000 1.120000 -1.190000
3.184847 -8.681160 3.732803 5.810000 1.120000 -1.190000
3.151347 -8.386844 4.141976 6.370000 2.380000 -0.350000
3.026921 -8.420342 4.465007 -4.970000 1.330000 2.030000
3.115455 -8.336594 3.361916 -109.340004 6.510000 19.740000
2.900101 -9.092726 2.751746 -131.880005 4.900000 21.700001
3.136991 -6.805188 2.787638 -147.000000 -8.330000 35.139999
3.136991 -6.805188 2.787638 -147.000000 -8.330000 35.139999
1.962115 -7.594819 0.971486 -168.699997 -16.309999 44.520000
2.402394 -10.530812 -1.710868 -0.140000 -0.630000 7.420000
2.517249 -9.803394 0.801596 7.490000 -1.890000 8.540000
2.227718 -10.595419 0.897308 -4.340000 -1.540000 9.170000
2.093720 -10.645668 -0.490529 -6.720000 -3.500000 4.690000
2.093720 -10.645668 -0.490529 -6.720000 -3.500000 4.690000
2.146362 -10.420743 0.112463 3.360000 -0.910000 0.140000
2.187040 -10.167104 -0.004786 6.930000 -3.500000 -0.630000
2.093720 -9.779467 0.200997 6.440000 -2.030000 -2.590000
2.132005 -9.561719 0.050249 -2.450000 -1.820000 -3.010000
2.132005 -9.561719 0.050249 -2.450000 -1.820000 -3.010000
2.201397 -9.655040 -0.136391 -5.600000 -0.630000 -3.150000
2.201397 -9.655040 -0.136391 -5.600000 -0.630000 -3.150000
2.163112 -9.446864 0.401994 -0.700000 -1.680000 -1.400000
2.163112 -9.446864 0.401994 -0.700000 -1.680000 -1.400000
2.421536 -9.767502 0.040678 -1.610000 -2.310000 -0.070000
2.421536 -9.767502 0.040678 -1.610000 -2.310000 -0.070000
2.421536 -9.767502 0.040678 -1.610000 -2.310000 -0.070000
2.421536 -9.767502 0.040678 -1.610000 -2.310000 -0.070000
2.234896 -9.671788 -0.105284 -2.310000 -1.050000 -0.210000
2.234896 -9.671788 -0.105284 -2.310000 -1.050000 -0.210000
2.237289 -9.652647 -0.136391 -5.670000 -0.770000 0.140000
2.151148 -9.595219 -0.186640 -1.050000 -1.050000 -0.280000
2.206182 -9.812965 -0.196211 -1.120000 0.070000 -0.140000
2.222932 -9.789038 0.157926 -1.190000 -1.190000 -0.140000
2.194218 -9.702895 -0.129212 -1.890000 -0.490000 -0.140000
2.239682 -9.860823 -0.284746 1.890000 0.700000 -0.420000
