2.897708 -8.920443 3.177669 -0.350000 0.490000 -0.980000
2.897708 -8.920443 3.177669 -0.350000 0.490000 -0.980000
2.866602 -8.961121 3.007778 6.650000 0.700000 -1.470000
2.797210 -8.446664 3.136991 5.670000 -0.070000 -1.960000
2.962314 -8.958728 3.093920 -3.990000 -0.280000 -0.560000
2.938386 -8.762517 3.101098 3.850000 -0.420000 0.770000
2.991028 -8.733803 3.055635 4.340000 -1.120000 0.980000
2.991028 -8.733803 3.055635 4.340000 -1.120000 0.980000
2.919244 -9.018548 3.232704 -13.580000 -0.770000 0.350000
2.919244 -9.018548 3.232704 -13.580000 -0.770000 0.350000
2.878566 -9.066404 3.141776 -4.200000 1.610000 3.080000
2.878566 -9.066404 3.141776 -4.200000 1.610000 3.080000
2.983850 -8.336594 2.825923 -105.910004 6.720000 19.389999
2.983850 -8.336594 2.825923 -105.910004 6.720000 19.389999
1.356731 -8.472985 -0.636491 -109.059998 -11.690000 37.590000
1.356731 -8.472985 -0.636491 -109.059998 -11.690000 37.590000
2.600998 -9.777073 -0.258425 7.420000 -0.560000 4.690000
2.600998 -9.777073 -0.258425 7.420000 -0.560000 4.690000
2.002793 -10.281959 0.191426 -9.590000 -5.460000 6.790000
1.942972 -10.492528 -0.567099 -11.130000 -3.290000 3.360000
2.026721 -10.236496 -0.122034 7.140000 -1.400000 -0.700000
2.081756 -10.049855 0.031107 3.010000 -1.750000 0.070000
2.081756 -10.049855 0.031107 3.010000 -1.750000 0.070000
1.978864 -9.923036 -0.177069 -0.280000 -0.910000 -1.050000
2.105684 -9.784252 -0.165105 5.740000 -0.700000 -1.260000
2.105684 -9.784252 -0.165105 5.740000 -0.700000 -1.260000
1.998007 -9.678967 -0.208176 4.970000 -0.770000 -1.190000
1.883151 -9.473185 0.150748 7.280000 -0.420000 -1.190000
1.885544 -9.628718 -0.169890 2.450000 1.120000 0.140000
2.012364 -9.458827 -0.119641 0.490000 -0.980000 -0.420000
2.182254 -9.671788 0.143569 7.560000 -0.420000 -0.140000
2.122434 -9.836893 0.083749 -0.070000 -0.140000 1.750000
2.067399 -9.781858 -0.122034 0.770000 -0.560000 1.680000
2.096112 -9.858429 0.124427 6.020000 -0.700000 1.050000
2.007578 -9.990034 -0.033500 -0.770000 0.210000 0.630000
2.007578 -9.990034 -0.033500 -0.770000 0.210000 0.630000
2.074577 -9.774680 0.062213 2.800000 -0.420000 -0.770000
2.086541 -9.884750 0.167498 3.850000 0.350000 -1.820000
2.033899 -9.377472 0.368495 6.650000 -0.700000 -1.750000
