3.002992 -9.037691 3.414558 -0.630000 -0.350000 0.700000
2.943172 -8.322237 3.979264 -1.260000 -0.980000 -1.890000
3.010171 -8.865408 3.476771 -3.780000 -0.070000 2.870000
2.964707 -8.721838 3.814159 7.840000 -0.490000 0.070000
3.058028 -8.767302 3.529413 -6.300000 -1.890000 -0.770000
3.058028 -8.767302 3.529413 -6.300000 -1.890000 -0.770000
3.000600 -8.489735 3.479164 3.360000 -1.960000 0.210000
3.007778 -8.824730 3.548556 -9.940000 0.840000 0.700000
3.007778 -8.824730 3.548556 -9.940000 0.840000 0.700000
2.979064 -9.284152 3.328416 -15.540000 2.380000 2.730000
2.900101 -9.827322 2.450250 -73.150002 -0.350000 7.630000
3.060420 -9.114261 2.773281 -74.620003 0.280000 8.050000
3.060420 -9.114261 2.773281 -74.620003 0.280000 8.050000
3.160919 -8.915657 2.912065 -113.330002 -4.130000 17.150000
2.624927 -7.544570 1.397408 -168.770004 -14.000000 33.740002
1.540978 -9.796216 -1.775474 -88.129997 -5.250000 25.969999
2.610569 -9.997212 -1.502693 21.070000 0.700000 6.090000
2.459821 -9.568897 0.177069 19.740000 0.140000 10.850000
2.459821 -9.568897 0.177069 19.740000 0.140000 10.850000
2.009971 -9.667004 0.038285 -3.500000 -3.570000 7.770000
2.050649 -9.777073 -0.459422 -11.620000 -2.170000 6.860000
2.038685 -10.475778 -0.562313 -5.110000 -1.260000 6.650000
1.945365 -9.894321 -0.129212 0.420000 -0.560000 0.980000
2.041078 -10.301102 -0.327817 -3.850000 -0.210000 1.470000
2.117648 -10.219746 -0.449851 2.870000 -1.540000 -0.420000
2.117648 -10.219746 -0.449851 2.870000 -1.540000 -0.420000
1.830509 -10.226924 -0.294317 10.990000 -0.140000 -2.240000
2.031506 -9.930215 -0.136391 1.610000 -1.470000 -3.430000
2.000400 -9.736395 -0.179462 7.350000 0.280000 -3.500000
2.017149 -9.420543 0.220140 6.020000 -0.700000 -3.710000
2.124826 -9.820145 -0.102891 0.420000 0.560000 -2.520000
2.043471 -9.521042 -0.311067 8.680000 1.050000 -2.940000
2.175076 -9.422935 0.222532 11.550000 -0.910000 -3.710000
2.220540 -9.659825 -0.011964 -0.910000 -0.490000 0.700000
2.007578 -9.934999 -0.026321 7.840000 2.240000 0.350000
2.191825 -9.717253 -0.009571 10.430000 2.240000 -1.750000
