2.476572 -8.937192 3.692125 -0.700000 2.240000 2.800000
2.440679 -9.037691 3.495914 -0.700000 2.030000 3.570000
2.464607 -8.827123 3.436093 2.030000 1.750000 4.620000
2.464607 -8.827123 3.436093 2.030000 1.750000 4.620000
2.304288 -10.100104 3.347559 -31.990000 3.780000 9.660000
2.304288 -10.100104 3.347559 -31.990000 3.780000 9.660000
2.423929 -8.338986 3.816552 -38.360001 1.260000 16.940001
2.201397 -9.913465 1.864009 -87.150002 -1.680000 14.980000
1.390230 -7.822137 3.445665 -57.820000 0.070000 28.490000
1.390230 -7.822137 3.445665 -57.820000 0.070000 28.490000
2.347359 -9.595219 0.555135 -62.650002 -6.370000 15.680000
2.347359 -9.595219 0.555135 -62.650002 -6.370000 15.680000
1.306481 -9.741181 -0.404387 -79.449997 -17.219999 24.920000
1.244268 -10.344172 -1.572084 -41.160000 -13.860000 18.129999
1.574477 -10.983055 -0.133998 38.009998 -8.610000 12.880000
1.574477 -10.983055 -0.133998 38.009998 -8.610000 12.880000
0.964308 -10.109675 0.768096 14.840000 -11.830000 14.910000
0.959522 -10.116854 0.574277 16.870001 -18.480000 17.219999
0.825524 -10.262815 0.619741 29.469999 -8.470000 10.010000
0.894916 -10.456635 0.552742 7.840000 3.710000 5.180000
0.808774 -10.195816 0.859023 1.610000 7.210000 -3.430000
0.808774 -10.195816 0.859023 1.610000 7.210000 -3.430000
0.914058 -10.174281 0.844666 -6.020000 4.060000 -2.730000
0.870987 -10.219746 0.710668 3.500000 0.560000 -2.240000
0.945165 -10.133603 0.643669 0.420000 -1.050000 -1.120000
0.885344 -10.013963 0.763310 8.680000 -1.120000 -3.010000
0.885344 -10.013963 0.763310 8.680000 -1.120000 -3.010000
0.856631 -9.626326 1.172483 3.430000 0.420000 -3.290000
0.784846 -9.865608 0.808774 -2.240000 1.540000 -2.940000
0.897308 -9.872787 0.825524 4.480000 1.540000 -3.850000
