2.644069 -8.901299 3.400201 3.710000 1.610000 -1.960000
2.718246 -8.817552 3.433701 1.260000 0.910000 -2.170000
2.782853 -9.061620 3.531806 6.930000 0.630000 -1.330000
2.780460 -8.884550 3.558127 5.180000 -0.210000 -3.010000
2.656033 -8.918050 3.562913 7.700000 -1.330000 -2.940000
2.861816 -8.678767 3.445665 -4.550000 -1.050000 0.840000
2.861816 -8.678767 3.445665 -4.550000 -1.050000 0.840000
2.842674 -8.506484 3.548556 -23.799999 2.520000 5.180000
2.763710 -8.951550 3.443272 -57.540001 4.550000 7.350000
2.809174 -6.831509 2.273181 -134.399994 -12.250000 39.549999
2.053042 -8.286345 1.502693 -118.300003 -14.490000 41.160000
1.567299 -9.121440 0.406780 -96.739998 -15.260000 24.219999
1.567299 -9.121440 0.406780 -96.739998 -15.260000 24.219999
2.431108 -10.265208 -1.354338 -7.700000 -4.970000 9.660000
2.244468 -9.597611 0.055035 15.330000 -1.680000 6.510000
2.019542 -9.942179 0.323031 -8.540000 -3.920000 5.810000
1.938186 -10.102496 0.040678 -18.549999 -2.590000 3.500000
2.072184 -9.968499 -0.160319 7.420000 -3.010000 -1.050000
2.055435 -9.635897 0.311067 6.230000 -1.960000 -0.560000
1.986043 -9.970891 0.282353 -2.800000 -1.260000 -0.700000
1.986043 -9.970891 0.282353 -2.800000 -1.260000 -0.700000
2.072184 -9.492328 0.509671 4.480000 -1.470000 -2.240000
2.189433 -9.585647 0.155533 1.890000 -1.820000 -1.260000
2.189433 -9.585647 0.155533 1.890000 -1.820000 -1.260000
2.081756 -9.671788 -0.004786 -2.030000 -0.630000 -0.350000
2.120041 -9.655040 0.066999 -1.820000 -0.140000 -0.980000
2.081756 -9.554541 0.184247 0.700000 -0.840000 -0.490000
1.971686 -9.846465 0.306281 7.350000 0.490000 1.470000
2.210968 -9.810574 0.196211 3.990000 -0.980000 1.190000
2.086541 -9.786645 0.114855 -3.920000 0.070000 -0.980000
1.976472 -9.573684 0.138784 1.330000 -0.070000 -1.120000
1.976472 -9.573684 0.138784 1.330000 -0.070000 -1.120000
2.115255 -9.891929 0.088534 1.890000 -0.700000 0.070000
2.084148 -10.040283 0.071785 9.100000 0.630000 0.070000
2.043471 -9.487542 0.445065 6.580000 1.540000 -1.400000
