3.148954 -8.513663 3.409772 -5.180000 -2.100000 -0.910000
3.194418 -8.654840 3.108276 -6.160000 -0.630000 0.140000
3.175276 -8.551948 3.196811 -4.200000 -0.980000 0.840000
3.175276 -8.551948 3.196811 -4.200000 -0.980000 0.840000
3.139383 -8.516055 3.203990 -1.750000 -0.280000 1.960000
3.139383 -8.516055 3.203990 -1.750000 -0.280000 1.960000
3.230310 -9.320045 2.689533 -3.780000 0.490000 1.680000
2.974278 -8.630912 3.311667 -28.350000 2.380000 3.430000
3.194418 -9.934999 2.366502 -80.430000 3.220000 5.390000
3.366701 -9.255438 2.249253 -95.620003 3.220000 11.200000
2.708675 -8.793623 0.839881 -122.290001 -19.950001 38.500000
2.708675 -8.793623 0.839881 -122.290001 -19.950001 38.500000
2.215754 -10.557133 -1.232304 -15.540000 1.120000 6.790000
2.737389 -9.698111 0.165105 18.129999 -2.030000 9.310000
2.737389 -9.698111 0.165105 18.129999 -2.030000 9.310000
2.234896 -10.229317 0.485743 -5.810000 0.420000 6.790000
2.234896 -10.229317 0.485743 -5.810000 0.420000 6.790000
2.340181 -10.506885 -0.033500 0.140000 0.490000 3.220000
2.249253 -10.274779 0.203390 -0.770000 0.560000 1.470000
2.225325 -10.100104 0.660419 3.220000 -0.070000 -1.960000
2.225325 -10.100104 0.660419 3.220000 -0.070000 -1.960000
2.251646 -9.669396 0.126820 -1.050000 -3.710000 -1.190000
2.127219 -9.547362 0.059821 7.980000 -1.470000 -2.450000
2.112862 -9.327222 0.559920 1.750000 -1.540000 -2.870000
2.304288 -9.638289 0.074178 -5.180000 -1.540000 -1.610000
2.371287 -9.480364 0.212961 6.160000 -1.050000 0.420000
2.376073 -9.669396 0.442672 8.190000 -0.700000 0.280000
2.292324 -9.815358 0.471386 0.350000 -1.540000 0.560000
2.309074 -9.705289 0.323031 -1.330000 -1.470000 0.910000
2.309074 -9.705289 0.323031 -1.330000 -1.470000 0.910000
2.318645 -9.667004 0.337388 -1.610000 -0.910000 -0.140000
2.337788 -9.846465 0.119641 2.590000 -0.490000 -0.350000
2.225325 -9.820145 0.385244 10.010000 0.280000 -0.700000
