2.780460 -8.937192 3.060420 12.460000 -0.210000 -2.800000
2.868994 -9.001799 3.182454 8.610000 0.700000 -2.240000
2.852244 -8.891729 3.153740 5.600000 0.140000 -3.500000
2.852244 -8.891729 3.153740 5.600000 0.140000 -3.500000
2.895315 -9.071191 3.230310 4.620000 -0.980000 -3.220000
2.895315 -9.071191 3.230310 4.620000 -0.980000 -3.220000
2.900101 -8.906086 3.120241 2.310000 0.770000 -2.170000
2.842674 -8.726624 3.263810 7.070000 0.490000 -2.450000
2.840281 -8.736196 3.237489 7.840000 1.820000 -2.170000
2.840281 -8.736196 3.237489 7.840000 1.820000 -2.170000
2.962314 -8.472985 3.369094 -28.980000 4.340000 3.990000
2.864209 -9.482756 3.069991 -58.730000 3.850000 5.460000
2.864209 -9.482756 3.069991 -58.730000 3.850000 5.460000
2.892922 -10.040283 2.354537 -78.470001 2.940000 4.130000
3.390630 -8.815158 1.162912 -190.680008 -18.059999 30.870001
3.390630 -8.815158 1.162912 -190.680008 -18.059999 30.870001
1.509871 -11.531013 -3.888337 -87.989998 -4.410000 19.600000
1.509871 -11.531013 -3.888337 -87.989998 -4.410000 19.600000
2.091327 -10.214959 -0.126820 -12.600000 -3.430000 7.000000
1.938186 -10.408779 -0.973879 3.710000 0.420000 1.260000
1.938186 -10.408779 -0.973879 3.710000 0.420000 1.260000
2.191825 -10.040283 -0.363709 11.060000 0.280000 1.050000
2.117648 -9.777073 -0.093320 7.000000 -1.120000 1.400000
2.079363 -9.994821 -0.519243 3.220000 2.100000 0.700000
2.091327 -9.793823 -0.320638 5.250000 1.610000 -0.840000
2.091327 -9.793823 -0.320638 5.250000 1.610000 -0.840000
2.108077 -9.693325 -0.023928 13.510000 -1.050000 -1.540000
2.108077 -9.693325 -0.023928 13.510000 -1.050000 -1.540000
2.084148 -9.856036 -0.416351 4.200000 -0.840000 -1.190000
2.158326 -9.592826 -0.105284 0.910000 -1.400000 -0.630000
2.199004 -9.449257 -0.267996 2.030000 -2.800000 -0.490000
2.112862 -9.489935 0.124427 8.890000 -1.330000 -0.630000
2.194218 -9.621540 -0.086142 -0.910000 -1.470000 0.910000
2.227718 -9.817751 -0.394816 -2.450000 -1.260000 0.350000
2.208575 -9.669396 -0.220140 1.120000 -0.560000 -0.770000
2.208575 -9.669396 -0.220140 1.120000 -0.560000 -0.770000
2.146362 -9.805787 -0.138784 -0.490000 -1.050000 -0.350000
2.251646 -10.071390 -0.299103 -0.910000 -0.140000 -0.420000
2.251646 -10.071390 -0.299103 -0.910000 -0.140000 -0.420000
2.237289 -9.772287 -0.287139 1.050000 0.140000 -1.470000
