2.890530 -8.492127 3.493521 4.900000 0.350000 0.700000
2.950350 -9.145369 2.950350 -1.120000 1.680000 2.520000
2.857030 -8.444271 3.270989 10.920000 1.400000 2.310000
2.857030 -8.444271 3.270989 10.920000 1.400000 2.310000
2.900101 -9.250652 3.273381 -3.080000 0.210000 0.280000
2.928815 -8.915657 3.086741 5.740000 0.840000 -1.190000
2.816352 -8.956335 3.259024 4.340000 0.070000 -3.500000
2.816352 -8.956335 3.259024 4.340000 0.070000 -3.500000
2.914458 -8.980263 3.067599 -3.850000 2.030000 1.190000
2.873780 -9.355937 3.134598 -25.059999 5.460000 3.150000
2.921637 -8.944371 3.639483 -88.550003 6.720000 15.260000
2.945565 -7.898707 0.519243 -183.119995 -19.389999 50.610001
0.765703 -8.303094 -0.681954 -121.520004 -4.130000 41.790001
0.765703 -8.303094 -0.681954 -121.520004 -4.130000 41.790001
2.368894 -10.348958 -0.368495 35.349998 -4.130000 10.570000
2.132005 -8.678767 0.916451 24.850000 -0.770000 15.890000
1.818545 -10.392029 0.440279 -24.150000 -0.210000 19.389999
1.897508 -10.932807 -0.464208 10.990000 1.820000 4.130000
1.914258 -10.090532 0.253639 -0.140000 -2.170000 6.510000
1.770689 -10.459028 -0.277567 2.450000 -0.840000 -0.070000
1.749153 -9.891929 0.256032 7.910000 -0.630000 -0.980000
1.768296 -9.583255 0.153141 2.660000 0.490000 1.120000
1.768296 -9.583255 0.153141 2.660000 0.490000 1.120000
1.746760 -9.899107 -0.059821 -4.340000 2.450000 -0.070000
1.672583 -9.990034 0.043071 -3.290000 2.940000 -1.540000
1.698904 -9.944571 0.162712 8.680000 0.630000 -1.540000
1.698904 -9.944571 0.162712 8.680000 0.630000 -1.540000
1.691726 -9.884750 0.189033 -6.230000 0.700000 -0.770000
1.749153 -9.863215 -0.028714 0.560000 1.540000 -1.190000
1.777867 -9.604790 0.148355 -2.310000 0.840000 -0.700000
1.713261 -9.710074 0.303888 -2.240000 0.770000 -0.070000
1.701297 -9.980463 0.337388 3.010000 0.560000 -0.350000
1.663012 -9.982857 0.203390 6.510000 0.560000 -1.960000
1.773082 -9.700503 0.406780 6.300000 -0.840000 -2.450000
1.773082 -9.700503 0.406780 6.300000 -0.840000 -2.450000
1.828116 -9.592826 0.531207 -1.750000 -1.610000 -0.840000
1.730011 -9.913465 0.267996 0.070000 -0.210000 -3.360000
