3.077170 -8.623734 3.460021 1.260000 2.100000 0.070000
3.041277 -8.781659 3.393023 2.730000 -0.070000 -0.140000
3.041277 -8.781659 3.393023 2.730000 -0.070000 -0.140000
2.979064 -8.671589 3.424129 -2.030000 0.210000 0.350000
3.074777 -8.879765 3.404987 -8.190000 1.190000 1.470000
3.010171 -8.621340 3.452843 2.660000 2.100000 3.080000
2.861816 -9.777073 2.959922 -32.970001 2.240000 3.500000
3.129812 -7.293324 3.993621 -17.570000 5.110000 14.560000
3.129812 -7.293324 3.993621 -17.570000 5.110000 14.560000
2.778067 -10.255639 2.187040 -93.449997 3.990000 6.370000
3.158526 -10.425529 1.129412 -110.809998 8.190000 3.990000
2.146362 -7.700103 3.132205 -126.629997 5.810000 27.370001
1.828116 -6.479764 1.318445 -133.490005 -11.550000 45.639999
2.141576 -11.358729 -2.677568 -28.770000 -4.340000 14.910000
2.141576 -11.358729 -2.677568 -28.770000 -4.340000 14.910000
2.155933 -8.973085 0.638884 31.150000 -1.890000 17.080000
2.184647 -9.990034 0.763310 11.270000 -3.710000 16.309999
1.763510 -10.681561 -0.313460 -0.210000 -1.330000 9.730000
1.792224 -10.528419 -0.299103 6.300000 -1.680000 8.050000
1.715654 -10.289137 -0.011964 5.320000 0.210000 5.740000
1.636691 -10.224532 0.483350 4.900000 -1.610000 3.640000
1.856830 -10.030712 -0.203390 2.240000 -3.220000 0.630000
1.579263 -9.568897 0.215354 0.490000 -4.270000 -2.870000
1.708475 -9.868000 -0.217747 -3.430000 -4.760000 -2.520000
1.708475 -9.868000 -0.217747 -3.430000 -4.760000 -2.520000
1.696511 -9.827322 -0.380459 3.570000 -3.010000 -2.100000
1.670190 -9.583255 0.112463 6.020000 -0.630000 -1.680000
1.708475 -9.571291 0.071785 -0.280000 -1.540000 -2.100000
1.746760 -9.578469 0.038285 4.060000 -0.840000 -0.840000
1.746760 -9.578469 0.038285 4.060000 -0.840000 -0.840000
1.746760 -9.578469 0.038285 4.060000 -0.840000 -0.840000
1.907080 -9.487542 -0.016750 0.280000 -1.400000 -0.630000
1.756332 -9.973285 -0.186640 0.840000 -0.420000 -0.840000
1.811367 -9.757930 0.157926 -0.840000 -0.840000 -0.350000
1.789831 -9.736395 -0.126820 1.820000 -0.350000 -0.630000
1.792224 -9.961320 0.016750 -0.070000 0.070000 -0.840000
1.792224 -9.961320 0.016750 -0.070000 0.070000 -0.840000
1.792224 -9.961320 0.064606 6.720000 -0.840000 -1.260000
