2.962314 -8.973085 2.852244 1.540000 0.840000 -0.140000
2.964707 -8.800802 2.991028 -0.560000 0.490000 -0.140000
2.955136 -9.171689 2.794817 -2.240000 0.490000 0.140000
2.955136 -9.171689 2.794817 -2.240000 0.490000 0.140000
2.974278 -8.827123 2.933600 1.680000 1.120000 1.400000
3.007778 -9.736395 2.421536 -17.990000 -0.560000 2.520000
2.828316 -8.169096 3.050849 -15.750000 1.960000 7.280000
2.809174 -8.599805 2.883351 -27.719999 0.630000 9.730000
2.809174 -8.599805 2.883351 -27.719999 0.630000 9.730000
3.287738 -7.262216 2.909672 -51.310001 0.210000 22.820000
3.287738 -7.262216 2.909672 -51.310001 0.210000 22.820000
2.945565 -11.665009 0.179462 -118.510002 -10.710000 3.850000
2.124826 -6.364908 1.538585 -101.989998 -17.080000 43.959999
1.849652 -9.611969 -0.547956 -111.510002 -12.810000 31.360001
1.849652 -9.611969 -0.547956 -111.510002 -12.810000 31.360001
2.072184 -9.274581 -0.062213 26.460001 -1.820000 8.120000
2.072184 -9.274581 -0.062213 26.460001 -1.820000 8.120000
2.002793 -9.741181 -0.270389 0.490000 -1.960000 10.150000
1.741975 -10.281959 -0.918844 15.190001 8.050000 7.140000
2.012364 -10.191031 0.318245 28.910000 4.480000 7.630000
1.861616 -9.829715 0.327817 -5.740000 1.400000 8.610000
1.902294 -10.612168 -0.600598 0.560000 1.820000 2.730000
1.902294 -10.612168 -0.600598 0.560000 1.820000 2.730000
1.885544 -10.131211 -0.004786 15.400000 1.120000 1.400000
1.691726 -10.162319 -0.478565 -4.760000 1.050000 -0.560000
1.785046 -9.789038 -0.406780 0.280000 2.450000 -1.190000
1.768296 -9.899107 0.346959 4.340000 1.680000 -1.400000
1.964507 -9.887143 -0.246461 -4.270000 -0.140000 -0.700000
1.964507 -9.887143 -0.246461 -4.270000 -0.140000 -0.700000
1.935793 -9.796216 -0.119641 -6.930000 -0.210000 -3.920000
1.818545 -9.434900 -0.332602 -1.470000 -2.660000 -1.330000
1.933401 -9.678967 0.157926 3.220000 -0.210000 0.210000
1.902294 -9.623933 -0.165105 1.260000 -0.980000 1.050000
1.923829 -9.518648 -0.291924 2.170000 -0.910000 -0.070000
1.931008 -9.640682 0.198604 5.950000 0.700000 1.190000
1.883151 -9.695717 0.117248 3.080000 -0.350000 1.540000
1.899901 -9.832108 -0.385244 -4.340000 -0.980000 0.560000
