2.950350 -8.784052 3.244668 5.740000 0.140000 -0.490000
2.787638 -8.793623 3.414558 4.970000 0.560000 -2.100000
3.086741 -8.745767 3.342773 -2.660000 -0.490000 0.070000
2.986243 -8.920443 3.304488 1.330000 1.400000 1.680000
2.986243 -8.920443 3.304488 1.330000 1.400000 1.680000
2.916851 -8.764909 3.546163 4.550000 1.960000 -0.350000
2.880959 -8.827123 3.337988 -7.070000 0.490000 -0.770000
3.062813 -8.709875 3.357130 0.560000 0.840000 1.260000
3.002992 -8.884550 3.560520 -0.070000 1.750000 0.840000
2.983850 -8.860621 3.393023 1.750000 0.140000 -0.070000
2.926422 -8.729016 3.716053 0.840000 0.980000 -1.190000
2.888137 -8.994620 3.503092 -1.890000 0.770000 -0.070000
2.888137 -8.994620 3.503092 -1.890000 0.770000 -0.070000
2.967100 -8.740981 3.555735 6.860000 1.750000 -0.420000
3.024528 -8.566305 3.895515 0.980000 1.610000 -0.140000
2.653640 -8.918050 3.570091 3.010000 -3.710000 3.220000
2.694318 -8.827123 3.744767 -12.530000 -2.590000 4.480000
3.144169 -8.142776 3.239882 -58.590000 -3.710000 13.300000
2.785245 -9.202796 2.835495 -61.599998 -3.080000 13.510000
2.816352 -9.501899 2.103291 -63.490002 -2.870000 10.780000
2.801995 -8.800802 2.129612 -46.270000 -2.380000 14.490000
2.653640 -9.920642 1.775474 -63.630001 -0.490000 9.100000
2.653640 -9.920642 1.775474 -63.630001 -0.490000 9.100000
2.644069 -10.516455 1.593620 -59.779999 -4.060000 9.660000
1.572084 -10.183852 -0.248854 -62.369999 -2.030000 20.719999
1.928615 -11.038091 -0.588634 -26.110001 -0.140000 4.760000
1.928615 -11.038091 -0.588634 -26.110001 -0.140000 4.760000
2.524428 -9.432507 0.815953 28.280001 -4.760000 4.130000
2.009971 -9.942179 0.849452 -3.430000 -1.820000 3.920000
1.897508 -10.389636 0.224925 -7.630000 -0.280000 2.100000
2.153540 -9.533006 0.990629 -0.770000 -0.070000 -2.030000
2.129612 -9.839286 0.416351 -5.180000 1.260000 -1.260000
2.110470 -9.621540 0.825524 12.180000 1.120000 -1.330000
2.110470 -9.621540 0.825524 12.180000 1.120000 -1.330000
2.201397 -9.449257 0.624527 -5.180000 -1.960000 -1.540000
2.048256 -9.729217 0.806381 0.280000 -1.540000 -1.820000
2.012364 -9.954143 0.701097 2.100000 0.280000 -1.050000
2.132005 -9.083155 1.064806 8.330000 0.070000 -1.260000
2.093720 -9.832108 0.937986 0.770000 -0.210000 1.470000
2.093720 -9.832108 0.937986 0.770000 -0.210000 1.470000
2.189433 -9.966106 0.406780 4.130000 1.400000 -0.560000
2.206182 -9.803394 0.832702 10.850000 0.490000 -2.380000
2.029114 -9.288938 1.265803 15.540000 -0.420000 -1.260000
2.191825 -9.834501 1.024128 -1.260000 1.260000 0.280000
2.191825 -9.834501 1.024128 -1.260000 1.260000 0.280000
2.306681 -9.724431 1.251446 9.450000 -0.140000 0.350000
2.306681 -9.724431 1.251446 9.450000 -0.140000 0.350000
1.993221 -9.846465 0.997807 -0.280000 -1.400000 0.420000
