3.014957 -8.925228 3.742374 -6.510000 -0.910000 -0.420000
3.012564 -8.848659 3.519842 -6.510000 -1.190000 -0.140000
3.000600 -8.805587 3.426522 14.140000 0.070000 -2.240000
3.000600 -8.805587 3.426522 14.140000 0.070000 -2.240000
2.938386 -8.743374 3.871587 21.980000 0.420000 -3.290000
2.969493 -8.855836 3.622734 27.230000 1.400000 -3.570000
3.134598 -8.585447 3.718446 39.060001 5.880000 -4.130000
3.127419 -8.329416 4.074977 4.550000 6.090000 -1.120000
3.127419 -8.329416 4.074977 4.550000 6.090000 -1.120000
2.950350 -9.903893 4.632504 5.460000 11.410000 9.590000
3.361916 -7.525427 4.843073 -85.120003 0.910000 20.580000
3.177669 -8.006385 4.151547 -157.850006 -0.140000 31.780001
0.478565 -6.731010 0.803988 -188.089996 -16.799999 49.000000
1.378266 -12.736995 -4.204189 -115.639999 -4.830000 12.460000
2.694318 -9.841680 1.320838 39.060001 4.970000 0.210000
2.084148 -9.621540 1.512264 3.150000 -2.800000 6.510000
2.084148 -9.621540 1.512264 3.150000 -2.800000 6.510000
1.830509 -9.982857 0.650848 -20.299999 -3.010000 6.440000
2.100898 -11.009377 0.157926 -9.450000 -3.570000 -0.630000
2.129612 -9.844072 0.514457 8.260000 -5.320000 -2.310000
2.160719 -9.939785 0.193819 -0.630000 -5.880000 -1.260000
1.962115 -10.011569 -0.016750 14.630000 -0.420000 -2.170000
1.990828 -9.382257 0.476172 11.130000 1.050000 -2.870000
2.455036 -9.159724 0.552742 -8.540000 -3.990000 -1.540000
2.455036 -9.159724 0.552742 -8.540000 -3.990000 -1.540000
2.206182 -9.497113 -0.033500 -2.870000 -2.170000 -1.190000
2.115255 -9.671788 0.299103 10.010000 0.350000 -1.190000
2.184647 -9.820145 0.263210 -6.510000 0.630000 2.240000
1.995614 -9.798609 0.394816 -0.560000 2.030000 2.170000
1.995614 -9.798609 0.394816 -0.560000 2.030000 2.170000
1.995614 -9.798609 0.394816 -0.560000 2.030000 2.170000
2.155933 -9.889536 0.559920 12.810000 2.800000 0.770000
2.103291 -9.827322 0.562313 -1.890000 -0.560000 0.840000
1.993221 -9.769895 0.854238 4.550000 2.030000 1.400000
2.132005 -9.779467 0.600598 4.480000 2.030000 -0.840000
2.122434 -9.748360 0.535992 3.500000 1.820000 -0.700000
1.993221 -9.647861 0.935594 7.560000 2.380000 -1.330000
