3.287738 -8.843873 3.366701 -1.190000 -0.630000 -1.260000
3.201597 -8.891729 3.251846 1.470000 -0.210000 -0.490000
3.270989 -8.858230 3.230310 0.490000 -0.070000 -1.820000
3.270989 -8.748159 3.247060 2.590000 -0.280000 -1.120000
3.270989 -8.748159 3.247060 2.590000 -0.280000 -1.120000
3.199204 -8.604590 3.232704 1.330000 0.070000 -0.350000
3.156133 -8.709875 3.242275 -1.540000 -0.070000 0.350000
3.103491 -9.047262 3.129812 -2.730000 1.470000 0.350000
3.086741 -8.729016 3.682554 -8.050000 3.710000 2.870000
3.101098 -8.042276 3.558127 -58.520000 1.890000 8.540000
3.072384 -9.214760 2.376073 -86.940002 2.730000 9.170000
2.959922 -9.102298 2.694318 -81.410004 0.350000 14.560000
3.148954 -8.207381 1.299303 -115.010002 -10.080000 24.010000
2.651247 -8.662018 0.655633 -117.529999 -13.930000 36.259998
1.670190 -8.525627 -0.825524 -49.560001 -6.860000 22.820000
2.306681 -10.454242 -1.794617 -21.070000 -0.770000 6.440000
2.306681 -10.454242 -1.794617 -21.070000 -0.770000 6.440000
2.584249 -9.480364 0.354138 13.230000 -0.560000 10.010000
2.261217 -10.138390 -0.287139 -9.310000 -0.280000 8.190000
2.378466 -10.162319 -0.495314 -0.840000 0.770000 3.780000
2.287539 -9.729217 0.098106 5.740000 0.770000 3.780000
2.287539 -9.729217 0.098106 5.740000 0.770000 3.780000
2.175076 -9.968499 0.059821 -0.280000 0.700000 3.920000
2.096112 -10.145569 -0.370888 0.070000 2.660000 0.350000
2.263610 -9.903893 0.105284 0.280000 1.820000 -1.260000
2.172683 -9.676575 -0.179462 -1.750000 1.610000 -1.750000
2.086541 -9.535398 0.059821 -0.980000 1.540000 -2.170000
2.086541 -9.535398 0.059821 -0.980000 1.540000 -2.170000
2.251646 -9.609575 0.057428 -3.780000 1.540000 -2.240000
2.199004 -9.523434 -0.074178 -2.310000 0.070000 -0.700000
2.158326 -9.729217 -0.200997 -2.100000 -0.630000 0.280000
2.203789 -9.219545 0.153141 -1.260000 -3.150000 -1.330000
2.467000 -9.781858 -0.313460 0.840000 -3.990000 -0.210000
2.467000 -9.781858 -0.313460 0.840000 -3.990000 -0.210000
2.467000 -9.781858 -0.313460 0.840000 -3.990000 -0.210000
2.203789 -9.714860 -0.265603 -5.320000 -3.570000 -0.280000
2.318645 -9.626326 -0.392423 4.340000 -1.120000 -0.210000
2.182254 -9.635897 -0.248854 -1.330000 -0.560000 0.770000
2.294717 -9.899107 -0.452243 -0.630000 -0.070000 0.630000
2.294717 -10.023535 -0.378066 5.250000 -0.070000 -0.770000
