2.677568 -8.695518 3.823731 -1.050000 1.960000 1.890000
2.677568 -8.695518 3.823731 -1.050000 1.960000 1.890000
2.624927 -9.087940 3.869194 -1.400000 1.750000 1.610000
2.639283 -8.956335 3.857230 1.820000 1.470000 1.120000
2.579463 -8.370094 4.352544 -19.600000 0.490000 3.010000
2.373680 -9.291330 3.716053 -63.420002 0.420000 6.300000
2.562713 -9.391829 3.012564 -82.110001 -0.910000 6.440000
2.493321 -7.893922 3.290131 -76.580002 2.940000 14.980000
2.349752 -10.308280 1.878366 -84.699997 -3.500000 6.720000
2.682354 -9.375079 1.610370 -100.449997 -3.500000 8.890000
2.009971 -7.779066 1.892723 -95.550003 -2.030000 33.250000
2.330609 -10.547562 0.066999 -86.519997 -7.840000 9.030000
1.813759 -9.614362 -0.301496 -57.260002 -10.780000 17.710001
1.813759 -9.614362 -0.301496 -57.260002 -10.780000 17.710001
1.868794 -9.406186 -1.270589 -26.389999 -4.340000 9.520000
1.777867 -10.420743 -0.607777 -27.230000 0.350000 5.740000
1.560120 -10.291530 -0.308674 -15.750000 -2.310000 7.840000
1.450050 -10.667203 -0.351745 -0.910000 -3.360000 6.020000
1.572084 -9.793823 -0.401994 7.910000 -4.620000 6.790000
1.572084 -9.793823 -0.401994 7.910000 -4.620000 6.790000
1.567299 -10.336994 -0.794417 4.830000 0.700000 2.730000
1.548156 -9.542577 -0.112463 7.630000 1.260000 1.120000
1.610370 -10.202995 -0.437887 -0.070000 1.610000 0.420000
1.483550 -9.942179 -0.196211 9.730000 1.050000 -0.070000
1.548156 -9.774680 -0.153141 1.400000 1.190000 -1.400000
1.548156 -9.774680 -0.153141 1.400000 1.190000 -1.400000
1.550549 -10.064213 -0.071785 7.210000 0.280000 -0.140000
1.545763 -10.037891 -0.239282 4.270000 1.260000 -1.470000
1.545763 -10.037891 -0.239282 4.270000 1.260000 -1.470000
1.634298 -9.913465 0.045464 3.500000 0.490000 -1.470000
1.560120 -9.779467 -0.083749 3.990000 0.140000 -1.190000
1.593620 -9.891929 0.047856 -1.400000 0.350000 -1.680000
