3.017349 -8.740981 3.397808 -4.830000 -0.910000 -0.490000
3.153740 -8.640482 3.481557 0.840000 -0.490000 0.420000
3.153740 -8.640482 3.481557 0.840000 -0.490000 0.420000
3.007778 -8.772088 3.443272 -1.260000 0.070000 0.910000
2.976671 -8.738588 3.366701 -4.270000 0.280000 -0.840000
3.091527 -8.817552 3.493521 3.640000 0.980000 0.210000
2.988636 -8.559127 3.572484 -1.610000 0.700000 -1.190000
3.117848 -9.128618 3.287738 -3.010000 0.140000 -0.910000
2.991028 -8.796017 3.400201 2.800000 0.140000 -1.400000
3.005385 -8.401200 3.610770 -15.820000 -0.420000 -0.490000
3.005385 -8.401200 3.610770 -15.820000 -0.420000 -0.490000
3.060420 -9.111869 3.141776 -26.950001 -0.350000 0.840000
2.998207 -8.884550 3.462414 -34.090000 2.660000 5.180000
3.043670 -9.195618 2.969493 -100.940002 3.080000 11.620000
3.314059 -9.463614 2.529213 -125.020004 0.910000 15.050000
3.314059 -9.463614 2.529213 -125.020004 0.910000 15.050000
3.170490 -7.479963 1.347159 -81.199997 -13.650000 38.779999
1.545763 -8.228917 0.600598 -91.000000 -5.530000 31.360001
1.904687 -10.116854 -0.440279 -62.230000 -0.280000 15.890000
2.433501 -9.891929 1.002593 2.870000 -0.770000 3.290000
2.220540 -10.224532 0.782453 -8.680000 -1.330000 0.980000
2.354537 -10.016356 0.622134 2.240000 -3.850000 -0.350000
2.392823 -9.741181 0.713061 1.680000 -2.590000 -1.260000
2.392823 -9.741181 0.713061 1.680000 -2.590000 -1.260000
2.309074 -9.784252 0.306281 8.050000 -0.840000 -1.260000
2.301895 -9.068797 0.827917 5.530000 -0.700000 -1.190000
2.301895 -9.068797 0.827917 5.530000 -0.700000 -1.190000
2.457429 -9.123833 0.782453 -2.170000 -1.470000 0.070000
2.426322 -9.537791 0.535992 0.280000 -2.310000 -1.120000
2.321038 -9.633504 0.607777 2.030000 -1.680000 0.840000
2.433501 -9.812965 0.593420 7.000000 -1.820000 0.490000
2.344966 -9.217153 0.710668 3.080000 -2.170000 0.840000
2.344966 -9.217153 0.710668 3.080000 -2.170000 0.840000
2.318645 -9.626326 0.626920 -0.840000 -1.680000 0.280000
2.313859 -9.635897 0.648455 5.320000 -1.330000 -1.120000
2.459821 -9.650253 0.514457 4.690000 -0.910000 -1.050000
2.452643 -9.779467 0.504886 -2.800000 0.280000 -0.210000
2.476572 -9.540184 0.447458 1.960000 -0.210000 -0.210000
