3.069991 -9.006584 2.931208 -0.280000 0.420000 0.420000
3.022135 -8.748159 3.022135 2.240000 1.750000 1.260000
3.019742 -9.099905 3.237489 3.710000 0.980000 0.770000
3.019742 -9.099905 3.237489 3.710000 0.980000 0.770000
3.017349 -9.056834 3.201597 -1.750000 0.980000 0.420000
3.017349 -9.056834 3.201597 -1.750000 0.980000 0.420000
3.026921 -9.001799 2.962314 2.100000 2.380000 -3.150000
3.026921 -9.001799 2.962314 2.100000 2.380000 -3.150000
3.012564 -8.571091 3.242275 -3.640000 4.550000 -3.150000
2.768496 -9.595219 2.490928 -10.360000 12.950000 -5.320000
3.156133 -7.496714 3.957729 -76.230003 17.850000 12.950000
3.156133 -7.496714 3.957729 -76.230003 17.850000 12.950000
3.002992 -9.396614 1.899901 -109.480003 10.360000 14.560000
3.101098 -8.432307 2.356930 -132.649994 3.010000 19.320000
1.777867 -8.829515 -1.064806 -114.590004 -23.590000 35.349998
1.875973 -10.114462 -2.921637 -64.330002 -14.000000 24.150000
2.459821 -10.533205 -0.981057 19.740000 -4.480000 6.650000
2.459821 -10.533205 -0.981057 19.740000 -4.480000 6.650000
2.318645 -10.640882 0.131605 17.010000 -6.090000 5.950000
2.127219 -10.604989 -0.658026 -3.570000 0.280000 -2.590000
2.385644 -10.095319 -0.437887 8.750000 -2.240000 -1.120000
2.160719 -9.451650 -0.330210 9.310000 -1.260000 -1.820000
2.160719 -9.451650 -0.330210 9.310000 -1.260000 -1.820000
2.108077 -9.667004 -0.378066 -1.400000 2.730000 -3.920000
2.273181 -9.712467 -0.387637 0.140000 2.870000 -1.680000
2.213361 -9.221939 -0.074178 -2.380000 0.070000 -2.240000
2.356930 -9.399008 -0.244068 -2.520000 -1.330000 -2.940000
2.251646 -9.549755 -0.308674 1.050000 -0.210000 -1.330000
2.165504 -9.657433 -0.019143 11.060000 0.490000 1.540000
2.225325 -9.879964 -0.260818 -2.240000 2.030000 1.190000
2.225325 -9.879964 -0.260818 -2.240000 2.030000 1.190000
2.227718 -9.817751 -0.404387 1.190000 2.100000 1.470000
2.227718 -9.817751 -0.404387 1.190000 2.100000 1.470000
2.067399 -9.946963 0.062213 6.020000 0.140000 -0.280000
2.230111 -9.908678 -0.220140 4.060000 -0.560000 -0.770000
2.196611 -9.853643 0.047856 9.520000 -0.140000 -0.490000
2.225325 -9.523434 -0.088534 9.730000 -2.030000 0.070000
