3.017349 -9.075976 2.950350 -5.950000 2.310000 0.490000
2.957529 -8.860621 2.876173 7.350000 1.820000 -0.280000
2.957529 -8.860621 2.876173 7.350000 1.820000 -0.280000
2.866602 -8.633304 3.428915 2.730000 2.800000 0.210000
3.132205 -9.198010 2.981457 0.840000 0.350000 -0.700000
3.036492 -8.961121 3.251846 5.600000 0.490000 -0.630000
3.005385 -8.927622 3.017349 1.750000 1.260000 -1.400000
3.012564 -8.922836 3.074777 1.540000 1.190000 -0.910000
3.034099 -9.178867 3.299703 -16.030001 1.960000 1.050000
3.034099 -9.178867 3.299703 -16.030001 1.960000 1.050000
3.034099 -9.178867 3.299703 -16.030001 1.960000 1.050000
2.857030 -9.451650 2.761317 -52.009998 2.030000 5.600000
3.079563 -8.939585 2.940779 -77.980003 -0.630000 13.650000
3.014957 -7.451250 2.038685 -108.500000 -8.540000 33.180000
2.811567 -7.891530 1.421337 -133.070007 -14.280000 35.560001
2.811567 -7.891530 1.421337 -133.070007 -14.280000 35.560001
2.076970 -9.463614 -1.036092 -16.940001 0.770000 14.770000
2.076970 -9.463614 -1.036092 -16.940001 0.770000 14.770000
2.024328 -10.033106 -0.019143 17.570000 2.870000 13.090000
2.017149 -9.525827 0.370888 -1.330000 2.450000 13.370000
2.249253 -10.774881 -0.447458 -4.760000 3.920000 9.940000
2.007578 -10.212566 0.279960 12.040000 2.590000 4.970000
2.012364 -10.080962 0.291924 10.220000 -0.280000 3.990000
2.012364 -10.080962 0.291924 10.220000 -0.280000 3.990000
1.926222 -10.047462 0.177069 -0.280000 0.280000 3.640000
1.854438 -9.932607 0.181855 -0.210000 2.660000 0.770000
1.868794 -9.875179 0.167498 -1.890000 1.890000 -2.030000
1.835295 -9.482756 0.327817 0.840000 -0.840000 -0.350000
1.880759 -9.695717 0.263210 -2.870000 -1.260000 -2.660000
1.914258 -9.686146 0.047856 0.350000 -0.700000 -2.030000
1.837688 -9.602397 0.251246 6.230000 -0.280000 -0.630000
1.904687 -9.678967 0.378066 3.080000 1.330000 0.560000
1.904687 -9.678967 0.378066 3.080000 1.330000 0.560000
2.005185 -9.724431 0.275175 3.710000 -0.070000 0.630000
1.909473 -9.379865 0.569492 3.920000 -0.070000 0.070000
1.907080 -9.731609 0.265603 -4.830000 -1.400000 -0.700000
