2.916851 -8.362915 4.314260 -3.220000 -0.770000 -1.750000
3.036492 -8.449057 4.220939 -1.400000 -0.770000 -1.120000
2.868994 -8.549555 4.216154 -2.660000 -0.280000 -0.560000
2.938386 -8.702696 4.208975 -3.150000 -0.560000 -1.610000
2.859423 -8.298308 4.369294 0.630000 -0.490000 -2.100000
3.077170 -8.568698 4.197011 -2.590000 -1.190000 -0.350000
3.077170 -8.568698 4.197011 -2.590000 -1.190000 -0.350000
3.036492 -8.487342 4.161119 1.960000 0.840000 -2.380000
3.036492 -8.487342 4.161119 1.960000 0.840000 -2.380000
2.921637 -8.216952 4.400401 -4.270000 -0.280000 -2.170000
3.041277 -8.305488 4.352544 -17.990000 -0.560000 -1.050000
2.912065 -8.542377 4.051049 -39.970001 4.340000 2.590000
2.912065 -8.542377 4.051049 -39.970001 4.340000 2.590000
2.902494 -9.205189 3.696911 -47.459999 5.110000 5.040000
3.134598 -9.107083 3.244668 -105.279999 7.630000 6.790000
2.268396 -8.511270 2.000400 -151.619995 -6.160000 32.340000
2.431108 -7.721639 0.937986 -134.610001 -16.379999 32.759998
2.431108 -7.721639 0.937986 -134.610001 -16.379999 32.759998
2.498107 -11.480762 -1.603191 6.790000 1.190000 1.260000
2.701497 -9.418150 1.081556 24.010000 -1.610000 3.430000
2.275574 -9.901501 0.789631 -4.060000 -4.410000 4.830000
2.335395 -10.284351 0.267996 2.100000 -2.800000 -0.910000
2.335395 -10.284351 0.267996 2.100000 -2.800000 -0.910000
2.256432 -9.822537 0.346959 -0.420000 -1.680000 -1.120000
2.301895 -10.092925 0.282353 1.120000 -1.680000 -1.470000
2.356930 -9.540184 0.368495 0.630000 -0.700000 -1.330000
2.423929 -9.420543 0.351745 -0.980000 -0.770000 -2.170000
2.270789 -9.480364 0.433101 3.430000 -1.610000 -1.050000
2.210968 -9.253045 0.421137 -0.840000 -2.870000 1.050000
2.172683 -9.700503 0.119641 -3.640000 -1.120000 0.350000
2.299503 -9.444471 0.334995 6.930000 -0.630000 1.330000
2.297110 -9.537791 0.346959 3.010000 -0.070000 1.610000
2.297110 -9.537791 0.346959 3.010000 -0.070000 1.610000
2.306681 -9.762716 0.488136 3.150000 1.260000 1.330000
2.306681 -9.611969 0.385244 -0.700000 -0.280000 0.350000
