2.500499 -8.987441 3.256632 10.990000 -1.890000 -2.030000
2.464607 -8.968300 2.998207 14.560000 -1.680000 -0.840000
2.498107 -8.863015 3.381058 15.540000 -1.190000 -3.710000
2.450250 -8.906086 3.436093 15.820000 -1.050000 -3.500000
2.450250 -8.906086 3.436093 15.820000 -1.050000 -3.500000
2.402394 -8.666803 3.541377 2.100000 0.840000 -0.490000
2.495714 -9.202796 3.053242 -29.330000 1.190000 4.340000
2.498107 -9.150154 3.141776 -36.889999 -1.050000 6.440000
2.065006 -9.224331 3.055635 -68.459999 -2.380000 13.510000
2.354537 -9.631111 2.749353 -80.220001 -5.810000 11.270000
2.543570 -10.171888 1.667797 -97.019997 -4.200000 13.020000
2.543570 -10.171888 1.667797 -97.019997 -4.200000 13.020000
1.414158 -7.800602 2.043471 -145.460007 -20.860001 36.330002
1.414158 -7.800602 2.043471 -145.460007 -20.860001 36.330002
1.526621 -10.262815 -0.562313 12.110000 -3.150000 6.370000
1.526621 -10.262815 -0.562313 12.110000 -3.150000 6.370000
1.576870 -9.473185 -0.050249 11.830000 -8.540000 14.700000
1.296910 -10.643275 -0.354138 -3.500000 -5.180000 7.350000
1.447658 -10.102496 -0.466600 11.900000 -2.310000 3.290000
1.483550 -10.145569 -0.040678 5.670000 -2.030000 2.940000
1.483550 -10.145569 -0.040678 5.670000 -2.030000 2.940000
1.284946 -10.162319 0.112463 7.070000 -2.870000 2.590000
1.284946 -10.162319 0.112463 7.070000 -2.870000 2.590000
1.440479 -10.040283 0.028714 3.990000 -2.590000 -1.750000
1.440479 -10.040283 0.028714 3.990000 -2.590000 -1.750000
1.473979 -9.667004 0.055035 2.940000 -2.730000 -1.820000
1.366302 -9.978070 -0.361316 -3.920000 -2.240000 -2.450000
1.301696 -9.690931 -0.284746 6.160000 -1.330000 -2.520000
1.440479 -9.717253 -0.047856 8.050000 0.140000 -3.150000
1.380659 -9.712467 -0.074178 7.980000 0.420000 -0.910000
1.469193 -9.801002 -0.220140 6.580000 0.350000 -0.700000
1.488336 -9.506684 0.227318 4.340000 0.070000 -1.400000
1.557728 -9.951750 -0.124427 -6.020000 -1.260000 -0.770000
1.524228 -9.975677 -0.217747 5.110000 -1.120000 -0.140000
1.524228 -9.975677 -0.217747 5.110000 -1.120000 -0.140000
1.462015 -9.784252 -0.126820 5.600000 -0.210000 -0.280000
1.533799 -9.734003 0.064606 -0.350000 0.350000 -0.490000
1.428515 -9.870394 -0.086142 -5.460000 1.330000 -0.420000
