2.593820 -9.377472 2.711068 -3.500000 0.770000 0.210000
2.605784 -9.171689 2.888137 -3.570000 0.840000 0.210000
2.636890 -9.600004 2.488536 -6.020000 2.170000 1.470000
2.636890 -9.600004 2.488536 -6.020000 2.170000 1.470000
2.589034 -8.700303 2.864209 11.060000 4.410000 5.740000
2.565106 -9.413363 3.189633 -0.910000 2.100000 4.620000
2.624927 -9.138189 2.706282 -8.120000 0.420000 4.900000
2.517249 -10.475778 2.134398 -38.570000 -1.750000 4.130000
2.517249 -10.475778 2.134398 -38.570000 -1.750000 4.130000
2.122434 -9.159724 2.440679 -87.709999 -2.450000 14.140000
2.122434 -9.159724 2.440679 -87.709999 -2.450000 14.140000
2.347359 -8.341379 1.426122 -47.389999 -9.450000 25.340000
1.658226 -9.422935 1.854438 -100.029999 -12.250000 26.040001
2.007578 -9.504292 -1.064806 -64.260002 -14.490000 20.510000
2.007578 -9.504292 -1.064806 -64.260002 -14.490000 20.510000
1.804188 -9.475577 -1.411765 -42.349998 -7.630000 15.120000
1.825724 -10.353743 -0.725025 2.800000 -2.310000 4.830000
1.720440 -10.102496 -0.095713 16.379999 -1.960000 3.640000
1.713261 -9.832108 -0.009571 8.680000 1.470000 2.450000
1.763510 -10.411172 -0.081356 -2.450000 1.820000 1.540000
1.629512 -9.930215 -0.066999 -2.660000 0.840000 1.820000
1.629512 -9.930215 -0.066999 -2.660000 0.840000 1.820000
1.720440 -10.006784 0.081356 6.020000 1.540000 -1.470000
1.610370 -9.731609 0.224925 1.540000 2.310000 -0.980000
1.722832 -9.767502 -0.052642 -0.070000 1.050000 -1.680000
1.722832 -9.767502 -0.052642 -0.070000 1.050000 -1.680000
1.789831 -9.710074 0.265603 2.170000 0.420000 -2.310000
1.756332 -9.772287 0.160319 4.970000 -1.540000 -2.100000
1.706082 -9.578469 0.239282 4.410000 -2.450000 -1.680000
1.768296 -9.846465 0.004786 -1.680000 -0.350000 -1.750000
1.758725 -9.655040 -0.069392 -0.630000 -0.910000 -0.700000
1.758725 -9.655040 -0.069392 -0.630000 -0.910000 -0.700000
1.715654 -9.757930 -0.040678 1.400000 -0.280000 -0.420000
1.787439 -9.882358 0.191426 -1.120000 -0.140000 -0.770000
1.787439 -9.882358 0.191426 -1.120000 -0.140000 -0.770000
1.782653 -9.930215 -0.167498 -0.280000 -0.420000 -1.610000
