2.840281 -8.733803 3.263810 -2.940000 -0.350000 -0.700000
2.947958 -8.673983 3.388237 -6.580000 -0.070000 -0.770000
2.947958 -9.011370 3.196811 2.030000 0.140000 -0.840000
2.947958 -9.011370 3.196811 2.030000 0.140000 -0.840000
2.983850 -8.618947 3.428915 -1.820000 0.490000 -0.280000
2.926422 -8.709875 3.364309 -5.180000 0.770000 -0.840000
2.926422 -8.709875 3.364309 -5.180000 0.770000 -0.840000
2.902494 -8.530413 3.486342 0.350000 2.240000 0.560000
2.902494 -8.530413 3.486342 0.350000 2.240000 0.560000
2.921637 -8.721838 3.340380 -9.310000 2.520000 1.120000
2.943172 -9.133404 3.158526 -10.220000 2.100000 0.910000
2.943172 -9.133404 3.158526 -10.220000 2.100000 0.910000
2.998207 -8.114061 3.790231 -4.620000 1.890000 5.320000
2.746960 -9.690931 2.967100 -36.330002 1.330000 4.690000
3.024528 -8.913264 2.610569 -33.810001 1.050000 5.390000
2.809174 -10.150353 2.187040 -56.700001 0.210000 4.620000
2.809174 -10.150353 2.187040 -56.700001 0.210000 4.620000
2.885744 -7.537392 2.457429 -60.900002 -2.730000 21.490000
2.199004 -9.664611 -0.418744 -65.099998 -8.680000 23.240000
2.206182 -9.918249 -0.902094 -28.840000 -3.920000 11.270000
2.304288 -9.954143 0.224925 -10.640000 1.540000 10.640000
2.304288 -9.954143 0.224925 -10.640000 1.540000 10.640000
2.122434 -9.757930 0.478565 16.170000 -2.660000 7.980000
2.036292 -9.683753 0.600598 8.050000 -1.470000 6.230000
2.036292 -9.683753 0.600598 8.050000 -1.470000 6.230000
2.110470 -10.277173 0.232104 -5.390000 1.680000 2.310000
2.110470 -10.277173 0.232104 -5.390000 1.680000 2.310000
2.110470 -10.277173 0.232104 -5.390000 1.680000 2.310000
2.110470 -10.277173 0.232104 -5.390000 1.680000 2.310000
2.110470 -10.277173 0.232104 -5.390000 1.680000 2.310000
2.120041 -9.650253 0.413958 7.560000 0.770000 1.960000
1.974079 -9.705289 0.533599 -2.240000 0.140000 -2.240000
1.976472 -9.257831 0.581456 -0.140000 0.420000 -3.080000
2.148755 -9.346365 0.535992 -6.580000 0.770000 0.420000
2.026721 -9.865608 0.449851 2.590000 -0.420000 1.260000
2.143969 -9.772287 0.488136 5.670000 -1.960000 0.700000
2.143969 -9.772287 0.488136 5.670000 -1.960000 0.700000
2.187040 -9.602397 0.466600 0.630000 -2.100000 0.980000
2.103291 -9.829715 0.528814 -5.600000 -3.850000 0.350000
2.091327 -9.877571 0.291924 -5.460000 -3.570000 -0.490000
2.105684 -9.772287 0.591027 3.640000 -2.520000 -1.540000
2.076970 -9.621540 0.440279 0.560000 -3.150000 0.070000
2.012364 -9.750752 0.220140 -1.190000 -1.820000 -1.120000
1.916651 -9.470792 0.495314 2.100000 -1.260000 -2.590000
1.916651 -9.470792 0.495314 2.100000 -1.260000 -2.590000
2.117648 -9.683753 0.265603 1.190000 -1.120000 -1.050000
2.103291 -9.765109 0.205783 4.340000 -0.630000 -1.050000
