2.761317 -8.973085 3.172883 1.330000 0.840000 -0.140000
2.761317 -8.973085 3.172883 1.330000 0.840000 -0.140000
2.732604 -9.016156 3.189633 3.570000 0.840000 -2.590000
2.828316 -9.020942 3.199204 9.520000 -0.630000 -2.380000
2.921637 -8.973085 3.215954 14.070000 -0.280000 -1.890000
2.921637 -8.973085 3.215954 14.070000 -0.280000 -1.890000
2.871387 -8.798409 3.541377 -0.210000 0.770000 -2.940000
2.806781 -9.047262 3.251846 0.980000 -0.910000 -2.940000
2.806781 -9.047262 3.251846 0.980000 -0.910000 -2.940000
2.823531 -8.561519 3.584448 13.580000 0.140000 -5.460000
2.823531 -8.561519 3.584448 13.580000 0.140000 -5.460000
2.830709 -8.587841 3.318845 3.010000 0.420000 -0.490000
3.002992 -9.255438 3.067599 -57.189999 8.960000 5.250000
3.108276 -9.434900 3.457629 -81.129997 7.000000 13.230000
3.108276 -9.434900 3.457629 -81.129997 7.000000 13.230000
2.940779 -7.252645 3.902694 -154.839996 -1.610000 31.850000
2.885744 -8.410772 0.947558 -169.190002 -20.650000 40.040001
2.885744 -8.410772 0.947558 -169.190002 -20.650000 40.040001
2.297110 -10.987842 -1.536192 -37.799999 -2.870000 9.590000
2.342573 -9.970891 0.435494 -2.520000 -0.490000 9.380000
2.048256 -10.262815 0.160319 -11.340000 -1.540000 7.840000
2.163112 -10.815558 -0.220140 2.520000 -0.210000 2.730000
2.050649 -10.341780 0.119641 2.380000 -0.420000 1.540000
2.050649 -10.341780 0.119641 2.380000 -0.420000 1.540000
2.076970 -9.958927 0.055035 -0.490000 -1.680000 -2.730000
2.076970 -9.958927 0.055035 -0.490000 -1.680000 -2.730000
1.909473 -9.856036 0.076570 0.630000 -0.700000 -1.680000
2.220540 -9.573684 -0.031107 -3.920000 -2.800000 -4.060000
2.036292 -9.444471 0.244068 -1.890000 -3.010000 -4.830000
2.036292 -9.444471 0.244068 -1.890000 -3.010000 -4.830000
1.935793 -9.281759 0.071785 -0.070000 -2.240000 -1.820000
2.136791 -9.334401 -0.275175 -1.120000 -1.260000 0.140000
2.220540 -9.437292 0.138784 3.710000 -1.120000 0.140000
2.220540 -9.437292 0.138784 3.710000 -1.120000 0.140000
2.000400 -9.671788 -0.057428 5.950000 -0.070000 0.770000
2.222932 -9.755538 0.055035 -3.360000 -0.840000 0.910000
2.215754 -9.856036 -0.102891 -0.350000 -1.400000 -0.070000
2.266003 -9.779467 0.090927 10.360000 -1.540000 -0.280000
2.110470 -9.719646 -0.023928 -0.770000 -0.770000 -0.700000
2.110470 -9.719646 -0.023928 -0.770000 -0.770000 -0.700000
2.165504 -9.777073 0.038285 7.490000 0.210000 -0.420000
2.246860 -9.628718 0.145962 2.520000 1.260000 -0.420000
