2.641676 -9.064013 3.218346 -0.210000 0.840000 0.980000
2.641676 -9.064013 3.218346 -0.210000 0.840000 0.980000
2.622534 -9.145369 3.096312 2.730000 0.280000 -0.630000
2.627320 -9.004191 3.201597 -22.190001 0.280000 1.610000
2.627320 -9.004191 3.201597 -22.190001 0.280000 1.610000
2.610569 -9.987641 2.720639 -46.270000 1.260000 1.190000
2.864209 -8.707481 3.220739 -74.340004 2.800000 13.300000
2.737389 -7.496714 3.113062 -115.849998 -3.080000 27.090000
2.737389 -7.496714 3.113062 -115.849998 -3.080000 27.090000
1.916651 -9.020942 1.170090 -156.800003 -18.340000 35.000000
1.995614 -9.446864 -1.272982 -66.290001 -9.730000 10.570000
2.053042 -9.784252 -0.691526 -13.720000 -3.360000 8.050000
2.053042 -9.784252 -0.691526 -13.720000 -3.360000 8.050000
2.036292 -9.662218 0.026321 10.290000 -3.500000 7.000000
1.990828 -9.607183 0.057428 -3.360000 -1.750000 8.470000
1.928615 -9.824929 -0.392423 12.880000 -0.070000 1.120000
2.019542 -9.942179 -0.284746 5.530000 -0.560000 0.770000
1.919044 -10.514063 -0.648455 -2.800000 -1.260000 2.240000
1.919044 -10.514063 -0.648455 -2.800000 -1.260000 2.240000
1.811367 -9.729217 -0.212961 5.670000 -0.770000 -0.350000
1.708475 -10.042676 -0.492921 -3.150000 0.350000 -0.210000
1.883151 -9.253045 0.026321 7.210000 -0.770000 -0.210000
1.890330 -9.734003 -0.052642 -4.550000 -0.280000 -0.210000
1.694118 -9.920642 -0.468993 -5.670000 -0.980000 -0.840000
1.694118 -9.920642 -0.468993 -5.670000 -0.980000 -0.840000
1.768296 -9.566505 -0.392423 1.610000 0.210000 -0.910000
1.847259 -9.552148 -0.148355 5.460000 -0.840000 1.330000
2.024328 -9.999605 -0.418744 -3.570000 0.630000 -0.350000
2.024328 -9.999605 -0.418744 -3.570000 0.630000 -0.350000
2.041078 -9.906286 -0.241675 5.600000 -0.630000 -0.840000
1.816152 -9.693325 -0.193819 -2.030000 -1.190000 -0.350000
1.811367 -9.832108 -0.559920 -6.160000 0.140000 -1.050000
1.981257 -9.695717 -0.442672 2.170000 0.840000 -0.840000
