0.524028 -0.002393 9.018548 -7.280000 6.790000 1.750000
0.524028 -0.002393 9.018548 -7.280000 6.790000 1.750000
0.624527 0.055035 8.958728 -3.430000 9.520000 0.840000
0.473779 0.081356 8.762517 -3.710000 11.410000 1.260000
0.746561 -0.433101 7.281359 -22.610001 21.350000 -0.910000
0.346959 -0.320638 6.809973 -22.190001 28.910000 -1.540000
0.346959 -0.320638 6.809973 -22.190001 28.910000 -1.540000
0.217747 -0.411566 5.953342 -40.950001 39.060001 -3.430000
0.217747 -0.411566 5.953342 -40.950001 39.060001 -3.430000
0.040678 -1.296910 6.407979 -29.049999 62.580002 -1.330000
-0.689133 -1.129412 6.479764 -6.790000 70.279999 0.280000
-0.689133 -1.129412 6.479764 -6.790000 70.279999 0.280000
-0.689133 -1.129412 6.479764 -6.790000 70.279999 0.280000
-3.134598 -0.282353 9.834501 -4.550000 88.550003 -1.120000
-3.940979 -0.430708 10.284351 0.070000 84.910004 0.770000
-3.940979 -0.430708 10.284351 0.070000 84.910004 0.770000
-4.692325 -0.277567 9.798609 -23.450001 74.059998 -4.200000
-4.692325 -0.277567 9.798609 -23.450001 74.059998 -4.200000
-4.967500 -0.476172 9.494720 -12.670000 68.949997 -4.340000
-5.479564 -0.593420 9.566505 -11.550000 59.990002 3.710000
-5.958128 -0.669990 9.336794 -20.930000 55.790001 1.890000
-5.958128 -0.669990 9.336794 -20.930000 55.790001 1.890000
-5.570491 -1.227518 9.341579 -16.940001 50.470001 1.260000
-6.360123 -1.220340 8.760124 -35.980000 40.599998 1.120000
-6.360123 -1.220340 8.760124 -35.980000 40.599998 1.120000
-5.747560 -1.538585 9.071191 -2.170000 30.170000 2.730000
-6.403193 -0.540778 8.872586 -11.970000 24.850000 1.540000
-6.175875 -1.172483 8.513663 -29.190001 20.930000 0.910000
-6.175875 -1.172483 8.513663 -29.190001 20.930000 0.910000
-6.175875 -1.172483 8.513663 -29.190001 20.930000 0.910000
-6.063413 -1.713261 7.683353 -4.690000 7.980000 -0.350000
-6.034698 -1.320838 7.673782 -13.440001 6.650000 -0.280000
-6.034698 -1.320838 7.673782 -13.440001 6.650000 -0.280000
-6.063413 -1.347159 7.448857 -13.790000 7.000000 1.820000
-6.130411 -1.385444 7.345965 -6.650000 6.370000 4.060000
-6.010770 -1.426122 7.544570 -9.310000 7.280000 4.970000
-6.250053 -1.478764 7.568498 -9.450000 8.680000 4.970000
-6.314659 -1.598405 7.680960 -5.600000 4.830000 4.550000
-6.202196 -1.332802 8.329416 -2.310000 1.470000 3.710000
