0.823131 0.449851 9.279366 -3.920000 6.650000 1.190000
1.024128 0.519243 9.466006 -4.830000 7.490000 3.920000
1.024128 0.519243 9.466006 -4.830000 7.490000 3.920000
0.607777 0.564706 9.544970 -5.180000 9.310000 2.870000
0.634098 0.464208 8.865408 -9.590000 8.120000 3.570000
0.531207 0.088534 7.867601 -13.090000 12.810000 1.890000
0.464208 0.093320 7.324430 -16.450001 16.240000 0.910000
0.464208 0.093320 7.324430 -16.450001 16.240000 0.910000
1.002593 -0.289532 6.214160 -34.439999 40.180000 -3.850000
1.002593 -0.289532 6.214160 -34.439999 40.180000 -3.850000
-0.224925 -0.392423 7.252645 -17.780001 66.639999 -1.610000
-1.129412 -0.165105 8.362915 -22.680000 78.540001 1.330000
-1.368695 -0.258425 8.238488 -35.279999 80.919998 2.310000
-1.368695 -0.258425 8.238488 -35.279999 80.919998 2.310000
-3.237489 -0.500100 9.166903 -19.460001 76.720001 -8.610000
-3.237489 -0.500100 9.166903 -19.460001 76.720001 -8.610000
-4.113262 -0.449851 9.391829 -13.230000 75.180000 -13.510000
-4.335794 -0.777667 9.820145 -21.629999 71.470001 -12.390000
-4.335794 -0.777667 9.820145 -21.629999 71.470001 -12.390000
-4.333402 -0.593420 9.992428 -3.290000 71.050003 -8.400000
-4.333402 -0.593420 9.992428 -3.290000 71.050003 -8.400000
-4.333402 -0.593420 9.992428 -3.290000 71.050003 -8.400000
-4.682754 -0.196211 9.832108 -11.480000 56.139999 -1.960000
-5.180461 -0.638884 9.286544 -23.799999 52.500000 2.940000
-5.041678 -0.921237 9.456435 -17.150000 50.820000 5.880000
-5.608776 -0.660419 9.166903 -7.280000 45.779999 8.400000
-5.546563 -1.246661 8.355737 -35.000000 41.580002 8.750000
-6.486942 -0.796810 8.851050 -5.600000 30.590000 4.200000
-5.673382 -1.780260 8.432307 -23.309999 26.880001 2.660000
-5.673382 -1.780260 8.432307 -23.309999 26.880001 2.660000
-6.252446 -1.205983 8.516055 -13.230000 18.410000 3.710000
-6.271588 -1.284946 8.264810 -6.090000 14.000000 5.880000
-6.092126 -1.708475 7.822137 -14.840000 8.190000 3.080000
-6.092126 -1.708475 7.822137 -14.840000 8.190000 3.080000
-6.226124 -1.222732 7.661818 -4.060000 6.510000 3.640000
-6.226124 -1.634298 7.384251 -3.570000 4.970000 3.290000
-6.046663 -1.383051 7.283752 -9.170000 3.990000 2.240000
