2.852244 -8.819944 3.371487 1.890000 0.700000 -1.330000
2.880959 -9.131011 3.287738 3.850000 0.630000 -0.910000
2.792424 -8.453842 3.400201 0.140000 -0.980000 -1.120000
2.792424 -8.453842 3.400201 0.140000 -0.980000 -1.120000
2.921637 -8.855836 3.144169 -6.160000 0.350000 0.770000
2.873780 -8.965906 3.192025 3.220000 1.260000 -0.770000
2.816352 -8.695518 3.457629 2.450000 0.630000 -0.910000
2.873780 -8.705089 3.297310 8.050000 2.100000 -0.560000
2.873780 -8.705089 3.297310 8.050000 2.100000 -0.560000
2.909672 -8.793623 3.529413 -1.260000 0.350000 0.140000
2.880959 -8.934800 3.381058 -5.530000 1.190000 0.420000
2.792424 -9.224331 3.460021 -18.969999 2.660000 2.310000
2.921637 -9.530612 3.615555 -71.190002 3.080000 6.510000
3.022135 -8.719445 3.711268 -118.230003 1.260000 14.910000
2.060220 -7.917850 -0.093320 -126.910004 -10.360000 37.939999
2.624927 -10.978271 -0.827917 6.020000 5.040000 -3.150000
2.474179 -9.451650 0.983450 16.309999 2.800000 1.890000
2.239682 -9.576077 0.928415 8.610000 -0.560000 0.490000
2.239682 -9.576077 0.928415 8.610000 -0.560000 0.490000
2.151148 -10.013963 0.222532 -10.570000 -1.680000 -0.210000
2.244468 -9.865608 0.074178 -3.360000 -0.070000 -1.050000
2.088934 -9.712467 0.224925 3.010000 -1.050000 -1.820000
2.256432 -9.714860 0.081356 3.710000 0.070000 -0.700000
2.256432 -9.714860 0.081356 3.710000 0.070000 -0.700000
2.256432 -9.714860 0.081356 3.710000 0.070000 -0.700000
2.256432 -9.714860 0.081356 3.710000 0.070000 -0.700000
2.356930 -9.336794 0.528814 2.450000 -2.450000 -1.680000
2.356930 -9.336794 0.528814 2.450000 -2.450000 -1.680000
2.356930 -9.336794 0.528814 2.450000 -2.450000 -1.680000
2.356930 -9.336794 0.528814 2.450000 -2.450000 -1.680000
2.184647 -9.652647 0.064606 9.940000 0.140000 0.910000
2.277967 -9.363115 0.433101 6.580000 -0.980000 0.910000
2.234896 -9.473185 0.789631 2.380000 -1.260000 1.610000
2.333002 -10.133603 0.105284 -3.010000 -0.070000 0.420000
2.316252 -10.028319 0.265603 -0.980000 -0.420000 -0.770000
2.232504 -9.791430 0.363709 -5.880000 0.420000 -1.680000
