2.801995 -9.135797 3.136991 0.770000 1.120000 1.540000
2.742175 -8.724231 3.196811 0.700000 -0.070000 1.890000
2.821138 -9.241080 2.928815 -16.590000 0.770000 4.410000
2.667997 -9.463614 2.888137 -19.250000 2.310000 6.230000
2.684747 -7.661818 3.196811 -18.059999 1.470000 14.560000
2.684747 -7.661818 3.196811 -18.059999 1.470000 14.560000
2.773281 -10.145569 1.536192 -64.680000 -0.560000 5.880000
2.773281 -10.145569 1.536192 -64.680000 -0.560000 5.880000
2.426322 -7.197611 3.536592 -55.090000 0.770000 22.260000
2.531606 -11.662617 0.698704 -109.830002 -2.660000 5.390000
1.746760 -8.985049 0.859023 -102.830002 -9.730000 37.380001
1.746760 -8.985049 0.859023 -102.830002 -9.730000 37.380001
2.132005 -10.516455 -2.120041 -28.350000 -7.490000 9.870000
1.883151 -9.174082 1.136591 25.969999 1.890000 6.300000
1.758725 -9.700503 0.514457 1.750000 -1.190000 5.110000
1.859223 -10.181459 0.169890 -7.350000 -0.700000 4.620000
1.875973 -10.107283 0.026321 -6.930000 0.840000 1.540000
1.844866 -9.784252 0.378066 -2.170000 -0.490000 1.820000
1.844866 -9.784252 0.378066 -2.170000 -0.490000 1.820000
1.813759 -9.856036 0.167498 -3.150000 -0.350000 2.030000
1.768296 -9.877571 0.145962 4.690000 0.280000 0.420000
1.864009 -10.028319 -0.038285 -2.310000 -0.070000 -0.350000
1.864009 -10.028319 -0.038285 -2.310000 -0.070000 -0.350000
1.852045 -9.877571 -0.131605 1.610000 -0.560000 -1.750000
1.907080 -9.678967 0.133998 3.990000 -0.210000 -1.470000
1.820938 -9.592826 0.423530 4.200000 -0.070000 -0.350000
1.820938 -9.592826 0.423530 4.200000 -0.070000 -0.350000
1.859223 -9.535398 0.241675 0.700000 2.380000 -0.630000
1.859223 -9.535398 0.241675 0.700000 2.380000 -0.630000
1.986043 -9.765109 0.193819 -0.630000 1.470000 -0.070000
1.890330 -9.863215 -0.119641 -0.630000 -0.840000 0.910000
1.847259 -9.576077 0.095713 5.110000 -0.350000 -0.630000
1.847259 -9.614362 0.260818 5.110000 0.280000 -0.910000
