2.457429 -9.238688 3.278167 1.820000 2.450000 -1.820000
2.452643 -9.114261 3.620341 14.700000 1.540000 -3.500000
2.452643 -9.114261 3.620341 14.700000 1.540000 -3.500000
2.359323 -8.934800 3.436093 21.700001 3.150000 -2.660000
2.478964 -8.973085 3.627519 23.940001 4.130000 -4.970000
2.486143 -8.623734 4.173083 32.480000 3.990000 -4.200000
2.340181 -8.772088 4.165904 -14.280000 6.160000 0.350000
2.340181 -8.772088 4.165904 -14.280000 6.160000 0.350000
2.467000 -8.556733 4.271189 -30.730000 3.360000 1.610000
2.344966 -8.755339 4.204189 -80.360001 3.290000 7.770000
2.545963 -9.470792 3.424129 -112.139999 0.560000 10.080000
2.282753 -8.858230 3.302095 -125.720001 2.030000 20.230000
2.646462 -7.881958 1.844866 -140.139999 -7.420000 30.940001
1.105484 -7.408179 1.294517 -154.699997 -10.990000 35.279999
1.112662 -9.748360 -0.284746 -142.380005 -9.870000 22.190001
2.155933 -10.001998 -1.457229 -38.779999 -5.880000 7.910000
1.598405 -10.253245 -0.160319 -27.930000 -6.720000 9.380000
1.679761 -10.540384 -0.720240 -13.930000 -7.700000 9.310000
1.402194 -10.143176 -0.327817 -0.630000 -8.610000 5.320000
1.402194 -10.143176 -0.327817 -0.630000 -8.610000 5.320000
1.488336 -10.217353 -0.859023 6.020000 -7.980000 3.010000
1.507478 -9.753145 -0.507278 15.120000 -6.160000 1.470000
1.507478 -9.753145 -0.507278 15.120000 -6.160000 1.470000
1.564906 -9.853643 -0.516850 2.030000 -4.620000 -0.070000
1.550549 -9.949356 -0.904487 2.800000 -5.810000 -1.540000
1.588834 -9.578469 -0.837488 -0.280000 -3.640000 -2.170000
1.447658 -9.523434 -0.732204 7.980000 -2.240000 -1.960000
1.447658 -9.523434 -0.732204 7.980000 -2.240000 -1.960000
1.593620 -9.506684 -0.710668 3.360000 -2.660000 -0.630000
1.636691 -9.836893 -0.945165 -3.570000 -2.170000 0.490000
1.598405 -9.748360 -0.610170 10.150000 -2.380000 -0.350000
1.598405 -9.748360 -0.610170 10.150000 -2.380000 -0.350000
1.672583 -9.791430 -0.483350 10.570000 -2.240000 1.120000
1.703690 -9.865608 -0.792024 -0.350000 -0.560000 1.260000
