2.979064 -8.879765 3.101098 -6.510000 0.630000 0.420000
2.993421 -9.195618 2.950350 6.860000 -1.470000 -0.630000
2.895315 -8.889337 2.871387 7.490000 -1.820000 -1.960000
2.916851 -8.865408 3.012564 -1.540000 1.470000 -0.910000
2.933600 -9.061620 3.038885 5.740000 0.770000 -0.910000
2.871387 -8.963513 3.306881 -3.500000 2.170000 -0.070000
3.046063 -8.980263 2.866602 4.690000 0.560000 -1.400000
3.046063 -8.980263 2.866602 4.690000 0.560000 -1.400000
2.964707 -8.839087 3.364309 4.060000 1.610000 -0.770000
2.902494 -8.898908 3.275774 0.490000 0.420000 -0.560000
3.031706 -8.939585 2.943172 8.470000 -0.560000 0.280000
2.849852 -8.752945 3.349952 25.059999 1.400000 -0.630000
2.873780 -10.078569 3.424129 -48.299999 3.290000 6.580000
2.873780 -10.078569 3.424129 -48.299999 3.290000 6.580000
3.342773 -9.075976 3.158526 -116.199997 -0.560000 21.980000
3.098706 -7.625926 3.409772 -160.300003 -7.910000 32.130001
2.206182 -7.807780 1.830509 -177.029999 -29.049999 55.790001
1.131805 -11.011770 -3.333202 -66.500000 -4.830000 13.370000
1.131805 -11.011770 -3.333202 -66.500000 -4.830000 13.370000
2.356930 -11.818150 -3.438486 19.879999 3.010000 -4.480000
2.356930 -11.818150 -3.438486 19.879999 3.010000 -4.480000
2.356930 -11.818150 -3.438486 19.879999 3.010000 -4.480000
2.356930 -11.818150 -3.438486 19.879999 3.010000 -4.480000
2.356930 -11.818150 -3.438486 19.879999 3.010000 -4.480000
2.677568 -9.016156 1.763510 52.570000 3.780000 5.180000
2.100898 -9.848858 0.301496 1.820000 -0.420000 0.490000
2.019542 -10.080962 0.684347 15.470000 2.800000 -0.700000
2.019542 -10.080962 0.684347 15.470000 2.800000 -0.700000
2.160719 -9.628718 0.909273 0.280000 -1.190000 -1.400000
2.143969 -9.640682 0.756132 -1.190000 -2.170000 -1.680000
2.074577 -9.463614 0.667598 3.920000 -2.240000 -1.470000
2.129612 -9.540184 0.701097 2.170000 -0.560000 -0.910000
2.143969 -9.377472 0.662812 1.820000 -0.910000 -0.560000
2.143969 -9.377472 0.662812 1.820000 -0.910000 -0.560000
2.163112 -9.724431 0.677169 4.340000 0.070000 -0.560000
2.062613 -9.628718 0.727418 1.610000 -0.210000 -0.980000
2.081756 -9.442079 0.732204 -0.140000 0.140000 -0.070000
2.112862 -9.293723 0.849452 4.550000 0.070000 -0.350000
1.998007 -9.614362 0.736989 -2.030000 0.630000 2.520000
2.065006 -9.889536 0.703490 -0.140000 1.260000 0.140000
2.060220 -9.891929 0.636491 1.540000 1.050000 0.140000
2.108077 -9.789038 0.746561 -1.120000 0.350000 -0.560000
2.069792 -9.719646 0.890130 1.190000 -0.070000 -0.490000
2.014757 -9.602397 0.854238 -0.350000 -0.070000 -0.280000
2.081756 -9.631111 0.614955 -1.190000 -0.070000 0.350000
2.096112 -9.872787 0.564706 4.970000 -0.560000 -0.840000
