3.132205 -9.049655 2.624927 2.870000 -0.910000 -1.050000
3.168097 -8.827123 2.617748 3.500000 0.560000 0.210000
3.168097 -8.827123 2.617748 3.500000 0.560000 0.210000
3.067599 -8.683553 2.916851 0.490000 0.630000 0.910000
3.098706 -9.332008 2.476572 -1.400000 0.490000 -0.560000
3.077170 -9.157332 2.928815 -2.030000 1.260000 -0.840000
3.077170 -9.157332 2.928815 -2.030000 1.260000 -0.840000
2.940779 -9.466006 2.627320 0.560000 3.080000 -1.960000
3.072384 -8.274381 3.050849 -14.770000 4.060000 2.660000
3.275774 -10.317852 1.808974 -46.200001 8.820000 1.050000
3.275774 -10.317852 1.808974 -46.200001 8.820000 1.050000
3.115455 -7.231110 3.330809 -116.129997 5.040000 22.960001
2.950350 -7.841280 2.325824 -148.119995 -2.450000 34.439999
2.342573 -7.042077 1.756332 -138.949997 -15.680000 40.320000
2.742175 -9.370294 -1.148555 20.510000 1.610000 4.340000
2.541178 -9.841680 1.105484 5.600000 -0.840000 11.690000
2.184647 -10.279566 -0.279960 -10.360000 -1.890000 9.030000
2.132005 -10.080962 -0.174676 -7.140000 0.350000 5.950000
2.287539 -10.459028 -0.325424 6.930000 0.840000 3.780000
2.191825 -9.975677 0.009571 0.490000 2.170000 2.240000
2.191825 -9.975677 0.009571 0.490000 2.170000 2.240000
2.191825 -9.975677 0.009571 0.490000 2.170000 2.240000
2.165504 -9.530612 0.397209 8.680000 1.890000 -0.210000
2.225325 -9.777073 0.136391 -1.960000 2.030000 -1.050000
2.225325 -9.777073 0.136391 -1.960000 2.030000 -1.050000
2.330609 -9.602397 -0.052642 -3.640000 -1.190000 -0.770000
2.285146 -9.652647 0.055035 -0.420000 -1.260000 0.280000
2.141576 -9.731609 0.258425 3.710000 -1.890000 0.070000
2.141576 -9.731609 0.258425 3.710000 -1.890000 0.070000
2.249253 -9.791430 -0.234497 0.840000 -2.030000 -0.140000
2.115255 -9.765109 0.145962 7.140000 -1.260000 0.630000
2.191825 -9.918249 0.246461 5.600000 -1.330000 -0.630000
2.129612 -9.731609 0.021535 -2.030000 -2.310000 -0.350000
2.213361 -9.623933 0.143569 -1.120000 -3.290000 -1.190000
