3.227918 -8.623734 3.436093 2.170000 0.770000 -0.980000
3.215954 -8.834301 3.249453 -5.600000 -1.260000 0.070000
3.266203 -8.807980 3.122634 -2.310000 -0.840000 0.420000
3.103491 -8.824730 3.440879 -11.270000 -0.560000 0.210000
3.103491 -8.824730 3.440879 -11.270000 -0.560000 0.210000
3.285345 -9.025726 3.072384 -20.860001 -1.190000 1.050000
3.187240 -8.714661 3.354738 -8.960000 0.490000 4.200000
3.206382 -9.387043 2.636890 -54.459999 -1.540000 8.330000
3.081956 -9.781858 2.603391 -68.879997 2.870000 10.990000
3.225525 -8.106883 3.115455 -129.500000 -5.460000 20.020000
3.225525 -8.106883 3.115455 -129.500000 -5.460000 20.020000
3.189633 -7.788638 1.691726 -159.740005 -18.549999 34.790001
2.103291 -7.357929 0.007178 -117.879997 -14.840000 45.709999
2.823531 -9.951750 -0.926022 52.220001 -1.050000 6.580000
2.823531 -9.951750 -0.926022 52.220001 -1.050000 6.580000
2.450250 -9.219545 1.174876 18.410000 -3.990000 12.740000
2.100898 -9.896714 -0.129212 -3.990000 -3.010000 14.210000
2.361716 -10.832308 -0.430708 1.120000 -0.700000 7.630000
2.330609 -10.102496 -0.131605 -8.330000 -4.200000 5.250000
2.246860 -10.198210 -0.334995 0.140000 -1.400000 1.890000
2.153540 -9.714860 0.512064 6.230000 0.980000 -0.350000
2.237289 -9.944571 0.105284 -2.660000 -2.170000 -0.350000
2.237289 -9.944571 0.105284 -2.660000 -2.170000 -0.350000
2.038685 -9.839286 0.227318 3.080000 -1.680000 -0.700000
2.105684 -9.616754 0.411566 -1.610000 -0.350000 -0.420000
2.129612 -9.659825 0.126820 -4.060000 0.140000 -0.420000
2.163112 -9.681360 0.267996 2.030000 0.420000 -1.120000
2.110470 -9.343972 0.308674 0.980000 -0.280000 0.350000
2.143969 -9.664611 0.229711 2.100000 1.330000 0.560000
2.108077 -9.667004 0.160319 11.130000 1.750000 0.910000
2.208575 -9.549755 0.602991 4.550000 2.800000 1.960000
2.251646 -9.930215 0.526421 -0.560000 0.070000 -0.560000
2.258825 -9.815358 0.602991 3.570000 -0.700000 -0.070000
2.108077 -9.961320 0.588634 2.800000 -0.210000 -0.910000
