3.048456 -8.726624 3.696911 -4.130000 -1.260000 -0.840000
3.060420 -8.705089 3.385844 0.210000 -0.210000 -1.050000
3.101098 -8.130811 3.993621 5.390000 -1.330000 -0.910000
3.146562 -8.480164 3.505485 -1.540000 -0.490000 1.120000
3.146562 -8.480164 3.505485 -1.540000 -0.490000 1.120000
2.945565 -8.410772 3.639483 2.590000 -0.350000 0.980000
2.986243 -8.537591 3.713661 1.960000 -0.280000 -0.840000
3.089134 -8.477771 3.914658 2.800000 3.150000 1.750000
3.089134 -8.477771 3.914658 2.800000 3.150000 1.750000
2.928815 -8.707481 3.929015 -16.240000 4.690000 3.850000
2.888137 -8.860621 4.086941 -47.180000 2.380000 6.790000
3.117848 -8.628519 4.170690 -150.639999 -4.340000 19.389999
2.940779 -7.752745 2.132005 -157.639999 -18.340000 29.190001
2.031506 -7.834101 0.847059 -164.639999 -26.389999 44.450001
2.031506 -7.834101 0.847059 -164.639999 -26.389999 44.450001
2.199004 -10.671989 -2.007578 -7.140000 -1.400000 3.220000
2.199004 -10.671989 -2.007578 -7.140000 -1.400000 3.220000
2.560320 -9.729217 0.122034 23.309999 -2.240000 9.240000
2.139183 -10.341780 -0.220140 -6.370000 -1.960000 7.140000
2.242075 -10.358529 -0.239282 4.130000 -0.700000 1.050000
2.000400 -9.884750 -0.318245 0.700000 1.050000 -2.030000
2.053042 -10.068997 -0.141177 5.950000 1.890000 -2.520000
2.053042 -10.068997 -0.141177 5.950000 1.890000 -2.520000
2.129612 -9.738789 -0.205783 2.870000 0.490000 -4.480000
2.177469 -9.265009 0.107677 1.120000 -0.770000 -4.620000
2.170290 -9.554541 -0.150748 -1.190000 -1.260000 -3.010000
2.263610 -9.399008 -0.026321 1.260000 -1.190000 -2.380000
2.122434 -9.384650 -0.203390 -1.400000 -2.100000 -0.210000
2.330609 -9.667004 -0.244068 -0.070000 -0.770000 0.770000
2.330609 -9.667004 -0.244068 -0.070000 -0.770000 0.770000
2.258825 -9.628718 -0.184247 2.100000 0.070000 0.490000
2.201397 -9.461221 -0.081356 1.540000 -1.470000 0.980000
2.136791 -9.741181 -0.078963 3.570000 -1.540000 0.490000
2.208575 -9.659825 -0.220140 -1.330000 -1.330000 0.630000
2.208575 -9.659825 -0.220140 -1.330000 -1.330000 0.630000
2.208575 -9.659825 -0.220140 -1.330000 -1.330000 0.630000
2.175076 -9.755538 -0.167498 3.010000 -1.260000 -0.980000
2.175076 -9.755538 -0.167498 3.010000 -1.260000 -0.980000
2.134398 -9.844072 -0.215354 8.050000 1.190000 -0.700000
