2.935993 -8.941978 3.266203 5.810000 0.980000 1.820000
2.938386 -8.894121 3.433701 -3.710000 0.490000 0.490000
2.938386 -8.894121 3.433701 -3.710000 0.490000 0.490000
2.959922 -9.052048 3.275774 4.970000 -0.210000 0.980000
2.837888 -8.666803 3.333202 8.890000 1.190000 -0.910000
2.895315 -8.963513 3.304488 0.560000 -0.980000 1.960000
2.904887 -9.126225 3.421736 3.430000 -0.700000 -0.700000
2.904887 -9.126225 3.421736 3.430000 -0.700000 -0.700000
2.909672 -9.121440 3.352344 8.680000 -1.750000 -1.750000
2.809174 -8.886944 3.421736 -1.400000 3.430000 1.190000
2.809174 -8.886944 3.421736 -1.400000 3.430000 1.190000
2.816352 -10.265208 3.208775 -5.110000 14.000000 7.630000
3.251846 -8.020741 3.893122 -35.139999 9.030000 15.470000
3.062813 -9.109475 3.196811 -113.959999 5.320000 24.920000
1.677369 -12.547962 -3.093920 -76.510002 0.490000 10.990000
1.677369 -12.547962 -3.093920 -76.510002 0.490000 10.990000
2.435893 -11.164910 -0.679562 8.680000 0.770000 1.400000
1.986043 -9.461221 1.722832 8.680000 -1.470000 9.660000
1.986043 -9.461221 1.722832 8.680000 -1.470000 9.660000
1.768296 -10.552348 0.382852 -26.320000 -3.150000 7.000000
1.995614 -9.757930 0.705883 15.610000 -5.810000 -0.210000
1.763510 -9.932607 0.583849 -1.680000 -2.590000 -2.870000
1.763510 -9.932607 0.583849 -1.680000 -2.590000 -2.870000
1.828116 -9.932607 0.363709 -2.240000 -1.750000 -2.590000
1.945365 -10.021141 0.303888 7.560000 -1.820000 -3.080000
1.945365 -10.021141 0.303888 7.560000 -1.820000 -3.080000
1.942972 -8.975478 1.021735 8.190000 -1.680000 -5.180000
1.823331 -9.580862 0.598206 4.550000 0.210000 -0.210000
1.823331 -9.580862 0.598206 4.550000 0.210000 -0.210000
2.045863 -9.332008 1.287339 14.910000 0.910000 -0.910000
1.974079 -9.544970 0.830309 -2.660000 0.070000 2.100000
1.866402 -9.846465 0.550349 -8.330000 1.400000 1.120000
2.091327 -9.702895 0.959522 3.570000 -0.910000 -0.210000
1.899901 -10.085747 0.689133 10.990000 0.560000 1.050000
1.792224 -9.954143 1.026521 12.670000 0.560000 0.210000
2.024328 -9.930215 0.906880 -7.210000 -0.280000 0.140000
2.024328 -9.930215 0.906880 -7.210000 -0.280000 0.140000
1.945365 -9.868000 0.758525 -7.630000 0.420000 -0.280000
1.789831 -9.817751 0.780060 7.210000 1.260000 -2.940000
1.844866 -9.485149 1.268196 8.820000 1.190000 -3.710000
1.950150 -9.389436 0.899701 -2.310000 1.120000 -2.170000
1.883151 -9.583255 0.784846 -0.280000 0.560000 -2.030000
1.923829 -9.568897 1.220340 5.740000 0.840000 -2.800000
1.911865 -9.686146 1.038485 2.450000 1.400000 -2.030000
