2.524428 -8.566305 3.677768 -0.770000 0.910000 1.120000
2.486143 -9.023334 3.460021 -7.840000 0.280000 1.890000
2.433501 -8.784052 3.751946 -5.600000 1.190000 1.610000
2.464607 -9.604790 3.304488 -25.760000 2.030000 3.360000
2.464607 -9.604790 3.304488 -25.760000 2.030000 3.360000
2.488536 -8.975478 3.395415 -24.430000 2.730000 6.720000
2.493321 -9.961320 2.926422 -57.330002 2.660000 9.170000
2.586641 -7.853244 3.048456 -45.709999 1.470000 23.870001
1.933401 -8.513663 2.359323 -98.840004 -1.610000 21.770000
1.806581 -8.769694 1.761117 -47.389999 -5.880000 20.860001
1.806581 -8.769694 1.761117 -47.389999 -5.880000 20.860001
1.763510 -8.472985 1.947758 -38.639999 -6.930000 19.110001
1.825724 -10.310673 -0.205783 -62.369999 -5.390000 8.540000
1.931008 -10.193424 -0.062213 -40.740002 -3.080000 3.920000
1.931008 -10.193424 -0.062213 -40.740002 -3.080000 3.920000
1.758725 -10.258030 0.059821 -28.490000 -2.380000 4.410000
1.801795 -10.140782 0.083749 -18.200001 -4.620000 2.450000
1.555335 -9.865608 0.069392 -3.920000 -4.060000 0.490000
1.557728 -9.762716 -0.370888 1.540000 -3.150000 1.890000
1.670190 -9.712467 -0.198604 3.850000 -2.100000 0.630000
1.670190 -9.712467 -0.198604 3.850000 -2.100000 0.630000
1.588834 -9.678967 -0.076570 4.620000 -0.420000 0.910000
1.600798 -9.616754 -0.215354 3.360000 0.770000 -1.120000
1.715654 -9.714860 -0.153141 -1.680000 0.490000 1.470000
1.763510 -9.753145 -0.229711 4.130000 0.070000 -0.140000
1.758725 -9.865608 -0.153141 7.910000 0.560000 1.050000
1.758725 -9.865608 -0.153141 7.910000 0.560000 1.050000
1.655833 -9.824929 0.196211 3.080000 -0.490000 0.070000
1.655833 -9.824929 0.196211 3.080000 -0.490000 0.070000
1.677369 -9.973285 -0.224925 -0.420000 -0.210000 0.490000
1.607977 -9.968499 0.040678 2.590000 -0.770000 -0.350000
1.667797 -9.741181 0.016750 -0.840000 -0.770000 -0.070000
1.598405 -9.930215 -0.193819 -1.820000 0.070000 -0.700000
1.629512 -10.006784 0.023928 6.860000 -1.120000 -0.350000
