2.598605 -9.054441 3.208775 2.170000 0.350000 1.330000
2.605784 -9.018548 3.316452 -0.350000 1.260000 1.890000
2.543570 -9.212367 3.395415 -4.620000 1.680000 3.150000
2.749353 -9.765109 3.512664 -21.840000 2.100000 4.760000
2.749353 -9.765109 3.512664 -21.840000 2.100000 4.760000
2.574677 -7.384251 3.852444 -33.599998 -1.750000 17.290001
2.440679 -9.480364 2.629712 -52.150002 -2.030000 16.100000
2.809174 -9.420543 1.691726 -62.930000 -0.910000 9.590000
2.026721 -8.300702 3.385844 -45.639999 -4.480000 19.250000
2.359323 -7.838887 1.646262 -61.529999 -5.670000 25.410000
2.057827 -10.980663 0.471386 -99.330002 -11.480000 6.720000
2.057827 -10.980663 0.471386 -99.330002 -11.480000 6.720000
2.835495 -10.758131 0.138784 -101.080002 -17.290001 8.330000
1.545763 -11.251052 -1.430908 -4.900000 -8.610000 4.410000
1.794617 -11.088341 -1.004985 40.250000 -11.830000 5.530000
1.794617 -11.088341 -1.004985 40.250000 -11.830000 5.530000
1.591227 -8.707481 1.026521 51.939999 -11.970000 8.820000
1.536192 -10.047462 0.217747 -8.330000 -7.490000 8.120000
1.622334 -9.693325 0.215354 8.610000 -2.170000 2.940000
1.596013 -9.896714 0.624527 0.490000 -0.280000 1.260000
1.610370 -9.968499 0.239282 -3.010000 -0.700000 1.190000
1.521835 -9.930215 0.344566 1.050000 1.050000 1.120000
1.521835 -9.930215 0.344566 1.050000 1.050000 1.120000
1.543371 -10.179067 0.361316 2.660000 0.420000 0.700000
1.497907 -9.635897 0.380459 0.420000 1.050000 0.280000
1.622334 -10.114462 0.277567 -3.010000 0.210000 -0.910000
1.514657 -9.815358 0.514457 3.780000 1.190000 -1.190000
1.579263 -9.516255 0.562313 0.840000 0.420000 -1.190000
1.579263 -9.516255 0.562313 0.840000 0.420000 -1.190000
1.545763 -9.858429 0.301496 -3.710000 1.750000 0.350000
1.531406 -9.693325 0.516850 2.940000 0.840000 -0.420000
1.457229 -9.815358 0.378066 0.420000 -0.140000 -0.210000
1.457229 -9.815358 0.378066 0.420000 -0.140000 -0.210000
1.581656 -9.934999 0.433101 -0.210000 -1.050000 -0.910000
1.593620 -9.829715 0.320638 0.070000 -0.560000 -0.770000
