3.065206 -8.860621 3.211168 5.390000 -0.210000 1.680000
3.089134 -8.755339 3.464807 5.670000 -0.420000 1.820000
3.089134 -8.755339 3.464807 5.670000 -0.420000 1.820000
3.077170 -8.889337 3.270989 -0.420000 -0.490000 0.980000
3.019742 -9.075976 3.055635 -2.100000 -0.840000 -1.330000
3.151347 -8.791230 3.287738 1.890000 -0.280000 -0.490000
3.151347 -8.791230 3.287738 1.890000 -0.280000 -0.490000
2.998207 -8.870193 3.129812 0.350000 0.700000 -1.400000
3.019742 -8.580662 3.280560 -3.710000 0.070000 -1.050000
3.019742 -8.580662 3.280560 -3.710000 0.070000 -1.050000
2.986243 -9.059227 3.230310 -4.060000 0.070000 -1.260000
3.053242 -8.848659 3.232704 2.380000 1.960000 -0.420000
3.043670 -8.750552 3.361916 0.140000 1.960000 -0.420000
2.909672 -9.334401 3.352344 -22.190001 2.170000 2.310000
3.065206 -9.243474 2.816352 -44.170002 6.580000 8.680000
3.043670 -8.425128 3.043670 -98.349998 1.890000 16.309999
3.043670 -8.425128 3.043670 -98.349998 1.890000 16.309999
3.043670 -8.425128 3.043670 -98.349998 1.890000 16.309999
3.081956 -8.128418 1.071985 -100.660004 -15.890000 33.529999
2.440679 -9.688539 -0.780060 -24.360001 -1.330000 4.550000
2.440679 -9.688539 -0.780060 -24.360001 -1.330000 4.550000
2.440679 -9.688539 -0.780060 -24.360001 -1.330000 4.550000
2.187040 -9.767502 0.028714 1.260000 0.070000 3.850000
2.289931 -9.985250 -0.035892 -5.320000 1.190000 1.120000
2.344966 -9.738789 0.260818 4.060000 1.330000 -0.420000
2.227718 -9.573684 0.315853 5.250000 -0.140000 -0.770000
2.330609 -9.734003 0.167498 -1.050000 -1.190000 -0.420000
2.273181 -9.832108 0.251246 8.820000 0.490000 -1.050000
2.373680 -9.224331 0.323031 7.350000 -1.190000 -1.960000
2.323431 -9.602397 0.267996 1.260000 -1.540000 -1.960000
2.323431 -9.602397 0.267996 1.260000 -1.540000 -1.960000
2.227718 -9.590433 0.327817 7.560000 -2.240000 -0.490000
2.349752 -9.470792 0.040678 2.450000 -1.540000 0.350000
2.309074 -9.391829 0.619741 7.840000 -0.980000 -0.280000
2.309074 -9.391829 0.619741 7.840000 -0.980000 -0.280000
2.306681 -9.602397 0.191426 -2.310000 -0.560000 0.980000
2.323431 -9.674182 -0.038285 0.420000 0.280000 0.070000
2.380858 -9.638289 0.461815 4.060000 -1.190000 -0.490000
2.311467 -9.815358 0.440279 3.570000 -0.910000 -0.420000
