2.701497 -8.748159 3.160919 2.940000 1.540000 -0.070000
2.701497 -8.748159 3.160919 2.940000 1.540000 -0.070000
2.641676 -9.250652 2.969493 -5.250000 2.660000 2.310000
2.648855 -9.317651 3.141776 5.320000 4.060000 2.870000
2.548356 -9.243474 3.471986 0.420000 5.950000 10.150000
2.572284 -8.317451 3.160919 -8.330000 5.040000 15.260000
2.572284 -8.317451 3.160919 -8.330000 5.040000 15.260000
2.323431 -9.619147 2.352145 -39.830002 5.740000 10.220000
1.856830 -6.860222 3.833302 -39.060001 6.090000 27.930000
2.323431 -10.700702 1.354338 -89.180000 -5.320000 14.000000
2.323431 -10.700702 1.354338 -89.180000 -5.320000 14.000000
2.433501 -10.040283 0.660419 -71.260002 -8.680000 15.470000
1.399801 -9.686146 0.205783 -46.830002 -24.430000 27.440001
1.399801 -9.686146 0.205783 -46.830002 -24.430000 27.440001
1.442872 -10.236496 0.535992 39.619999 -15.400000 17.500000
1.442872 -10.236496 0.535992 39.619999 -15.400000 17.500000
1.100698 -8.953942 1.596013 32.270000 -13.020000 17.710001
1.251446 -10.028319 1.091127 0.140000 -10.010000 15.050000
1.337588 -9.621540 1.442872 15.680000 -8.890000 10.640000
1.131805 -9.834501 1.720440 13.510000 -6.930000 9.520000
0.957129 -9.779467 1.265803 1.960000 -4.760000 9.590000
0.880559 -9.990034 1.622334 4.970000 -2.590000 3.920000
1.004985 -10.066606 1.720440 1.820000 -4.060000 3.430000
1.004985 -10.066606 1.720440 1.820000 -4.060000 3.430000
1.004985 -10.066606 1.720440 1.820000 -4.060000 3.430000
0.935594 -9.856036 1.363909 -0.770000 -1.050000 -1.680000
0.961915 -9.887143 1.203590 3.570000 2.310000 -1.400000
1.062413 -9.765109 1.249053 -3.570000 1.680000 -2.660000
1.071985 -9.853643 1.210768 -6.090000 1.820000 -2.730000
1.076770 -9.667004 1.234696 -3.290000 0.280000 -2.240000
0.978664 -9.829715 1.234696 -0.560000 0.490000 -0.560000
0.954736 -9.492328 1.469193 1.330000 0.630000 -0.840000
0.954736 -9.492328 1.469193 1.330000 0.630000 -0.840000
1.086342 -9.559326 1.356731 -0.700000 -1.330000 0.070000
1.028914 -9.762716 1.354338 -0.980000 -1.260000 0.630000
