-0.567099 0.241675 9.018548 -14.910000 5.320000 0.280000
-0.457029 0.356531 8.757731 -11.760000 4.970000 0.070000
-0.433101 -0.002393 7.946564 -25.340000 13.790000 -0.840000
-0.459422 -0.055035 7.113862 -31.920000 20.930000 -1.750000
-0.459422 -0.055035 7.113862 -31.920000 20.930000 -1.750000
-0.476172 -0.232104 7.006185 -37.380001 25.549999 -1.120000
-1.098306 -0.708275 6.790830 -20.580000 58.240002 4.130000
-1.868794 -0.145962 7.616355 -21.770000 72.239998 8.190000
-2.132005 -0.327817 8.078169 -25.830000 77.279999 11.130000
-3.220739 -0.674776 8.415558 7.210000 79.169998 15.400000
-3.220739 -0.674776 8.415558 7.210000 79.169998 15.400000
-3.383451 -0.433101 9.032906 6.510000 78.050003 13.860000
-4.244867 -1.500300 8.884550 -19.320000 78.190002 4.270000
-4.244867 -1.500300 8.884550 -19.320000 78.190002 4.270000
-4.878965 0.045464 9.315259 -6.790000 68.599998 -1.400000
-5.771489 -0.399601 9.059227 -7.000000 69.019997 0.630000
-5.505885 0.004786 9.202796 -0.210000 57.959999 0.070000
-5.515456 -0.093320 9.920642 -7.210000 58.240002 0.980000
-5.742774 0.303888 9.655040 -6.930000 48.160000 5.600000
-5.742774 0.303888 9.655040 -6.930000 48.160000 5.600000
-5.761917 0.155533 9.994821 -9.800000 46.900002 7.350000
-6.398407 -0.562313 8.427521 -17.219999 10.220000 6.090000
-6.058627 -0.354138 8.303094 -9.450000 2.730000 3.220000
-5.898308 -0.488136 8.023134 -23.100000 0.980000 1.330000
-5.898308 -0.488136 8.023134 -23.100000 0.980000 1.330000
-5.898308 -0.488136 8.023134 -23.100000 0.980000 1.330000
-6.135197 -0.911665 7.267002 -19.670000 1.050000 0.630000
-5.773881 -0.574277 7.601997 -5.040000 0.490000 1.050000
-5.773881 -0.574277 7.601997 -5.040000 0.490000 1.050000
-5.773881 -0.574277 7.601997 -5.040000 0.490000 1.050000
-5.826523 -0.559920 7.264609 -6.230000 1.540000 0.630000
-5.936593 -0.768096 7.348359 -4.970000 2.940000 2.380000
-5.936593 -0.768096 7.348359 -4.970000 2.940000 2.380000
-5.850451 -0.555135 7.465607 -1.540000 2.730000 3.360000
-5.850451 -0.555135 7.465607 -1.540000 2.730000 3.360000
-5.850451 -0.555135 7.465607 -1.540000 2.730000 3.360000
-5.838487 -0.543171 7.427321 -10.150000 5.740000 2.310000
