3.069991 -8.472985 3.684947 -1.330000 -1.400000 -0.070000
3.055635 -8.729016 3.479164 1.960000 -0.910000 -0.280000
3.053242 -8.549555 3.649055 1.750000 -0.840000 -0.210000
2.991028 -8.767302 3.632305 -2.100000 -0.350000 0.140000
2.991028 -8.767302 3.632305 -2.100000 -0.350000 0.140000
2.967100 -8.542377 3.605984 7.350000 -2.590000 -0.770000
3.002992 -8.903693 3.388237 -2.240000 -1.050000 0.980000
3.113062 -8.805587 3.493521 1.190000 -0.140000 0.420000
2.933600 -8.784052 3.589234 0.630000 1.050000 -0.210000
3.024528 -8.973085 3.364309 0.070000 1.960000 0.280000
2.991028 -8.626125 3.668197 3.710000 1.540000 1.120000
2.991028 -8.626125 3.668197 3.710000 1.540000 1.120000
3.024528 -9.394222 3.177669 -26.809999 1.820000 4.550000
3.024528 -9.394222 3.177669 -26.809999 1.820000 4.550000
3.024528 -9.394222 3.177669 -26.809999 1.820000 4.550000
2.976671 -7.752745 4.228118 -46.410000 2.380000 13.440001
2.751746 -9.217153 3.354738 -70.279999 -1.610000 10.640000
3.058028 -7.802995 2.945565 -63.840000 0.770000 20.860001
2.608176 -8.334201 2.512464 -124.110001 -5.250000 23.100000
1.825724 -8.135597 -0.059821 -98.910004 -16.520000 39.480000
1.952543 -10.566705 -0.854238 -30.660000 1.050000 10.640000
1.952543 -10.566705 -0.854238 -30.660000 1.050000 10.640000
2.287539 -10.090532 -0.055035 -2.590000 1.050000 11.340000
2.225325 -10.157533 0.495314 7.770000 -1.540000 10.150000
2.225325 -10.157533 0.495314 7.770000 -1.540000 10.150000
2.036292 -10.387242 0.416351 1.890000 -1.330000 1.960000
2.129612 -9.920642 0.337388 4.900000 -2.940000 -1.610000
2.112862 -9.702895 0.524028 7.490000 -3.570000 -3.710000
2.112862 -9.702895 0.524028 7.490000 -3.570000 -3.710000
2.048256 -9.650253 0.098106 0.280000 -1.680000 -3.010000
2.048256 -9.650253 0.098106 0.280000 -1.680000 -3.010000
2.129612 -9.449257 0.339781 7.000000 -1.050000 -2.380000
2.196611 -9.133404 0.306281 5.740000 -0.560000 -0.490000
2.043471 -9.619147 0.495314 4.060000 -0.210000 -0.700000
2.117648 -9.446864 0.251246 3.010000 0.420000 0.280000
2.108077 -9.872787 0.569492 7.210000 2.240000 2.100000
2.148755 -9.832108 0.445065 -7.770000 0.350000 0.420000
2.019542 -9.801002 0.497707 -2.030000 -0.350000 0.700000
2.139183 -9.939785 0.440279 9.730000 2.240000 1.820000
2.103291 -10.131211 0.672383 6.300000 3.780000 0.420000
1.954936 -9.772287 0.887737 3.990000 1.050000 -0.630000
