3.359523 -8.640482 3.572484 2.590000 -0.140000 -1.610000
3.359523 -8.640482 3.572484 2.590000 -0.140000 -1.610000
3.254239 -8.705089 3.653840 4.480000 -0.420000 -2.030000
3.254239 -8.705089 3.653840 4.480000 -0.420000 -2.030000
3.153740 -8.532805 3.565305 0.490000 -0.770000 -1.890000
3.194418 -8.628519 3.278167 1.610000 -1.050000 -1.400000
3.247060 -8.520842 3.586841 1.680000 0.070000 -1.050000
3.247060 -8.520842 3.586841 1.680000 0.070000 -1.050000
3.215954 -8.472985 3.488736 -1.190000 0.420000 -0.070000
3.309274 -8.638089 3.390630 10.920000 2.310000 -0.280000
3.156133 -8.654840 3.699304 -5.390000 3.010000 -0.070000
3.156133 -8.654840 3.699304 -5.390000 3.010000 -0.070000
3.385844 -8.496914 3.816552 -2.940000 2.870000 2.870000
3.182454 -8.279166 3.996014 -9.590000 2.940000 4.690000
3.586841 -6.860222 3.617948 -82.529999 0.560000 16.730000
2.854637 -8.039884 3.074777 -98.279999 -1.260000 22.260000
3.297310 -9.690931 1.775474 -107.099998 -4.760000 11.480000
3.002992 -7.554141 1.694118 -98.070000 -16.309999 36.680000
3.002992 -7.554141 1.694118 -98.070000 -16.309999 36.680000
2.514857 -7.724032 0.914058 -107.169998 -11.550000 35.420002
2.591427 -9.686146 -0.710668 -16.940001 -1.400000 9.520000
2.464607 -9.623933 -0.122034 -12.460000 -0.560000 9.800000
2.443072 -10.147961 -0.382852 5.950000 -3.710000 6.370000
2.347359 -10.052249 -0.181855 -0.420000 -1.050000 2.450000
2.301895 -9.946963 -0.236889 9.940000 1.050000 1.260000
2.234896 -9.848858 0.028714 6.790000 1.470000 -0.910000
2.287539 -9.640682 -0.009571 -0.630000 0.350000 -1.260000
2.366502 -9.655040 0.019143 7.560000 0.490000 -2.170000
2.366502 -9.655040 0.019143 7.560000 0.490000 -2.170000
2.225325 -9.332008 0.138784 7.910000 0.210000 -2.170000
2.342573 -9.801002 0.023928 3.640000 0.280000 -2.310000
2.340181 -9.525827 -0.114855 7.910000 -0.700000 -0.560000
2.292324 -9.698111 0.093320 14.070000 -0.700000 -0.770000
2.306681 -9.470792 0.131605 4.130000 -0.350000 1.960000
2.306681 -9.470792 0.131605 4.130000 -0.350000 1.960000
2.414358 -9.891929 -0.043071 -2.240000 -0.560000 0.210000
2.299503 -9.449257 0.344566 4.410000 -1.260000 -0.210000
2.462214 -9.748360 0.196211 2.450000 -1.820000 0.700000
2.426322 -10.107283 -0.124427 -3.500000 -0.420000 0.490000
2.266003 -9.676575 0.215354 4.970000 -1.750000 -0.700000
2.342573 -9.674182 0.296710 3.710000 -2.170000 -1.890000
