3.007778 -8.941978 3.096312 6.440000 -0.210000 0.140000
2.857030 -8.989835 2.924029 -5.600000 1.470000 -0.840000
2.857030 -8.989835 2.924029 -5.600000 1.470000 -0.840000
3.002992 -9.205189 2.904887 5.110000 -1.260000 -0.560000
2.847459 -8.906086 2.904887 -4.130000 0.840000 -0.910000
2.804388 -9.224331 2.943172 -1.540000 0.980000 -1.190000
2.660819 -8.941978 3.701697 -1.330000 3.570000 5.600000
2.811567 -9.698111 3.113062 -37.099998 4.550000 10.920000
2.811567 -9.698111 3.113062 -37.099998 4.550000 10.920000
3.218346 -8.896514 3.184847 -92.120003 3.220000 19.110001
2.813959 -6.599405 2.782853 -150.570007 -26.110001 47.880001
1.399801 -10.387242 -2.524428 -76.440002 -9.940000 20.790001
2.330609 -10.119246 0.150748 38.360001 -4.620000 7.210000
2.572284 -9.518648 1.213161 35.420002 -9.170000 12.740000
2.572284 -9.518648 1.213161 35.420002 -9.170000 12.740000
1.758725 -10.899307 -0.507278 -13.930000 -2.590000 9.660000
2.127219 -10.066606 0.148355 18.480000 -0.630000 1.610000
2.055435 -9.954143 0.162712 -4.830000 -1.890000 -0.910000
2.079363 -9.549755 0.107677 10.150000 -0.070000 -1.890000
2.009971 -9.360723 0.638884 5.880000 0.070000 -1.470000
2.009971 -9.360723 0.638884 5.880000 0.070000 -1.470000
1.959722 -9.623933 0.189033 -3.010000 1.470000 -1.540000
2.177469 -9.442079 0.629312 8.120000 2.590000 -2.730000
2.024328 -9.633504 0.291924 -2.100000 0.560000 0.910000
2.024328 -9.633504 0.291924 -2.100000 0.560000 0.910000
1.859223 -9.686146 0.284746 -0.630000 1.470000 1.190000
1.864009 -9.655040 0.638884 6.510000 2.450000 0.980000
1.957329 -9.590433 0.751346 3.570000 3.080000 3.360000
2.017149 -10.135997 0.567099 -1.260000 2.660000 2.030000
1.806581 -9.600004 0.655633 3.570000 0.280000 -0.840000
1.871187 -9.698111 0.806381 5.320000 1.330000 0.280000
2.009971 -9.896714 0.492921 1.190000 1.400000 0.280000
2.009971 -9.896714 0.492921 1.190000 1.400000 0.280000
1.921437 -9.779467 0.612563 1.960000 0.630000 -1.400000
1.969293 -9.621540 0.629312 6.930000 0.350000 -1.680000
1.983650 -9.913465 0.361316 8.890000 2.380000 -0.140000
1.921437 -9.611969 0.818345 -0.840000 2.380000 -0.980000
1.988436 -9.671788 0.830309 -1.190000 0.560000 -2.030000
