2.871387 -8.623734 3.572484 2.170000 0.700000 -0.560000
2.979064 -8.642875 3.601198 0.910000 0.070000 -0.700000
2.979064 -8.642875 3.601198 0.910000 0.070000 -0.700000
2.962314 -8.633304 3.625126 2.240000 0.910000 -0.840000
2.854637 -8.516055 3.783052 2.170000 -0.910000 -0.770000
2.902494 -8.592626 3.538985 -1.680000 0.280000 0.700000
2.904887 -8.508877 3.883551 11.060000 0.980000 -1.470000
2.883351 -8.807980 3.646662 -10.080000 0.770000 2.870000
2.883351 -8.807980 3.646662 -10.080000 0.770000 2.870000
2.988636 -8.559127 3.957729 -7.140000 0.770000 4.480000
2.727818 -8.817552 4.156333 -48.860001 2.870000 6.090000
2.845066 -8.401200 3.182454 -118.930000 -1.260000 18.340000
2.878566 -7.479963 0.729811 -149.729996 -20.719999 35.910000
2.878566 -7.479963 0.729811 -149.729996 -20.719999 35.910000
2.457429 -7.386643 0.411566 -139.300003 -22.330000 47.880001
2.656033 -9.990034 -0.418744 28.980000 -3.640000 5.460000
2.656033 -9.990034 -0.418744 28.980000 -3.640000 5.460000
1.974079 -10.480563 -0.117248 0.070000 -3.640000 4.830000
2.115255 -10.360922 -0.701097 -0.420000 -0.770000 0.560000
1.998007 -9.822537 0.076570 13.090000 -3.080000 -1.610000
1.998007 -9.822537 0.076570 13.090000 -3.080000 -1.610000
1.947758 -9.671788 -0.071785 2.590000 -1.190000 -2.100000
1.928615 -9.793823 -0.035892 0.140000 -0.770000 -2.240000
2.067399 -9.269794 -0.083749 5.600000 -1.680000 -1.890000
2.093720 -9.667004 -0.145962 7.000000 -1.050000 -0.910000
2.091327 -9.513863 0.078963 -4.200000 0.280000 -1.400000
1.998007 -9.585647 0.062213 5.110000 -0.350000 0.980000
2.146362 -9.422935 -0.174676 2.520000 -1.890000 1.260000
2.115255 -9.667004 -0.172283 7.490000 -0.560000 0.840000
2.143969 -9.494720 0.291924 8.260000 0.210000 0.070000
2.187040 -9.841680 -0.129212 -2.310000 0.630000 -0.070000
2.096112 -9.848858 -0.052642 -0.490000 0.630000 0.140000
2.108077 -9.827322 -0.069392 2.380000 0.560000 0.560000
2.151148 -10.076177 -0.222532 1.190000 1.470000 -0.770000
2.053042 -9.894321 0.026321 -0.350000 0.490000 -0.980000
