2.921637 -9.236296 2.766103 4.410000 1.330000 0.350000
2.921637 -9.236296 2.766103 4.410000 1.330000 0.350000
2.835495 -8.762517 3.194418 8.400000 1.260000 -1.050000
2.895315 -9.336794 3.105884 0.070000 0.770000 -0.140000
2.895315 -9.336794 3.105884 0.070000 0.770000 -0.140000
2.895315 -9.336794 3.105884 0.070000 0.770000 -0.140000
2.830709 -9.135797 3.364309 30.030001 -0.630000 -1.190000
2.830709 -9.135797 3.364309 30.030001 -0.630000 -1.190000
3.002992 -8.932407 3.481557 6.370000 -1.540000 -0.140000
2.907279 -8.786445 3.677768 10.500000 -0.140000 -0.350000
2.797210 -9.585647 3.337988 -3.640000 5.040000 0.980000
2.758924 -7.604390 4.067799 -13.020000 5.110000 12.250000
2.617748 -8.295916 4.086941 -38.779999 1.820000 13.650000
2.617748 -8.295916 4.086941 -38.779999 1.820000 13.650000
2.900101 -10.147961 2.390430 -71.750000 1.050000 5.600000
2.959922 -6.532406 3.285345 -61.040001 -2.170000 26.530001
2.469393 -8.159525 2.510071 -109.059998 -15.540000 23.870001
2.108077 -8.834301 0.904487 -104.090004 -15.820000 31.150000
2.136791 -9.894321 -0.289532 -69.580002 -11.410000 21.420000
1.978864 -9.925428 -0.234497 -19.389999 -3.290000 9.590000
1.978864 -9.925428 -0.234497 -19.389999 -3.290000 9.590000
2.055435 -9.865608 0.454636 -3.500000 -3.850000 11.970000
1.806581 -10.468598 0.177069 0.770000 1.400000 6.720000
1.842474 -9.848858 0.126820 11.130000 2.800000 5.110000
1.842474 -9.848858 0.126820 11.130000 2.800000 5.110000
2.002793 -10.102496 0.535992 10.010000 3.360000 2.520000
1.897508 -10.059426 0.064606 -1.820000 1.960000 1.680000
1.895115 -9.868000 0.569492 3.640000 1.610000 0.210000
1.909473 -9.918249 0.378066 -1.470000 0.630000 -0.910000
1.921437 -9.923036 0.339781 3.010000 1.400000 -2.730000
1.921437 -9.923036 0.339781 3.010000 1.400000 -2.730000
1.868794 -9.578469 0.433101 4.480000 1.400000 -2.100000
1.828116 -9.547362 0.454636 -5.670000 3.430000 -1.050000
1.950150 -9.731609 0.232104 10.220000 3.500000 0.560000
1.875973 -9.408579 0.818345 6.930000 2.800000 0.140000
1.875973 -9.408579 0.818345 6.930000 2.800000 0.140000
1.969293 -9.631111 0.964308 -2.730000 1.190000 -0.070000
1.761117 -9.755538 0.605384 -4.410000 -0.420000 -1.050000
1.895115 -9.786645 0.768096 4.620000 -1.050000 -0.910000
