2.287539 -9.638289 0.466600 -3.990000 4.690000 4.270000
2.222932 -9.860823 0.445065 -5.600000 4.340000 2.030000
2.309074 -9.743573 0.354138 0.980000 5.320000 3.010000
2.187040 -9.614362 0.610170 6.790000 6.300000 0.700000
2.187040 -9.614362 0.610170 6.790000 6.300000 0.700000
2.282753 -9.662218 0.543171 9.730000 7.700000 3.360000
2.282753 -9.662218 0.543171 9.730000 7.700000 3.360000
2.246860 -9.791430 0.636491 29.540001 11.130000 1.680000
2.258825 -10.234102 0.887737 59.849998 13.650000 1.330000
2.191825 -9.824929 1.201197 84.070000 16.379999 0.350000
2.191825 -9.824929 1.201197 84.070000 16.379999 0.350000
2.187040 -9.827322 1.816152 87.080002 19.809999 0.070000
2.148755 -8.736196 2.603391 98.489998 23.309999 0.840000
2.148755 -8.736196 2.603391 98.489998 23.309999 0.840000
2.201397 -9.848858 2.943172 104.860001 26.880001 -4.970000
2.280360 -7.329216 3.962514 148.190002 28.490000 -1.330000
2.280360 -7.329216 3.962514 148.190002 28.490000 -1.330000
1.988436 -7.848458 4.845466 143.779999 27.020000 -6.930000
1.988436 -7.848458 4.845466 143.779999 27.020000 -6.930000
2.009971 -5.651847 7.580462 151.479996 16.940001 -18.480000
2.069792 -5.596812 7.446464 119.139999 16.309999 -14.560000
2.280360 -4.036692 7.621140 173.110001 22.049999 -11.270000
2.280360 -4.036692 7.621140 173.110001 22.049999 -11.270000
1.658226 -2.342573 8.367701 153.300003 27.790001 -10.990000
1.753939 -1.533799 7.317252 177.940002 24.010000 -8.050000
1.753939 -1.533799 7.317252 177.940002 24.010000 -8.050000
1.753939 -1.533799 7.317252 177.940002 24.010000 -8.050000
2.127219 -0.756132 7.932207 219.800003 40.250000 -4.200000
2.127219 -0.756132 7.932207 219.800003 40.250000 -4.200000
2.127219 -0.756132 7.932207 219.800003 40.250000 -4.200000
2.127219 -0.756132 7.932207 219.800003 40.250000 -4.200000
2.127219 -0.756132 7.932207 219.800003 40.250000 -4.200000
2.127219 -0.756132 7.932207 219.800003 40.250000 -4.200000
0.653241 2.026721 9.609575 -2.450000 7.560000 0.140000
0.653241 2.026721 9.609575 -2.450000 7.560000 0.140000
0.653241 2.026721 9.609575 -2.450000 7.560000 0.140000
0.677169 2.053042 9.643075 -3.850000 6.090000 0.140000
0.677169 2.053042 9.643075 -3.850000 6.090000 0.140000
0.703490 2.091327 9.497113 -13.300000 4.620000 4.200000
0.691526 1.808974 9.358330 -5.950000 4.760000 3.430000
0.636491 1.643869 9.415757 -13.440001 1.680000 3.990000
0.636491 1.643869 9.415757 -13.440001 1.680000 3.990000
0.591027 1.428515 9.269794 -8.820000 -0.280000 2.870000
0.866202 1.823331 9.202796 -1.680000 1.820000 1.820000
