2.165504 -9.413363 1.974079 -4.270000 6.160000 2.240000
2.242075 -9.401401 1.942972 -2.030000 6.230000 3.010000
2.232504 -9.317651 2.084148 0.280000 5.950000 4.060000
2.160719 -9.525827 2.024328 -0.910000 5.390000 1.890000
2.311467 -9.422935 2.127219 0.770000 4.760000 2.170000
2.287539 -9.571291 1.895115 2.870000 5.460000 3.080000
2.234896 -9.786645 1.969293 34.090000 8.890000 1.540000
2.234896 -9.786645 1.969293 34.090000 8.890000 1.540000
2.273181 -9.387043 2.397608 29.330000 10.010000 -0.630000
2.261217 -9.635897 2.342573 25.969999 11.200000 0.140000
2.215754 -9.911072 2.591427 59.010002 15.890000 -1.680000
2.062613 -8.886944 3.455236 92.610001 26.250000 -6.650000
2.062613 -8.886944 3.455236 92.610001 26.250000 -6.650000
2.062613 -8.886944 3.455236 92.610001 26.250000 -6.650000
1.715654 -6.300302 6.733403 122.500000 24.500000 -13.650000
1.708475 -7.688138 6.171089 94.919998 17.430000 -12.810000
2.550749 -4.981857 6.537192 191.100006 28.840000 -9.170000
2.550749 -4.981857 6.537192 191.100006 28.840000 -9.170000
2.050649 -4.175476 8.437093 157.289993 29.190001 -14.840000
2.452643 -1.935793 7.441679 217.419998 33.599998 1.750000
1.689333 -0.693919 9.339187 195.229996 40.740002 -10.010000
1.689333 -0.693919 9.339187 195.229996 40.740002 -10.010000
1.844866 -2.333002 8.604590 126.000000 15.400000 -13.090000
1.612763 0.373280 8.863015 184.940002 33.389999 -5.880000
1.612763 0.373280 8.863015 184.940002 33.389999 -5.880000
1.612763 0.373280 8.863015 184.940002 33.389999 -5.880000
1.612763 0.373280 8.863015 184.940002 33.389999 -5.880000
1.612763 0.373280 8.863015 184.940002 33.389999 -5.880000
1.612763 0.373280 8.863015 184.940002 33.389999 -5.880000
1.612763 0.373280 8.863015 184.940002 33.389999 -5.880000
0.854238 2.462214 9.475577 34.299999 17.080000 -6.230000
0.813560 2.663212 9.288938 -3.640000 5.600000 -0.210000
0.868595 2.900101 9.430114 4.830000 7.000000 0.630000
0.784846 3.328416 9.217153 -11.690000 5.600000 3.430000
0.784846 3.328416 9.217153 -11.690000 5.600000 3.430000
0.708275 2.914458 9.025726 -14.560000 4.900000 3.920000
0.717847 2.644069 9.085547 -6.720000 3.220000 3.500000
0.794417 2.624927 9.147761 -6.790000 3.010000 2.660000
0.722632 2.768496 9.090333 -13.790000 4.060000 5.040000
0.784846 2.545963 9.145369 -11.060000 4.130000 3.430000
0.784846 2.545963 9.145369 -11.060000 4.130000 3.430000
0.787239 2.548356 9.092726 -14.280000 3.990000 4.060000
0.753739 2.206182 9.064013 -11.550000 1.890000 2.380000
0.894916 2.522035 9.269794 -7.630000 2.870000 1.540000
0.894916 2.385644 9.186047 -14.980000 1.820000 3.850000
