1.871187 -9.884750 0.593420 -7.210000 2.730000 3.080000
1.875973 -9.820145 0.483350 -7.700000 3.360000 2.590000
1.931008 -9.784252 0.612563 -4.830000 3.220000 1.750000
1.938186 -9.827322 0.507278 -3.570000 4.480000 1.890000
2.021935 -9.999605 0.413958 0.490000 5.180000 2.170000
1.899901 -10.073784 0.452243 20.860001 6.930000 0.490000
1.899901 -10.073784 0.452243 20.860001 6.930000 0.490000
1.959722 -10.078569 0.653241 37.520000 12.040000 2.100000
1.952543 -10.875379 0.715454 112.279999 17.850000 3.360000
1.689333 -8.489735 2.172683 168.490005 24.500000 -2.940000
1.689333 -8.489735 2.172683 168.490005 24.500000 -2.940000
1.689333 -8.489735 2.172683 168.490005 24.500000 -2.940000
1.689333 -8.489735 2.172683 168.490005 24.500000 -2.940000
2.024328 -8.303094 3.663411 129.850006 31.710001 -1.050000
1.533799 -8.578269 4.488935 143.990005 33.599998 -2.450000
1.411765 -6.829116 6.372087 153.440002 20.930000 -8.400000
1.411765 -6.829116 6.372087 153.440002 20.930000 -8.400000
1.450050 -6.635297 6.506085 178.500000 20.230000 -10.710000
1.450050 -6.635297 6.506085 178.500000 20.230000 -10.710000
1.162912 -2.301895 8.446664 232.889999 28.980000 -13.440001
1.311267 -0.835095 8.949157 219.520004 35.840000 -7.770000
0.751346 0.473779 9.418150 194.460007 38.290001 -6.020000
0.751346 0.473779 9.418150 194.460007 38.290001 -6.020000
0.751346 0.473779 9.418150 194.460007 38.290001 -6.020000
0.751346 0.473779 9.418150 194.460007 38.290001 -6.020000
0.751346 0.473779 9.418150 194.460007 38.290001 -6.020000
0.751346 0.473779 9.418150 194.460007 38.290001 -6.020000
0.330210 2.175076 9.683753 46.480000 19.460001 -0.980000
0.093320 2.766103 9.748360 -3.430000 10.710000 3.430000
0.093320 2.766103 9.748360 -3.430000 10.710000 3.430000
0.035892 2.543570 9.662218 -12.530000 8.890000 3.500000
0.110070 2.596212 9.700503 -9.100000 6.020000 4.690000
0.110070 2.596212 9.700503 -9.100000 6.020000 4.690000
0.095713 2.467000 9.647861 -16.730000 4.480000 4.830000
0.193819 2.335395 9.154939 -5.740000 2.660000 1.470000
0.076570 2.294717 9.391829 -8.400000 2.310000 1.330000
0.294317 2.385644 9.183653 -2.030000 1.190000 0.910000
