1.706082 -9.578469 1.399801 -2.240000 7.350000 0.840000
1.706082 -9.578469 1.399801 -2.240000 7.350000 0.840000
1.706082 -9.578469 1.399801 -2.240000 7.350000 0.840000
1.701297 -9.812965 1.500300 -6.300000 5.950000 1.890000
1.710868 -9.918249 1.440479 -4.130000 6.020000 1.820000
1.746760 -9.755538 1.505085 6.230000 6.160000 1.120000
1.746760 -9.710074 1.682154 11.480000 6.930000 0.630000
1.746760 -9.710074 1.682154 11.480000 6.930000 0.630000
1.722832 -9.652647 1.744368 3.780000 8.540000 0.280000
1.797010 -9.937392 1.995614 35.420002 9.380000 -1.400000
1.797010 -9.937392 1.995614 35.420002 9.380000 -1.400000
1.797010 -9.937392 1.995614 35.420002 9.380000 -1.400000
1.677369 -9.731609 2.208575 70.699997 14.210000 -4.410000
1.691726 -10.810772 2.242075 155.539993 20.790001 -8.050000
1.691726 -10.810772 2.242075 155.539993 20.790001 -8.050000
1.768296 -5.706882 5.627919 284.269989 33.529999 -14.560000
1.433301 -6.678369 6.266802 257.179993 25.270000 -22.889999
1.552942 -2.538785 8.401200 207.899994 24.219999 -16.309999
1.351945 -2.392823 8.561519 151.199997 14.000000 -19.950001
1.555335 -2.316252 8.628519 157.639999 12.810000 -21.070000
1.555335 -2.316252 8.628519 157.639999 12.810000 -21.070000
1.263410 0.011964 9.241080 151.339996 27.020000 -15.260000
1.263410 0.011964 9.241080 151.339996 27.020000 -15.260000
1.263410 0.011964 9.241080 151.339996 27.020000 -15.260000
1.263410 0.011964 9.241080 151.339996 27.020000 -15.260000
1.263410 0.011964 9.241080 151.339996 27.020000 -15.260000
1.000200 2.404787 9.104690 85.889999 26.180000 -1.680000
0.385244 2.749353 8.872586 51.029999 22.190001 3.570000
0.552742 3.342773 9.169296 52.709999 24.080000 4.200000
0.552742 3.342773 9.169296 52.709999 24.080000 4.200000
0.196211 3.364309 9.052048 24.710001 16.940001 2.170000
0.318245 3.716053 9.071191 26.180000 19.040001 1.330000
0.296710 3.883551 9.102298 11.620000 15.610000 2.240000
0.296710 3.883551 9.102298 11.620000 15.610000 2.240000
0.296710 3.883551 9.102298 11.620000 15.610000 2.240000
0.296710 3.883551 9.102298 11.620000 15.610000 2.240000
0.066999 3.730411 8.934800 -11.270000 8.960000 4.900000
0.028714 3.747160 8.858230 -8.750000 7.000000 3.710000
0.040678 3.692125 8.910872 -9.730000 6.370000 3.430000
0.033500 3.615555 9.037691 -9.800000 5.040000 3.360000
0.033500 3.615555 9.037691 -9.800000 5.040000 3.360000
0.007178 3.739982 8.970692 -6.160000 2.940000 3.010000
0.083749 3.601198 8.874979 -12.530000 2.660000 4.550000
