1.660619 -9.820145 0.244068 6.510000 5.320000 2.590000
1.660619 -9.820145 0.244068 6.510000 5.320000 2.590000
1.660619 -9.820145 0.244068 6.510000 5.320000 2.590000
1.660619 -9.820145 0.244068 6.510000 5.320000 2.590000
1.679761 -9.975677 0.064606 7.350000 6.720000 2.380000
1.694118 -10.150353 0.045464 43.189999 9.660000 0.210000
1.732404 -10.114462 0.528814 78.750000 14.000000 -1.610000
1.691726 -10.011569 1.110270 86.239998 18.830000 -3.920000
1.691726 -10.011569 1.110270 86.239998 18.830000 -3.920000
1.730011 -9.803394 1.634298 82.529999 20.090000 -6.020000
1.808974 -9.958927 1.871187 97.650002 21.770000 -6.860000
1.739582 -8.712267 3.467200 160.509995 29.469999 -13.510000
1.739582 -8.712267 3.467200 160.509995 29.469999 -13.510000
1.655833 -8.226524 4.273581 141.190002 27.090000 -12.180000
1.801795 -8.090133 4.567898 153.089996 25.059999 -12.110000
1.811367 -6.862615 5.864808 196.419998 30.799999 -13.720000
1.564906 -6.240481 6.470192 189.630005 23.100000 -17.710001
1.971686 -3.742374 7.173682 293.160004 37.029999 -11.200000
0.854238 -0.279960 9.614362 199.360001 37.660000 -9.870000
0.145962 -0.820738 8.807980 142.029999 11.620000 -13.790000
0.145962 -0.820738 8.807980 142.029999 11.620000 -13.790000
1.517050 0.071785 8.927622 132.229996 27.370001 -6.230000
1.517050 0.071785 8.927622 132.229996 27.370001 -6.230000
1.517050 0.071785 8.927622 132.229996 27.370001 -6.230000
1.517050 0.071785 8.927622 132.229996 27.370001 -6.230000
1.517050 0.071785 8.927622 132.229996 27.370001 -6.230000
1.517050 0.071785 8.927622 132.229996 27.370001 -6.230000
0.885344 -0.318245 8.444271 104.930000 17.570000 -5.600000
0.885344 -0.318245 8.444271 104.930000 17.570000 -5.600000
0.885344 -0.318245 8.444271 104.930000 17.570000 -5.600000
0.885344 -0.318245 8.444271 104.930000 17.570000 -5.600000
0.885344 -0.318245 8.444271 104.930000 17.570000 -5.600000
-0.392423 4.608576 9.032906 -12.250000 14.980000 1.680000
-0.430708 4.333402 9.104690 -11.480000 10.010000 1.120000
-0.397209 4.491328 9.133404 -15.120000 4.130000 2.590000
-0.313460 4.407579 9.090333 -17.219999 2.870000 3.220000
-0.349352 4.285545 8.963513 -17.219999 2.310000 4.270000
-0.394816 4.182654 8.812766 -14.070000 1.540000 4.690000
-0.306281 4.127619 8.781659 -11.760000 2.170000 5.950000
-0.306281 4.127619 8.781659 -11.760000 2.170000 5.950000
-0.454636 3.737589 8.518449 -26.530001 -2.660000 5.670000
-0.325424 3.567699 8.405986 -11.760000 -1.050000 2.730000
-0.210568 3.830909 8.528020 -7.280000 0.630000 2.030000
