1.421337 -9.956534 0.528814 39.340000 9.240000 -0.560000
1.564906 -10.346564 0.832702 31.430000 9.800000 0.630000
1.497907 -10.461421 0.918844 76.860001 12.390000 -0.910000
1.375873 -9.889536 1.495514 147.419998 17.500000 -5.740000
1.375873 -9.889536 1.495514 147.419998 17.500000 -5.740000
1.409373 -9.690931 2.641676 199.220001 20.650000 -8.050000
1.328017 -7.996813 4.314260 254.449997 25.690001 -14.350000
1.328017 -7.996813 4.314260 254.449997 25.690001 -14.350000
1.316052 -5.491528 6.841080 226.169998 25.549999 -22.820000
1.308874 -4.599005 7.441679 202.160004 17.710001 -21.980000
1.308874 -4.599005 7.441679 202.160004 17.710001 -21.980000
1.548156 -2.359323 8.480164 220.779999 34.650002 -19.250000
1.926222 -0.052642 8.492127 250.529999 41.090000 -10.500000
1.926222 -0.052642 8.492127 250.529999 41.090000 -10.500000
1.926222 -0.052642 8.492127 250.529999 41.090000 -10.500000
1.926222 -0.052642 8.492127 250.529999 41.090000 -10.500000
1.926222 -0.052642 8.492127 250.529999 41.090000 -10.500000
1.926222 -0.052642 8.492127 250.529999 41.090000 -10.500000
1.926222 -0.052642 8.492127 250.529999 41.090000 -10.500000
1.926222 -0.052642 8.492127 250.529999 41.090000 -10.500000
0.002393 5.015356 8.918050 36.119999 29.120001 -0.700000
-0.433101 5.039285 9.592826 1.120000 21.210001 4.410000
-0.232104 4.481757 9.145369 -14.560000 10.640000 5.950000
-0.191426 4.350152 9.028119 -13.440001 9.800000 7.070000
-0.191426 4.350152 9.028119 -13.440001 9.800000 7.070000
-0.184247 4.240082 9.119047 -12.460000 8.750000 8.120000
-0.222532 4.003192 9.008978 -17.360001 6.300000 7.140000
-0.205783 3.806981 8.688338 -11.480000 3.220000 4.200000
-0.334995 3.871587 8.848659 -13.860000 2.940000 4.060000
-0.334995 3.871587 8.848659 -13.860000 2.940000 4.060000
-0.272782 3.452843 8.549555 -16.730000 -0.140000 3.010000
-0.272782 3.452843 8.549555 -16.730000 -0.140000 3.010000
-0.272782 3.452843 8.549555 -16.730000 -0.140000 3.010000
