1.935793 -9.760324 1.347159 3.570000 6.580000 1.260000
1.878366 -9.676575 1.490728 1.960000 7.070000 1.120000
1.935793 -9.879964 1.476372 16.240000 7.980000 1.050000
1.823331 -9.970891 1.667797 44.029999 10.430000 -0.630000
1.823331 -9.970891 1.667797 44.029999 10.430000 -0.630000
1.916651 -10.114462 1.689333 95.830002 13.790000 -0.420000
1.770689 -9.360723 2.888137 124.389999 17.010000 -0.770000
1.765903 -8.169096 3.543770 174.369995 25.830000 0.840000
1.531406 -7.501499 5.953342 149.520004 15.820000 -6.300000
1.782653 -7.750352 5.663811 144.970001 17.010000 -3.500000
1.782653 -7.750352 5.663811 144.970001 17.010000 -3.500000
1.706082 -6.525227 5.393422 186.270004 11.130000 -4.690000
1.622334 -5.046463 7.951349 224.419998 23.450001 -14.560000
1.576870 -3.670590 7.975278 237.580002 22.190001 -16.520000
1.576870 -3.670590 7.975278 237.580002 22.190001 -16.520000
0.878166 -0.428315 9.597611 127.050003 12.110000 -16.379999
0.878166 -0.428315 9.597611 127.050003 12.110000 -16.379999
1.799403 -0.701097 9.202796 123.129997 15.120000 -16.100000
0.937986 1.610370 9.796216 104.230003 17.360001 -7.630000
0.937986 1.610370 9.796216 104.230003 17.360001 -7.630000
0.937986 1.610370 9.796216 104.230003 17.360001 -7.630000
0.937986 1.610370 9.796216 104.230003 17.360001 -7.630000
1.201197 1.225125 9.573684 54.040001 8.960000 -9.170000
1.201197 1.225125 9.573684 54.040001 8.960000 -9.170000
0.890130 2.187040 9.477970 -1.190000 4.690000 -2.030000
1.076770 1.995614 9.219545 1.960000 5.530000 1.820000
1.076770 1.995614 9.219545 1.960000 5.530000 1.820000
0.940379 2.237289 9.320045 -10.780000 5.530000 3.710000
0.832702 2.120041 9.190832 -16.660000 3.010000 4.130000
0.832702 2.120041 9.190832 -16.660000 3.010000 4.130000
0.906880 1.653440 8.925228 -8.470000 3.640000 2.310000
0.988236 1.887937 9.399008 -8.750000 4.480000 4.340000
