2.603391 -10.016356 0.181855 38.990002 13.860000 1.120000
2.622534 -10.200603 0.547956 80.989998 16.450001 0.840000
2.622534 -10.200603 0.547956 80.989998 16.450001 0.840000
2.481357 -10.360922 0.832702 101.080002 19.040001 -0.490000
2.481357 -8.623734 2.356930 207.059998 22.540001 -1.960000
2.455036 -8.597411 3.125026 217.559998 23.799999 -7.910000
2.275574 -8.755339 4.156333 232.750000 25.270000 -22.400000
2.392823 -7.716853 4.060620 282.380005 27.230000 -24.219999
2.392823 -7.716853 4.060620 282.380005 27.230000 -24.219999
2.495714 -4.701896 6.118448 277.410004 32.060001 -27.860001
2.495714 -4.701896 6.118448 277.410004 32.060001 -27.860001
2.237289 -2.450250 7.948956 182.210007 20.860001 -17.850000
2.426322 -0.827917 9.293723 139.860001 27.020000 -7.350000
2.426322 -0.827917 9.293723 139.860001 27.020000 -7.350000
2.323431 -2.699104 8.736196 108.430000 15.750000 -11.200000
2.323431 -2.699104 8.736196 108.430000 15.750000 -11.200000
1.895115 0.126820 9.008978 134.750000 36.330002 -4.130000
1.895115 0.126820 9.008978 134.750000 36.330002 -4.130000
1.895115 0.126820 9.008978 134.750000 36.330002 -4.130000
1.895115 0.126820 9.008978 134.750000 36.330002 -4.130000
1.895115 0.126820 9.008978 134.750000 36.330002 -4.130000
1.895115 0.126820 9.008978 134.750000 36.330002 -4.130000
1.861616 0.557528 9.327222 105.769997 36.680000 -6.300000
1.129412 1.730011 9.994821 0.490000 10.640000 -6.230000
1.129412 1.730011 9.994821 0.490000 10.640000 -6.230000
1.232304 1.435694 9.705289 -22.540001 3.780000 3.710000
1.215554 1.332802 9.494720 -5.530000 3.920000 1.400000
1.215554 1.332802 9.494720 -5.530000 3.920000 1.400000
1.215554 1.332802 9.494720 -5.530000 3.920000 1.400000
1.196411 1.162912 9.355937 -6.790000 4.060000 2.590000
1.210768 1.189233 9.334401 -8.470000 4.690000 5.390000
1.210768 1.189233 9.334401 -8.470000 4.690000 5.390000
1.227518 1.174876 9.291330 -7.980000 3.850000 5.320000
1.234696 1.143769 9.334401 -6.370000 5.320000 6.020000
1.313660 0.909273 9.296116 -8.120000 4.550000 6.790000
1.316052 1.179662 9.396614 -9.380000 4.900000 7.210000
1.229911 0.978664 9.265009 -7.630000 4.760000 6.930000
