1.730011 -9.853643 0.200997 0.770000 4.760000 2.240000
1.622334 -9.650253 0.411566 9.170000 6.370000 1.820000
1.794617 -9.781858 0.502493 16.520000 6.790000 2.310000
1.770689 -10.104890 0.765703 39.619999 9.940000 2.030000
1.684547 -9.961320 0.952343 55.369999 13.790000 2.240000
1.684547 -9.961320 0.952343 55.369999 13.790000 2.240000
1.655833 -10.262815 1.033699 62.790001 19.040001 5.180000
1.741975 -10.451849 1.079163 88.690002 22.120001 4.690000
1.418944 -8.343772 3.024528 144.550003 35.630001 0.910000
1.481157 -8.525627 3.682554 146.509995 33.880001 -1.260000
1.325624 -8.446664 4.850252 182.070007 32.900002 -8.120000
1.325624 -8.446664 4.850252 182.070007 32.900002 -8.120000
1.395016 -5.907879 6.015556 185.360001 32.759998 -11.620000
1.091127 -5.644669 6.824330 174.300003 27.020000 -12.740000
1.258625 -3.943372 7.740781 192.990005 20.719999 -12.320000
1.129412 -3.708875 8.212167 212.940002 22.190001 -14.490000
0.899701 -1.887937 8.815158 190.750000 27.580000 -11.270000
0.937986 -0.311067 8.796017 163.449997 25.690001 -0.700000
0.937986 -0.311067 8.796017 163.449997 25.690001 -0.700000
0.803988 0.875773 9.336794 170.449997 35.000000 3.150000
0.803988 0.875773 9.336794 170.449997 35.000000 3.150000
0.803988 0.875773 9.336794 170.449997 35.000000 3.150000
0.803988 0.875773 9.336794 170.449997 35.000000 3.150000
0.803988 0.875773 9.336794 170.449997 35.000000 3.150000
-0.050249 2.483750 9.808180 44.869999 20.650000 4.060000
-0.086142 2.691926 9.891929 22.049999 12.950000 2.310000
-0.086142 2.691926 9.891929 22.049999 12.950000 2.310000
-0.136391 2.505285 9.815358 16.590000 10.850000 1.750000
-0.162712 2.541178 9.626326 15.400000 9.520000 2.660000
-0.196211 2.892922 9.616754 4.060000 7.140000 3.640000
-0.086142 2.871387 9.552148 -4.550000 5.810000 4.410000
-0.114855 2.368894 9.236296 -12.600000 4.270000 3.920000
-0.114855 2.368894 9.236296 -12.600000 4.270000 3.920000
-0.043071 2.512464 9.221939 -6.930000 4.410000 3.850000
-0.090927 2.522035 9.308081 -11.690000 3.220000 4.200000
0.009571 2.160719 8.961121 -15.190001 1.680000 1.750000
-0.019143 2.273181 9.145369 -5.810000 2.590000 1.120000
-0.014357 2.536392 9.341579 -2.450000 2.870000 2.380000
-0.150748 2.493321 9.291330 -13.090000 2.030000 2.730000
