1.801795 -9.743573 1.237089 -8.750000 2.800000 3.430000
1.794617 -9.702895 1.253839 -7.280000 1.750000 3.920000
1.799403 -9.822537 1.138984 -7.350000 3.150000 2.310000
1.873580 -10.092925 1.227518 -2.520000 4.200000 1.890000
1.864009 -10.037891 1.045663 1.680000 5.180000 1.190000
1.864009 -10.037891 1.045663 1.680000 5.180000 1.190000
1.897508 -9.939785 1.189233 7.420000 6.370000 -0.280000
1.899901 -9.903893 1.225125 8.260000 7.350000 -0.980000
1.878366 -9.722038 1.284946 37.170002 10.570000 0.770000
1.921437 -9.298509 1.634298 50.049999 12.670000 4.200000
1.768296 -9.272188 1.708475 45.080002 15.890000 3.220000
1.768296 -9.272188 1.708475 45.080002 15.890000 3.220000
1.775474 -10.803595 1.588834 91.910004 21.210001 -1.680000
1.703690 -8.662018 3.428915 212.940002 29.120001 -15.750000
1.825724 -7.597212 4.874180 223.229996 29.680000 -19.530001
1.500300 -6.135197 6.654440 198.940002 25.410000 -23.940001
1.552942 -6.061020 6.771688 188.089996 17.500000 -23.170000
2.031506 -5.407779 6.649654 252.910004 25.270000 -23.590000
2.031506 -5.407779 6.649654 252.910004 25.270000 -23.590000
1.182054 -0.725025 8.456236 239.119995 26.670000 -19.600000
1.462015 0.346959 9.298509 169.259995 24.150000 -18.549999
1.462015 0.346959 9.298509 169.259995 24.150000 -18.549999
1.462015 0.346959 9.298509 169.259995 24.150000 -18.549999
1.462015 0.346959 9.298509 169.259995 24.150000 -18.549999
1.155733 1.064806 9.324830 104.790001 19.389999 -9.520000
1.155733 1.064806 9.324830 104.790001 19.389999 -9.520000
1.155733 1.064806 9.324830 104.790001 19.389999 -9.520000
0.543171 2.888137 10.030712 7.840000 16.170000 5.810000
0.555135 2.239682 9.535398 -16.730000 11.550000 7.350000
0.555135 2.239682 9.535398 -16.730000 11.550000 7.350000
0.646062 2.000400 9.317651 -10.430000 10.570000 7.140000
0.665205 2.263610 9.595219 -3.710000 11.060000 7.420000
0.504886 2.055435 9.511470 -20.580000 8.960000 8.680000
0.681954 1.670190 9.449257 -7.490000 5.950000 5.460000
0.528814 1.971686 9.365508 -4.200000 5.530000 4.760000
0.528814 1.971686 9.365508 -4.200000 5.530000 4.760000
0.686740 1.775474 9.284152 -9.520000 3.570000 1.400000
0.686740 1.775474 9.284152 -9.520000 3.570000 1.400000
0.686740 1.775474 9.284152 -9.520000 3.570000 1.400000
0.748954 1.794617 9.322437 -10.430000 4.620000 2.940000
