2.115255 -9.667004 0.775275 -2.870000 6.370000 1.050000
2.110470 -9.650253 0.763310 -0.070000 7.560000 2.380000
2.000400 -9.643075 0.945165 3.010000 7.840000 2.170000
2.000400 -9.643075 0.945165 3.010000 7.840000 2.170000
2.088934 -9.662218 0.868595 16.660000 8.960000 4.130000
2.088934 -9.662218 0.868595 16.660000 8.960000 4.130000
2.019542 -10.167104 1.201197 42.770000 11.200000 4.200000
2.012364 -10.470992 1.387837 86.449997 16.379999 2.940000
2.076970 -9.863215 1.966900 159.949997 20.299999 2.240000
2.002793 -9.729217 2.766103 188.580002 24.850000 -0.980000
2.002793 -9.729217 2.766103 188.580002 24.850000 -0.980000
1.907080 -7.561320 3.952943 201.250000 27.510000 -4.410000
1.730011 -8.049455 5.491528 161.419998 24.430000 -10.710000
1.643869 -5.486742 6.690332 95.410004 20.510000 -8.260000
2.000400 -5.395815 7.513463 142.100006 21.000000 -8.890000
2.000400 -5.395815 7.513463 142.100006 21.000000 -8.890000
1.473979 -4.522435 7.585248 101.639999 15.540000 -8.260000
1.777867 -4.232903 7.877172 124.669998 20.299999 -9.100000
1.619941 -2.452643 8.918050 147.000000 22.750000 -8.820000
1.619941 -2.452643 8.918050 147.000000 22.750000 -8.820000
1.409373 -1.435694 8.671589 150.710007 25.129999 -10.080000
1.409373 -1.435694 8.671589 150.710007 25.129999 -10.080000
1.071985 0.148355 9.312866 137.199997 22.610001 -8.680000
1.071985 0.148355 9.312866 137.199997 22.610001 -8.680000
1.071985 0.148355 9.312866 137.199997 22.610001 -8.680000
1.071985 0.148355 9.312866 137.199997 22.610001 -8.680000
0.662812 3.409772 9.121440 37.380001 12.880000 -5.180000
0.423530 3.560520 9.133404 36.820000 11.830000 -4.480000
0.390030 4.412365 9.241080 30.380001 12.040000 -2.100000
0.390030 4.412365 9.241080 30.380001 12.040000 -2.100000
0.291924 4.237689 8.961121 -6.510000 6.300000 3.360000
0.385244 3.728018 8.961121 -11.760000 5.460000 4.410000
0.385244 3.728018 8.961121 -11.760000 5.460000 4.410000
0.385244 3.728018 8.961121 -11.760000 5.460000 4.410000
0.430708 3.500700 8.841480 -14.420000 6.510000 4.690000
0.430708 3.500700 8.841480 -14.420000 6.510000 4.690000
0.354138 3.225525 8.724231 -9.800000 3.990000 6.440000
0.354138 3.225525 8.724231 -9.800000 3.990000 6.440000
0.277567 2.938386 8.793623 -15.680000 2.100000 5.040000
0.387637 2.871387 8.606983 -12.390000 2.940000 3.710000
0.387637 2.871387 8.606983 -12.390000 2.940000 3.710000
0.612563 3.326023 8.659625 -8.190000 5.810000 4.200000
0.576670 3.208775 8.982656 -19.389999 6.370000 4.970000
0.552742 2.734996 9.133404 -15.400000 3.710000 4.550000
