2.029114 -9.667004 1.177269 -4.830000 6.090000 1.680000
2.029114 -9.667004 1.177269 -4.830000 6.090000 1.680000
2.117648 -9.671788 1.205983 -5.040000 5.530000 2.310000
2.012364 -9.518648 1.110270 -5.740000 4.830000 1.050000
2.012364 -9.518648 1.110270 -5.740000 4.830000 1.050000
2.069792 -9.513863 1.229911 -6.930000 4.760000 1.610000
2.120041 -9.556933 1.170090 -3.710000 6.090000 3.150000
2.165504 -9.710074 1.239482 -4.200000 4.340000 3.010000
2.029114 -9.798609 1.131805 -5.670000 4.760000 3.150000
2.031506 -9.793823 1.179662 2.870000 6.440000 4.270000
2.065006 -9.925428 1.028914 13.020000 7.840000 4.060000
2.065006 -9.925428 1.028914 13.020000 7.840000 4.060000
2.038685 -9.860823 1.339981 60.200001 12.250000 4.830000
2.012364 -9.695717 1.887937 76.090004 15.190001 4.200000
1.976472 -9.111869 2.816352 105.000000 18.690001 2.240000
1.978864 -9.525827 3.495914 134.680008 19.950001 2.730000
1.952543 -9.238688 4.005585 162.470001 22.400000 0.210000
1.835295 -7.666604 4.895715 198.449997 27.230000 -3.710000
1.603191 -6.903293 5.996413 169.680008 23.940001 -12.320000
1.648655 -6.683154 6.460621 158.270004 20.860001 -15.260000
1.521835 -4.144369 8.018349 143.710007 22.750000 -17.920000
1.103091 -4.383651 8.025528 119.840004 15.190001 -20.299999
1.103091 -4.383651 8.025528 119.840004 15.190001 -20.299999
1.978864 -2.622534 8.051848 182.979996 23.730000 -12.740000
1.493121 -1.375873 8.769694 188.020004 28.559999 -20.440001
1.493121 -1.375873 8.769694 188.020004 28.559999 -20.440001
1.323231 1.129412 9.803394 151.199997 30.590000 -11.690000
1.323231 1.129412 9.803394 151.199997 30.590000 -11.690000
1.323231 1.129412 9.803394 151.199997 30.590000 -11.690000
0.674776 2.380858 9.530612 34.090000 14.770000 -6.090000
0.674776 2.380858 9.530612 34.090000 14.770000 -6.090000
0.674776 2.380858 9.530612 34.090000 14.770000 -6.090000
0.674776 2.380858 9.530612 34.090000 14.770000 -6.090000
0.674776 2.380858 9.530612 34.090000 14.770000 -6.090000
0.674776 2.380858 9.530612 34.090000 14.770000 -6.090000
0.519243 2.773281 9.245867 -3.780000 5.250000 4.550000
0.519243 2.562713 9.245867 -13.230000 4.900000 4.760000
0.591027 2.443072 9.202796 -9.030000 3.850000 4.410000
0.641276 2.572284 9.229117 -3.220000 3.360000 3.640000
0.641276 2.572284 9.229117 -3.220000 3.360000 3.640000
0.500100 2.605784 9.200402 -10.220000 3.010000 5.320000
