2.368894 -9.473185 1.421337 -7.630000 3.710000 3.570000
2.368894 -9.473185 1.421337 -7.630000 3.710000 3.570000
2.443072 -9.533006 1.485943 -3.430000 4.270000 3.220000
2.376073 -9.533006 1.452443 -3.640000 4.270000 3.990000
2.376073 -9.533006 1.452443 -3.640000 4.270000 3.990000
2.433501 -9.578469 1.538585 -2.730000 5.600000 3.150000
2.440679 -9.753145 1.399801 0.420000 6.860000 2.520000
2.440679 -9.753145 1.399801 0.420000 6.860000 2.520000
2.347359 -9.841680 1.612763 24.639999 9.660000 2.450000
2.254039 -10.248460 2.261217 55.860001 15.960000 0.840000
2.306681 -9.987641 2.622534 108.779999 19.180000 -2.030000
2.404787 -9.468399 2.388037 132.089996 23.799999 -2.380000
2.129612 -8.700303 2.864209 186.410004 30.309999 -5.950000
1.978864 -8.118847 5.359922 197.610001 26.530001 -14.700000
2.170290 -7.939385 5.225924 207.199997 29.750000 -17.710001
1.969293 -5.431707 6.053841 189.350006 27.580000 -18.549999
1.969293 -5.431707 6.053841 189.350006 27.580000 -18.549999
2.053042 -5.402994 7.219146 151.410004 14.140000 -22.190001
1.806581 -0.524028 9.300901 201.880005 33.250000 -17.150000
1.543371 -0.794417 8.958728 163.800003 21.629999 -19.180000
1.543371 -0.794417 8.958728 163.800003 21.629999 -19.180000
1.995614 -0.124427 8.410772 181.229996 25.620001 -13.580000
1.995614 -0.124427 8.410772 181.229996 25.620001 -13.580000
1.995614 -0.124427 8.410772 181.229996 25.620001 -13.580000
1.995614 -0.124427 8.410772 181.229996 25.620001 -13.580000
1.995614 -0.124427 8.410772 181.229996 25.620001 -13.580000
1.995614 -0.124427 8.410772 181.229996 25.620001 -13.580000
0.849452 3.649055 9.839286 7.350000 11.060000 -5.180000
0.868595 3.249453 9.181261 -7.840000 5.250000 1.400000
0.753739 3.340380 9.530612 -6.440000 2.380000 3.640000
0.753739 3.340380 9.530612 -6.440000 2.380000 3.640000
0.909273 3.165704 8.774480 -4.270000 3.360000 3.570000
0.961915 3.371487 8.934800 -7.000000 4.690000 4.060000
0.768096 2.770889 9.025726 -12.320000 1.190000 3.430000
0.768096 2.770889 9.025726 -12.320000 1.190000 3.430000
0.947558 2.828316 8.980263 -5.320000 2.170000 2.170000
0.947558 2.828316 8.980263 -5.320000 2.170000 2.170000
0.947558 2.828316 8.980263 -5.320000 2.170000 2.170000
1.055235 3.096312 8.975478 -7.420000 3.150000 3.500000
