1.971686 -9.712467 1.500300 2.940000 9.310000 0.070000
1.947758 -9.683753 1.624727 7.420000 9.870000 -0.420000
1.947758 -9.683753 1.624727 7.420000 9.870000 -0.420000
2.041078 -9.853643 1.715654 20.790001 11.130000 -1.820000
2.005185 -9.779467 2.088934 35.420002 13.020000 -3.850000
2.033899 -9.973285 2.459821 57.820000 15.960000 -2.800000
2.033899 -9.973285 2.459821 57.820000 15.960000 -2.800000
2.081756 -9.805787 2.672783 72.449997 17.710001 -4.130000
2.038685 -10.219746 2.684747 106.470001 21.139999 -5.670000
1.966900 -9.389436 3.275774 228.270004 27.230000 -5.530000
1.663012 -6.218946 5.304887 248.430008 31.500000 -7.490000
1.663012 -6.218946 5.304887 248.430008 31.500000 -7.490000
2.062613 -4.311867 7.465607 194.740005 14.210000 -16.799999
2.062613 -4.311867 7.465607 194.740005 14.210000 -16.799999
1.418944 -1.330409 8.776874 179.270004 22.260000 -12.810000
1.418944 -1.330409 8.776874 179.270004 22.260000 -12.810000
1.677369 -0.753739 9.396614 160.229996 22.260000 -10.990000
1.438086 -0.222532 9.430114 137.759995 25.410000 -9.940000
1.438086 -0.222532 9.430114 137.759995 25.410000 -9.940000
1.438086 -0.222532 9.430114 137.759995 25.410000 -9.940000
1.438086 -0.222532 9.430114 137.759995 25.410000 -9.940000
1.100698 0.021535 9.475577 129.009995 20.860001 -7.840000
1.100698 0.021535 9.475577 129.009995 20.860001 -7.840000
1.100698 0.021535 9.475577 129.009995 20.860001 -7.840000
0.325424 3.795017 9.336794 -11.970000 12.810000 1.400000
0.394816 3.744767 9.140583 -7.350000 11.830000 1.960000
0.349352 3.859623 9.401401 -3.360000 9.660000 3.570000
0.212961 3.756732 9.190832 -15.260000 6.650000 4.760000
0.239282 3.440879 8.968300 -17.710001 4.620000 3.920000
0.339781 3.517449 9.097511 -7.210000 2.940000 4.270000
0.241675 3.244668 8.870193 -6.650000 1.750000 3.150000
0.241675 3.244668 8.870193 -6.650000 1.750000 3.150000
0.251246 3.342773 8.793623 -5.880000 1.260000 2.730000
0.282353 3.431308 8.805587 -6.160000 0.700000 2.170000
0.385244 3.333202 8.767302 -14.560000 1.050000 3.360000
