1.655833 -9.877571 1.071985 -7.210000 3.500000 1.680000
1.636691 -9.772287 1.100698 -1.470000 4.900000 0.910000
1.686940 -9.765109 1.170090 4.130000 6.790000 0.630000
1.686940 -9.765109 1.170090 4.130000 6.790000 0.630000
1.686940 -9.765109 1.170090 4.130000 6.790000 0.630000
1.727618 -9.774680 1.002593 19.879999 10.290000 1.680000
1.622334 -9.659825 1.988436 84.489998 19.320000 -1.820000
1.622334 -9.659825 1.988436 84.489998 19.320000 -1.820000
1.512264 -9.621540 2.328217 84.000000 20.790001 -4.270000
1.591227 -8.298308 3.852444 135.800003 24.290001 -9.730000
1.591227 -8.298308 3.852444 135.800003 24.290001 -9.730000
1.694118 -8.870193 4.453043 164.080002 21.280001 -13.160000
1.622334 -6.204589 6.443871 246.330002 24.780001 -8.960000
1.521835 -5.977271 7.101898 224.000000 22.960001 -15.190001
1.521835 -5.977271 7.101898 224.000000 22.960001 -15.190001
1.686940 -2.110470 8.516055 215.669998 27.510000 -8.330000
1.665405 -1.940579 9.348758 110.389999 18.690001 -8.680000
1.349552 -1.438086 8.819944 116.760002 17.710001 -5.740000
1.349552 -1.438086 8.819944 116.760002 17.710001 -5.740000
1.155733 -0.818345 9.413363 63.209999 11.200000 -7.070000
1.155733 -0.818345 9.413363 63.209999 11.200000 -7.070000
1.155733 -0.818345 9.413363 63.209999 11.200000 -7.070000
1.155733 -0.818345 9.413363 63.209999 11.200000 -7.070000
1.155733 -0.818345 9.413363 63.209999 11.200000 -7.070000
1.155733 -0.818345 9.413363 63.209999 11.200000 -7.070000
1.002593 0.911665 9.839286 17.850000 7.910000 2.030000
0.691526 0.471386 9.432507 -3.640000 4.410000 2.170000
0.691526 0.471386 9.432507 -3.640000 4.410000 2.170000
0.863809 0.748954 9.547362 4.200000 4.900000 3.220000
0.813560 0.801596 9.580862 -10.220000 4.900000 3.080000
0.815953 0.363709 9.473185 -12.040000 2.870000 2.730000
0.961915 0.689133 9.547362 -2.870000 3.920000 2.030000
0.839881 0.921237 9.535398 -2.870000 5.180000 4.410000
