1.698904 -9.719646 1.067199 -4.410000 4.410000 2.940000
1.698904 -9.719646 1.067199 -4.410000 4.410000 2.940000
1.698904 -9.719646 1.067199 -4.410000 4.410000 2.940000
1.698904 -9.719646 1.067199 -4.410000 4.410000 2.940000
1.684547 -9.832108 1.107877 7.980000 5.460000 3.360000
1.686940 -9.812965 1.258625 5.250000 7.210000 3.500000
1.686940 -10.346564 1.165305 35.490002 7.490000 3.710000
1.686940 -10.346564 1.165305 35.490002 7.490000 3.710000
1.679761 -11.136196 1.050449 82.669998 12.180000 3.290000
1.339981 -10.660025 2.165504 114.940002 26.460001 -1.680000
1.586441 -10.119246 2.423929 151.619995 26.389999 -3.150000
1.586441 -10.119246 2.423929 151.619995 26.389999 -3.150000
1.184447 -7.690532 4.074977 229.389999 28.490000 -8.610000
1.514657 -7.377072 5.974878 249.759995 29.469999 -17.290001
1.210768 -3.960121 7.415358 232.540009 22.889999 -9.940000
1.210768 -3.960121 7.415358 232.540009 22.889999 -9.940000
1.445265 -2.194218 9.260223 151.619995 26.880001 -8.120000
1.816152 -0.823131 9.209974 164.500000 20.580000 -4.620000
0.339781 -0.026321 9.918249 68.459999 16.520000 -3.500000
0.595813 -1.256232 9.399008 47.810001 3.080000 -7.490000
1.093520 0.184247 9.781858 85.470001 18.410000 -1.120000
1.093520 0.184247 9.781858 85.470001 18.410000 -1.120000
1.093520 0.184247 9.781858 85.470001 18.410000 -1.120000
1.093520 0.184247 9.781858 85.470001 18.410000 -1.120000
1.093520 0.184247 9.781858 85.470001 18.410000 -1.120000
1.093520 0.184247 9.781858 85.470001 18.410000 -1.120000
0.591027 0.789631 9.621540 -5.810000 4.130000 2.170000
0.753739 0.693919 9.332008 -6.790000 4.480000 2.030000
0.753739 0.693919 9.332008 -6.790000 4.480000 2.030000
0.801596 0.691526 9.494720 -2.800000 5.250000 1.540000
0.672383 0.873380 9.501899 -8.260000 5.320000 3.500000
0.655633 0.543171 9.470792 -8.680000 3.780000 3.150000
0.720240 0.744168 9.609575 -3.010000 3.850000 2.730000
