1.593620 -9.975677 0.378066 -1.610000 7.210000 1.260000
1.600798 -9.762716 0.385244 -1.610000 7.910000 -0.350000
1.605584 -9.695717 0.428315 -9.170000 5.810000 1.400000
1.684547 -9.915856 0.418744 -7.350000 6.370000 2.240000
1.684547 -9.915856 0.418744 -7.350000 6.370000 2.240000
1.689333 -10.219746 0.361316 21.700001 12.670000 0.140000
1.911865 -12.047862 -0.033500 144.759995 22.610001 -2.730000
1.911865 -12.047862 -0.033500 144.759995 22.610001 -2.730000
1.483550 -8.042276 1.868794 273.279999 30.660000 -4.270000
1.524228 -7.597212 3.838088 221.759995 32.900002 -11.550000
1.727618 -9.827322 3.450450 173.180008 22.469999 -16.660000
1.686940 -5.826523 5.860023 310.589996 32.340000 -19.250000
1.457229 -5.816952 7.460821 171.080002 17.010000 -29.190001
1.457229 -5.816952 7.460821 171.080002 17.010000 -29.190001
1.780260 -3.476771 7.278966 228.479996 25.200001 -23.030001
1.648655 -2.359323 8.157133 246.259995 31.219999 -26.809999
0.614955 -1.808974 8.599805 206.289993 13.790000 -28.070000
1.844866 0.741775 8.518449 238.839996 40.389999 -17.990000
1.844866 0.741775 8.518449 238.839996 40.389999 -17.990000
1.844866 0.741775 8.518449 238.839996 40.389999 -17.990000
1.282553 2.627320 8.796017 212.589996 48.790001 -20.090000
0.234497 3.570091 9.585647 33.320000 24.360001 -0.350000
0.193819 3.732803 9.348758 33.950001 22.120001 5.670000
0.038285 3.723232 9.363115 2.380000 12.180000 6.230000
0.038285 3.723232 9.363115 2.380000 12.180000 6.230000
0.093320 3.598805 9.281759 -3.360000 10.920000 5.390000
0.062213 3.768696 9.236296 -8.680000 7.630000 6.160000
0.062213 3.768696 9.236296 -8.680000 7.630000 6.160000
-0.107677 3.345166 9.028119 -19.180000 5.180000 5.320000
0.078963 3.187240 8.781659 -8.540000 2.520000 3.080000
0.229711 3.570091 9.095119 -4.200000 4.200000 3.640000
0.229711 3.570091 9.095119 -4.200000 4.200000 3.640000
-0.014357 3.340380 8.781659 -15.750000 1.960000 3.150000
0.196211 3.340380 9.025726 -10.290000 2.940000 5.250000
0.196211 3.340380 9.025726 -10.290000 2.940000 5.250000
