1.919044 -9.633504 1.677369 -5.810000 5.950000 2.590000
1.914258 -9.777073 1.787439 -2.870000 4.550000 1.750000
1.878366 -9.707682 1.725225 -3.710000 3.780000 1.470000
1.878366 -9.707682 1.725225 -3.710000 3.780000 1.470000
1.933401 -9.765109 1.672583 -1.960000 3.360000 0.700000
1.940579 -9.894321 1.674976 9.170000 4.760000 -0.560000
1.840081 -9.705289 1.526621 18.200001 7.490000 0.910000
2.074577 -10.033106 1.562513 44.730000 13.580000 0.840000
1.928615 -10.375278 2.134398 94.779999 18.480000 -2.870000
1.957329 -9.647861 2.464607 109.270004 21.910000 -4.060000
1.830509 -9.202796 2.763710 147.839996 27.650000 -1.960000
1.830509 -9.202796 2.763710 147.839996 27.650000 -1.960000
1.756332 -7.501499 4.965107 222.320007 29.400000 -15.890000
1.540978 -6.989435 5.761917 244.930008 20.580000 -27.370001
1.928615 -4.802395 7.233503 268.660004 23.520000 -24.850000
1.928615 -4.802395 7.233503 268.660004 23.520000 -24.850000
1.854438 -3.687340 7.948956 263.899994 28.840000 -23.660000
1.607977 -2.373680 8.841480 197.190002 18.480000 -24.850000
1.727618 -0.165105 9.166903 149.869995 23.450001 -18.059999
1.476372 -0.461815 8.903693 123.129997 15.960000 -18.969999
1.466800 0.131605 8.793623 107.520004 17.010000 -12.250000
1.466800 0.131605 8.793623 107.520004 17.010000 -12.250000
1.466800 0.131605 8.793623 107.520004 17.010000 -12.250000
1.466800 0.131605 8.793623 107.520004 17.010000 -12.250000
0.978664 3.486342 9.097511 57.260002 17.150000 -1.400000
0.820738 3.677768 9.131011 25.059999 16.590000 2.380000
0.701097 3.897908 9.188439 14.420000 15.400000 3.220000
0.701097 3.897908 9.188439 14.420000 15.400000 3.220000
0.777667 3.873980 8.999406 0.700000 13.230000 3.920000
0.607777 3.696911 8.999406 -14.350000 9.940000 5.530000
0.576670 3.282953 8.903693 -12.880000 6.720000 2.870000
0.576670 3.282953 8.903693 -12.880000 6.720000 2.870000
0.811167 3.333202 8.925228 -6.510000 7.840000 2.100000
0.765703 3.651447 8.992228 -11.900000 6.440000 4.340000
0.722632 3.098706 8.693125 -12.320000 4.270000 3.500000
0.722632 3.098706 8.693125 -12.320000 4.270000 3.500000
