1.639083 -9.844072 -0.189033 1.400000 8.750000 1.050000
1.715654 -10.016356 -0.169890 3.780000 9.590000 0.980000
1.780260 -10.119246 -0.035892 11.760000 8.470000 1.610000
1.780260 -10.119246 -0.035892 11.760000 8.470000 1.610000
1.780260 -10.119246 -0.035892 11.760000 8.470000 1.610000
1.780260 -10.119246 -0.035892 11.760000 8.470000 1.610000
1.674976 -9.578469 0.849452 20.719999 13.160000 -0.700000
1.674976 -9.578469 0.849452 20.719999 13.160000 -0.700000
1.931008 -11.198411 0.346959 53.619999 17.150000 1.400000
1.682154 -9.092726 1.981257 183.750000 27.230000 -6.510000
1.682154 -9.092726 1.981257 183.750000 27.230000 -6.510000
1.651048 -9.004191 2.600998 156.169998 31.010000 -7.980000
1.476372 -7.941778 3.979264 276.429993 31.360001 -18.059999
1.414158 -5.642276 6.273981 291.410004 26.950001 -25.969999
1.514657 -4.965107 7.056434 285.880005 28.980000 -24.500000
1.383051 -2.790031 8.434700 203.770004 27.790001 -20.930000
1.383051 -2.790031 8.434700 203.770004 27.790001 -20.930000
1.854438 -1.921437 8.360522 128.100006 19.879999 -10.360000
1.854438 -1.921437 8.360522 128.100006 19.879999 -10.360000
1.060020 -1.036092 8.405986 130.970001 18.620001 -5.250000
1.304088 0.313460 8.614161 152.250000 35.000000 -1.190000
1.304088 0.313460 8.614161 152.250000 35.000000 -1.190000
1.304088 0.313460 8.614161 152.250000 35.000000 -1.190000
1.304088 0.313460 8.614161 152.250000 35.000000 -1.190000
1.304088 0.313460 8.614161 152.250000 35.000000 -1.190000
-0.129212 4.934000 10.035499 63.209999 33.250000 4.900000
-0.208176 5.032106 9.970891 37.939999 27.230000 7.280000
-0.196211 4.888536 9.645468 0.140000 18.480000 10.080000
-0.184247 4.534399 9.147761 -3.710000 13.930000 9.450000
-0.117248 4.448257 8.997013 -3.710000 11.620000 9.030000
-0.203390 4.266403 8.985049 -6.860000 9.310000 8.470000
-0.112463 4.199404 8.930015 -20.090000 5.740000 8.050000
-0.055035 3.890730 8.642875 -19.950001 2.660000 6.020000
-0.098106 4.003192 8.597411 -18.200001 2.310000 4.060000
0.040678 3.708875 8.374879 -12.950000 0.770000 3.430000
0.045464 3.833302 8.475377 -10.220000 2.030000 2.870000
0.045464 3.833302 8.475377 -10.220000 2.030000 2.870000
0.026321 3.713661 8.551948 -13.090000 3.430000 2.590000
0.009571 3.816552 8.714661 -12.110000 3.640000 2.590000
0.009571 3.816552 8.714661 -12.110000 3.640000 2.590000
0.009571 3.816552 8.714661 -12.110000 3.640000 2.590000
0.009571 3.816552 8.714661 -12.110000 3.640000 2.590000
-0.026321 3.682554 8.721838 -9.380000 2.800000 1.680000
0.016750 3.663411 8.697910 -8.820000 3.360000 1.190000
