1.861616 -9.745967 0.478565 -7.000000 4.130000 1.820000
1.823331 -9.903893 0.344566 -3.010000 4.340000 2.030000
1.878366 -9.745967 0.366102 0.140000 4.900000 2.100000
1.926222 -9.669396 0.416351 -3.010000 5.600000 3.430000
1.926222 -9.669396 0.416351 -3.010000 5.600000 3.430000
1.890330 -9.786645 0.480957 -1.540000 5.390000 2.380000
1.890330 -9.786645 0.480957 -1.540000 5.390000 2.380000
1.864009 -9.930215 0.401994 -1.820000 5.600000 3.080000
1.892723 -9.911072 0.406780 3.640000 5.810000 2.240000
1.813759 -9.803394 0.445065 10.500000 7.420000 1.120000
1.919044 -9.808180 0.382852 21.210001 8.890000 2.380000
1.919044 -9.808180 0.382852 21.210001 8.890000 2.380000
1.686940 -11.380265 0.418744 198.240005 26.040001 -4.620000
1.686940 -11.380265 0.418744 198.240005 26.040001 -4.620000
1.785046 -8.212167 3.125026 219.029999 32.060001 -4.550000
1.627119 -7.168896 5.115855 214.619995 38.779999 -17.990000
1.457229 -7.429714 5.737988 142.380005 30.450001 -18.690001
1.457229 -7.429714 5.737988 142.380005 30.450001 -18.690001
1.739582 -6.582655 5.967700 150.990005 26.180000 -18.200001
1.722832 -5.575277 6.699903 224.279999 26.040001 -26.250000
1.782653 -5.168497 7.214360 244.860001 32.340000 -27.020000
1.500300 -0.866202 8.621340 198.309998 40.529999 -15.750000
0.899701 -0.665205 8.877372 181.160004 40.110001 -13.510000
0.844666 1.002593 9.231510 166.110001 46.130001 -12.180000
0.602991 1.383051 8.913264 143.220001 42.279999 -17.570000
0.602991 1.383051 8.913264 143.220001 42.279999 -17.570000
0.602991 1.383051 8.913264 143.220001 42.279999 -17.570000
0.602991 1.383051 8.913264 143.220001 42.279999 -17.570000
0.602991 1.383051 8.913264 143.220001 42.279999 -17.570000
0.602991 1.383051 8.913264 143.220001 42.279999 -17.570000
0.602991 1.383051 8.913264 143.220001 42.279999 -17.570000
0.602991 1.383051 8.913264 143.220001 42.279999 -17.570000
-0.301496 4.043870 9.485149 -9.100000 6.230000 2.520000
-0.275175 3.888337 9.133404 -9.940000 2.730000 3.430000
-0.282353 3.826123 8.946764 -8.260000 2.030000 4.340000
-0.282353 3.826123 8.946764 -8.260000 2.030000 4.340000
-0.272782 3.739982 9.035298 -8.890000 1.680000 6.160000
-0.136391 3.292524 8.621340 -10.010000 2.170000 4.410000
-0.136391 3.292524 8.621340 -10.010000 2.170000 4.410000
-0.210568 3.469593 8.650054 -4.970000 2.310000 4.340000
-0.174676 3.510271 8.865408 -10.220000 3.010000 3.850000
-0.189033 3.306881 8.841480 -10.850000 3.010000 2.870000
