1.624727 -9.990034 -0.196211 25.620001 6.230000 0.980000
1.555335 -9.798609 0.275175 26.040001 11.480000 -1.610000
1.624727 -9.901501 0.287139 21.559999 13.160000 0.560000
1.682154 -10.100104 0.354138 37.380001 15.540000 1.540000
1.682154 -10.100104 0.354138 37.380001 15.540000 1.540000
1.555335 -9.889536 0.495314 85.330002 21.280001 -1.680000
1.651048 -9.643075 1.306481 92.820000 26.809999 -5.810000
1.686940 -9.566505 1.801795 87.570000 27.650000 -3.990000
1.548156 -9.671788 2.720639 120.190002 26.880001 -6.720000
1.478764 -9.399008 3.096312 144.339996 27.299999 -10.360000
1.478764 -9.399008 3.096312 144.339996 27.299999 -10.360000
1.526621 -8.925228 3.467200 163.449997 28.980000 -8.960000
1.421337 -6.819544 4.936393 216.790009 27.160000 -5.250000
1.488336 -7.271788 5.486742 261.869995 23.799999 -17.360001
1.282553 -3.560520 7.647461 230.720001 21.559999 -12.670000
1.555335 -2.194218 8.544770 247.869995 28.000000 -13.230000
1.555335 -2.194218 8.544770 247.869995 28.000000 -13.230000
1.263410 -0.988236 9.262616 222.600006 37.170002 -8.680000
0.918844 0.413958 9.525827 142.240005 25.760000 -4.270000
0.918844 0.413958 9.525827 142.240005 25.760000 -4.270000
0.576670 0.983450 9.090333 89.949997 21.910000 0.770000
0.160319 2.574677 9.858429 65.169998 27.370001 0.840000
0.160319 2.574677 9.858429 65.169998 27.370001 0.840000
0.301496 2.866602 9.401401 61.950001 19.740000 -2.450000
0.043071 3.553342 9.657433 57.470001 19.740000 -2.800000
0.052642 3.797409 9.769895 43.470001 16.030001 -3.360000
0.165105 3.268596 9.152546 20.230000 7.560000 -3.220000
0.162712 3.962514 9.097511 25.059999 10.710000 1.050000
0.098106 4.141976 8.920443 11.690000 11.900000 2.800000
0.098106 4.141976 8.920443 11.690000 11.900000 2.800000
-0.083749 3.658626 8.781659 0.070000 9.170000 3.500000
0.007178 4.048656 9.028119 -9.240000 8.610000 4.480000
0.007178 4.048656 9.028119 -9.240000 8.610000 4.480000
0.007178 4.048656 9.028119 -9.240000 8.610000 4.480000
0.007178 4.048656 9.028119 -9.240000 8.610000 4.480000
0.007178 4.048656 9.028119 -9.240000 8.610000 4.480000
0.007178 4.048656 9.028119 -9.240000 8.610000 4.480000
0.007178 4.048656 9.028119 -9.240000 8.610000 4.480000
0.069392 3.579663 8.934800 -11.620000 3.920000 3.920000
