1.691726 -9.844072 1.148555 -7.700000 3.500000 2.170000
1.579263 -9.860823 1.124627 -7.280000 3.360000 1.820000
1.579263 -9.860823 1.124627 -7.280000 3.360000 1.820000
1.715654 -9.765109 1.095913 -4.480000 4.480000 1.680000
1.603191 -9.870394 0.897308 -5.110000 4.550000 1.470000
1.710868 -9.657433 1.033699 -5.180000 4.480000 1.750000
1.689333 -9.884750 0.993021 -5.250000 5.390000 1.400000
1.689333 -9.884750 0.993021 -5.250000 5.390000 1.400000
1.722832 -9.879964 0.928415 10.570000 7.770000 -0.280000
1.722832 -9.879964 0.928415 10.570000 7.770000 -0.280000
1.682154 -10.226924 0.971486 35.139999 10.360000 -1.680000
1.751546 -10.164711 1.138984 56.279999 12.530000 -3.850000
1.593620 -9.870394 1.689333 49.700001 18.340000 -6.440000
1.792224 -9.396614 2.179861 92.610001 23.379999 -9.800000
1.655833 -10.334601 2.921637 186.619995 26.040001 -20.020000
1.655833 -10.334601 2.921637 186.619995 26.040001 -20.020000
1.698904 -8.001599 4.393222 240.240005 22.260000 -23.940001
1.899901 -6.266802 5.213961 238.770004 21.000000 -20.160000
2.189433 -5.950950 6.888937 191.800003 18.900000 -24.219999
1.966900 -4.532006 6.874579 200.550003 20.580000 -20.090000
1.966900 -4.532006 6.874579 200.550003 20.580000 -20.090000
1.825724 -2.074577 8.453842 175.699997 21.629999 -16.940001
1.629512 -2.325824 8.953942 104.370003 13.860000 -14.070000
1.806581 0.301496 9.616754 108.639999 24.780001 -0.980000
1.746760 -1.368695 8.937192 90.510002 12.880000 -7.140000
1.990828 -0.284746 9.217153 115.919998 23.100000 -3.080000
1.990828 -0.284746 9.217153 115.919998 23.100000 -3.080000
1.990828 -0.284746 9.217153 115.919998 23.100000 -3.080000
1.990828 -0.284746 9.217153 115.919998 23.100000 -3.080000
1.990828 -0.284746 9.217153 115.919998 23.100000 -3.080000
1.990828 -0.284746 9.217153 115.919998 23.100000 -3.080000
1.990828 -0.284746 9.217153 115.919998 23.100000 -3.080000
0.854238 2.969493 9.473185 19.809999 12.600000 2.940000
0.854238 2.969493 9.473185 19.809999 12.600000 2.940000
0.851845 3.158526 9.549755 13.020000 10.500000 2.870000
0.861416 3.460021 9.425328 2.100000 9.100000 3.290000
0.897308 3.148954 9.420543 -9.100000 6.230000 3.360000
0.878166 2.766103 9.169296 -14.420000 3.290000 2.100000
0.878166 2.766103 9.169296 -14.420000 3.290000 2.100000
1.031307 2.821138 9.150154 -6.650000 3.430000 2.590000
1.031307 2.821138 9.150154 -6.650000 3.430000 2.590000
0.808774 2.443072 8.898908 -11.340000 2.170000 2.100000
0.808774 2.443072 8.898908 -11.340000 2.170000 2.100000
0.971486 2.610569 8.927622 -8.330000 3.150000 1.890000
