1.026521 1.332802 9.372685 -0.350000 6.860000 3.080000
1.028914 1.375873 9.291330 6.580000 6.930000 1.050000
1.038485 1.607977 9.485149 16.660000 5.810000 2.100000
0.995414 1.706082 9.451650 28.559999 5.390000 2.380000
0.995414 1.706082 9.451650 28.559999 5.390000 2.380000
0.870987 1.380659 8.930015 48.930000 2.380000 1.540000
1.294517 1.813759 8.743374 137.059998 10.430000 1.120000
0.825524 3.177669 7.434500 204.960007 2.100000 -0.910000
0.614955 5.864808 6.814759 251.790009 11.480000 -8.190000
0.794417 6.967900 6.429514 239.750000 5.250000 -11.340000
0.794417 6.967900 6.429514 239.750000 5.250000 -11.340000
0.794417 6.967900 6.429514 239.750000 5.250000 -11.340000
0.378066 9.597611 2.321038 108.639999 0.630000 -22.120001
0.488136 9.755538 1.737189 97.790001 7.490000 -20.230000
0.488136 9.755538 1.737189 97.790001 7.490000 -20.230000
0.131605 9.724431 1.603191 46.200001 11.550000 -10.920000
0.131605 9.724431 1.603191 46.200001 11.550000 -10.920000
-0.232104 10.231709 1.277767 65.379997 16.240000 -14.070000
-0.232104 10.231709 1.277767 65.379997 16.240000 -14.070000
-0.445065 9.126225 0.289532 74.550003 12.880000 -16.450001
-0.354138 10.772489 0.229711 21.840000 7.770000 -9.310000
-0.775275 9.250652 -0.753739 17.219999 5.040000 -6.790000
-0.526421 9.664611 -0.672383 31.500000 12.460000 -7.420000
-0.550349 9.521042 -1.160519 16.799999 7.560000 -8.050000
-0.550349 9.521042 -1.160519 16.799999 7.560000 -8.050000
-0.600598 9.841680 -1.421337 16.309999 7.000000 -8.680000
-0.674776 9.652647 -0.894916 3.010000 7.070000 -6.650000
-0.624527 9.707682 -1.263410 13.790000 11.760000 -6.090000
-0.624527 9.707682 -1.263410 13.790000 11.760000 -6.090000
-0.624527 9.707682 -1.263410 13.790000 11.760000 -6.090000
-0.753739 10.506885 -0.818345 -14.140000 3.430000 -1.470000
-0.796810 10.167104 -1.390230 -24.710001 -1.120000 0.980000
-1.201197 9.623933 -1.110270 -2.520000 4.620000 3.640000
-1.201197 9.623933 -1.110270 -2.520000 4.620000 3.640000
-0.823131 9.695717 -1.406980 -18.270000 -0.420000 6.230000
-0.823131 9.695717 -1.406980 -18.270000 -0.420000 6.230000
-1.040878 9.308081 -1.490728 -17.850000 3.010000 8.050000
-0.837488 9.365508 -0.854238 -16.940001 3.920000 4.690000
-0.837488 9.365508 -0.854238 -16.940001 3.920000 4.690000
-0.686740 9.858429 -1.019342 -16.660000 4.620000 3.570000
-0.634098 9.887143 -1.045663 -24.639999 3.360000 6.720000
