2.065006 -9.714860 0.890130 -6.790000 5.530000 4.270000
2.012364 -9.863215 0.961915 -5.460000 4.900000 3.430000
2.007578 -9.908678 0.849452 -5.320000 4.970000 2.800000
2.060220 -9.882358 0.894916 -3.570000 4.690000 1.960000
2.060220 -9.882358 0.894916 -3.570000 4.690000 1.960000
2.009971 -9.822537 0.961915 -5.670000 4.690000 2.030000
2.009971 -9.822537 0.961915 -5.670000 4.690000 2.030000
1.945365 -9.719646 0.868595 -1.820000 7.000000 0.700000
1.945365 -9.719646 0.868595 -1.820000 7.000000 0.700000
2.076970 -10.052249 1.064806 33.810001 10.080000 0.210000
2.179861 -10.602598 1.256232 54.320000 13.790000 0.700000
2.002793 -10.523634 1.517050 144.270004 20.230000 -1.470000
1.818545 -9.322437 2.976671 189.000000 26.110001 -10.430000
1.818545 -9.322437 2.976671 189.000000 26.110001 -10.430000
1.914258 -8.051848 3.969693 147.979996 27.650000 -7.420000
2.134398 -6.604190 5.431707 180.600006 25.830000 -8.330000
1.756332 -6.460621 6.305088 169.750000 28.350000 -11.690000
1.756332 -6.460621 6.305088 169.750000 28.350000 -11.690000
1.751546 -5.766702 6.592227 172.410004 20.790001 -12.460000
1.765903 -4.098906 7.982457 161.279999 25.059999 -14.070000
1.368695 -3.950550 8.214561 135.309998 13.790000 -18.059999
1.782653 -1.605584 8.819944 176.889999 28.420000 -13.930000
1.476372 -0.351745 9.334401 121.800003 19.740000 -11.970000
1.452443 -0.071785 9.205189 113.260002 20.299999 -9.030000
1.452443 -0.071785 9.205189 113.260002 20.299999 -9.030000
1.452443 -0.071785 9.205189 113.260002 20.299999 -9.030000
1.452443 -0.071785 9.205189 113.260002 20.299999 -9.030000
1.198804 0.610170 9.504292 73.779999 15.680000 -3.850000
0.904487 1.320838 9.231510 41.299999 13.790000 -0.910000
0.923629 2.629712 9.616754 44.939999 17.990000 3.990000
0.923629 2.629712 9.616754 44.939999 17.990000 3.990000
0.806381 1.648655 9.202796 14.070000 7.630000 -1.260000
0.868595 2.337788 9.341579 27.090000 9.870000 -0.210000
0.672383 2.481357 9.332008 -8.960000 5.530000 0.350000
0.672383 2.481357 9.332008 -8.960000 5.530000 0.350000
0.672383 2.481357 9.332008 -8.960000 5.530000 0.350000
0.691526 2.411965 9.138189 -4.690000 5.110000 -0.490000
0.744168 2.813959 9.363115 -13.370000 5.740000 4.830000
0.602991 2.574677 9.257831 -15.400000 4.130000 5.810000
0.569492 2.313859 9.183653 -9.450000 3.920000 4.550000
0.691526 2.562713 9.142976 -1.120000 3.780000 4.060000
0.830309 2.627320 9.116654 -8.680000 4.480000 4.340000
0.830309 2.627320 9.116654 -8.680000 4.480000 4.340000
0.758525 2.648855 9.181261 -12.460000 4.760000 6.090000
0.782453 2.359323 9.075976 -10.570000 4.340000 5.950000
