2.294717 -9.827322 0.334995 1.680000 5.950000 3.010000
2.306681 -9.779467 0.332602 5.810000 6.370000 2.030000
2.306681 -9.779467 0.332602 5.810000 6.370000 2.030000
2.435893 -9.755538 0.253639 5.110000 8.960000 3.570000
2.258825 -10.162319 0.098106 27.230000 10.570000 1.610000
2.254039 -11.064411 0.088534 63.139999 11.410000 1.960000
2.349752 -9.075976 0.859023 165.550003 18.270000 5.740000
2.196611 -8.472985 2.251646 213.080002 25.480000 1.400000
2.196611 -8.472985 2.251646 213.080002 25.480000 1.400000
1.976472 -8.910872 2.857030 201.600006 21.840000 -4.760000
2.088934 -7.965706 3.529413 227.290009 19.040001 -8.750000
2.088934 -7.965706 3.529413 227.290009 19.040001 -8.750000
2.423929 -5.434100 5.692525 330.049988 31.500000 -20.650000
1.895115 -2.876173 7.439285 278.250000 31.850000 -18.900000
2.031506 -1.129412 8.623734 236.669998 36.889999 -17.290001
1.497907 -0.193819 9.497113 180.110001 34.160000 -15.540000
1.660619 -0.279960 8.975478 131.740005 29.750000 -14.070000
1.660619 -0.279960 8.975478 131.740005 29.750000 -14.070000
1.277767 1.122234 9.645468 124.110001 31.920000 -11.760000
1.277767 1.122234 9.645468 124.110001 31.920000 -11.760000
1.277767 1.122234 9.645468 124.110001 31.920000 -11.760000
1.277767 1.122234 9.645468 124.110001 31.920000 -11.760000
0.957129 2.230111 9.966106 -8.190000 7.420000 -6.300000
1.060020 2.019542 9.652647 -15.260000 3.360000 1.680000
0.906880 1.801795 9.736395 -12.950000 2.380000 2.450000
0.906880 1.801795 9.736395 -12.950000 2.380000 2.450000
0.988236 1.710868 9.458827 -8.750000 2.310000 2.940000
0.899701 1.928615 9.442079 -9.170000 3.010000 5.670000
0.792024 1.797010 9.454042 -14.770000 1.400000 5.810000
1.009771 1.576870 9.272188 -12.250000 2.730000 5.740000
0.971486 1.402194 9.217153 -13.510000 3.360000 6.510000
0.969093 1.373480 9.083155 -15.260000 3.360000 6.930000
0.964308 1.249053 9.186047 -13.020000 5.460000 7.000000
0.964308 1.249053 9.186047 -13.020000 5.460000 7.000000
1.100698 1.337588 9.497113 -7.070000 6.930000 4.340000
1.081556 1.371087 9.444471 -10.640000 6.020000 5.530000
