1.466800 -9.765109 0.873380 -4.410000 4.480000 2.800000
1.433301 -9.578469 0.887737 -2.940000 5.110000 2.240000
1.557728 -9.856036 0.626920 -6.510000 4.970000 2.800000
1.529014 -10.078569 0.806381 6.440000 4.830000 1.680000
1.560120 -9.999605 0.684347 14.070000 5.600000 0.980000
1.560120 -9.999605 0.684347 14.070000 5.600000 0.980000
1.505085 -10.095319 0.751346 45.430000 8.120000 -1.400000
1.545763 -9.961320 1.304088 57.540001 11.900000 -2.800000
1.540978 -9.901501 1.560120 62.369999 14.350000 -3.220000
1.596013 -9.712467 1.543371 76.790001 20.370001 -2.450000
1.694118 -10.384850 1.789831 166.460007 25.200001 -2.310000
1.629512 -9.073583 2.866602 231.350006 29.680000 -6.650000
1.146162 -7.774280 4.551149 213.850006 34.160000 -9.870000
1.390230 -7.491928 5.489135 209.020004 27.930000 -17.990000
1.390230 -7.491928 5.489135 209.020004 27.930000 -17.990000
1.198804 -6.163911 7.365108 169.610001 10.920000 -23.940001
1.959722 -4.065405 6.932007 265.579987 26.180000 -20.860001
1.636691 -1.885544 7.999206 296.940002 38.849998 -16.170000
0.957129 -0.224925 9.420543 216.509995 27.719999 -18.059999
0.957129 -0.224925 9.420543 216.509995 27.719999 -18.059999
1.146162 0.457029 8.824730 162.539993 28.000000 -12.460000
1.146162 0.457029 8.824730 162.539993 28.000000 -12.460000
0.751346 1.064806 8.580662 144.550003 24.990000 -8.680000
0.751346 1.064806 8.580662 144.550003 24.990000 -8.680000
0.751346 1.064806 8.580662 144.550003 24.990000 -8.680000
0.050249 3.098706 9.322437 64.400002 35.139999 2.660000
0.050249 3.098706 9.322437 64.400002 35.139999 2.660000
-0.114855 3.708875 9.087940 23.799999 31.570000 8.120000
-0.222532 3.744767 9.202796 27.299999 25.900000 7.210000
-0.390030 4.610970 9.860823 12.740000 23.520000 7.630000
-0.239282 4.584648 9.729217 -6.860000 19.389999 8.330000
-0.354138 3.802195 9.305687 -12.950000 11.480000 8.190000
-0.354138 3.802195 9.305687 -12.950000 11.480000 8.190000
-0.354138 3.802195 9.305687 -12.950000 11.480000 8.190000
-0.354138 3.802195 9.305687 -12.950000 11.480000 8.190000
-0.232104 3.469593 8.922836 -6.930000 3.080000 4.830000
-0.232104 3.469593 8.922836 -6.930000 3.080000 4.830000
-0.232104 3.469593 8.922836 -6.930000 3.080000 4.830000
-0.232104 3.469593 8.922836 -6.930000 3.080000 4.830000
-0.256032 3.105884 8.683553 -12.040000 0.770000 3.010000
-0.222532 3.354738 8.803195 -6.300000 1.470000 1.820000
