1.847259 -9.738789 1.194018 -5.180000 2.310000 2.660000
1.825724 -9.750752 1.107877 -6.020000 3.220000 3.080000
1.911865 -9.820145 1.074377 -5.250000 3.570000 2.730000
1.911865 -9.820145 1.074377 -5.250000 3.570000 2.730000
1.780260 -9.937392 1.076770 0.490000 4.550000 2.520000
1.892723 -9.781858 1.210768 7.000000 5.180000 0.420000
1.911865 -10.198210 1.275374 21.770000 10.290000 0.840000
1.890330 -9.667004 2.026721 86.870003 15.330000 -3.360000
1.890330 -9.667004 2.026721 86.870003 15.330000 -3.360000
1.773082 -9.702895 2.428715 52.290001 19.670000 -6.370000
1.986043 -10.432706 2.129612 77.419998 21.280001 -8.260000
2.079363 -9.552148 2.658426 131.250000 22.120001 -7.560000
1.811367 -7.831708 4.883751 188.300003 27.090000 -13.860000
1.811367 -7.831708 4.883751 188.300003 27.090000 -13.860000
1.935793 -5.790630 5.950950 213.430008 22.120001 -13.440001
1.935793 -5.790630 5.950950 213.430008 22.120001 -13.440001
1.777867 -5.094319 7.604390 193.059998 10.920000 -25.760000
1.868794 -1.875973 8.563912 229.460007 30.940001 -17.500000
1.371087 -0.894916 8.930015 182.839996 24.219999 -13.440001
1.371087 -0.894916 8.930015 182.839996 24.219999 -13.440001
1.665405 -0.411566 9.049655 170.800003 25.969999 -11.550000
1.665405 -0.411566 9.049655 170.800003 25.969999 -11.550000
1.665405 -0.411566 9.049655 170.800003 25.969999 -11.550000
1.665405 -0.411566 9.049655 170.800003 25.969999 -11.550000
1.665405 -0.411566 9.049655 170.800003 25.969999 -11.550000
1.665405 -0.411566 9.049655 170.800003 25.969999 -11.550000
0.445065 3.321238 9.635897 43.959999 22.120001 2.590000
0.440279 3.424129 9.683753 15.400000 13.650000 2.310000
0.540778 2.957529 9.406186 -13.440001 5.180000 3.360000
0.538385 2.852244 9.226725 -7.490000 4.060000 2.170000
0.538385 2.852244 9.226725 -7.490000 4.060000 2.170000
0.538385 2.852244 9.226725 -7.490000 4.060000 2.170000
0.579063 2.933600 9.245867 -2.660000 4.550000 2.520000
0.579063 2.933600 9.245867 -2.660000 4.550000 2.520000
0.691526 2.995814 9.066404 -5.740000 3.430000 0.490000
0.691526 2.995814 9.066404 -5.740000 3.430000 0.490000
0.691526 2.995814 9.066404 -5.740000 3.430000 0.490000
0.605384 3.041277 9.052048 -5.530000 3.290000 1.120000
