1.856830 -9.956534 1.222732 -5.110000 6.160000 1.960000
1.856830 -9.956534 1.222732 -5.110000 6.160000 1.960000
1.935793 -9.908678 1.203590 1.890000 5.460000 0.560000
1.885544 -9.939785 1.342373 3.850000 6.440000 -0.140000
1.885544 -9.939785 1.342373 3.850000 6.440000 -0.140000
1.885544 -9.939785 1.342373 3.850000 6.440000 -0.140000
1.971686 -9.530612 1.215554 43.119999 12.250000 1.260000
1.780260 -9.506684 1.576870 45.360001 15.960000 1.050000
1.890330 -10.729417 1.835295 74.620003 18.760000 -4.340000
1.864009 -9.377472 2.419144 130.619995 25.760000 -7.140000
1.864009 -9.377472 2.419144 130.619995 25.760000 -7.140000
1.670190 -9.540184 3.093920 144.410004 27.370001 -10.570000
1.835295 -8.860621 3.840480 206.639999 29.540001 -17.219999
1.799403 -5.101498 6.149554 246.119995 27.299999 -18.480000
1.215554 -3.988836 7.604390 200.339996 25.549999 -19.879999
1.215554 -3.988836 7.604390 200.339996 25.549999 -19.879999
2.009971 -4.496114 7.645068 166.600006 8.820000 -23.030001
2.124826 -2.658426 8.145168 197.190002 21.629999 -17.080000
1.866402 -1.344766 8.219346 197.259995 24.010000 -12.880000
1.706082 -0.320638 8.992228 163.309998 22.610001 -12.390000
1.588834 0.973879 9.209974 131.250000 28.630001 -4.480000
1.588834 0.973879 9.209974 131.250000 28.630001 -4.480000
1.588834 0.973879 9.209974 131.250000 28.630001 -4.480000
1.588834 0.973879 9.209974 131.250000 28.630001 -4.480000
1.588834 0.973879 9.209974 131.250000 28.630001 -4.480000
1.588834 0.973879 9.209974 131.250000 28.630001 -4.480000
1.588834 0.973879 9.209974 131.250000 28.630001 -4.480000
1.588834 0.973879 9.209974 131.250000 28.630001 -4.480000
0.638884 3.108276 9.745967 60.970001 18.690001 2.100000
0.808774 3.299703 9.535398 -0.840000 9.380000 2.310000
0.815953 3.072384 9.265009 -9.450000 7.490000 2.590000
0.815953 3.072384 9.265009 -9.450000 7.490000 2.590000
0.784846 3.000600 8.939585 -8.400000 6.930000 2.660000
0.784846 3.000600 8.939585 -8.400000 6.930000 2.660000
0.820738 2.924029 8.985049 -6.300000 7.140000 1.890000
0.784846 3.050849 9.083155 -10.010000 6.790000 3.640000
0.803988 2.806781 8.939585 -13.300000 5.390000 3.850000
0.803988 2.806781 8.939585 -13.300000 5.390000 3.850000
0.870987 3.019742 9.231510 -6.300000 5.110000 3.710000
