1.670190 -10.277173 0.428315 18.270000 8.120000 1.330000
1.545763 -10.305886 0.126820 55.930000 13.930000 -1.540000
1.574477 -10.219746 0.811167 82.739998 18.900000 -4.270000
1.574477 -10.219746 0.811167 82.739998 18.900000 -4.270000
1.533799 -9.619147 1.543371 79.239998 21.490000 -5.040000
1.651048 -10.377672 1.545763 78.190002 25.760000 -5.740000
1.557728 -9.305687 2.388037 146.369995 32.549999 -9.590000
1.615155 -8.482556 2.861816 164.080002 34.160000 -8.610000
1.663012 -8.762517 4.055835 185.149994 35.630001 -12.810000
1.663012 -8.762517 4.055835 185.149994 35.630001 -12.810000
1.392623 -6.862615 5.089533 181.300003 29.610001 -11.480000
1.423729 -6.721439 5.639884 192.570007 25.549999 -10.990000
1.473979 -5.642276 6.915257 219.729996 17.080000 -19.530001
1.938186 -3.577270 7.752745 251.509995 32.340000 -14.840000
0.512064 -1.775474 8.654840 185.500000 24.010000 -12.320000
0.512064 -1.775474 8.654840 185.500000 24.010000 -12.320000
1.715654 -0.997807 8.879765 185.220001 33.810001 -8.750000
1.715654 -0.997807 8.879765 185.220001 33.810001 -8.750000
1.715654 -0.997807 8.879765 185.220001 33.810001 -8.750000
1.715654 -0.997807 8.879765 185.220001 33.810001 -8.750000
1.715654 -0.997807 8.879765 185.220001 33.810001 -8.750000
1.715654 -0.997807 8.879765 185.220001 33.810001 -8.750000
1.715654 -0.997807 8.879765 185.220001 33.810001 -8.750000
1.715654 -0.997807 8.879765 185.220001 33.810001 -8.750000
1.234696 0.083749 8.752945 166.389999 39.549999 -5.950000
1.234696 0.083749 8.752945 166.389999 39.549999 -5.950000
1.234696 0.083749 8.752945 166.389999 39.549999 -5.950000
1.234696 0.083749 8.752945 166.389999 39.549999 -5.950000
1.234696 0.083749 8.752945 166.389999 39.549999 -5.950000
1.234696 0.083749 8.752945 166.389999 39.549999 -5.950000
-0.198604 3.113062 9.080762 -2.240000 6.720000 -0.630000
-0.291924 3.309274 9.183653 -5.040000 4.620000 0.630000
-0.291924 3.309274 9.183653 -5.040000 4.620000 0.630000
-0.263210 3.148954 9.035298 -9.380000 3.290000 0.280000
-0.186640 3.239882 8.973085 -3.430000 3.710000 1.050000
-0.167498 3.359523 8.994620 -1.960000 3.990000 1.470000
-0.303888 3.371487 9.193225 -9.450000 4.340000 4.200000
-0.332602 3.254239 9.150154 -11.270000 2.310000 3.850000
-0.382852 3.091527 8.965906 -8.120000 1.400000 3.290000
-0.267996 3.069991 8.886944 -6.650000 1.400000 2.800000
-0.267996 3.069991 8.886944 -6.650000 1.400000 2.800000
