1.734797 -9.690931 0.004786 -3.360000 5.810000 1.330000
1.701297 -9.724431 0.114855 5.530000 7.280000 1.330000
1.701297 -9.724431 0.114855 5.530000 7.280000 1.330000
1.825724 -10.124033 0.088534 19.110001 8.400000 1.540000
1.825724 -10.124033 0.088534 19.110001 8.400000 1.540000
1.763510 -10.049855 0.397209 30.380001 9.870000 0.700000
1.641476 -10.456635 0.827917 140.630005 23.030001 -0.630000
1.540978 -9.894321 1.476372 165.550003 25.760000 -3.290000
1.540978 -9.894321 1.476372 165.550003 25.760000 -3.290000
1.665405 -9.109475 3.524628 145.110001 33.180000 -7.490000
1.622334 -8.238488 4.077370 152.320007 31.850000 -7.000000
1.481157 -7.520642 4.900501 164.850006 27.860001 -11.830000
1.507478 -6.637690 6.441479 177.449997 22.260000 -16.450001
1.282553 -6.589834 6.281159 186.550003 19.389999 -17.710001
1.732404 -4.070191 7.570890 213.220001 31.990000 -12.180000
1.732404 -4.070191 7.570890 213.220001 31.990000 -12.180000
1.732404 -4.070191 7.570890 213.220001 31.990000 -12.180000
1.263410 -1.445265 8.386844 215.529999 37.380001 -10.640000
1.241875 -0.033500 9.004191 173.180008 32.900002 -7.210000
0.976272 0.914058 9.396614 143.080002 34.439999 -4.900000
0.976272 0.914058 9.396614 143.080002 34.439999 -4.900000
0.976272 0.914058 9.396614 143.080002 34.439999 -4.900000
0.976272 0.914058 9.396614 143.080002 34.439999 -4.900000
-0.069392 2.445465 9.975677 28.559999 24.990000 5.670000
-0.016750 2.761317 10.037891 17.990000 15.610000 4.900000
-0.002393 2.739782 10.045070 9.590000 13.860000 5.180000
-0.071785 2.828316 10.021141 -3.360000 11.760000 6.510000
-0.119641 2.352145 9.590433 -17.360001 7.210000 6.930000
-0.119641 2.352145 9.590433 -17.360001 7.210000 6.930000
-0.203390 2.041078 9.370294 -10.360000 4.690000 5.250000
-0.047856 2.096112 9.265009 -1.050000 5.460000 3.360000
-0.045464 2.289931 9.343972 -6.650000 4.900000 3.010000
-0.064606 2.222932 9.401401 -9.450000 5.250000 4.270000
0.004786 2.443072 9.320045 -12.880000 4.690000 5.040000
0.004786 2.443072 9.320045 -12.880000 4.690000 5.040000
-0.043071 1.962115 9.320045 -15.890000 2.450000 4.620000
0.043071 2.076970 9.408579 -14.700000 3.220000 5.040000
-0.028714 2.120041 9.140583 -14.980000 2.380000 5.040000
