1.550549 -9.750752 0.488136 -4.900000 4.410000 -0.280000
1.579263 -9.808180 0.495314 -8.890000 4.270000 -0.280000
1.543371 -9.851252 0.409173 -4.620000 5.810000 -1.400000
1.598405 -9.803394 0.464208 6.160000 8.680000 -0.770000
1.598405 -9.803394 0.464208 6.160000 8.680000 -0.770000
1.720440 -9.932607 0.404387 17.780001 10.920000 -1.190000
1.552942 -9.985250 0.550349 38.500000 13.930000 -2.590000
1.696511 -10.155140 0.433101 43.680000 16.309999 -2.800000
1.627119 -10.767702 0.923629 127.260002 26.040001 -8.330000
1.627119 -10.767702 0.923629 127.260002 26.040001 -8.330000
1.696511 -10.547562 1.497907 180.250000 31.710001 -11.900000
1.540978 -8.099705 3.615555 200.970001 38.779999 -13.020000
1.701297 -8.525627 5.005785 188.930008 34.860001 -18.620001
1.619941 -5.668597 5.785845 239.470001 30.870001 -12.880000
1.497907 -3.897908 7.654640 242.550003 34.369999 -11.760000
1.497907 -3.897908 7.654640 242.550003 34.369999 -11.760000
1.323231 -3.139383 8.123632 209.369995 33.320000 -10.570000
1.103091 -1.782653 7.783852 170.800003 27.790001 -6.160000
1.249053 -1.256232 8.839087 194.529999 30.520000 -5.320000
1.249053 -1.256232 8.839087 194.529999 30.520000 -5.320000
0.619741 0.832702 9.030513 185.710007 37.099998 -7.980000
0.619741 0.832702 9.030513 185.710007 37.099998 -7.980000
0.619741 0.832702 9.030513 185.710007 37.099998 -7.980000
-0.196211 3.424129 9.109475 41.650002 29.889999 3.710000
-0.196211 3.424129 9.109475 41.650002 29.889999 3.710000
-0.602991 4.058227 9.255438 -5.460000 16.660000 4.340000
-0.540778 3.885944 9.255438 -8.470000 12.600000 2.590000
-0.495314 3.969693 9.387043 -4.550000 10.920000 2.100000
-0.385244 3.914658 9.188439 -7.770000 7.420000 2.030000
-0.385244 3.914658 9.188439 -7.770000 7.420000 2.030000
-0.409173 3.641876 8.920443 -12.880000 1.050000 3.570000
-0.406780 3.610770 8.925228 -12.180000 -0.280000 2.660000
-0.339781 3.570091 8.932407 -10.850000 -0.630000 2.730000
-0.397209 3.538985 8.965906 -14.560000 0.280000 3.010000
-0.234497 3.469593 8.848659 -17.219999 -0.420000 2.240000
-0.291924 3.424129 8.666803 -11.900000 -1.260000 3.080000
-0.200997 3.524628 8.772088 -10.500000 0.280000 3.500000
-0.320638 3.565305 8.853443 -16.030001 0.910000 3.640000
