1.670190 -9.891929 0.667598 18.340000 7.910000 0.140000
1.581656 -9.753145 0.758525 18.059999 7.630000 0.280000
1.667797 -9.987641 0.940379 13.090000 8.400000 0.560000
1.667797 -9.987641 0.940379 13.090000 8.400000 0.560000
1.679761 -10.514063 0.942772 53.270000 12.390000 -2.450000
1.727618 -9.920642 1.299303 63.910000 14.490000 -2.870000
1.751546 -9.705289 2.330609 130.339996 22.190001 -7.910000
1.751546 -9.705289 2.330609 130.339996 22.190001 -7.910000
1.701297 -9.997212 2.708675 136.990005 23.870001 -8.540000
1.600798 -8.092526 3.952943 154.979996 26.110001 -7.420000
1.586441 -8.422735 4.077370 118.440002 26.180000 -10.850000
1.631905 -8.204988 4.005585 119.070000 24.150000 -11.620000
1.725225 -5.979663 6.654440 180.039993 23.660000 -15.330000
1.725225 -5.979663 6.654440 180.039993 23.660000 -15.330000
1.579263 -5.938986 6.941578 171.639999 23.379999 -19.530001
1.672583 -4.721039 7.123433 161.630005 23.870001 -12.530000
1.543371 -2.967100 7.901100 189.630005 29.330000 -8.540000
1.261017 -1.569692 7.932207 195.720001 30.450001 -10.360000
1.261017 -1.569692 7.932207 195.720001 30.450001 -10.360000
1.261017 -1.569692 7.932207 195.720001 30.450001 -10.360000
1.261017 -1.569692 7.932207 195.720001 30.450001 -10.360000
1.261017 -1.569692 7.932207 195.720001 30.450001 -10.360000
0.191426 1.782653 9.451650 69.790001 23.379999 -2.590000
0.191426 1.782653 9.451650 69.790001 23.379999 -2.590000
0.191426 1.782653 9.451650 69.790001 23.379999 -2.590000
0.303888 2.414358 9.750752 71.750000 27.860001 -2.870000
-0.066999 3.290131 9.391829 -14.140000 6.370000 -1.190000
0.088534 3.105884 9.430114 -3.080000 4.900000 -2.800000
0.088534 3.105884 9.430114 -3.080000 4.900000 -2.800000
0.088534 3.105884 9.430114 -3.080000 4.900000 -2.800000
0.083749 3.330809 9.511470 -11.760000 4.830000 0.280000
0.021535 3.000600 9.207582 -3.500000 2.380000 0.350000
0.021535 3.000600 9.207582 -3.500000 2.380000 0.350000
0.047856 3.072384 9.102298 -11.270000 0.980000 0.840000
0.059821 2.857030 8.961121 -8.610000 0.980000 0.560000
0.002393 2.864209 9.090333 -4.340000 2.030000 0.280000
