1.921437 -9.738789 0.291924 -2.520000 4.690000 1.610000
2.031506 -9.585647 0.545564 -3.920000 4.480000 2.520000
2.017149 -9.789038 0.291924 -5.880000 4.200000 2.590000
1.945365 -9.781858 0.327817 -2.520000 4.690000 2.030000
1.971686 -9.597611 0.234497 -4.480000 5.250000 3.150000
1.897508 -10.004392 0.284746 1.050000 6.370000 3.010000
1.897508 -10.004392 0.284746 1.050000 6.370000 3.010000
1.928615 -9.772287 0.535992 21.000000 8.680000 1.750000
2.048256 -9.980463 0.497707 21.280001 9.660000 1.750000
1.969293 -10.585848 0.346959 45.779999 11.900000 1.540000
1.969293 -10.585848 0.346959 45.779999 11.900000 1.540000
1.969293 -10.585848 0.346959 45.779999 11.900000 1.540000
1.830509 -8.367701 2.555535 167.369995 23.870001 -1.470000
1.830509 -8.367701 2.555535 167.369995 23.870001 -1.470000
1.830509 -8.367701 2.555535 167.369995 23.870001 -1.470000
1.830509 -8.367701 2.555535 167.369995 23.870001 -1.470000
1.825724 -7.922636 5.876772 158.410004 13.790000 -12.600000
2.230111 -4.993821 7.372287 187.460007 28.559999 -6.230000
1.698904 -6.618547 7.377072 148.820007 13.370000 -16.100000
1.926222 -4.850252 7.683353 169.960007 21.980000 -13.370000
2.048256 -2.232504 9.133404 208.669998 25.620001 -11.970000
1.533799 -1.627119 9.690931 166.460007 22.330000 -13.160000
1.533799 -1.627119 9.690931 166.460007 22.330000 -13.160000
1.627119 -1.641476 8.874979 109.760002 12.600000 -10.850000
1.418944 0.423530 9.963714 84.629997 16.309999 -3.990000
1.560120 -0.760918 9.360723 59.849998 9.380000 -5.810000
1.380659 0.689133 9.678967 41.720001 11.200000 -0.420000
1.380659 0.689133 9.678967 41.720001 11.200000 -0.420000
1.380659 0.689133 9.678967 41.720001 11.200000 -0.420000
1.380659 0.689133 9.678967 41.720001 11.200000 -0.420000
1.380659 0.689133 9.678967 41.720001 11.200000 -0.420000
1.356731 0.232104 9.516255 -8.190000 2.660000 3.220000
1.347159 0.275175 9.523434 -8.050000 3.010000 2.660000
1.497907 0.588634 9.449257 -3.150000 4.970000 2.730000
1.404587 0.540778 9.410972 -10.850000 4.200000 3.500000
1.450050 0.390030 9.396614 -14.070000 4.480000 5.110000
