2.009971 -9.705289 0.799203 -1.750000 4.410000 1.960000
1.966900 -9.760324 0.799203 -3.290000 5.950000 3.430000
1.966900 -9.760324 0.799203 -3.290000 5.950000 3.430000
1.974079 -9.722038 0.859023 7.140000 7.420000 1.610000
2.041078 -9.846465 1.098306 2.100000 7.420000 2.030000
1.998007 -9.894321 0.892523 9.870000 9.870000 0.980000
1.969293 -9.856036 1.112662 20.790001 11.270000 1.190000
1.887937 -9.946963 1.265803 47.110001 15.680000 -0.210000
1.887937 -9.946963 1.265803 47.110001 15.680000 -0.210000
1.887937 -9.946963 1.265803 47.110001 15.680000 -0.210000
1.887937 -9.946963 1.265803 47.110001 15.680000 -0.210000
1.909473 -10.023535 1.825724 97.930000 24.290001 0.210000
1.909473 -10.023535 1.825724 97.930000 24.290001 0.210000
1.773082 -9.552148 3.601198 131.110001 28.910000 -6.720000
1.847259 -8.621340 3.641876 150.779999 29.540001 -7.140000
1.703690 -7.235896 4.254438 182.070007 33.880001 -8.680000
1.665405 -6.575477 6.151947 136.220001 27.230000 -16.240000
1.665405 -6.575477 6.151947 136.220001 27.230000 -16.240000
1.761117 -6.678369 6.606583 129.500000 24.360001 -16.520000
1.579263 -5.264209 6.314659 160.160004 21.559999 -13.370000
1.569692 -4.228118 8.183454 138.529999 20.090000 -14.420000
1.660619 -3.426522 7.941778 179.410004 25.059999 -11.060000
1.529014 -1.718047 8.214561 201.389999 30.520000 -14.560000
1.529014 -1.718047 8.214561 201.389999 30.520000 -14.560000
1.603191 -1.064806 8.642875 199.149994 38.709999 -9.310000
1.603191 -1.064806 8.642875 199.149994 38.709999 -9.310000
1.603191 -1.064806 8.642875 199.149994 38.709999 -9.310000
1.603191 -1.064806 8.642875 199.149994 38.709999 -9.310000
1.603191 -1.064806 8.642875 199.149994 38.709999 -9.310000
1.603191 -1.064806 8.642875 199.149994 38.709999 -9.310000
1.603191 -1.064806 8.642875 199.149994 38.709999 -9.310000
1.603191 -1.064806 8.642875 199.149994 38.709999 -9.310000
0.023928 3.620341 10.195816 7.070000 14.070000 -1.260000
-0.038285 3.086741 9.889536 -18.480000 8.890000 -0.140000
-0.050249 2.782853 9.516255 -14.490000 5.670000 0.560000
-0.050249 2.782853 9.516255 -14.490000 5.670000 0.560000
-0.098106 2.895315 9.578469 -10.990000 4.060000 2.170000
-0.038285 2.840281 9.248260 -15.750000 2.240000 3.920000
-0.040678 2.758924 9.226725 -18.340000 2.660000 3.710000
-0.040678 2.758924 9.226725 -18.340000 2.660000 3.710000
0.093320 2.857030 9.320045 -9.380000 1.610000 4.830000
0.093320 2.857030 9.320045 -9.380000 1.610000 4.830000
