1.842474 -9.767502 0.382852 -0.700000 5.600000 2.100000
1.871187 -9.743573 0.318245 3.500000 5.950000 2.240000
1.902294 -10.114462 0.066999 19.250000 11.690000 5.880000
1.933401 -10.437491 0.129212 46.200001 14.910000 5.390000
1.933401 -10.437491 0.129212 46.200001 14.910000 5.390000
1.782653 -10.695917 0.078963 141.119995 22.960001 2.520000
1.402194 -8.886944 3.785445 133.210007 32.130001 -4.900000
1.402194 -8.886944 3.785445 133.210007 32.130001 -4.900000
1.402194 -8.886944 3.785445 133.210007 32.130001 -4.900000
1.828116 -8.372486 4.218546 221.550003 24.710001 -9.590000
1.215554 -7.171289 6.405586 182.350006 11.760000 -18.480000
1.215554 -7.171289 6.405586 182.350006 11.760000 -18.480000
1.990828 -3.395415 7.920243 245.070007 32.340000 -6.580000
1.119841 -3.531806 8.312666 161.770004 14.700000 -13.930000
1.119841 -3.531806 8.312666 161.770004 14.700000 -13.930000
1.775474 -1.739582 8.233703 194.110001 26.320000 -8.260000
1.775474 -1.739582 8.233703 194.110001 26.320000 -8.260000
1.775474 -1.739582 8.233703 194.110001 26.320000 -8.260000
1.775474 -1.739582 8.233703 194.110001 26.320000 -8.260000
1.775474 -1.739582 8.233703 194.110001 26.320000 -8.260000
1.775474 -1.739582 8.233703 194.110001 26.320000 -8.260000
1.775474 -1.739582 8.233703 194.110001 26.320000 -8.260000
1.076770 0.418744 9.497113 18.480000 5.250000 0.070000
1.076770 0.418744 9.497113 18.480000 5.250000 0.070000
1.076770 0.418744 9.497113 18.480000 5.250000 0.070000
0.969093 0.521635 9.492328 -12.110000 2.590000 3.780000
1.074377 1.000200 9.592826 -5.880000 3.710000 3.570000
1.098306 0.949951 9.394222 -10.360000 3.710000 4.130000
1.014557 0.739382 9.367901 -9.590000 2.520000 2.870000
1.014557 0.739382 9.367901 -9.590000 2.520000 2.870000
1.167697 0.988236 9.413363 -6.580000 3.780000 4.620000
1.167697 0.988236 9.413363 -6.580000 3.780000 4.620000
