1.679761 -9.827322 0.124427 -0.910000 6.510000 1.400000
1.773082 -9.870394 0.052642 14.700000 8.260000 0.490000
1.763510 -9.688539 0.531207 11.830000 8.120000 0.210000
1.763510 -9.688539 0.531207 11.830000 8.120000 0.210000
1.983650 -10.195816 0.141177 12.670000 9.450000 2.170000
1.732404 -10.394422 0.452243 75.040001 14.070000 0.980000
1.732404 -10.394422 0.452243 75.040001 14.070000 0.980000
1.641476 -9.944571 1.485943 97.370003 20.860001 -2.870000
1.820938 -8.697910 2.519642 102.900002 21.980000 2.730000
1.820938 -8.697910 2.519642 102.900002 21.980000 2.730000
1.751546 -8.618947 2.579463 100.309998 23.450001 1.610000
1.710868 -10.272388 2.794817 123.199997 26.040001 -7.560000
1.660619 -6.606583 4.869394 258.440002 28.350000 -8.050000
1.325624 -6.367301 5.759524 266.910004 26.880001 -19.320000
1.325624 -6.367301 5.759524 266.910004 26.880001 -19.320000
0.959522 -3.792624 7.319644 250.529999 28.700001 -17.219999
1.421337 -3.531806 7.692925 234.360001 26.809999 -24.219999
1.182054 -0.610170 9.339187 153.720001 30.799999 -15.470000
1.182054 -0.610170 9.339187 153.720001 30.799999 -15.470000
1.162912 -0.095713 9.073583 136.990005 29.260000 -11.200000
1.162912 -0.095713 9.073583 136.990005 29.260000 -11.200000
1.162912 -0.095713 9.073583 136.990005 29.260000 -11.200000
1.162912 -0.095713 9.073583 136.990005 29.260000 -11.200000
1.162912 -0.095713 9.073583 136.990005 29.260000 -11.200000
1.162912 -0.095713 9.073583 136.990005 29.260000 -11.200000
0.339781 2.294717 9.767502 25.200001 19.180000 0.350000
-0.114855 2.727818 9.801002 -15.820000 8.120000 5.320000
-0.122034 2.280360 9.628718 -14.490000 5.320000 6.230000
0.052642 2.067399 9.370294 -4.060000 5.040000 4.550000
0.052642 2.067399 9.370294 -4.060000 5.040000 4.550000
0.148355 2.368894 9.468399 2.380000 6.090000 3.920000
0.093320 2.581856 9.480364 -11.410000 6.650000 6.020000
0.093320 2.581856 9.480364 -11.410000 6.650000 6.020000
0.055035 2.139183 9.186047 -9.030000 4.060000 4.340000
0.055035 2.139183 9.186047 -9.030000 4.060000 4.340000
0.055035 2.139183 9.186047 -9.030000 4.060000 4.340000
0.055035 2.139183 9.186047 -9.030000 4.060000 4.340000
-0.045464 1.868794 9.111869 -20.370001 1.750000 4.480000
