1.986043 -9.530612 1.445265 -6.790000 5.110000 1.540000
1.986043 -9.530612 1.445265 -6.790000 5.110000 1.540000
1.981257 -9.714860 1.361516 -3.360000 5.180000 3.500000
1.962115 -9.734003 1.452443 -1.680000 4.480000 0.770000
1.962115 -9.734003 1.452443 -1.680000 4.480000 0.770000
1.986043 -9.585647 1.380659 1.120000 5.600000 2.030000
1.971686 -9.755538 1.500300 7.070000 6.160000 3.640000
1.971686 -9.755538 1.500300 7.070000 6.160000 3.640000
2.005185 -9.638289 1.655833 25.760000 9.380000 3.500000
2.005185 -9.638289 1.655833 25.760000 9.380000 3.500000
2.012364 -9.700503 1.808974 36.959999 10.360000 5.880000
2.012364 -9.700503 1.808974 36.959999 10.360000 5.880000
1.828116 -8.506484 4.220939 93.449997 18.270000 1.400000
1.658226 -9.090333 4.400401 80.500000 15.610000 -1.960000
1.720440 -9.614362 4.058227 138.250000 18.900000 -7.630000
1.720440 -9.614362 4.058227 138.250000 18.900000 -7.630000
1.538585 -7.534998 5.800202 150.710007 18.690001 -17.780001
1.514657 -4.039084 7.176075 230.300003 27.580000 -16.660000
1.579263 -3.811767 7.657032 213.990005 27.230000 -18.969999
1.519442 -2.591427 8.451449 184.660004 33.320000 -15.330000
1.519442 -2.591427 8.451449 184.660004 33.320000 -15.330000
1.131805 -0.385244 8.673983 154.419998 23.940001 -7.070000
1.244268 -0.787239 8.851050 138.250000 25.129999 -12.670000
1.155733 0.059821 9.296116 135.029999 38.779999 -6.230000
1.155733 0.059821 9.296116 135.029999 38.779999 -6.230000
1.155733 0.059821 9.296116 135.029999 38.779999 -6.230000
1.155733 0.059821 9.296116 135.029999 38.779999 -6.230000
1.155733 0.059821 9.296116 135.029999 38.779999 -6.230000
0.366102 2.775674 9.537791 41.720001 18.760000 2.240000
0.366102 2.775674 9.537791 41.720001 18.760000 2.240000
0.260818 2.971886 9.394222 0.140000 13.790000 6.090000
0.043071 2.847459 9.308081 -5.110000 11.130000 10.780000
0.083749 2.924029 9.332008 -9.030000 11.340000 10.570000
0.004786 2.591427 9.303294 -13.160000 8.680000 10.850000
0.138784 2.323431 9.382257 -8.400000 8.120000 8.190000
0.138784 2.323431 9.382257 -8.400000 8.120000 8.190000
0.138784 2.323431 9.382257 -8.400000 8.120000 8.190000
0.138784 2.323431 9.382257 -8.400000 8.120000 8.190000
0.232104 2.459821 9.410972 -5.180000 8.120000 6.300000
0.162712 2.134398 9.346365 -13.370000 6.300000 5.250000
0.083749 2.108077 9.389436 -13.510000 5.600000 4.970000
0.232104 2.122434 9.334401 -6.580000 4.060000 2.030000
0.131605 2.153540 9.183653 -3.150000 3.430000 0.910000
0.145962 2.277967 9.420543 -5.110000 3.080000 2.100000
0.102891 2.227718 9.339187 -14.140000 1.400000 2.660000
