1.797010 -9.647861 1.859223 -7.420000 7.560000 1.540000
1.890330 -9.731609 2.050649 0.350000 7.910000 0.350000
1.926222 -9.470792 2.203789 7.910000 8.610000 -1.680000
1.964507 -9.824929 2.074577 3.780000 10.500000 -0.700000
1.995614 -9.497113 2.206182 26.809999 10.150000 -1.540000
1.998007 -9.544970 2.280360 36.889999 9.940000 -2.240000
2.019542 -9.643075 2.768496 37.029999 11.270000 -1.890000
2.019542 -9.643075 2.768496 37.029999 11.270000 -1.890000
2.055435 -9.286544 2.699104 47.110001 11.340000 1.330000
2.050649 -10.195816 2.694318 73.430000 12.530000 0.280000
1.811367 -7.393822 4.182654 179.270004 24.150000 0.560000
1.655833 -8.090133 4.194618 189.839996 23.030001 -7.700000
1.655833 -8.090133 4.194618 189.839996 23.030001 -7.700000
1.832902 -6.893722 5.632704 236.460007 28.559999 -14.000000
1.428515 -3.998406 7.759924 192.500000 23.450001 -16.870001
1.428515 -3.998406 7.759924 192.500000 23.450001 -16.870001
1.756332 -3.885944 8.157133 154.630005 21.980000 -16.660000
1.658226 -0.583849 9.470792 133.210007 24.150000 -8.540000
1.428515 -0.808774 8.752945 128.869995 17.010000 -4.550000
1.428515 -0.808774 8.752945 128.869995 17.010000 -4.550000
1.428515 -0.808774 8.752945 128.869995 17.010000 -4.550000
1.428515 -0.808774 8.752945 128.869995 17.010000 -4.550000
1.428515 -0.808774 8.752945 128.869995 17.010000 -4.550000
1.351945 0.263210 8.733803 142.589996 21.210001 -1.400000
1.351945 0.263210 8.733803 142.589996 21.210001 -1.400000
1.351945 0.263210 8.733803 142.589996 21.210001 -1.400000
1.351945 0.263210 8.733803 142.589996 21.210001 -1.400000
0.416351 3.337988 9.274581 62.160000 25.969999 1.190000
0.418744 3.881158 9.293723 -18.340000 9.520000 2.240000
0.275175 3.476771 9.008978 -14.770000 6.790000 1.610000
0.454636 3.634698 9.142976 -5.390000 7.630000 0.350000
0.454636 3.634698 9.142976 -5.390000 7.630000 0.350000
0.263210 4.012764 9.157332 -3.360000 6.230000 0.980000
0.217747 3.933800 9.253045 -15.540000 3.570000 3.360000
0.212961 3.613162 8.700303 -5.530000 2.170000 3.570000
0.212961 3.613162 8.700303 -5.530000 2.170000 3.570000
0.198604 3.555735 8.930015 -9.800000 0.910000 3.220000
0.327817 3.512664 8.831908 -8.190000 1.260000 2.240000
0.363709 3.443272 8.590233 -3.990000 0.910000 1.890000
