1.816152 -9.769895 -0.246461 -3.360000 5.250000 3.290000
1.828116 -9.875179 -0.148355 -7.070000 3.500000 3.500000
1.828116 -9.875179 -0.148355 -7.070000 3.500000 3.500000
1.899901 -9.915856 -0.126820 -4.830000 3.220000 3.360000
1.892723 -9.851252 -0.241675 2.240000 3.290000 2.520000
1.854438 -9.870394 -0.256032 4.130000 5.250000 1.680000
1.911865 -10.183852 -0.210568 63.139999 14.350000 1.540000
1.854438 -10.552348 0.294317 93.800003 22.469999 2.590000
1.725225 -10.506885 0.081356 124.529999 25.549999 2.940000
1.775474 -8.827123 2.117648 158.410004 31.360001 -1.960000
1.775474 -8.827123 2.117648 158.410004 31.360001 -1.960000
1.734797 -9.456435 2.890530 126.980003 33.950001 -5.810000
1.734797 -9.456435 2.890530 126.980003 33.950001 -5.810000
1.734797 -9.456435 2.890530 126.980003 33.950001 -5.810000
1.591227 -7.561320 5.726025 183.889999 31.850000 -14.770000
1.689333 -5.388636 6.202196 203.279999 35.209999 -9.380000
1.210768 -5.199604 7.814958 166.880005 22.330000 -18.549999
1.210768 -5.199604 7.814958 166.880005 22.330000 -18.549999
1.550549 -5.398208 7.645068 163.100006 26.250000 -17.990000
0.794417 -2.440679 7.728817 185.919998 28.630001 -9.380000
1.540978 -1.720440 8.602197 202.440002 35.630001 -13.090000
0.890130 0.471386 8.798409 172.690002 36.959999 -4.760000
0.890130 0.471386 8.798409 172.690002 36.959999 -4.760000
0.890130 0.471386 8.798409 172.690002 36.959999 -4.760000
0.890130 0.471386 8.798409 172.690002 36.959999 -4.760000
0.890130 0.471386 8.798409 172.690002 36.959999 -4.760000
0.890130 0.471386 8.798409 172.690002 36.959999 -4.760000
0.890130 0.471386 8.798409 172.690002 36.959999 -4.760000
0.890130 0.471386 8.798409 172.690002 36.959999 -4.760000
0.890130 0.471386 8.798409 172.690002 36.959999 -4.760000
0.890130 0.471386 8.798409 172.690002 36.959999 -4.760000
-0.117248 2.478964 9.250652 -4.900000 4.130000 4.620000
-0.186640 2.581856 9.269794 -4.900000 3.360000 3.920000
-0.112463 2.639283 9.279366 -8.540000 2.940000 4.270000
-0.081356 2.469393 9.066404 -11.340000 2.450000 3.990000
-0.019143 2.615355 9.267403 -8.330000 1.960000 3.640000
-0.050249 2.627320 9.126225 -9.520000 1.610000 4.130000
-0.016750 2.344966 9.123833 -8.750000 1.890000 2.940000
