1.284946 1.450050 9.437292 0.700000 0.210000 0.420000
1.284946 1.450050 9.437292 0.700000 0.210000 0.420000
1.284946 1.450050 9.437292 0.700000 0.210000 0.420000
1.284946 1.450050 9.437292 0.700000 0.210000 0.420000
1.284946 1.450050 9.437292 0.700000 0.210000 0.420000
1.251446 1.375873 9.339187 0.840000 0.420000 0.560000
1.251446 1.375873 9.339187 0.840000 0.420000 0.560000
1.239482 1.390230 9.305687 -0.070000 -0.140000 0.420000
1.239482 1.390230 9.305687 -0.070000 -0.140000 0.420000
1.239482 1.390230 9.305687 -0.070000 -0.140000 0.420000
1.239482 1.390230 9.305687 -0.070000 -0.140000 0.420000
1.239482 1.390230 9.305687 -0.070000 -0.140000 0.420000
1.289732 1.351945 9.348758 0.070000 -0.210000 0.280000
1.210768 1.466800 9.365508 0.280000 0.070000 0.630000
1.210768 1.466800 9.365508 0.280000 0.070000 0.630000
1.337588 1.390230 9.327222 2.520000 0.910000 -0.140000
1.304088 1.452443 9.324830 0.910000 1.540000 -0.210000
1.304088 1.452443 9.324830 0.910000 1.540000 -0.210000
1.304088 1.452443 9.324830 0.910000 1.540000 -0.210000
1.244268 1.423729 9.480364 0.630000 0.490000 0.630000
1.225125 1.426122 9.406186 0.420000 0.420000 0.210000
1.225125 1.426122 9.406186 0.420000 0.420000 0.210000
1.225125 1.426122 9.406186 0.420000 0.420000 0.210000
1.320838 1.464408 9.401401 0.700000 0.280000 -0.280000
1.320838 1.464408 9.401401 0.700000 0.280000 -0.280000
1.244268 1.509871 9.267403 -0.630000 0.070000 0.420000
1.244268 1.509871 9.267403 -0.630000 0.070000 0.420000
1.311267 1.404587 9.341579 -0.630000 0.770000 -0.070000
1.289732 1.440479 9.406186 -0.210000 1.050000 0.140000
1.289732 1.440479 9.406186 -0.210000 1.050000 0.140000
1.289732 1.440479 9.406186 -0.210000 1.050000 0.140000
1.280160 1.445265 9.434900 0.630000 0.280000 0.210000
1.280160 1.445265 9.434900 0.630000 0.280000 0.210000
1.172483 1.440479 9.296116 0.840000 0.490000 0.630000
1.232304 1.442872 9.188439 0.630000 1.260000 0.070000
1.232304 1.442872 9.188439 0.630000 1.260000 0.070000
1.210768 1.483550 9.231510 0.840000 2.100000 0.700000
1.210768 1.483550 9.231510 0.840000 2.100000 0.700000
1.256232 1.464408 9.437292 -1.470000 1.610000 1.400000
1.205983 1.414158 9.485149 -0.070000 0.980000 1.190000
1.205983 1.414158 9.485149 -0.070000 0.980000 1.190000
1.201197 1.462015 9.410972 0.420000 0.420000 0.490000
1.201197 1.462015 9.410972 0.420000 0.420000 0.490000
1.232304 1.399801 9.427721 0.350000 0.070000 0.140000
1.232304 1.399801 9.427721 0.350000 0.070000 0.140000
1.232304 1.399801 9.427721 0.350000 0.070000 0.140000
1.261017 1.438086 9.382257 -1.120000 -0.210000 0.140000
1.261017 1.438086 9.382257 -1.120000 -0.210000 0.140000
