1.088734 -9.891929 -0.521635 0.700000 0.140000 -0.420000
1.095913 -9.930215 -0.564706 -0.140000 -0.490000 -0.630000
1.124627 -9.870394 -0.526421 0.980000 1.120000 -0.420000
1.124627 -9.870394 -0.526421 0.980000 1.120000 -0.420000
1.124627 -9.870394 -0.526421 0.980000 1.120000 -0.420000
1.189233 -9.903893 -0.605384 -3.920000 0.630000 0.350000
1.115055 -9.868000 -0.504886 -3.080000 1.050000 -0.070000
1.229911 -9.934999 -0.555135 -2.240000 0.070000 -0.490000
1.179662 -9.932607 -0.610170 -1.050000 0.490000 -0.560000
1.179662 -9.932607 -0.610170 -1.050000 0.490000 -0.560000
1.179662 -9.932607 -0.610170 -1.050000 0.490000 -0.560000
1.167697 -9.942179 -0.552742 -1.680000 0.140000 -0.910000
1.210768 -9.815358 -0.507278 -0.910000 0.700000 -0.700000
1.217947 -9.722038 -0.641276 -0.630000 0.630000 -0.700000
1.127020 -9.786645 -0.509671 0.070000 0.560000 -0.280000
1.172483 -9.803394 -0.543171 0.140000 1.120000 -0.280000
1.172483 -9.803394 -0.543171 0.140000 1.120000 -0.280000
1.229911 -9.824929 -0.397209 1.050000 -0.210000 0.490000
1.194018 -9.887143 -0.485743 -2.030000 -1.330000 0.980000
1.179662 -9.920642 -0.622134 0.770000 -0.140000 -0.210000
1.179662 -9.920642 -0.622134 0.770000 -0.140000 -0.210000
1.153341 -9.810574 -0.593420 -0.420000 -0.630000 0.280000
1.153341 -9.810574 -0.593420 -0.420000 -0.630000 0.280000
1.239482 -9.870394 -0.612563 -0.910000 0.490000 0.350000
1.186840 -9.829715 -0.598206 -0.280000 0.560000 0.910000
1.162912 -9.918249 -0.490529 1.890000 0.280000 0.070000
1.186840 -9.836893 -0.650848 0.350000 1.050000 -0.210000
1.174876 -9.858429 -0.540778 1.190000 0.630000 -0.350000
1.174876 -9.863215 -0.581456 1.330000 0.420000 -0.210000
1.095913 -9.801002 -0.624527 -1.120000 1.260000 0.560000
1.189233 -9.839286 -0.583849 1.050000 0.980000 0.070000
1.229911 -9.824929 -0.643669 1.820000 0.140000 0.070000
1.088734 -9.757930 -0.535992 2.380000 1.540000 0.630000
1.275374 -9.944571 -0.509671 -0.350000 -0.560000 1.680000
1.146162 -9.951750 -0.684347 -1.960000 -0.140000 1.260000
1.148555 -10.011569 -0.612563 1.960000 -0.070000 0.490000
1.131805 -9.975677 -0.538385 2.170000 0.070000 0.420000
1.136591 -9.954143 -0.497707 0.560000 0.070000 0.560000
