2.053042 -9.667004 -0.153141 0.630000 0.070000 0.350000
2.045863 -9.784252 -0.311067 0.350000 -0.280000 -0.280000
2.139183 -9.736395 -0.267996 0.140000 -0.420000 -0.280000
2.139183 -9.736395 -0.267996 0.140000 -0.420000 -0.280000
2.139183 -9.736395 -0.267996 0.140000 -0.420000 -0.280000
2.086541 -9.750752 -0.205783 -0.630000 -0.490000 -0.350000
2.115255 -9.693325 -0.215354 1.610000 -0.070000 -0.280000
2.115255 -9.693325 -0.215354 1.610000 -0.070000 -0.280000
2.143969 -9.710074 -0.205783 -0.140000 0.420000 -0.070000
2.069792 -9.597611 -0.136391 -0.280000 -0.490000 -0.560000
2.134398 -9.623933 -0.174676 -0.490000 -0.770000 -0.490000
2.091327 -9.655040 -0.294317 0.910000 -0.420000 0.420000
2.091327 -9.655040 -0.294317 0.910000 -0.420000 0.420000
2.081756 -9.769895 -0.287139 -0.840000 -0.140000 -0.140000
2.084148 -9.580862 -0.107677 1.610000 -0.140000 -0.070000
2.098505 -9.719646 -0.241675 -0.840000 -0.280000 0.210000
2.098505 -9.719646 -0.241675 -0.840000 -0.280000 0.210000
2.155933 -9.645468 -0.172283 -0.980000 -0.420000 0.140000
2.155933 -9.645468 -0.172283 -0.980000 -0.420000 0.140000
2.060220 -9.848858 -0.239282 1.470000 -0.630000 1.190000
2.098505 -9.757930 -0.248854 -1.470000 -0.350000 -0.490000
2.132005 -9.834501 -0.215354 2.450000 -1.330000 0.140000
2.091327 -9.667004 -0.114855 1.050000 -0.910000 -0.280000
2.091327 -9.667004 -0.114855 1.050000 -0.910000 -0.280000
2.136791 -9.678967 -0.186640 0.420000 0.420000 -0.560000
2.136791 -9.678967 -0.186640 0.420000 0.420000 -0.560000
2.136791 -9.678967 -0.186640 0.420000 0.420000 -0.560000
2.074577 -9.686146 -0.251246 0.980000 0.070000 -0.140000
2.129612 -9.600004 -0.165105 -0.070000 1.120000 -0.910000
2.129612 -9.600004 -0.165105 -0.070000 1.120000 -0.910000
2.072184 -9.597611 -0.181855 0.210000 0.350000 0.140000
2.019542 -9.635897 -0.150748 0.070000 0.700000 0.210000
2.134398 -9.882358 -0.229711 1.260000 0.070000 0.140000
2.096112 -9.724431 -0.260818 0.420000 0.630000 0.140000
2.060220 -9.623933 -0.119641 -0.070000 0.630000 -0.350000
2.088934 -9.765109 -0.153141 -1.400000 0.280000 -0.420000
2.115255 -9.805787 -0.193819 1.470000 -1.050000 0.350000
2.026721 -9.748360 -0.148355 1.190000 -0.490000 -0.840000
2.026721 -9.748360 -0.148355 1.190000 -0.490000 -0.840000
2.115255 -9.726824 -0.232104 -0.280000 -0.980000 -0.350000
2.115255 -9.726824 -0.232104 -0.280000 -0.980000 -0.350000
2.112862 -9.671788 -0.208176 0.420000 -0.070000 0.070000
