-0.153141 -9.729217 1.883151 -6.300000 3.220000 3.010000
-0.169890 -9.702895 1.861616 -5.320000 3.360000 3.290000
-0.114855 -9.870394 1.861616 -6.720000 3.850000 3.150000
-0.114855 -9.793823 1.840081 -6.020000 4.480000 2.590000
-0.114855 -9.793823 1.840081 -6.020000 4.480000 2.590000
-0.114855 -9.793823 1.840081 -6.020000 4.480000 2.590000
-0.100499 -9.812965 1.923829 -5.460000 4.900000 1.470000
-0.090927 -9.745967 1.911865 -6.580000 4.480000 2.170000
-0.119641 -9.853643 1.866402 -5.670000 5.320000 2.240000
-0.119641 -9.853643 1.866402 -5.670000 5.320000 2.240000
-0.145962 -9.726824 1.938186 -5.880000 5.460000 1.680000
-0.169890 -9.623933 1.974079 -5.600000 4.970000 2.100000
-0.169890 -9.623933 1.974079 -5.600000 4.970000 2.100000
-0.165105 -9.635897 1.931008 -5.810000 4.690000 2.590000
-0.105284 -9.609575 2.026721 -5.670000 4.620000 3.710000
-0.105284 -9.609575 2.026721 -5.670000 4.620000 3.710000
-0.129212 -9.631111 2.033899 -5.600000 4.130000 3.010000
-0.110070 -9.748360 1.840081 -5.040000 4.480000 3.150000
-0.143569 -9.774680 2.007578 -6.440000 4.550000 3.010000
-0.090927 -9.793823 1.950150 -5.040000 4.200000 2.730000
-0.074178 -9.693325 1.954936 -6.930000 4.130000 3.290000
-0.074178 -9.693325 1.954936 -6.930000 4.130000 3.290000
-0.081356 -9.815358 1.959722 -6.580000 4.200000 2.940000
-0.131605 -9.667004 1.957329 -5.740000 4.130000 2.940000
-0.117248 -9.722038 1.950150 -5.670000 4.060000 3.150000
-0.031107 -9.690931 1.986043 -5.390000 3.500000 3.150000
-0.076570 -9.722038 1.974079 -5.250000 3.430000 3.080000
-0.131605 -9.839286 1.945365 -5.600000 3.780000 2.940000
-0.138784 -9.700503 1.923829 -5.250000 4.060000 2.660000
-0.119641 -9.719646 1.907080 -5.320000 4.130000 3.430000
-0.076570 -9.786645 1.971686 -5.250000 3.850000 2.940000
-0.088534 -9.755538 1.954936 -7.350000 3.500000 2.730000
-0.088534 -9.755538 1.954936 -7.350000 3.500000 2.730000
-0.136391 -9.812965 1.866402 -5.460000 4.830000 2.450000
-0.112463 -9.808180 1.828116 -4.830000 4.900000 2.310000
-0.066999 -9.784252 1.928615 -6.860000 4.760000 2.310000
-0.081356 -9.741181 1.933401 -5.740000 5.250000 2.100000
-0.081356 -9.741181 1.933401 -5.740000 5.250000 2.100000
-0.081356 -9.741181 1.933401 -5.740000 5.250000 2.100000
-0.081356 -9.741181 1.933401 -5.740000 5.250000 2.100000
-0.081356 -9.741181 1.933401 -5.740000 5.250000 2.100000
-0.081356 -9.741181 1.933401 -5.740000 5.250000 2.100000
-0.081356 -9.741181 1.933401 -5.740000 5.250000 2.100000
-0.081356 -9.741181 1.933401 -5.740000 5.250000 2.100000
-0.081356 -9.741181 1.933401 -5.740000 5.250000 2.100000
-0.081356 -9.741181 1.933401 -5.740000 5.250000 2.100000
-0.143569 -9.753145 1.993221 -5.040000 5.250000 2.310000
-0.143569 -9.753145 1.993221 -5.040000 5.250000 2.310000
-0.009571 -9.760324 1.897508 -6.370000 3.780000 3.290000
-0.009571 -9.760324 1.897508 -6.370000 3.780000 3.290000
-0.114855 -9.688539 1.909473 -5.530000 4.690000 2.870000
-0.162712 -9.707682 1.861616 -5.110000 4.690000 2.800000
-0.074178 -9.753145 1.832902 -6.230000 3.640000 3.430000
-0.088534 -9.767502 1.909473 -6.510000 3.710000 4.200000
-0.090927 -9.812965 1.904687 -6.020000 4.340000 3.080000
-0.112463 -9.736395 1.861616 -5.880000 4.060000 3.010000
-0.145962 -9.865608 1.928615 -6.580000 4.690000 2.800000
-0.131605 -9.877571 1.878366 -5.810000 5.110000 2.380000
-0.131605 -9.877571 1.878366 -5.810000 5.110000 2.380000
-0.076570 -9.769895 1.993221 -5.740000 3.850000 2.380000
