1.136591 -9.609575 2.232504 0.700000 -0.070000 0.070000
1.069592 -9.609575 2.158326 -0.140000 -1.330000 0.840000
1.071985 -9.645468 2.110470 0.770000 -1.190000 0.980000
1.021735 -9.619147 2.081756 0.070000 -0.560000 0.840000
1.009771 -9.659825 2.105684 0.420000 -0.280000 0.210000
1.009771 -9.659825 2.105684 0.420000 -0.280000 0.210000
1.009771 -9.659825 2.105684 0.420000 -0.280000 0.210000
1.103091 -9.600004 2.189433 0.840000 -0.140000 0.630000
1.040878 -9.674182 2.220540 -0.420000 -0.910000 -0.280000
1.043271 -9.671788 2.065006 -0.980000 -1.190000 -0.910000
0.993021 -9.576077 2.076970 -0.560000 -1.050000 -0.770000
1.002593 -9.573684 2.069792 0.910000 0.210000 -0.280000
1.026521 -9.626326 1.974079 1.540000 0.560000 -0.280000
1.026521 -9.626326 1.974079 1.540000 0.560000 -0.280000
1.076770 -9.554541 2.136791 0.280000 1.050000 0.280000
1.110270 -9.499505 2.158326 -0.140000 0.700000 0.560000
1.098306 -9.657433 2.103291 -1.330000 -0.350000 0.280000
1.088734 -9.686146 2.151148 0.420000 -0.210000 -0.140000
1.028914 -9.633504 2.098505 1.120000 0.140000 -0.140000
1.028914 -9.578469 2.098505 0.350000 0.140000 -0.140000
1.105484 -9.705289 2.232504 1.190000 0.210000 -0.140000
1.033699 -9.604790 2.208575 1.050000 0.210000 -0.700000
1.119841 -9.533006 2.146362 0.070000 -0.420000 -0.350000
0.995414 -9.580862 2.072184 0.560000 -0.280000 0.560000
0.995414 -9.580862 2.072184 0.560000 -0.280000 0.560000
1.026521 -9.506684 2.088934 0.700000 0.070000 0.070000
1.107877 -9.640682 2.234896 0.770000 0.770000 1.400000
1.031307 -9.714860 2.206182 -0.630000 -0.140000 -0.280000
1.048056 -9.626326 2.139183 -0.910000 -1.190000 -0.140000
1.048056 -9.626326 2.139183 -0.910000 -1.190000 -0.140000
1.048056 -9.626326 2.139183 -0.910000 -1.190000 -0.140000
1.048056 -9.626326 2.139183 -0.910000 -1.190000 -0.140000
1.048056 -9.626326 2.139183 -0.910000 -1.190000 -0.140000
1.048056 -9.626326 2.139183 -0.910000 -1.190000 -0.140000
1.048056 -9.626326 2.139183 -0.910000 -1.190000 -0.140000
1.048056 -9.626326 2.139183 -0.910000 -1.190000 -0.140000
1.048056 -9.626326 2.139183 -0.910000 -1.190000 -0.140000
1.052842 -9.552148 2.050649 -0.840000 -1.050000 -0.840000
1.093520 -9.437292 2.074577 1.470000 0.490000 -0.630000
1.093520 -9.437292 2.074577 1.470000 0.490000 -0.630000
1.127020 -9.492328 2.100898 0.910000 -0.070000 -0.420000
1.107877 -9.509077 2.170290 -0.910000 -0.980000 -0.070000
1.019342 -9.597611 2.055435 0.140000 -0.070000 0.070000
1.119841 -9.544970 2.050649 0.350000 0.280000 0.350000
