3.881158 -7.558927 4.991428 1.260000 1.540000 -0.490000
3.931407 -7.494320 5.065606 -0.770000 -0.210000 -0.560000
3.804588 -7.494320 5.067998 -1.120000 -0.770000 0.630000
3.804588 -7.494320 5.067998 -1.120000 -0.770000 0.630000
3.931407 -7.542177 5.048856 0.980000 -0.350000 0.280000
3.931407 -7.542177 5.048856 0.980000 -0.350000 0.280000
3.931407 -7.542177 5.048856 0.980000 -0.350000 0.280000
3.890730 -7.463214 4.960321 0.420000 0.840000 -0.140000
3.890730 -7.463214 4.960321 0.420000 0.840000 -0.140000
3.893122 -7.601997 5.053641 -0.070000 0.630000 -0.070000
3.893122 -7.601997 5.053641 -0.070000 0.630000 -0.070000
3.972085 -7.566105 4.895715 0.350000 1.890000 0.420000
3.871587 -7.580462 5.190032 0.630000 1.540000 -0.630000
3.871587 -7.580462 5.190032 0.630000 1.540000 -0.630000
3.933800 -7.501499 5.024928 -1.120000 0.350000 -0.210000
3.912265 -7.487142 4.883751 -1.470000 0.420000 -0.560000
3.912265 -7.487142 4.883751 -1.470000 0.420000 -0.560000
3.854837 -7.546963 4.943572 2.310000 2.660000 -0.210000
3.940979 -7.580462 5.089533 -1.750000 0.350000 -0.700000
3.828516 -7.467999 4.840680 -1.890000 0.350000 -1.610000
3.828516 -7.467999 4.840680 -1.890000 0.350000 -1.610000
3.900301 -7.640282 5.115855 0.770000 -0.490000 0.420000
3.900301 -7.640282 5.115855 0.770000 -0.490000 0.420000
3.900301 -7.640282 5.115855 0.770000 -0.490000 0.420000
3.835695 -7.635497 5.034499 -3.080000 -2.030000 0.630000
3.835695 -7.635497 5.034499 -3.080000 -2.030000 0.630000
3.661019 -7.611568 5.032106 2.310000 1.330000 -1.540000
3.661019 -7.611568 5.032106 2.310000 1.330000 -1.540000
3.972085 -7.372287 5.199604 -0.840000 0.700000 -0.420000
3.972085 -7.372287 5.199604 -0.840000 0.700000 -0.420000
3.972085 -7.372287 5.199604 -0.840000 0.700000 -0.420000
3.818945 -7.310073 4.979464 -1.540000 0.700000 -0.840000
3.818945 -7.310073 4.979464 -1.540000 0.700000 -0.840000
3.818945 -7.310073 4.979464 -1.540000 0.700000 -0.840000
3.687340 -7.604390 4.962714 -0.840000 1.610000 1.400000
3.792624 -7.506285 5.070391 2.100000 2.450000 0.700000
3.792624 -7.506285 5.070391 2.100000 2.450000 0.700000
3.924229 -7.642675 5.223531 -1.750000 -0.210000 1.470000
3.924229 -7.642675 5.223531 -1.750000 -0.210000 1.470000
3.883551 -7.587641 5.158926 -0.700000 -0.630000 0.840000
3.742374 -7.779066 5.101498 0.560000 -0.210000 0.980000
3.713661 -7.700103 5.156533 2.240000 -0.910000 -1.120000
3.974478 -7.525427 5.206782 -1.260000 -2.870000 -0.980000
3.948158 -7.515855 5.058427 -2.520000 -2.030000 -0.560000
3.787838 -7.520642 4.807181 1.330000 1.610000 -1.050000
3.787838 -7.520642 4.807181 1.330000 1.610000 -1.050000
3.694518 -7.415358 4.986642 0.140000 1.260000 -2.310000
