3.833302 -7.587641 4.859823 1.330000 0.280000 -0.700000
3.723232 -7.594819 4.998606 -0.770000 0.140000 -0.700000
3.723232 -7.594819 4.998606 -0.770000 0.140000 -0.700000
3.828516 -7.637890 4.900501 0.560000 0.490000 -0.490000
3.828516 -7.637890 4.900501 0.560000 0.490000 -0.490000
3.821337 -7.649854 4.953143 1.750000 0.280000 0.350000
3.821337 -7.649854 4.953143 1.750000 0.280000 0.350000
3.828516 -7.570890 5.048856 -2.450000 -0.910000 -0.140000
3.828516 -7.570890 5.048856 -2.450000 -0.910000 -0.140000
3.833302 -7.676175 5.029713 -0.420000 -0.910000 -0.140000
3.833302 -7.676175 5.029713 -0.420000 -0.910000 -0.140000
3.833302 -7.676175 5.029713 -0.420000 -0.910000 -0.140000
3.833302 -7.676175 5.029713 -0.420000 -0.910000 -0.140000
3.699304 -7.645068 5.072784 1.400000 0.350000 -0.280000
3.699304 -7.645068 5.072784 1.400000 0.350000 -0.280000
3.699304 -7.645068 5.072784 1.400000 0.350000 -0.280000
3.699304 -7.645068 5.072784 1.400000 0.350000 -0.280000
3.775874 -7.525427 4.914857 0.490000 -0.280000 0.070000
3.775874 -7.525427 4.914857 0.490000 -0.280000 0.070000
3.775874 -7.525427 4.914857 0.490000 -0.280000 0.070000
3.826123 -7.544570 5.082355 -1.750000 -0.350000 0.840000
3.826123 -7.544570 5.082355 -1.750000 -0.350000 0.840000
3.852444 -7.697710 4.955536 -0.490000 -0.770000 0.070000
3.852444 -7.697710 4.955536 -0.490000 -0.770000 0.070000
3.852444 -7.697710 4.955536 -0.490000 -0.770000 0.070000
3.799802 -7.460821 4.744967 1.610000 0.420000 -0.140000
3.799802 -7.460821 4.744967 1.610000 0.420000 -0.140000
3.799802 -7.460821 4.744967 1.610000 0.420000 -0.140000
3.799802 -7.460821 4.744967 1.610000 0.420000 -0.140000
3.799802 -7.460821 4.744967 1.610000 0.420000 -0.140000
3.701697 -7.767102 5.017749 1.960000 1.260000 0.280000
3.885944 -7.551748 5.022535 -0.350000 -0.910000 -0.840000
3.885944 -7.551748 5.022535 -0.350000 -0.910000 -0.840000
3.665804 -7.525427 4.941179 0.210000 -0.840000 0.140000
3.665804 -7.525427 4.941179 0.210000 -0.840000 0.140000
3.608376 -7.850852 4.989035 -1.820000 -1.050000 -0.840000
3.608376 -7.850852 4.989035 -1.820000 -1.050000 -0.840000
3.634698 -7.731210 4.972286 -1.610000 -1.470000 -2.170000
3.634698 -7.731210 4.972286 -1.610000 -1.470000 -2.170000
3.677768 -7.539784 5.046463 1.400000 0.700000 0.210000
3.711268 -7.475177 4.974678 -0.350000 -1.540000 0.140000
3.711268 -7.475177 4.974678 -0.350000 -1.540000 0.140000
3.711268 -7.475177 4.974678 -0.350000 -1.540000 0.140000
3.711268 -7.475177 4.974678 -0.350000 -1.540000 0.140000
3.711268 -7.475177 4.974678 -0.350000 -1.540000 0.140000
3.711268 -7.475177 4.974678 -0.350000 -1.540000 0.140000
3.771089 -7.640282 4.855037 0.210000 -0.070000 1.260000
3.771089 -7.640282 4.855037 0.210000 -0.070000 1.260000
3.771089 -7.640282 4.855037 0.210000 -0.070000 1.260000
3.771089 -7.640282 4.855037 0.210000 -0.070000 1.260000
3.771089 -7.640282 4.855037 0.210000 -0.070000 1.260000
3.737589 -7.666604 4.931608 0.910000 0.490000 1.260000
3.716053 -7.709675 5.048856 0.910000 1.330000 0.210000
3.761517 -7.570890 4.828716 -1.820000 -0.210000 -0.700000
3.761517 -7.570890 4.828716 -1.820000 -0.210000 -0.700000
3.761517 -7.570890 4.828716 -1.820000 -0.210000 -0.700000
