3.790231 -7.594819 4.857430 0.770000 -0.140000 -0.140000
3.766303 -7.786245 4.821537 0.210000 -0.070000 -0.280000
3.751946 -7.673782 4.780859 0.770000 -0.700000 -1.050000
3.751946 -7.673782 4.780859 0.770000 -0.700000 -1.050000
3.802195 -7.592427 4.922036 1.190000 0.210000 0.420000
3.747160 -7.515855 4.967500 -1.540000 -2.100000 -1.050000
3.747160 -7.515855 4.967500 -1.540000 -2.100000 -1.050000
3.744767 -7.657032 4.646862 -1.680000 -0.350000 0.350000
3.716053 -7.654640 4.922036 0.420000 0.140000 0.070000
3.826123 -7.599605 5.048856 4.270000 0.980000 -0.490000
3.665804 -7.625926 4.890929 2.030000 0.560000 0.840000
3.749553 -7.563712 4.948357 -1.050000 -0.210000 0.630000
3.637090 -7.625926 4.864608 0.910000 0.700000 0.560000
3.840480 -7.750352 4.878965 -0.630000 0.140000 -0.210000
3.749553 -7.795816 4.764110 0.630000 0.910000 0.070000
3.735196 -7.647461 4.869394 2.520000 0.560000 -0.140000
3.720839 -7.618747 4.914857 3.150000 -0.490000 -1.050000
3.775874 -7.747960 4.668397 0.700000 0.140000 -0.490000
3.775874 -7.747960 4.668397 0.700000 0.140000 -0.490000
3.713661 -7.573284 4.907679 5.180000 1.820000 0.350000
3.713661 -7.573284 4.907679 5.180000 1.820000 0.350000
3.876373 -7.633104 4.666004 -2.310000 -0.910000 0.210000
3.795017 -7.590034 4.852644 4.200000 1.610000 0.910000
3.847659 -7.601997 4.852644 -2.450000 -0.560000 0.770000
3.847659 -7.601997 4.852644 -2.450000 -0.560000 0.770000
3.747160 -7.709675 4.902894 -0.630000 -0.280000 0.630000
3.747160 -7.709675 4.902894 -0.630000 -0.280000 0.630000
3.747160 -7.709675 4.902894 -0.630000 -0.280000 0.630000
3.696911 -7.671390 4.711468 -1.260000 -0.280000 0.350000
3.696911 -7.671390 4.711468 -1.260000 -0.280000 0.350000
3.766303 -7.635497 4.869394 -0.350000 0.350000 -0.630000
3.766303 -7.635497 4.869394 -0.350000 0.350000 -0.630000
3.797409 -7.690532 4.788038 -1.050000 0.910000 0.070000
3.814159 -7.680960 4.943572 -0.840000 -0.070000 0.700000
3.799802 -7.599605 4.855037 -0.980000 -0.210000 0.070000
3.799802 -7.599605 4.855037 -0.980000 -0.210000 0.070000
3.771089 -7.654640 4.886144 -3.710000 -0.840000 0.490000
3.771089 -7.654640 4.886144 -3.710000 -0.840000 0.490000
3.771089 -7.654640 4.886144 -3.710000 -0.840000 0.490000
3.778267 -7.604390 4.840680 -1.330000 -0.140000 -0.210000
3.730411 -7.645068 4.890929 -1.750000 0.140000 -0.770000
3.730411 -7.645068 4.890929 -1.750000 0.140000 -0.770000
3.778267 -7.568498 4.783253 0.700000 0.420000 -1.260000
3.938586 -7.599605 4.819145 0.280000 0.490000 -0.630000
3.835695 -7.532606 4.850252 0.420000 1.050000 -0.350000
3.835695 -7.532606 4.850252 0.420000 1.050000 -0.350000
