0.227318 -9.757930 2.045863 -5.600000 3.430000 2.310000
0.229711 -9.903893 1.928615 -6.160000 3.220000 1.820000
0.224925 -9.743573 1.921437 -4.830000 3.220000 1.610000
0.339781 -9.815358 1.993221 -6.790000 2.380000 1.680000
0.366102 -9.865608 1.832902 -5.040000 3.500000 1.540000
0.387637 -9.743573 1.864009 -5.880000 3.290000 1.400000
0.387637 -9.743573 1.864009 -5.880000 3.290000 1.400000
0.351745 -9.686146 1.854438 -5.110000 5.670000 1.400000
0.351745 -9.686146 1.854438 -5.110000 5.670000 1.400000
0.299103 -9.710074 1.864009 -4.970000 5.530000 2.380000
0.315853 -9.678967 1.998007 -5.880000 5.180000 1.890000
0.337388 -9.750752 1.952543 -5.390000 5.880000 1.960000
0.368495 -9.678967 2.084148 -5.320000 6.020000 1.960000
0.368495 -9.678967 2.084148 -5.320000 6.020000 1.960000
0.284746 -9.652647 2.117648 -5.880000 6.440000 2.030000
0.167498 -9.580862 2.124826 -3.710000 5.950000 3.080000
0.339781 -9.745967 2.167897 -5.530000 4.480000 3.920000
0.311067 -9.827322 2.096112 -4.410000 3.570000 4.200000
0.236889 -9.997212 1.986043 -4.760000 4.060000 2.800000
0.334995 -9.927821 2.108077 -3.360000 3.990000 1.820000
0.334995 -9.927821 2.108077 -3.360000 3.990000 1.820000
0.358923 -9.951750 2.012364 -5.040000 3.430000 0.700000
0.409173 -9.923036 1.887937 -4.340000 4.200000 -0.490000
0.332602 -9.769895 2.096112 -6.090000 3.430000 -1.050000
0.394816 -9.719646 1.990828 -6.650000 2.800000 -1.470000
0.394816 -9.719646 1.990828 -6.650000 2.800000 -1.470000
0.390030 -9.750752 1.986043 -5.670000 3.430000 -1.190000
0.397209 -9.834501 1.969293 -4.410000 4.060000 -1.400000
0.507278 -9.662218 1.995614 -6.020000 2.940000 -1.050000
0.507278 -9.662218 1.995614 -6.020000 2.940000 -1.050000
0.375673 -9.530612 1.969293 -2.940000 3.290000 0.700000
0.435494 -9.568897 2.031506 -4.830000 3.360000 0.770000
0.435494 -9.568897 2.031506 -4.830000 3.360000 0.770000
0.526421 -9.786645 1.916651 -4.130000 2.800000 1.750000
0.579063 -9.961320 2.012364 -5.880000 3.500000 -0.350000
0.612563 -9.767502 1.940579 -4.550000 3.780000 -1.400000
0.504886 -9.635897 2.012364 -5.530000 4.060000 -0.560000
0.614955 -9.607183 2.007578 -5.040000 4.970000 -0.350000
0.624527 -9.487542 1.921437 -4.060000 5.600000 -0.280000
0.698704 -9.454042 2.179861 -4.200000 5.390000 1.540000
0.610170 -9.549755 2.108077 -6.370000 5.110000 1.890000
0.624527 -9.547362 2.143969 -4.410000 5.460000 2.310000
0.669990 -9.808180 2.050649 -5.390000 4.270000 2.800000
0.535992 -9.681360 2.112862 -4.270000 4.690000 2.450000
0.638884 -9.664611 2.124826 -4.550000 4.760000 2.380000
0.638884 -9.664611 2.124826 -4.550000 4.760000 2.380000
0.638884 -9.664611 2.124826 -4.550000 4.760000 2.380000
0.650848 -9.616754 2.074577 -3.920000 5.390000 2.030000
0.593420 -9.628718 2.096112 -3.500000 5.180000 2.450000
0.629312 -9.552148 2.088934 -5.600000 4.480000 3.080000
0.533599 -9.623933 2.112862 -4.480000 6.230000 2.450000
0.564706 -9.702895 2.177469 -7.980000 4.270000 3.150000
0.564706 -9.702895 2.177469 -7.980000 4.270000 3.150000
0.564706 -9.702895 2.177469 -7.980000 4.270000 3.150000
0.564706 -9.702895 2.177469 -7.980000 4.270000 3.150000
0.564706 -9.702895 2.177469 -7.980000 4.270000 3.150000
0.564706 -9.702895 2.177469 -7.980000 4.270000 3.150000
0.564706 -9.702895 2.177469 -7.980000 4.270000 3.150000
0.581456 -9.748360 2.194218 -7.700000 1.960000 4.200000
0.631705 -9.832108 2.069792 -6.370000 1.960000 3.920000
0.562313 -9.767502 2.076970 -5.180000 2.870000 4.550000
0.519243 -9.789038 2.065006 -5.530000 3.150000 3.430000
0.610170 -9.621540 2.110470 -3.710000 3.220000 3.710000
0.610170 -9.571291 2.021935 -5.810000 3.640000 3.850000
0.669990 -9.683753 1.990828 -6.300000 3.360000 4.410000
0.488136 -9.695717 2.057827 -6.160000 4.550000 3.990000
0.488136 -9.695717 2.057827 -6.160000 4.550000 3.990000
0.569492 -9.710074 2.143969 -4.760000 4.550000 4.410000
0.567099 -9.686146 2.143969 -5.740000 4.410000 4.410000
