-0.138784 -9.777073 2.050649 -4.900000 3.290000 2.520000
-0.138784 -9.631111 2.043471 -5.880000 3.360000 2.380000
-0.244068 -9.717253 1.978864 -5.670000 5.530000 2.240000
-0.244068 -9.717253 1.978864 -5.670000 5.530000 2.240000
-0.193819 -9.614362 2.134398 -7.070000 4.830000 2.310000
-0.193819 -9.614362 2.134398 -7.070000 4.830000 2.310000
-0.256032 -9.482756 2.199004 -10.640000 3.290000 1.960000
-0.076570 -9.791430 2.026721 -12.740000 1.470000 3.780000
-0.076570 -9.791430 2.026721 -12.740000 1.470000 3.780000
-0.076570 -9.791430 2.026721 -12.740000 1.470000 3.780000
-0.076570 -9.791430 2.026721 -12.740000 1.470000 3.780000
-0.076570 -9.791430 2.026721 -12.740000 1.470000 3.780000
-0.148355 -9.868000 2.053042 -6.370000 3.220000 2.170000
-0.148355 -9.810574 2.012364 -5.600000 3.640000 1.120000
-0.148355 -9.810574 2.012364 -5.600000 3.640000 1.120000
-0.200997 -9.781858 2.007578 -5.320000 4.550000 1.050000
-0.200997 -9.781858 2.007578 -5.320000 4.550000 1.050000
-0.141177 -9.619147 2.141576 -4.690000 4.340000 1.050000
-0.129212 -9.674182 2.060220 -5.600000 2.380000 2.100000
-0.069392 -9.702895 1.971686 -7.070000 3.010000 1.750000
-0.124427 -9.664611 2.033899 -3.850000 3.710000 1.890000
-0.174676 -9.678967 2.086541 -3.850000 3.570000 2.170000
0.019143 -9.762716 2.105684 -6.160000 3.080000 2.520000
0.019143 -9.762716 2.105684 -6.160000 3.080000 2.520000
0.028714 -9.827322 2.019542 -5.740000 3.220000 1.890000
-0.033500 -9.671788 1.964507 -4.900000 3.150000 2.240000
-0.088534 -9.784252 1.969293 -4.760000 4.340000 2.170000
-0.078963 -9.736395 2.014757 -6.230000 4.270000 2.240000
-0.112463 -9.628718 2.103291 -6.650000 4.410000 2.310000
-0.112463 -9.628718 2.103291 -6.650000 4.410000 2.310000
-0.112463 -9.628718 2.103291 -6.650000 4.410000 2.310000
-0.050249 -9.719646 2.091327 -3.640000 5.810000 2.800000
-0.105284 -9.619147 2.153540 -3.850000 5.460000 3.010000
-0.019143 -9.777073 2.160719 -6.580000 3.990000 3.220000
-0.019143 -9.777073 2.160719 -6.580000 3.990000 3.220000
-0.023928 -9.812965 2.136791 -5.250000 4.270000 2.940000
-0.090927 -9.707682 2.096112 -6.090000 3.570000 3.010000
-0.059821 -9.856036 2.093720 -4.760000 3.500000 2.940000
-0.112463 -9.669396 2.019542 -5.740000 3.990000 2.380000
-0.045464 -9.614362 2.175076 -5.880000 4.410000 2.800000
-0.007178 -9.645468 2.151148 -4.270000 5.040000 2.520000
-0.007178 -9.645468 2.151148 -4.270000 5.040000 2.520000
0.021535 -9.667004 2.117648 -7.350000 3.150000 2.940000
0.021535 -9.667004 2.117648 -7.350000 3.150000 2.940000
-0.081356 -9.734003 2.112862 -6.230000 3.080000 3.080000
-0.066999 -9.683753 2.038685 -6.580000 3.570000 2.940000
-0.066999 -9.683753 2.038685 -6.580000 3.570000 2.940000
0.021535 -9.712467 2.117648 -5.040000 4.900000 3.150000
0.021535 -9.712467 2.117648 -5.040000 4.900000 3.150000
-0.045464 -9.698111 2.163112 -5.740000 4.200000 3.640000
