0.981057 -9.944571 -0.452243 0.910000 0.910000 0.840000
1.093520 -9.829715 -0.521635 -0.420000 0.770000 0.630000
1.014557 -9.726824 -0.452243 -0.350000 1.050000 1.050000
1.012164 -9.879964 -0.492921 -1.820000 0.490000 1.190000
1.009771 -9.882358 -0.545564 -0.070000 -0.280000 1.260000
0.988236 -9.820145 -0.629312 -0.560000 0.840000 1.470000
0.937986 -9.946963 -0.468993 1.680000 0.840000 0.840000
0.937986 -9.946963 -0.468993 1.680000 0.840000 0.840000
0.983450 -9.958927 -0.524028 -2.030000 -0.140000 0.840000
0.997807 -10.064213 -0.610170 -0.070000 0.210000 0.280000
0.983450 -10.023535 -0.574277 1.540000 0.070000 0.280000
0.983450 -10.023535 -0.574277 1.540000 0.070000 0.280000
1.007378 -9.923036 -0.524028 -0.630000 0.700000 -0.140000
0.887737 -9.824929 -0.552742 0.140000 0.840000 0.070000
0.918844 -9.827322 -0.559920 1.400000 0.140000 -0.210000
0.976272 -9.906286 -0.528814 1.050000 0.840000 0.140000
0.966700 -9.899107 -0.562313 -1.120000 1.120000 0.070000
0.971486 -9.891929 -0.600598 1.120000 1.260000 -0.070000
1.002593 -9.891929 -0.476172 0.910000 0.630000 0.420000
0.997807 -9.875179 -0.445065 -1.820000 0.630000 0.840000
1.074377 -10.001998 -0.547956 0.140000 -0.910000 -0.280000
1.074377 -10.001998 -0.547956 0.140000 -0.910000 -0.280000
1.009771 -9.930215 -0.586242 0.280000 0.140000 -0.420000
1.009771 -9.930215 -0.586242 0.280000 0.140000 -0.420000
1.076770 -9.978070 -0.696311 -0.070000 -0.420000 0.630000
1.021735 -9.841680 -0.550349 -0.420000 0.490000 0.350000
0.985843 -9.865608 -0.543171 0.140000 0.560000 0.350000
0.954736 -9.772287 -0.574277 -0.420000 0.700000 0.770000
1.000200 -9.932607 -0.473779 -1.050000 0.700000 0.840000
1.000200 -9.932607 -0.473779 -1.050000 0.700000 0.840000
0.959522 -9.958927 -0.545564 0.910000 1.050000 0.700000
1.031307 -9.992428 -0.605384 -0.840000 0.840000 0.560000
0.954736 -9.884750 -0.500100 1.680000 0.840000 -0.490000
0.870987 -9.927821 -0.521635 0.070000 0.840000 -0.140000
0.899701 -9.901501 -0.440279 -0.420000 0.630000 -0.210000
0.990629 -9.968499 -0.569492 -0.770000 0.840000 -0.070000
0.914058 -9.820145 -0.547956 1.540000 1.120000 -0.490000
