0.026321 -9.566505 1.820938 -4.200000 4.760000 1.190000
0.002393 -9.671788 1.732404 -7.000000 3.220000 2.730000
0.014357 -9.576077 1.787439 -6.510000 5.670000 3.290000
0.014357 -9.576077 1.787439 -6.510000 5.670000 3.290000
0.033500 -9.729217 1.856830 -5.670000 3.850000 3.430000
0.033500 -9.729217 1.856830 -5.670000 3.850000 3.430000
0.050249 -9.896714 1.866402 -7.210000 3.990000 3.430000
-0.038285 -9.915856 1.907080 -4.550000 5.040000 2.240000
0.074178 -9.714860 1.878366 -5.040000 3.850000 3.010000
0.016750 -9.748360 1.792224 -4.900000 3.500000 2.520000
0.016750 -9.748360 1.792224 -4.900000 3.500000 2.520000
0.021535 -9.705289 1.789831 -5.600000 3.850000 2.800000
0.021535 -9.705289 1.789831 -5.600000 3.850000 2.800000
0.074178 -9.736395 1.715654 -5.810000 4.340000 2.520000
0.055035 -9.762716 1.789831 -4.690000 5.390000 2.170000
0.064606 -9.635897 1.820938 -3.640000 5.600000 2.590000
0.110070 -9.848858 1.923829 -5.880000 4.620000 3.290000
0.110070 -9.848858 1.923829 -5.880000 4.620000 3.290000
0.112463 -9.863215 1.897508 -5.670000 3.640000 2.170000
0.100499 -9.767502 1.938186 -6.160000 3.710000 2.170000
0.083749 -9.734003 1.720440 -5.670000 4.480000 1.680000
0.071785 -9.743573 1.765903 -4.410000 5.250000 1.540000
0.124427 -9.683753 1.837688 -5.110000 5.250000 1.960000
0.129212 -9.714860 1.940579 -5.320000 4.270000 2.520000
0.129212 -9.714860 1.940579 -5.320000 4.270000 2.520000
0.071785 -9.791430 1.871187 -5.250000 3.710000 2.660000
0.107677 -9.753145 1.777867 -5.530000 4.690000 2.940000
0.093320 -9.760324 1.710868 -4.200000 4.760000 2.870000
0.129212 -9.643075 1.756332 -6.650000 4.690000 3.010000
0.076570 -9.724431 1.813759 -6.230000 4.970000 2.870000
0.093320 -9.741181 1.787439 -7.280000 4.830000 3.010000
0.093320 -9.741181 1.787439 -7.280000 4.830000 3.010000
0.093320 -9.741181 1.787439 -7.280000 4.830000 3.010000
0.148355 -9.812965 1.933401 -6.720000 4.060000 3.430000
0.090927 -9.812965 2.007578 -5.880000 4.060000 3.570000
0.095713 -9.767502 1.806581 -5.530000 2.940000 3.360000
0.155533 -9.812965 1.868794 -6.020000 2.730000 2.730000
0.093320 -9.714860 1.840081 -5.740000 3.290000 2.380000
0.066999 -9.662218 1.684547 -4.970000 2.660000 3.780000
0.066999 -9.662218 1.684547 -4.970000 2.660000 3.780000
0.138784 -9.801002 1.622334 -7.770000 2.380000 3.640000
0.145962 -9.789038 1.612763 -6.790000 2.660000 3.710000
0.141177 -9.781858 1.651048 -6.650000 4.340000 3.710000
0.062213 -10.042676 1.883151 -6.440000 5.670000 2.030000
0.100499 -9.774680 1.942972 -5.600000 5.250000 1.610000
0.100499 -9.774680 1.942972 -5.600000 5.250000 1.610000
0.028714 -9.817751 1.758725 -6.020000 5.320000 1.680000
0.090927 -9.671788 1.806581 -4.480000 5.040000 1.610000
0.078963 -9.729217 1.892723 -5.530000 5.320000 1.890000
0.155533 -9.748360 1.842474 -5.950000 3.080000 1.890000
0.014357 -9.726824 1.777867 -4.760000 3.500000 1.820000
0.014357 -9.726824 1.777867 -4.760000 3.500000 1.820000
0.035892 -9.662218 1.794617 -5.600000 3.500000 2.590000
0.133998 -9.702895 1.785046 -6.790000 3.640000 2.380000
