1.012164 -9.552148 2.096112 0.280000 -0.770000 0.910000
1.117448 -9.690931 2.201397 0.840000 0.420000 -0.420000
1.036092 -9.597611 2.239682 0.840000 0.070000 -0.840000
1.036092 -9.597611 2.239682 0.840000 0.070000 -0.840000
1.081556 -9.643075 2.261217 0.140000 -0.140000 -0.560000
1.088734 -9.616754 2.201397 0.420000 -0.280000 -0.980000
1.117448 -9.561719 2.160719 0.770000 0.210000 0.070000
1.093520 -9.521042 2.172683 1.050000 0.770000 -0.140000
1.098306 -9.533006 2.230111 0.560000 0.490000 -0.210000
1.098306 -9.533006 2.230111 0.560000 0.490000 -0.210000
1.098306 -9.533006 2.230111 0.560000 0.490000 -0.210000
1.055235 -9.662218 2.208575 -0.070000 -0.350000 1.120000
1.083949 -9.726824 2.184647 -0.140000 -0.910000 -0.210000
1.086342 -9.647861 2.158326 0.420000 -0.840000 -0.840000
1.052842 -9.616754 2.143969 1.260000 -0.770000 -0.770000
1.069592 -9.623933 2.158326 0.490000 0.140000 -0.910000
1.069592 -9.623933 2.158326 0.490000 0.140000 -0.910000
1.098306 -9.473185 2.141576 1.330000 0.070000 -0.770000
1.160519 -9.623933 2.213361 0.630000 0.140000 0.840000
1.160519 -9.676575 2.191825 0.630000 0.140000 0.280000
1.122234 -9.628718 2.208575 0.070000 0.420000 -0.350000
1.122234 -9.628718 2.208575 0.070000 0.420000 -0.350000
1.076770 -9.647861 2.134398 0.070000 0.490000 -0.490000
1.076770 -9.647861 2.134398 0.070000 0.490000 -0.490000
1.040878 -9.592826 2.215754 -0.420000 0.840000 -0.700000
1.167697 -9.489935 2.256432 0.770000 -0.490000 0.210000
1.021735 -9.511470 2.225325 0.350000 -0.350000 -0.070000
1.004985 -9.456435 2.112862 -0.420000 -0.210000 0.070000
1.079163 -9.454042 2.160719 0.210000 0.070000 1.050000
1.016950 -9.516255 2.234896 1.890000 0.350000 2.310000
1.081556 -9.626326 2.270789 0.770000 -0.210000 2.030000
1.081556 -9.626326 2.270789 0.770000 -0.210000 2.030000
1.081556 -9.626326 2.270789 0.770000 -0.210000 2.030000
1.081556 -9.626326 2.270789 0.770000 -0.210000 2.030000
1.086342 -9.683753 2.155933 -0.140000 -0.910000 0.560000
1.057628 -9.734003 2.165504 0.350000 -0.420000 -0.630000
1.057628 -9.734003 2.165504 0.350000 -0.420000 -0.630000
1.098306 -9.690931 2.184647 0.490000 -0.700000 -0.280000
1.071985 -9.638289 2.184647 0.280000 -0.560000 -0.980000
