-0.315853 -9.657433 1.837688 -5.670000 3.080000 3.220000
-0.315853 -9.657433 1.837688 -5.670000 3.080000 3.220000
-0.311067 -9.722038 1.722832 -7.140000 2.870000 3.010000
-0.311067 -9.722038 1.722832 -7.140000 2.870000 3.010000
-0.507278 -9.628718 1.720440 -5.530000 4.900000 3.500000
-0.507278 -9.628718 1.720440 -5.530000 4.900000 3.500000
-0.507278 -9.628718 1.720440 -5.530000 4.900000 3.500000
-0.507278 -9.628718 1.720440 -5.530000 4.900000 3.500000
-0.435494 -9.707682 1.749153 -6.510000 6.160000 3.290000
-0.435494 -9.707682 1.749153 -6.510000 6.160000 3.290000
-0.476172 -9.714860 1.785046 -5.110000 7.140000 3.570000
-0.476172 -9.714860 1.785046 -5.110000 7.140000 3.570000
-0.492921 -9.705289 1.864009 -6.090000 4.620000 3.710000
-0.492921 -9.705289 1.864009 -6.090000 4.620000 3.710000
-0.421137 -9.812965 1.835295 -6.790000 4.480000 4.200000
-0.421137 -9.812965 1.835295 -6.790000 4.480000 4.200000
-0.516850 -9.934999 1.921437 -5.740000 5.110000 3.920000
-0.516850 -9.934999 1.921437 -5.740000 5.110000 3.920000
-0.516850 -9.934999 1.921437 -5.740000 5.110000 3.920000
-0.516850 -9.934999 1.921437 -5.740000 5.110000 3.920000
-0.454636 -10.052249 1.890330 -6.020000 4.130000 2.730000
-0.454636 -10.052249 1.890330 -6.020000 4.130000 2.730000
-0.454636 -10.052249 1.890330 -6.020000 4.130000 2.730000
-0.454636 -10.052249 1.890330 -6.020000 4.130000 2.730000
-0.437887 -9.801002 1.897508 -5.670000 2.940000 0.910000
-0.437887 -9.801002 1.897508 -5.670000 2.940000 0.910000
-0.382852 -9.839286 1.856830 -6.160000 2.730000 0.560000
-0.382852 -9.839286 1.856830 -6.160000 2.730000 0.560000
-0.382852 -9.635897 1.801795 -4.130000 3.360000 0.210000
-0.382852 -9.635897 1.801795 -4.130000 3.360000 0.210000
-0.394816 -9.571291 1.789831 -5.740000 3.080000 1.540000
-0.394816 -9.571291 1.789831 -5.740000 3.080000 1.540000
-0.363709 -9.643075 1.706082 -5.320000 3.360000 1.750000
-0.363709 -9.643075 1.706082 -5.320000 3.360000 1.750000
-0.356531 -9.544970 1.749153 -5.460000 4.060000 2.240000
-0.356531 -9.544970 1.749153 -5.460000 4.060000 2.240000
-0.356531 -9.544970 1.749153 -5.460000 4.060000 2.240000
-0.356531 -9.544970 1.749153 -5.460000 4.060000 2.240000
-0.323031 -9.671788 1.761117 -5.530000 4.690000 3.710000
-0.323031 -9.671788 1.761117 -5.530000 4.690000 3.710000
-0.421137 -9.633504 1.739582 -5.600000 4.970000 4.200000
-0.421137 -9.633504 1.739582 -5.600000 4.970000 4.200000
-0.378066 -9.805787 1.780260 -7.280000 4.760000 3.920000
-0.378066 -9.805787 1.780260 -7.280000 4.760000 3.920000
-0.378066 -9.887143 1.780260 -5.530000 4.620000 4.200000
-0.378066 -9.887143 1.780260 -5.530000 4.620000 4.200000
-0.378066 -9.887143 1.780260 -5.530000 4.620000 4.200000
-0.378066 -9.887143 1.780260 -5.530000 4.620000 4.200000
-0.423530 -9.925428 1.770689 -7.420000 4.060000 3.850000
-0.423530 -9.925428 1.770689 -7.420000 4.060000 3.850000
-0.385244 -9.875179 1.926222 -4.620000 4.690000 2.940000
-0.385244 -9.875179 1.926222 -4.620000 4.690000 2.940000
-0.428315 -9.846465 1.847259 -4.410000 4.620000 2.870000
-0.428315 -9.846465 1.847259 -4.410000 4.620000 2.870000
-0.428315 -9.846465 1.847259 -4.410000 4.620000 2.870000
-0.428315 -9.846465 1.847259 -4.410000 4.620000 2.870000
-0.430708 -9.803394 1.895115 -5.600000 3.500000 2.800000
-0.430708 -9.803394 1.895115 -5.600000 3.500000 2.800000
-0.413958 -9.707682 1.899901 -4.270000 2.870000 2.730000
-0.413958 -9.707682 1.899901 -4.270000 2.870000 2.730000
-0.344566 -9.757930 1.883151 -6.160000 2.310000 3.290000
-0.344566 -9.757930 1.883151 -6.160000 2.310000 3.290000
-0.397209 -9.757930 1.792224 -4.340000 3.010000 3.150000
-0.397209 -9.757930 1.792224 -4.340000 3.010000 3.150000
-0.397209 -9.757930 1.792224 -4.340000 3.010000 3.150000
-0.397209 -9.757930 1.792224 -4.340000 3.010000 3.150000
-0.399601 -9.690931 1.808974 -5.250000 3.500000 3.430000
-0.399601 -9.690931 1.808974 -5.250000 3.500000 3.430000
-0.399601 -9.690931 1.808974 -5.250000 3.500000 3.430000
-0.399601 -9.690931 1.808974 -5.250000 3.500000 3.430000
-0.346959 -9.736395 1.777867 -6.090000 3.220000 3.290000
-0.346959 -9.736395 1.777867 -6.090000 3.220000 3.290000
-0.468993 -9.762716 1.792224 -5.320000 4.410000 3.290000
-0.468993 -9.762716 1.792224 -5.320000 4.410000 3.290000
-0.416351 -9.781858 1.820938 -4.830000 5.180000 3.010000
-0.416351 -9.781858 1.820938 -4.830000 5.180000 3.010000
-0.358923 -9.755538 1.962115 -3.500000 4.620000 3.220000
-0.358923 -9.755538 1.962115 -3.500000 4.620000 3.220000
-0.346959 -9.781858 1.938186 -4.830000 3.920000 2.940000
-0.346959 -9.781858 1.938186 -4.830000 3.920000 2.940000
