0.019143 -9.815358 1.947758 -7.210000 1.960000 3.570000
0.019143 -9.815358 1.947758 -7.210000 1.960000 3.570000
0.093320 -9.829715 1.854438 -6.930000 3.500000 2.800000
0.083749 -9.702895 1.998007 -6.020000 4.900000 2.730000
0.083749 -9.702895 1.998007 -6.020000 4.900000 2.730000
0.083749 -9.702895 1.998007 -6.020000 4.900000 2.730000
0.122034 -9.753145 2.065006 -6.230000 5.530000 2.240000
0.122034 -9.753145 2.065006 -6.230000 5.530000 2.240000
0.124427 -9.774680 2.053042 -5.460000 5.250000 2.380000
0.155533 -9.760324 2.103291 -4.970000 4.760000 3.080000
0.059821 -9.786645 2.086541 -5.040000 4.760000 2.380000
0.019143 -9.729217 2.005185 -5.600000 4.340000 1.960000
0.119641 -9.650253 1.957329 -5.250000 4.690000 2.590000
0.066999 -9.626326 1.962115 -5.390000 5.390000 2.870000
0.040678 -9.643075 2.045863 -6.370000 6.090000 3.080000
0.043071 -9.750752 2.053042 -5.320000 5.880000 3.850000
0.043071 -9.750752 2.053042 -5.320000 5.880000 3.850000
0.043071 -9.750752 2.053042 -5.320000 5.880000 3.850000
0.043071 -9.750752 2.053042 -5.320000 5.880000 3.850000
0.043071 -9.750752 2.053042 -5.320000 5.880000 3.850000
0.141177 -9.791430 2.136791 -5.390000 5.530000 4.340000
0.038285 -9.686146 2.096112 -5.950000 4.130000 3.010000
0.059821 -9.688539 1.995614 -6.160000 3.780000 2.450000
0.076570 -9.789038 2.026721 -6.790000 3.850000 2.380000
0.105284 -9.667004 1.962115 -4.620000 3.780000 3.080000
0.055035 -9.729217 1.995614 -6.440000 4.060000 3.360000
0.055035 -9.729217 1.995614 -6.440000 4.060000 3.360000
0.057428 -9.717253 1.916651 -6.020000 4.480000 2.870000
0.071785 -9.812965 1.971686 -5.390000 5.320000 2.100000
0.074178 -9.777073 2.084148 -6.230000 5.040000 2.450000
0.090927 -9.760324 2.026721 -4.620000 4.410000 1.890000
0.078963 -9.722038 2.091327 -4.480000 3.920000 2.100000
0.028714 -9.705289 1.923829 -7.560000 3.780000 1.960000
0.071785 -9.669396 2.069792 -4.410000 6.020000 2.310000
0.074178 -9.667004 2.014757 -6.510000 4.340000 2.380000
0.066999 -9.604790 2.045863 -5.530000 5.390000 3.220000
0.016750 -9.568897 2.067399 -5.250000 4.970000 3.430000
0.016750 -9.568897 2.067399 -5.250000 4.970000 3.430000
0.016750 -9.568897 2.067399 -5.250000 4.970000 3.430000
0.035892 -9.719646 2.120041 -4.270000 5.810000 4.550000
0.033500 -9.882358 2.088934 -5.810000 3.920000 4.900000
0.033500 -9.882358 2.088934 -5.810000 3.920000 4.900000
0.043071 -9.954143 2.041078 -5.460000 3.360000 4.480000
0.052642 -9.908678 2.021935 -5.950000 3.570000 2.450000
0.133998 -9.932607 2.069792 -6.090000 3.640000 1.680000
-0.052642 -9.681360 2.062613 -5.040000 4.060000 0.560000
-0.026321 -9.621540 2.017149 -5.320000 2.940000 1.540000
0.078963 -9.544970 2.045863 -6.370000 2.590000 2.030000
0.107677 -9.535398 2.002793 -5.460000 3.220000 2.100000
