-0.172283 -10.068997 -0.076570 -0.210000 2.450000 -0.560000
-0.150748 -10.150353 0.248854 -0.490000 -0.210000 -0.350000
-0.145962 -10.030712 0.078963 -0.630000 -0.420000 -1.050000
-0.093320 -9.934999 0.019143 -0.840000 0.070000 -1.190000
-0.093320 -9.934999 0.019143 -0.840000 0.070000 -1.190000
-0.155533 -9.942179 0.076570 1.540000 1.050000 -0.280000
-0.155533 -9.942179 0.076570 1.540000 1.050000 -0.280000
-0.117248 -9.980463 0.023928 -1.120000 0.630000 -0.070000
-0.107677 -10.004392 0.098106 0.280000 0.280000 0.490000
-0.112463 -9.939785 0.095713 0.140000 0.700000 -0.210000
-0.112463 -9.939785 0.095713 0.140000 0.700000 -0.210000
-0.165105 -9.949356 0.090927 0.630000 -0.070000 0.560000
-0.014357 -9.891929 0.208176 -1.540000 -0.420000 0.280000
-0.110070 -9.994821 -0.023928 -1.260000 -1.050000 0.210000
-0.110070 -9.994821 -0.023928 -1.260000 -1.050000 0.210000
-0.093320 -9.970891 -0.035892 -0.070000 -0.140000 0.350000
-0.093320 -9.970891 -0.035892 -0.070000 -0.140000 0.350000
-0.095713 -9.918249 0.033500 -0.700000 -0.420000 0.770000
-0.169890 -9.985250 0.007178 -1.120000 -0.420000 0.980000
-0.093320 -10.016356 0.023928 0.840000 -0.420000 0.910000
-0.088534 -10.059426 0.033500 -0.280000 -0.700000 0.210000
-0.074178 -10.054641 -0.033500 -0.980000 0.560000 -0.280000
-0.055035 -9.949356 -0.019143 1.400000 0.560000 -0.280000
-0.090927 -9.834501 -0.038285 0.140000 1.750000 -0.280000
-0.105284 -9.772287 0.112463 0.490000 0.770000 0.420000
-0.148355 -9.923036 0.088534 0.840000 -0.420000 0.700000
-0.122034 -9.932607 0.040678 -0.420000 0.770000 0.560000
-0.160319 -10.143176 0.090927 0.070000 0.140000 0.210000
-0.141177 -9.975677 0.023928 0.490000 0.420000 0.210000
-0.141177 -9.975677 0.023928 0.490000 0.420000 0.210000
-0.145962 -10.035499 0.033500 0.210000 0.840000 0.490000
-0.083749 -10.068997 0.179462 0.140000 -0.210000 -0.070000
-0.110070 -9.882358 0.016750 -0.490000 -0.420000 0.070000
-0.141177 -10.011569 -0.021535 -0.140000 0.560000 0.350000
-0.014357 -10.052249 0.119641 -0.910000 0.280000 0.770000
-0.141177 -9.796216 0.124427 -2.030000 0.210000 0.140000
-0.141177 -9.796216 0.124427 -2.030000 0.210000 0.140000
-0.141177 -9.796216 0.124427 -2.030000 0.210000 0.140000
-0.153141 -10.011569 0.124427 -1.750000 -0.490000 0.280000
-0.148355 -9.961320 0.126820 -0.420000 0.560000 0.630000
-0.117248 -10.200603 0.007178 1.330000 -0.770000 0.070000
-0.131605 -9.875179 0.100499 0.140000 0.560000 -0.070000
-0.131605 -9.875179 0.100499 0.140000 0.560000 -0.070000
-0.110070 -9.844072 0.090927 -1.050000 -0.420000 0.280000
-0.133998 -10.001998 0.055035 0.350000 -1.330000 0.630000
-0.028714 -9.913465 0.011964 -0.070000 0.140000 0.070000
-0.215354 -9.990034 0.043071 -0.770000 0.560000 0.560000
-0.081356 -10.004392 0.071785 -1.330000 0.770000 0.490000
-0.081356 -10.004392 0.071785 -1.330000 0.770000 0.490000
-0.212961 -9.915856 0.050249 -0.420000 -0.350000 0.490000
-0.212961 -9.915856 0.050249 -0.420000 -0.350000 0.490000
-0.129212 -9.915856 0.200997 1.260000 -0.280000 1.120000
-0.160319 -10.047462 0.205783 -0.630000 -0.770000 0.980000
-0.193819 -10.131211 -0.002393 -0.140000 0.350000 -0.420000
-0.186640 -9.923036 0.119641 -1.260000 -0.630000 -0.070000
