0.662812 -10.009177 -0.066999 -0.910000 0.770000 -0.350000
0.662812 -10.009177 -0.066999 -0.910000 0.770000 -0.350000
0.847059 -9.992428 -0.251246 0.490000 0.140000 -0.560000
0.715454 -9.944571 -0.019143 0.420000 0.350000 -0.560000
0.811167 -9.731609 -0.248854 -1.050000 0.630000 0.070000
0.811167 -9.731609 -0.248854 -1.050000 0.630000 0.070000
0.725025 -9.865608 0.002393 -1.820000 0.140000 0.490000
0.772882 -9.918249 -0.078963 0.210000 0.770000 0.210000
0.739382 -9.966106 0.064606 1.470000 0.630000 0.350000
0.849452 -9.990034 -0.138784 -1.540000 -0.140000 0.350000
0.818345 -10.001998 -0.114855 -2.590000 -0.700000 -0.070000
0.770489 -9.978070 -0.133998 0.770000 -0.630000 -0.840000
0.808774 -9.913465 -0.267996 -0.490000 0.420000 -0.210000
0.844666 -9.896714 -0.277567 -0.560000 0.350000 -0.070000
0.844666 -9.896714 -0.277567 -0.560000 0.350000 -0.070000
0.799203 -9.846465 -0.162712 -0.490000 0.630000 -0.070000
0.799203 -9.846465 -0.162712 -0.490000 0.630000 -0.070000
0.820738 -9.743573 -0.229711 -0.770000 0.910000 0.980000
0.768096 -9.877571 -0.150748 0.210000 1.050000 1.050000
0.768096 -9.877571 -0.150748 0.210000 1.050000 1.050000
0.794417 -9.882358 -0.162712 0.210000 0.070000 0.770000
0.782453 -9.975677 -0.205783 -0.910000 0.140000 0.910000
0.808774 -9.958927 -0.220140 0.420000 0.700000 0.280000
0.782453 -9.911072 -0.138784 0.140000 0.280000 0.070000
0.801596 -9.934999 -0.289532 0.420000 0.280000 0.140000
0.811167 -9.911072 -0.220140 0.700000 0.420000 0.420000
0.811167 -9.911072 -0.220140 0.700000 0.420000 0.420000
0.811167 -9.911072 -0.220140 0.700000 0.420000 0.420000
0.736989 -9.856036 -0.055035 -0.070000 0.700000 0.840000
0.794417 -10.018748 -0.177069 -0.070000 -0.350000 0.210000
0.813560 -9.975677 -0.212961 -0.210000 0.490000 0.280000
0.813560 -9.975677 -0.212961 -0.210000 0.490000 0.280000
0.727418 -9.994821 -0.143569 1.540000 -0.070000 -0.280000
0.782453 -9.903893 -0.186640 1.190000 0.140000 -0.140000
0.830309 -9.891929 -0.143569 0.700000 0.420000 -0.140000
0.784846 -9.927821 -0.102891 -0.140000 -0.280000 -0.280000
0.784846 -9.927821 -0.102891 -0.140000 -0.280000 -0.280000
0.823131 -9.925428 -0.212961 -1.400000 -0.140000 0.420000
0.823131 -9.925428 -0.212961 -1.400000 -0.140000 0.420000
0.729811 -9.846465 -0.165105 0.420000 0.140000 -0.070000
0.729811 -9.846465 -0.165105 0.420000 0.140000 -0.070000
0.713061 -9.650253 -0.224925 1.400000 3.570000 0.840000
0.713061 -9.650253 -0.224925 1.400000 3.570000 0.840000
0.713061 -9.650253 -0.224925 1.400000 3.570000 0.840000
0.916451 -10.104890 -0.131605 -2.590000 -0.910000 1.820000
