-1.655833 -9.107083 3.393023 0.420000 -0.770000 0.840000
-1.655833 -9.107083 3.393023 0.420000 -0.770000 0.840000
-1.655833 -9.107083 3.393023 0.420000 -0.770000 0.840000
-1.655833 -9.107083 3.393023 0.420000 -0.770000 0.840000
-1.655833 -9.107083 3.393023 0.420000 -0.770000 0.840000
-1.655833 -9.107083 3.393023 0.420000 -0.770000 0.840000
-1.655833 -9.107083 3.393023 0.420000 -0.770000 0.840000
-1.655833 -9.107083 3.393023 0.420000 -0.770000 0.840000
-1.667797 -9.229117 3.227918 -0.700000 0.070000 0.140000
-1.686940 -9.166903 3.268596 0.210000 0.280000 -0.070000
-1.655833 -9.209974 3.242275 -0.280000 0.210000 -0.210000
-1.674976 -9.195618 3.180061 -0.280000 0.280000 0.280000
-1.636691 -9.257831 3.141776 0.420000 0.630000 -0.140000
-1.739582 -9.147761 3.223132 0.280000 0.700000 -0.420000
-1.612763 -9.145369 3.180061 0.420000 0.770000 -0.350000
-1.679761 -9.171689 3.208775 1.890000 1.400000 0.280000
-1.679761 -9.171689 3.208775 1.890000 1.400000 0.280000
-1.698904 -9.176475 3.084348 -0.210000 1.260000 0.420000
-1.773082 -9.131011 3.275774 1.960000 0.490000 0.770000
-1.691726 -9.193225 3.280560 -0.210000 0.910000 0.560000
-1.691726 -9.193225 3.280560 -0.210000 0.910000 0.560000
-1.758725 -9.257831 3.270989 -0.770000 0.840000 1.540000
-1.710868 -9.107083 3.311667 0.560000 -0.140000 0.700000
-1.691726 -9.044869 3.180061 -1.190000 1.260000 -0.070000
-1.751546 -9.142976 3.383451 1.470000 0.350000 1.820000
-1.751546 -9.142976 3.383451 1.470000 0.350000 1.820000
-1.727618 -9.308081 3.416951 0.980000 -1.330000 1.750000
-1.768296 -9.475577 3.084348 -2.170000 0.980000 -0.560000
-1.787439 -9.353544 3.261417 4.550000 0.980000 -0.630000
-1.787439 -9.233903 3.201597 -0.140000 1.610000 -0.700000
-1.679761 -9.166903 3.254239 0.350000 1.190000 -1.400000
-1.691726 -9.097511 3.316452 0.840000 0.840000 -1.120000
-1.584049 -9.018548 3.263810 -1.820000 1.960000 1.750000
-1.607977 -9.111869 3.383451 0.210000 1.120000 0.210000
-1.730011 -9.037691 3.443272 2.170000 1.470000 1.540000
-1.708475 -9.272188 3.337988 1.610000 0.700000 0.910000
-1.708475 -9.272188 3.337988 1.610000 0.700000 0.910000
-1.708475 -9.272188 3.337988 1.610000 0.700000 0.910000
-1.782653 -9.217153 3.426522 0.630000 0.840000 0.420000
-1.794617 -9.257831 3.254239 3.990000 1.960000 0.280000
-1.753939 -9.025726 3.629912 6.370000 0.490000 1.050000
-1.715654 -9.253045 3.476771 -1.330000 0.700000 0.840000
-1.715654 -9.253045 3.476771 -1.330000 0.700000 0.840000
-1.787439 -9.190832 3.404987 -0.980000 -0.420000 -1.400000
-1.753939 -9.011370 3.438486 -0.280000 -1.260000 1.050000
-1.713261 -9.193225 3.373880 1.050000 -0.140000 0.980000
-1.713261 -9.193225 3.373880 1.050000 -0.140000 0.980000
-1.820938 -9.257831 3.299703 -2.310000 0.210000 1.120000
-1.770689 -9.176475 3.462414 0.140000 -0.140000 0.140000
-1.770689 -9.176475 3.462414 0.140000 -0.140000 0.140000
-1.713261 -9.198010 3.397808 -2.170000 0.980000 0.420000
-1.808974 -9.066404 3.409772 -0.420000 0.840000 0.630000
-1.808974 -9.066404 3.409772 -0.420000 0.840000 0.630000
-1.835295 -9.121440 3.460021 -0.630000 0.210000 0.420000
-1.777867 -9.035298 3.426522 -0.840000 0.840000 0.630000
