1.074377 -9.710074 2.273181 0.980000 0.070000 -0.560000
1.074377 -9.710074 2.273181 0.980000 0.070000 -0.560000
1.107877 -9.516255 2.093720 0.280000 -0.910000 -0.490000
1.143769 -9.540184 2.050649 1.120000 -0.420000 0.140000
1.136591 -9.566505 2.086541 -0.420000 -0.490000 -0.420000
1.136591 -9.566505 2.086541 -0.420000 -0.490000 -0.420000
1.222732 -9.504292 2.105684 0.420000 -0.630000 0.280000
1.091127 -9.573684 2.175076 0.910000 -0.210000 -0.210000
1.091127 -9.573684 2.175076 0.910000 -0.210000 -0.210000
1.083949 -9.628718 2.194218 -0.420000 0.770000 0.210000
1.131805 -9.530612 2.292324 1.190000 0.490000 0.770000
1.131805 -9.530612 2.292324 1.190000 0.490000 0.770000
1.155733 -9.698111 2.230111 -1.330000 -0.630000 0.210000
1.076770 -9.604790 2.086541 -0.700000 -0.140000 -0.140000
1.076770 -9.604790 2.086541 -0.700000 -0.140000 -0.140000
1.076770 -9.604790 2.086541 -0.700000 -0.140000 -0.140000
1.076770 -9.604790 2.086541 -0.700000 -0.140000 -0.140000
1.060020 -9.554541 2.237289 -0.560000 0.350000 0.490000
1.148555 -9.614362 2.148755 -0.350000 0.140000 0.070000
1.055235 -9.590433 2.141576 0.630000 -0.980000 0.070000
1.055235 -9.590433 2.141576 0.630000 -0.980000 0.070000
1.050449 -9.671788 2.158326 -0.210000 -0.630000 -0.210000
1.074377 -9.600004 2.122434 1.050000 -0.420000 -0.420000
1.074377 -9.600004 2.122434 1.050000 -0.420000 -0.420000
1.076770 -9.564112 2.151148 0.210000 -0.280000 -0.140000
1.091127 -9.521042 2.182254 0.560000 -0.140000 -0.210000
1.088734 -9.509077 2.167897 0.140000 -0.140000 0.280000
1.052842 -9.588040 2.220540 0.560000 0.070000 1.400000
1.107877 -9.616754 2.210968 0.420000 -0.420000 1.190000
1.119841 -9.686146 2.189433 0.490000 -0.770000 0.840000
1.064806 -9.638289 2.220540 1.890000 0.070000 0.560000
1.086342 -9.614362 2.091327 0.210000 0.140000 0.210000
1.086342 -9.542577 2.160719 1.680000 -0.070000 0.140000
1.060020 -9.602397 2.177469 -0.280000 -0.210000 0.840000
1.002593 -9.688539 2.215754 0.420000 -0.420000 -0.350000
