2.459821 -9.597611 -0.686740 0.700000 0.280000 -0.490000
2.459821 -9.597611 -0.686740 0.700000 0.280000 -0.490000
2.459821 -9.597611 -0.686740 0.700000 0.280000 -0.490000
2.447858 -9.535398 -0.591027 -0.070000 0.070000 -0.140000
2.447858 -9.535398 -0.591027 -0.070000 0.070000 -0.140000
2.438286 -9.578469 -0.689133 -0.630000 -0.070000 -0.560000
2.562713 -9.595219 -0.772882 -0.210000 -0.280000 -0.280000
2.469393 -9.626326 -0.746561 1.050000 0.420000 0.140000
2.380858 -9.513863 -0.696311 0.280000 0.070000 -0.420000
2.419144 -9.600004 -0.734596 0.140000 0.560000 -0.840000
2.419144 -9.607183 -0.658026 1.120000 -0.070000 0.210000
2.419144 -9.607183 -0.658026 1.120000 -0.070000 0.210000
2.419144 -9.600004 -0.703490 -0.210000 -0.210000 -0.420000
2.481357 -9.600004 -0.686740 -0.980000 -0.210000 -0.910000
2.490928 -9.592826 -0.760918 0.910000 -0.140000 0.770000
2.431108 -9.652647 -0.732204 -0.350000 -0.280000 -0.210000
2.505285 -9.540184 -0.729811 0.350000 -0.350000 -0.140000
2.467000 -9.542577 -0.768096 0.420000 -0.070000 -0.070000
2.467000 -9.542577 -0.768096 0.420000 -0.070000 -0.070000
2.447858 -9.793823 -0.751346 0.280000 0.210000 0.070000
2.548356 -9.566505 -0.643669 0.560000 0.560000 -0.490000
2.548356 -9.566505 -0.643669 0.560000 0.560000 -0.490000
2.495714 -9.463614 -0.770489 -0.070000 0.140000 -0.210000
2.495714 -9.547362 -0.720240 -0.630000 0.700000 -0.070000
2.495714 -9.547362 -0.720240 -0.630000 0.700000 -0.070000
2.495714 -9.547362 -0.720240 -0.630000 0.700000 -0.070000
2.483750 -9.485149 -0.715454 0.140000 1.050000 0.070000
2.450250 -9.635897 -0.677169 0.140000 1.050000 0.630000
2.376073 -9.580862 -0.648455 -0.490000 0.420000 -0.280000
2.376073 -9.580862 -0.648455 -0.490000 0.420000 -0.280000
2.376073 -9.552148 -0.669990 0.630000 0.350000 0.420000
2.376073 -9.552148 -0.669990 0.630000 0.350000 0.420000
2.440679 -9.523434 -0.634098 0.420000 0.350000 1.050000
2.409572 -9.786645 -0.746561 1.190000 -0.280000 0.840000
2.392823 -9.578469 -0.734596 -1.050000 -0.070000 -1.190000
2.533999 -9.638289 -0.801596 2.030000 0.280000 0.630000
2.533999 -9.638289 -0.801596 2.030000 0.280000 0.630000
2.388037 -9.602397 -0.658026 -0.700000 0.700000 -0.070000
2.388037 -9.602397 -0.658026 -0.700000 0.700000 -0.070000
2.433501 -9.564112 -0.655633 0.560000 0.140000 -0.070000
2.426322 -9.616754 -0.636491 0.210000 0.140000 -0.070000
