2.108077 -9.745967 -0.043071 0.070000 -1.120000 -0.840000
2.060220 -9.645468 0.007178 0.280000 -0.980000 -1.190000
2.060220 -9.645468 0.007178 0.280000 -0.980000 -1.190000
2.060220 -9.645468 0.007178 0.280000 -0.980000 -1.190000
2.002793 -9.631111 -0.191426 1.330000 0.490000 0.770000
2.002793 -9.631111 -0.191426 1.330000 0.490000 0.770000
1.998007 -9.781858 -0.038285 1.050000 0.350000 1.050000
1.998007 -9.781858 -0.038285 1.050000 0.350000 1.050000
1.942972 -9.700503 0.004786 -0.070000 0.070000 0.210000
1.899901 -9.707682 -0.160319 0.350000 -0.280000 1.050000
1.966900 -9.834501 -0.124427 1.890000 -0.210000 0.980000
1.935793 -9.647861 -0.069392 0.350000 0.840000 0.350000
2.000400 -9.650253 -0.031107 -0.280000 -0.490000 -0.840000
2.000400 -9.650253 -0.031107 -0.280000 -0.490000 -0.840000
1.945365 -9.772287 -0.045464 -0.770000 -0.280000 -0.980000
1.954936 -9.690931 -0.007178 0.210000 0.420000 0.700000
1.954936 -9.690931 -0.007178 0.210000 0.420000 0.700000
1.945365 -9.779467 -0.098106 0.560000 0.350000 0.420000
1.986043 -9.678967 0.050249 1.540000 -0.420000 -0.420000
2.014757 -9.729217 -0.014357 -0.980000 0.070000 -0.420000
1.962115 -9.745967 -0.110070 0.630000 0.770000 -0.210000
1.981257 -9.865608 -0.035892 0.210000 0.210000 -0.140000
2.012364 -9.824929 -0.083749 0.070000 0.490000 -0.560000
2.012364 -9.824929 -0.083749 0.070000 0.490000 -0.560000
2.021935 -9.674182 0.040678 0.630000 0.420000 -0.770000
2.021935 -9.674182 0.040678 0.630000 0.420000 -0.770000
1.952543 -9.662218 -0.026321 0.280000 0.910000 -0.350000
1.952543 -9.662218 -0.026321 0.280000 0.910000 -0.350000
1.974079 -9.549755 0.078963 -0.770000 -0.140000 0.770000
1.974079 -9.549755 0.078963 -0.770000 -0.140000 0.770000
1.926222 -9.707682 -0.040678 0.210000 1.050000 0.280000
2.000400 -9.846465 -0.086142 -0.420000 0.280000 -0.350000
1.933401 -9.700503 0.026321 0.910000 -0.490000 0.140000
1.933401 -9.700503 0.026321 0.910000 -0.490000 0.140000
1.954936 -9.882358 -0.131605 -0.140000 0.490000 -0.070000
1.940579 -9.829715 -0.172283 1.680000 -0.140000 -0.140000
1.940579 -9.829715 -0.172283 1.680000 -0.140000 -0.140000
1.907080 -9.774680 -0.083749 1.260000 0.770000 -0.490000
1.907080 -9.805787 -0.076570 -0.490000 -0.070000 -1.540000
1.990828 -9.619147 -0.047856 0.560000 0.700000 -1.540000
1.990828 -9.619147 -0.047856 0.560000 0.700000 -1.540000
1.931008 -9.521042 0.002393 1.960000 -0.490000 0.070000
1.954936 -9.518648 -0.100499 -1.330000 0.280000 0.350000
1.954936 -9.518648 -0.100499 -1.330000 0.280000 0.350000
1.976472 -9.664611 -0.023928 -0.210000 -0.140000 0.840000
1.964507 -9.645468 0.021535 1.190000 -0.560000 0.910000
