0.263210 -9.798609 2.050649 -5.880000 3.500000 1.890000
0.265603 -9.690931 2.033899 -4.690000 3.080000 2.730000
0.277567 -9.724431 1.981257 -5.320000 3.010000 2.940000
0.306281 -9.695717 2.007578 -4.970000 3.150000 1.610000
0.246461 -9.628718 1.820938 -7.280000 3.990000 2.310000
0.217747 -9.643075 2.000400 -5.040000 4.970000 3.080000
0.332602 -9.482756 1.880759 -14.140000 4.340000 2.310000
0.179462 -9.772287 2.024328 -17.360001 3.780000 4.340000
0.210568 -9.942179 1.780260 -18.410000 3.430000 4.620000
0.210568 -9.942179 1.780260 -18.410000 3.430000 4.620000
0.210568 -9.875179 1.864009 -1.960000 5.810000 2.800000
0.296710 -9.801002 1.938186 -5.390000 4.760000 2.100000
0.296710 -9.801002 1.938186 -5.390000 4.760000 2.100000
0.294317 -9.719646 1.976472 -4.410000 5.320000 1.400000
0.208176 -9.681360 2.014757 -5.950000 3.290000 2.310000
0.174676 -9.870394 1.909473 -6.720000 2.380000 1.820000
0.275175 -9.846465 1.899901 -4.620000 3.850000 0.910000
0.311067 -9.710074 1.957329 -5.250000 3.500000 0.980000
0.337388 -9.707682 1.904687 -6.720000 3.500000 0.910000
0.337388 -9.707682 1.904687 -6.720000 3.500000 0.910000
0.390030 -9.748360 1.897508 -3.430000 3.920000 0.630000
0.390030 -9.748360 1.897508 -3.430000 3.920000 0.630000
0.358923 -9.652647 1.832902 -6.020000 2.870000 0.490000
0.387637 -9.564112 1.785046 -6.160000 3.010000 1.260000
0.330210 -9.681360 1.854438 -7.000000 4.550000 1.890000
0.368495 -9.659825 1.873580 -6.160000 4.270000 1.890000
0.327817 -9.561719 1.823331 -7.070000 4.200000 2.520000
0.356531 -9.741181 1.789831 -5.530000 5.040000 3.430000
0.437887 -9.729217 1.897508 -5.390000 5.670000 3.220000
0.270389 -9.597611 1.974079 -4.130000 6.020000 3.640000
0.311067 -9.662218 2.053042 -4.340000 4.550000 4.270000
0.258425 -9.848858 1.923829 -6.930000 3.710000 5.460000
0.354138 -9.975677 2.002793 -4.410000 4.410000 3.850000
0.354138 -9.975677 2.002793 -4.410000 4.410000 3.850000
0.272782 -9.822537 1.861616 -5.950000 3.290000 3.360000
0.282353 -9.817751 1.916651 -3.850000 4.620000 2.870000
0.382852 -9.769895 2.024328 -4.480000 4.620000 2.660000
0.361316 -9.724431 1.916651 -4.130000 2.800000 2.450000
0.361316 -9.724431 1.916651 -4.130000 2.800000 2.450000
0.337388 -9.741181 1.864009 -6.650000 2.940000 2.240000
0.337388 -9.623933 1.816152 -5.320000 3.570000 2.520000
0.284746 -9.623933 1.868794 -4.900000 4.340000 3.360000
0.315853 -9.645468 1.945365 -6.440000 3.570000 4.270000
0.356531 -9.753145 1.883151 -7.910000 3.010000 4.060000
0.334995 -9.705289 1.861616 -6.860000 4.550000 3.640000
0.301496 -9.784252 1.904687 -5.250000 4.620000 3.640000
0.282353 -9.712467 1.911865 -5.390000 5.250000 2.590000
0.282353 -9.712467 1.911865 -5.390000 5.250000 2.590000
0.349352 -9.604790 1.878366 -5.530000 5.320000 3.430000
0.397209 -9.805787 1.938186 -6.230000 5.040000 3.290000
0.256032 -9.748360 1.916651 -4.620000 5.530000 2.590000
0.256032 -9.748360 1.916651 -4.620000 5.530000 2.590000
0.227318 -9.693325 1.842474 -5.530000 5.110000 3.220000
0.303888 -9.643075 1.875973 -5.950000 5.040000 3.710000
0.232104 -9.690931 1.921437 -5.320000 5.810000 3.780000
0.232104 -9.690931 1.921437 -5.320000 5.810000 3.780000
0.354138 -9.635897 1.907080 -5.810000 4.900000 4.550000
0.239282 -9.690931 1.966900 -6.020000 4.270000 5.810000
