-1.296910 -9.200402 3.349952 -2.590000 -0.770000 -0.280000
-1.165305 -9.164511 3.280560 -1.120000 0.490000 0.350000
-1.196411 -9.164511 3.251846 -0.630000 0.350000 1.330000
-1.196411 -9.164511 3.251846 -0.630000 0.350000 1.330000
-1.249053 -9.152546 3.369094 -1.540000 0.070000 0.840000
-1.263410 -9.107083 3.290131 1.540000 0.350000 0.420000
-1.292124 -9.298509 3.199204 -0.910000 0.280000 1.890000
-1.292124 -9.298509 3.199204 -0.910000 0.280000 1.890000
-1.313660 -9.260223 3.376273 0.210000 -0.070000 1.960000
-1.301696 -9.159724 3.278167 -0.560000 1.050000 1.470000
-1.330409 -9.202796 3.323631 0.630000 1.890000 1.050000
-1.277767 -9.207582 3.357130 -0.840000 1.540000 1.470000
-1.366302 -9.334401 3.409772 -0.910000 1.400000 1.190000
-1.366302 -9.334401 3.409772 -0.910000 1.400000 1.190000
-1.311267 -9.212367 3.438486 -0.560000 0.140000 0.840000
-1.351945 -9.260223 3.426522 1.470000 0.140000 0.700000
-1.320838 -9.241080 3.352344 0.070000 -0.490000 0.280000
-1.304088 -9.152546 3.474378 -0.350000 -0.630000 -0.280000
-1.304088 -9.152546 3.474378 -0.350000 -0.630000 -0.280000
-1.304088 -9.152546 3.474378 -0.350000 -0.630000 -0.280000
-1.304088 -9.152546 3.474378 -0.350000 -0.630000 -0.280000
-1.304088 -9.152546 3.474378 -0.350000 -0.630000 -0.280000
-1.289732 -9.308081 3.232704 0.490000 0.560000 0.910000
-1.263410 -9.178867 3.378666 0.560000 0.630000 0.700000
-1.375873 -9.181261 3.294917 -1.750000 1.260000 0.630000
-1.375873 -9.181261 3.294917 -1.750000 1.260000 0.630000
-1.337588 -9.298509 3.376273 -1.120000 1.400000 0.700000
-1.292124 -9.241080 3.357130 0.210000 0.770000 0.420000
-1.349552 -9.164511 3.445665 -0.490000 0.560000 1.610000
-1.368695 -9.095119 3.498307 1.190000 -0.280000 -0.350000
-1.375873 -9.150154 3.299703 0.560000 1.120000 1.190000
-1.375873 -9.150154 3.299703 0.560000 1.120000 1.190000
-1.375873 -9.150154 3.299703 0.560000 1.120000 1.190000
-1.337588 -9.367901 3.412165 0.210000 -0.070000 0.140000
-1.385444 -9.253045 3.354738 0.560000 0.140000 0.560000
-1.476372 -9.159724 3.333202 0.560000 0.420000 0.350000
-1.330409 -9.253045 3.294917 -1.330000 0.630000 0.210000
-1.308874 -9.224331 3.340380 0.770000 -0.140000 0.350000
-1.409373 -9.138189 3.393023 0.210000 0.350000 0.140000
-1.462015 -9.202796 3.416951 -1.680000 -0.280000 -0.280000
-1.332802 -9.049655 3.550949 0.560000 -0.420000 -0.070000
-1.265803 -9.250652 3.390630 -2.450000 -0.070000 0.630000
