0.703490 1.741975 9.188439 1.190000 0.700000 -0.840000
0.703490 1.741975 9.188439 1.190000 0.700000 -0.840000
0.703490 1.741975 9.188439 1.190000 0.700000 -0.840000
0.703490 1.741975 9.188439 1.190000 0.700000 -0.840000
0.703490 1.741975 9.188439 1.190000 0.700000 -0.840000
0.703490 1.741975 9.188439 1.190000 0.700000 -0.840000
0.703490 1.741975 9.188439 1.190000 0.700000 -0.840000
0.703490 1.741975 9.188439 1.190000 0.700000 -0.840000
0.703490 1.741975 9.188439 1.190000 0.700000 -0.840000
0.703490 1.741975 9.188439 1.190000 0.700000 -0.840000
0.703490 1.741975 9.188439 1.190000 0.700000 -0.840000
0.703490 1.741975 9.188439 1.190000 0.700000 -0.840000
0.703490 1.741975 9.188439 1.190000 0.700000 -0.840000
0.703490 1.741975 9.188439 1.190000 0.700000 -0.840000
0.703490 1.741975 9.188439 1.190000 0.700000 -0.840000
0.703490 1.741975 9.188439 1.190000 0.700000 -0.840000
0.703490 1.741975 9.188439 1.190000 0.700000 -0.840000
0.703490 1.741975 9.188439 1.190000 0.700000 -0.840000
0.681954 1.734797 9.250652 -0.420000 0.070000 -0.070000
0.701097 1.756332 9.236296 0.070000 0.560000 -0.770000
0.610170 1.756332 9.322437 0.420000 0.840000 -0.560000
0.681954 1.813759 9.293723 0.700000 1.120000 -0.070000
0.720240 1.811367 9.363115 -0.980000 0.700000 0.350000
0.720240 1.811367 9.363115 -0.980000 0.700000 0.350000
0.643669 1.710868 9.190832 -0.700000 0.560000 0.490000
0.679562 1.765903 9.293723 -0.210000 0.700000 0.070000
0.622134 1.799403 9.415757 1.400000 1.400000 0.420000
0.622134 1.799403 9.415757 1.400000 1.400000 0.420000
0.703490 1.895115 9.437292 1.050000 0.840000 0.210000
0.739382 1.756332 9.334401 -0.280000 0.490000 0.490000
0.569492 1.682154 9.154939 -0.770000 -0.560000 -0.350000
0.569492 1.682154 9.154939 -0.770000 -0.560000 -0.350000
0.806381 1.677369 9.111869 1.960000 3.780000 -0.140000
0.672383 1.835295 9.544970 -0.560000 3.010000 1.610000
0.672383 1.835295 9.544970 -0.560000 3.010000 1.610000
0.655633 1.648655 9.415757 -1.820000 1.750000 0.140000
0.655633 1.648655 9.415757 -1.820000 1.750000 0.140000
0.655633 1.648655 9.415757 -1.820000 1.750000 0.140000
0.686740 1.847259 9.437292 0.560000 0.700000 -0.770000
0.689133 1.811367 9.475577 -0.070000 -0.070000 0.700000
0.689133 1.811367 9.475577 -0.070000 -0.070000 0.700000
0.662812 1.816152 9.458827 -0.630000 -0.630000 0.350000
0.605384 1.756332 9.320045 0.420000 -0.770000 -0.140000
0.605384 1.756332 9.320045 0.420000 -0.770000 -0.140000
0.691526 1.813759 9.202796 0.630000 -0.210000 -0.350000
0.650848 1.710868 9.233903 0.210000 -0.070000 0.070000
0.547956 1.777867 9.195618 -0.910000 -0.140000 -0.350000
0.583849 1.708475 9.217153 -1.470000 -0.070000 -0.630000
0.583849 1.708475 9.217153 -1.470000 -0.070000 -0.630000
0.617348 1.703690 9.296116 1.400000 1.050000 -1.680000
0.717847 1.847259 9.518648 0.070000 0.420000 0.210000
0.624527 1.753939 9.427721 -2.590000 -1.190000 0.070000
0.624527 1.753939 9.427721 -2.590000 -1.190000 0.070000
0.626920 1.837688 9.329616 0.700000 -0.700000 0.070000
0.626920 1.837688 9.329616 0.700000 -0.700000 0.070000
0.686740 1.749153 9.269794 -0.420000 -0.560000 0.070000
0.686740 1.749153 9.269794 -0.420000 -0.560000 0.070000
0.679562 1.765903 9.176475 -0.980000 -0.490000 0.490000
0.689133 1.646262 9.157332 0.700000 0.070000 0.210000
0.741775 1.710868 9.288938 0.980000 0.560000 0.280000
0.679562 1.794617 9.308081 1.610000 0.980000 0.560000
0.713061 1.722832 9.296116 -1.680000 -0.140000 0.210000
0.710668 1.710868 9.341579 0.140000 0.140000 -0.070000
0.710668 1.710868 9.341579 0.140000 0.140000 -0.070000
0.602991 1.856830 9.322437 -0.630000 -0.980000 0.070000
0.736989 1.725225 9.269794 0.770000 0.140000 -0.140000
0.713061 1.648655 9.142976 0.070000 0.070000 -0.560000
0.713061 1.648655 9.142976 0.070000 0.070000 -0.560000
0.713061 1.844866 9.260223 -0.350000 0.770000 -0.770000
0.713061 1.844866 9.260223 -0.350000 0.770000 -0.770000
