1.150948 -10.006784 -0.110070 0.630000 0.420000 -0.070000
1.222732 -9.942179 -0.229711 -2.030000 0.350000 -0.210000
1.177269 -9.784252 -0.275175 2.520000 -0.630000 -0.700000
1.177269 -9.784252 -0.275175 2.520000 -0.630000 -0.700000
1.275374 -9.779467 -0.275175 -2.170000 0.630000 -0.070000
1.311267 -9.832108 -0.301496 -1.330000 0.140000 0.280000
1.229911 -9.918249 -0.260818 1.680000 0.140000 -0.070000
1.275374 -9.868000 -0.267996 -0.490000 0.840000 0.840000
1.213161 -9.827322 -0.260818 -1.260000 0.140000 0.770000
1.213161 -9.827322 -0.260818 -1.260000 0.140000 0.770000
1.325624 -9.951750 -0.344566 -0.770000 0.840000 0.350000
1.177269 -9.863215 -0.117248 1.330000 0.770000 0.840000
1.177269 -9.863215 -0.117248 1.330000 0.770000 0.840000
1.177269 -9.863215 -0.117248 1.330000 0.770000 0.840000
1.177269 -9.863215 -0.117248 1.330000 0.770000 0.840000
1.268196 -9.973285 -0.248854 -1.680000 0.560000 0.140000
1.268196 -9.973285 -0.248854 -1.680000 0.560000 0.140000
1.268196 -9.973285 -0.248854 -1.680000 0.560000 0.140000
1.249053 -9.810574 -0.265603 -2.030000 -0.070000 0.350000
1.182054 -9.729217 -0.145962 0.070000 -0.070000 0.350000
1.282553 -9.774680 -0.299103 1.960000 -0.490000 0.700000
1.287339 -9.939785 -0.318245 -3.570000 -0.070000 1.120000
1.287339 -9.939785 -0.318245 -3.570000 -0.070000 1.120000
1.208375 -9.772287 -0.236889 -2.100000 -0.210000 0.420000
1.203590 -9.860823 -0.361316 -0.070000 0.350000 0.280000
1.186840 -9.930215 -0.291924 -1.540000 0.420000 0.280000
1.237089 -9.932607 -0.263210 -0.770000 0.070000 -0.210000
1.225125 -9.872787 -0.246461 3.010000 0.280000 -0.630000
1.225125 -9.872787 -0.246461 3.010000 0.280000 -0.630000
1.282553 -9.927821 -0.205783 0.980000 0.560000 -0.210000
1.220340 -9.848858 -0.196211 -0.910000 0.560000 -0.350000
1.220340 -9.848858 -0.196211 -0.910000 0.560000 -0.350000
1.158126 -9.793823 -0.375673 -0.420000 0.910000 0.210000
1.232304 -9.767502 -0.239282 1.050000 0.700000 0.280000
1.232304 -9.767502 -0.239282 1.050000 0.700000 0.280000
1.215554 -9.820145 -0.356531 -0.980000 0.910000 0.350000
1.325624 -9.918249 -0.234497 -3.290000 0.770000 0.770000
1.150948 -9.774680 -0.387637 -1.540000 0.420000 0.420000
1.115055 -9.774680 -0.311067 0.140000 1.050000 0.560000
1.189233 -9.896714 -0.248854 1.050000 -0.140000 1.470000
1.189233 -9.896714 -0.248854 1.050000 -0.140000 1.470000
1.249053 -9.978070 -0.215354 -0.210000 -0.350000 1.190000
1.160519 -9.918249 -0.313460 1.960000 0.140000 0.070000
