1.165305 -9.753145 -0.497707 1.610000 0.700000 -0.490000
1.201197 -9.827322 -0.449851 0.910000 -0.070000 -0.210000
1.222732 -9.774680 -0.464208 -0.700000 0.420000 0.420000
1.222732 -9.774680 -0.464208 -0.700000 0.420000 0.420000
1.234696 -9.891929 -0.490529 0.980000 0.490000 0.210000
1.234696 -9.891929 -0.490529 0.980000 0.490000 0.210000
1.198804 -9.877571 -0.452243 -1.680000 0.840000 1.260000
1.141376 -9.939785 -0.533599 -0.490000 0.140000 0.630000
1.186840 -9.832108 -0.495314 2.660000 0.770000 0.560000
1.186840 -9.832108 -0.495314 2.660000 0.770000 0.560000
1.098306 -9.894321 -0.368495 0.350000 -0.070000 0.980000
1.229911 -9.887143 -0.524028 -1.120000 -0.630000 0.840000
1.160519 -9.942179 -0.600598 -1.680000 0.280000 0.490000
1.160519 -9.942179 -0.600598 -1.680000 0.280000 0.490000
1.098306 -9.918249 -0.464208 0.070000 0.700000 0.490000
1.098306 -9.918249 -0.464208 0.070000 0.700000 0.490000
1.115055 -9.982857 -0.581456 -0.140000 1.120000 0.490000
1.115055 -9.982857 -0.581456 -0.140000 1.120000 0.490000
1.086342 -10.030712 -0.480957 -0.560000 1.330000 0.630000
1.129412 -9.915856 -0.449851 -0.490000 0.210000 0.490000
1.129412 -9.915856 -0.449851 -0.490000 0.210000 0.490000
1.093520 -10.001998 -0.390030 0.350000 0.700000 -0.490000
1.105484 -9.827322 -0.370888 1.680000 0.560000 -0.770000
1.105484 -9.827322 -0.370888 1.680000 0.560000 -0.770000
1.208375 -9.817751 -0.425922 0.490000 0.910000 -0.490000
1.189233 -9.939785 -0.480957 -1.120000 0.630000 -0.560000
1.146162 -9.798609 -0.591027 0.420000 0.350000 -0.770000
1.170090 -9.753145 -0.512064 1.750000 0.350000 -0.140000
1.170090 -9.753145 -0.512064 1.750000 0.350000 -0.140000
1.225125 -9.817751 -0.385244 1.680000 0.560000 0.280000
1.112662 -9.832108 -0.430708 -1.190000 -0.420000 0.420000
1.158126 -9.923036 -0.466600 -1.610000 -0.420000 0.280000
1.083949 -9.760324 -0.579063 1.890000 0.140000 0.070000
1.186840 -9.870394 -0.447458 -1.890000 -0.070000 0.700000
1.186840 -9.870394 -0.447458 -1.890000 -0.070000 0.700000
1.119841 -9.906286 -0.461815 -2.240000 -0.070000 0.770000
1.208375 -9.951750 -0.535992 0.770000 -0.350000 0.280000
1.198804 -9.856036 -0.452243 1.260000 0.350000 -0.070000
