-0.090927 -9.820145 2.215754 -6.440000 2.800000 1.750000
-0.119641 -9.796216 2.129612 -5.320000 2.940000 1.610000
-0.119641 -9.796216 2.129612 -5.320000 2.940000 1.610000
-0.129212 -9.597611 2.055435 -5.600000 3.150000 2.240000
-0.129212 -9.597611 2.055435 -5.600000 3.150000 2.240000
-0.157926 -9.655040 2.110470 -6.160000 4.410000 1.610000
-0.119641 -9.626326 2.117648 -5.880000 4.200000 2.590000
-0.133998 -9.650253 2.021935 -7.070000 4.480000 3.430000
-0.105284 -9.750752 2.084148 -5.530000 5.530000 3.640000
-0.117248 -9.702895 2.165504 -5.110000 5.810000 3.220000
-0.117248 -9.702895 2.165504 -5.110000 5.810000 3.220000
-0.066999 -9.779467 2.182254 -5.740000 5.320000 3.010000
-0.136391 -9.798609 2.196611 -6.440000 5.110000 2.940000
-0.076570 -9.588040 2.203789 -5.530000 4.620000 2.940000
-0.105284 -9.726824 2.244468 -5.880000 4.480000 2.870000
-0.105284 -9.726824 2.244468 -5.880000 4.480000 2.870000
-0.040678 -9.681360 2.170290 -5.810000 3.640000 3.150000
-0.040678 -9.681360 2.170290 -5.810000 3.640000 3.150000
-0.148355 -9.652647 2.065006 -6.090000 4.200000 2.030000
-0.148355 -9.652647 2.065006 -6.090000 4.200000 2.030000
-0.114855 -9.767502 2.060220 -4.550000 5.110000 1.820000
-0.105284 -9.607183 2.163112 -4.900000 5.180000 2.030000
-0.055035 -9.619147 2.163112 -5.390000 4.830000 2.450000
-0.110070 -9.556933 2.179861 -4.690000 3.430000 4.340000
-0.100499 -9.827322 2.098505 -7.280000 4.200000 3.360000
-0.100499 -9.827322 2.098505 -7.280000 4.200000 3.360000
-0.169890 -9.769895 2.076970 -4.970000 5.040000 3.080000
-0.153141 -9.578469 2.306681 -5.180000 3.780000 3.080000
-0.155533 -9.559326 2.100898 -6.790000 3.780000 3.220000
-0.155533 -9.559326 2.100898 -6.790000 3.780000 3.220000
-0.150748 -9.554541 2.105684 -4.900000 3.570000 4.550000
-0.150748 -9.554541 2.105684 -4.900000 3.570000 4.550000
-0.143569 -9.705289 2.146362 -5.250000 4.480000 3.430000
-0.143569 -9.705289 2.146362 -5.250000 4.480000 3.430000
-0.098106 -9.812965 2.184647 -5.810000 4.410000 3.360000
-0.098106 -9.812965 2.184647 -5.810000 4.410000 3.360000
-0.172283 -9.698111 2.191825 -5.110000 3.710000 3.010000
-0.165105 -9.722038 2.158326 -6.930000 2.940000 3.290000
-0.112463 -9.710074 2.132005 -5.740000 3.920000 2.800000
-0.112463 -9.710074 2.132005 -5.740000 3.920000 2.800000
-0.102891 -9.678967 2.108077 -4.550000 4.620000 2.870000
-0.133998 -9.688539 2.194218 -5.390000 4.480000 3.010000
-0.181855 -9.789038 2.189433 -6.860000 4.480000 2.030000
-0.181855 -9.789038 2.189433 -6.860000 4.480000 2.030000
-0.193819 -9.841680 2.179861 -6.440000 4.340000 1.750000
-0.102891 -9.717253 2.266003 -6.440000 4.060000 0.560000
