0.602991 1.718047 9.260223 0.490000 0.630000 -0.420000
0.617348 1.842474 9.272188 -1.260000 0.700000 -0.070000
0.612563 1.837688 9.310472 0.070000 1.120000 1.540000
0.658026 1.785046 9.353544 1.330000 0.980000 0.420000
0.658026 1.785046 9.353544 1.330000 0.980000 0.420000
0.638884 1.684547 9.241080 -0.350000 0.840000 0.980000
0.583849 1.708475 9.322437 1.750000 1.610000 0.420000
0.689133 1.763510 9.379865 -0.490000 0.350000 0.070000
0.636491 1.679761 9.372685 -0.980000 0.490000 0.770000
0.679562 1.751546 9.291330 -0.280000 -0.140000 -0.280000
0.686740 1.799403 9.360723 0.070000 0.420000 0.490000
0.638884 1.679761 9.308081 0.280000 0.490000 0.420000
0.638884 1.679761 9.308081 0.280000 0.490000 0.420000
0.636491 1.694118 9.406186 -0.560000 -0.140000 -0.420000
0.588634 1.842474 9.293723 -0.770000 0.070000 0.280000
0.588634 1.842474 9.293723 -0.770000 0.070000 0.280000
0.715454 1.674976 9.219545 1.540000 0.910000 0.280000
0.502493 1.768296 9.186047 0.210000 0.910000 0.910000
0.689133 1.718047 9.233903 -1.750000 0.210000 -0.420000
0.741775 1.816152 9.339187 0.840000 0.910000 -0.700000
0.741775 1.816152 9.339187 0.840000 0.910000 -0.700000
0.588634 1.816152 9.327222 -1.330000 0.770000 1.050000
0.686740 1.643869 9.221939 -1.470000 0.420000 0.140000
0.674776 1.694118 9.332008 1.680000 0.910000 0.210000
0.674776 1.694118 9.332008 1.680000 0.910000 0.210000
0.643669 1.794617 9.358330 0.280000 0.700000 0.770000
0.610170 1.804188 9.370294 -0.420000 1.190000 0.350000
0.622134 1.737189 9.253045 -0.140000 0.630000 0.280000
0.622134 1.737189 9.253045 -0.140000 0.630000 0.280000
0.622134 1.737189 9.253045 -0.140000 0.630000 0.280000
0.622134 1.737189 9.253045 -0.140000 0.630000 0.280000
0.734596 1.782653 9.377472 0.630000 0.560000 -0.350000
0.595813 1.864009 9.348758 -0.980000 0.070000 0.560000
0.595813 1.864009 9.348758 -0.980000 0.070000 0.560000
0.672383 1.852045 9.305687 2.170000 0.560000 0.070000
0.672383 1.852045 9.305687 2.170000 0.560000 0.070000
0.574277 1.665405 9.233903 0.910000 0.980000 0.770000
0.574277 1.665405 9.233903 0.910000 0.980000 0.770000
0.543171 1.691726 9.265009 -1.120000 -0.070000 -0.490000
0.543171 1.691726 9.265009 -1.120000 -0.070000 -0.490000
0.741775 1.804188 9.274581 -0.070000 0.350000 -1.540000
0.698704 1.864009 9.305687 -0.350000 1.190000 -0.700000
0.698704 1.864009 9.305687 -0.350000 1.190000 -0.700000
0.698704 1.864009 9.305687 -0.350000 1.190000 -0.700000
0.689133 1.811367 9.394222 1.190000 1.330000 -0.070000
0.689133 1.811367 9.394222 1.190000 1.330000 -0.070000
0.564706 1.746760 9.236296 -0.560000 0.350000 -1.330000
0.595813 1.782653 9.159724 -0.140000 1.120000 -0.350000
0.595813 1.782653 9.159724 -0.140000 1.120000 -0.350000
0.595813 1.782653 9.159724 -0.140000 1.120000 -0.350000
0.600598 1.873580 9.377472 0.420000 1.400000 -0.210000
0.595813 1.832902 9.358330 -0.070000 0.350000 -0.560000
0.643669 1.811367 9.353544 0.350000 0.700000 0.140000
0.576670 1.799403 9.332008 -0.280000 0.490000 0.560000
0.665205 1.732404 9.293723 -0.700000 0.700000 -0.280000
0.665205 1.732404 9.293723 -0.700000 0.700000 -0.280000
0.543171 1.792224 9.265009 -0.350000 0.420000 -0.140000
0.543171 1.792224 9.265009 -0.350000 0.420000 -0.140000
0.557528 1.730011 9.217153 -1.050000 1.050000 -0.070000
0.557528 1.730011 9.217153 -1.050000 1.050000 -0.070000
0.557528 1.730011 9.217153 -1.050000 1.050000 -0.070000
0.557528 1.730011 9.217153 -1.050000 1.050000 -0.070000
0.595813 1.744368 9.396614 -2.100000 0.840000 0.980000
0.595813 1.744368 9.396614 -2.100000 0.840000 0.980000
0.595813 1.744368 9.396614 -2.100000 0.840000 0.980000
0.665205 1.811367 9.322437 0.420000 0.490000 0.140000
0.665205 1.811367 9.322437 0.420000 0.490000 0.140000
