2.158326 -9.645468 -1.177269 2.520000 0.070000 -1.820000
2.340181 -9.717253 -1.107877 -0.210000 1.680000 -1.960000
2.277967 -9.492328 -1.062413 0.700000 1.960000 -0.560000
2.277967 -9.492328 -1.062413 0.700000 1.960000 -0.560000
2.287539 -9.614362 -1.060020 1.680000 1.540000 0.280000
2.208575 -9.468399 -1.038485 1.400000 0.980000 0.280000
2.333002 -9.611969 -1.103091 -0.700000 1.050000 0.770000
2.285146 -9.580862 -1.083949 0.140000 0.420000 0.980000
2.347359 -9.664611 -1.000200 -0.420000 0.210000 0.070000
2.172683 -9.552148 -1.048056 -1.050000 -0.630000 -0.560000
2.318645 -9.724431 -1.196411 -1.610000 -0.350000 -0.560000
2.318645 -9.724431 -1.196411 -1.610000 -0.350000 -0.560000
2.258825 -9.552148 -1.213161 -2.590000 1.820000 -1.260000
2.258825 -9.552148 -1.213161 -2.590000 1.820000 -1.260000
2.285146 -9.621540 -1.282553 -2.380000 2.240000 -1.120000
2.282753 -9.633504 -1.103091 0.490000 1.960000 0.840000
2.289931 -9.726824 -1.136591 1.400000 1.190000 1.120000
2.311467 -9.439686 -0.926022 -1.890000 -0.280000 -2.240000
2.347359 -9.755538 -1.313660 -2.660000 1.260000 -1.750000
2.347359 -9.755538 -1.313660 -2.660000 1.260000 -1.750000
2.340181 -9.494720 -1.186840 -0.840000 2.380000 0.070000
2.340181 -9.494720 -1.186840 -0.840000 2.380000 0.070000
2.335395 -9.540184 -1.074377 1.400000 1.050000 0.210000
2.328217 -9.446864 -1.050449 -1.330000 0.140000 0.070000
2.282753 -9.590433 -1.045663 -3.570000 0.140000 -0.420000
2.301895 -9.638289 -1.217947 -0.840000 -0.840000 -0.910000
2.309074 -9.406186 -1.172483 -1.750000 -1.330000 -0.350000
2.294717 -9.585647 -1.198804 -1.120000 -0.280000 0.420000
2.313859 -9.595219 -1.134198 0.140000 -1.540000 0.350000
2.244468 -9.628718 -1.138984 -0.560000 -1.330000 0.420000
2.371287 -9.552148 -1.107877 -0.560000 -2.450000 -0.210000
2.371287 -9.552148 -1.107877 -0.560000 -2.450000 -0.210000
2.309074 -9.717253 -1.184447 1.190000 -2.520000 -0.070000
2.309074 -9.717253 -1.184447 1.190000 -2.520000 -0.070000
2.309074 -9.717253 -1.184447 1.190000 -2.520000 -0.070000
2.376073 -9.614362 -1.182054 1.470000 -0.980000 -0.420000
2.366502 -9.607183 -1.201197 2.590000 -1.750000 -0.210000
2.366502 -9.607183 -1.201197 2.590000 -1.750000 -0.210000
2.311467 -9.647861 -1.131805 1.330000 -1.330000 -0.210000
