2.533999 -9.633504 -0.782453 -0.280000 -1.680000 1.190000
2.483750 -9.611969 -0.782453 -1.470000 -2.030000 0.980000
2.483750 -9.611969 -0.782453 -1.470000 -2.030000 0.980000
2.562713 -9.681360 -1.021735 -4.620000 -1.960000 0.490000
2.548356 -9.958927 -1.205983 -1.540000 -0.700000 -0.490000
2.522035 -9.906286 -1.107877 1.540000 0.420000 -1.400000
2.522035 -9.906286 -1.107877 1.540000 0.420000 -1.400000
2.581856 -9.513863 -0.966700 0.490000 0.770000 -1.960000
2.574677 -9.678967 -1.004985 0.070000 0.770000 -1.960000
2.574677 -9.678967 -1.004985 0.070000 0.770000 -1.960000
2.493321 -9.485149 -0.957129 -0.420000 0.280000 -1.820000
2.493321 -9.485149 -0.957129 -0.420000 0.280000 -1.820000
2.493321 -9.485149 -0.957129 -0.420000 0.280000 -1.820000
2.526821 -9.461221 -0.978664 0.490000 0.350000 0.630000
2.600998 -9.408579 -0.973879 1.470000 0.070000 1.120000
2.431108 -9.468399 -0.940379 -2.170000 0.070000 0.980000
2.431108 -9.468399 -0.940379 -2.170000 0.070000 0.980000
2.538785 -9.518648 -1.026521 -0.420000 -0.070000 0.420000
2.548356 -9.542577 -0.973879 -0.840000 -0.840000 0.560000
2.560320 -9.585647 -0.993021 1.610000 -0.910000 0.280000
2.507678 -9.564112 -0.947558 0.490000 -0.910000 0.280000
2.507678 -9.564112 -0.947558 0.490000 -0.910000 0.280000
2.512464 -9.566505 -1.031307 0.070000 -0.140000 0.980000
2.512464 -9.566505 -1.031307 0.070000 -0.140000 0.980000
2.512464 -9.566505 -1.031307 0.070000 -0.140000 0.980000
2.569891 -9.628718 -1.021735 1.400000 -0.140000 0.980000
2.565106 -9.559326 -1.038485 -0.630000 0.840000 -1.750000
2.565106 -9.559326 -1.038485 -0.630000 0.840000 -1.750000
2.510071 -9.418150 -1.048056 -0.070000 0.770000 -0.980000
2.526821 -9.556933 -1.045663 -0.140000 0.980000 -0.280000
2.512464 -9.501899 -1.014557 1.400000 1.400000 0.280000
2.490928 -9.566505 -0.942772 -0.980000 1.050000 0.210000
2.490928 -9.566505 -0.942772 -0.980000 1.050000 0.210000
2.490928 -9.588040 -0.899701 1.540000 0.700000 0.070000
2.574677 -9.540184 -0.892523 -1.120000 -0.560000 -0.210000
2.536392 -9.712467 -1.093520 0.770000 0.420000 0.560000
2.536392 -9.712467 -1.093520 0.770000 0.420000 0.560000
2.536392 -9.712467 -1.093520 0.770000 0.420000 0.560000
2.567499 -9.631111 -1.079163 2.310000 0.350000 0.700000
2.567499 -9.631111 -1.079163 2.310000 0.350000 0.700000
2.567499 -9.631111 -1.079163 2.310000 0.350000 0.700000
2.567499 -9.631111 -1.079163 2.310000 0.350000 0.700000
2.510071 -9.676575 -0.952343 0.280000 0.210000 -0.070000
2.400001 -9.439686 -0.954736 0.770000 -0.140000 -0.770000
2.400001 -9.439686 -0.954736 0.770000 -0.140000 -0.770000
2.486143 -9.525827 -0.729811 3.010000 0.280000 1.190000
