1.050449 -9.786645 2.096112 0.420000 -0.210000 -0.770000
1.194018 -9.537791 2.139183 0.420000 -0.700000 -0.910000
1.129412 -9.497113 2.132005 1.610000 -0.420000 -0.140000
1.129412 -9.497113 2.132005 1.610000 -0.420000 -0.140000
1.019342 -9.573684 2.041078 0.280000 -0.210000 -0.770000
1.167697 -9.607183 2.182254 0.140000 0.140000 -0.490000
1.167697 -9.607183 2.182254 0.140000 0.140000 -0.490000
1.167697 -9.607183 2.182254 0.140000 0.140000 -0.490000
1.115055 -9.528220 2.148755 0.910000 -0.210000 -0.630000
1.148555 -9.523434 2.093720 -0.910000 -0.630000 -0.280000
1.127020 -9.614362 2.141576 1.190000 0.070000 0.140000
1.127020 -9.614362 2.141576 1.190000 0.070000 0.140000
1.081556 -9.511470 2.199004 0.490000 -0.210000 0.490000
1.150948 -9.561719 2.170290 0.420000 -0.070000 0.560000
1.150948 -9.561719 2.170290 0.420000 -0.070000 0.560000
1.150948 -9.561719 2.170290 0.420000 -0.070000 0.560000
1.064806 -9.602397 2.225325 1.190000 0.070000 1.750000
1.064806 -9.602397 2.225325 1.190000 0.070000 1.750000
1.095913 -9.714860 2.122434 -0.490000 -0.560000 0.560000
1.014557 -9.619147 2.163112 -0.280000 -0.630000 0.140000
1.033699 -9.760324 2.132005 0.350000 0.350000 0.420000
1.057628 -9.619147 2.230111 0.770000 0.350000 -0.490000
1.057628 -9.619147 2.230111 0.770000 0.350000 -0.490000
1.119841 -9.631111 2.129612 0.140000 -0.210000 -0.630000
1.134198 -9.631111 2.132005 -0.280000 -0.980000 -0.280000
1.083949 -9.619147 2.146362 0.420000 -1.050000 -0.350000
1.117448 -9.571291 2.103291 0.070000 -0.700000 -0.420000
1.100698 -9.578469 2.124826 -0.350000 -0.840000 -0.420000
1.100698 -9.578469 2.124826 -0.350000 -0.840000 -0.420000
1.100698 -9.578469 2.124826 -0.350000 -0.840000 -0.420000
1.100698 -9.578469 2.124826 -0.350000 -0.840000 -0.420000
1.081556 -9.604790 2.127219 0.420000 -0.630000 0.350000
1.079163 -9.616754 2.170290 0.560000 -0.770000 0.700000
1.088734 -9.600004 2.175076 -0.070000 -0.350000 0.070000
1.088734 -9.600004 2.175076 -0.070000 -0.350000 0.070000
1.115055 -9.729217 2.244468 1.120000 -0.350000 0.350000
1.115055 -9.729217 2.244468 1.120000 -0.350000 0.350000
1.069592 -9.683753 2.170290 -0.070000 -0.700000 -0.350000
1.112662 -9.645468 2.139183 -0.840000 -1.400000 -0.700000
1.112662 -9.645468 2.139183 -0.840000 -1.400000 -0.700000
1.103091 -9.631111 2.069792 0.980000 -0.210000 -0.210000
1.074377 -9.542577 2.129612 1.330000 0.350000 -0.420000
1.074377 -9.542577 2.129612 1.330000 0.350000 -0.420000
1.131805 -9.535398 2.139183 0.210000 0.210000 -0.350000
1.098306 -9.645468 2.170290 0.770000 0.490000 0.070000
