0.555135 2.019542 9.334401 0.420000 1.400000 -0.630000
0.555135 2.019542 9.334401 0.420000 1.400000 -0.630000
0.605384 2.069792 9.513863 2.590000 1.330000 0.840000
0.605384 2.069792 9.513863 2.590000 1.330000 0.840000
0.488136 2.098505 9.485149 1.610000 0.840000 0.980000
0.488136 2.098505 9.485149 1.610000 0.840000 0.980000
0.562313 1.902294 9.255438 -0.420000 -1.470000 0.560000
0.533599 1.904687 9.253045 1.820000 -0.980000 0.490000
0.495314 1.914258 9.147761 -0.630000 -1.330000 0.560000
0.569492 1.933401 9.121440 -0.210000 -1.190000 0.140000
0.569492 1.933401 9.121440 -0.210000 -1.190000 0.140000
0.602991 1.875973 9.054441 0.490000 -0.140000 -0.070000
0.574277 1.959722 9.147761 -0.070000 0.280000 -0.350000
0.574277 1.959722 9.147761 -0.070000 0.280000 -0.350000
0.619741 1.887937 9.205189 -0.630000 0.770000 -0.350000
0.626920 1.993221 9.202796 0.700000 1.400000 -0.070000
0.607777 1.940579 9.202796 -0.770000 1.190000 0.280000
0.535992 2.086541 9.353544 -0.140000 0.910000 0.420000
0.535992 2.086541 9.353544 -0.140000 0.910000 0.420000
0.550349 1.923829 9.274581 -0.350000 0.350000 0.840000
0.550349 1.923829 9.274581 -0.350000 0.350000 0.840000
0.557528 1.883151 9.372685 0.700000 0.280000 0.700000
0.595813 1.923829 9.310472 0.070000 -0.350000 0.070000
0.595813 1.923829 9.310472 0.070000 -0.350000 0.070000
0.612563 1.938186 9.253045 0.560000 0.350000 -0.140000
0.591027 1.969293 9.257831 1.680000 0.210000 0.420000
0.567099 1.919044 9.176475 -2.450000 -0.210000 0.420000
0.581456 1.825724 9.140583 -0.980000 0.070000 0.350000
0.581456 1.825724 9.140583 -0.980000 0.070000 0.350000
0.583849 1.974079 9.257831 0.210000 0.560000 0.140000
0.571885 1.916651 9.300901 -1.400000 0.910000 -0.350000
0.571885 1.916651 9.300901 -1.400000 0.910000 -0.350000
0.550349 1.890330 9.269794 -0.700000 0.560000 -0.350000
0.593420 2.024328 9.391829 0.350000 -0.280000 -1.120000
0.593420 2.024328 9.391829 0.350000 -0.280000 -1.120000
0.593420 2.024328 9.391829 0.350000 -0.280000 -1.120000
0.593420 2.024328 9.391829 0.350000 -0.280000 -1.120000
0.593420 2.024328 9.391829 0.350000 -0.280000 -1.120000
0.600598 1.969293 9.387043 -0.630000 -0.560000 -1.120000
0.612563 2.024328 9.293723 0.560000 -0.630000 -0.420000
0.634098 1.964507 9.334401 -0.560000 0.140000 -0.490000
0.543171 1.966900 9.272188 -0.140000 -0.420000 -0.350000
0.543171 1.966900 9.272188 -0.140000 -0.420000 -0.350000
0.665205 1.976472 9.212367 0.560000 0.140000 -0.910000
0.665205 1.976472 9.212367 0.560000 0.140000 -0.910000
0.696311 2.050649 9.382257 0.560000 -0.420000 -0.420000
0.634098 2.017149 9.276974 -1.470000 -0.910000 0.350000
0.602991 1.909473 9.176475 1.190000 -0.140000 0.140000
0.602991 1.909473 9.176475 1.190000 -0.140000 0.140000
0.602991 1.909473 9.176475 1.190000 -0.140000 0.140000
0.602991 1.909473 9.176475 1.190000 -0.140000 0.140000
0.665205 2.002793 9.315259 -0.700000 -0.350000 -0.490000
0.696311 2.009971 9.219545 0.630000 -0.140000 -0.140000
0.696311 2.009971 9.219545 0.630000 -0.140000 -0.140000
0.811167 1.830509 9.052048 -1.680000 0.280000 -0.420000
0.811167 1.830509 9.052048 -1.680000 0.280000 -0.420000
0.602991 1.873580 9.152546 -0.630000 1.400000 -0.350000
0.602991 1.873580 9.152546 -0.630000 1.400000 -0.350000
0.660419 2.045863 9.303294 -1.050000 2.520000 -1.120000
0.669990 1.969293 9.410972 -1.610000 1.750000 -1.190000
0.612563 2.170290 9.497113 2.310000 1.120000 0.700000
0.557528 2.021935 9.470792 -2.730000 -0.980000 1.960000
