-0.157926 -9.662218 2.060220 -4.620000 4.550000 1.960000
-0.256032 -9.667004 1.957329 -6.370000 3.850000 1.610000
-0.256032 -9.667004 1.957329 -6.370000 3.850000 1.610000
-0.339781 -9.640682 1.830509 -6.930000 4.830000 2.170000
-0.339781 -9.640682 1.830509 -6.930000 4.830000 2.170000
-0.320638 -9.604790 1.859223 -4.970000 6.720000 2.870000
-0.320638 -9.604790 1.859223 -4.970000 6.720000 2.870000
-0.320638 -9.604790 1.859223 -4.970000 6.720000 2.870000
-0.320638 -9.604790 1.859223 -4.970000 6.720000 2.870000
-0.251246 -9.571291 1.954936 -5.530000 6.860000 2.870000
-0.251246 -9.571291 1.954936 -5.530000 6.860000 2.870000
-0.191426 -9.767502 2.038685 -7.700000 5.110000 5.040000
-0.342174 -9.827322 1.966900 -5.880000 4.480000 4.690000
-0.315853 -9.930215 1.942972 -5.880000 4.340000 4.060000
-0.272782 -9.879964 1.933401 -5.880000 3.990000 3.150000
-0.272782 -9.879964 1.933401 -5.880000 3.990000 3.150000
-0.272782 -9.879964 1.933401 -5.880000 3.990000 3.150000
-0.327817 -9.544970 1.861616 -4.690000 4.200000 2.730000
-0.327817 -9.544970 1.861616 -4.690000 4.200000 2.730000
-0.320638 -9.611969 1.880759 -6.650000 4.620000 2.940000
-0.346959 -9.609575 1.938186 -6.020000 5.110000 2.660000
-0.296710 -9.710074 1.957329 -5.390000 5.180000 3.640000
-0.296710 -9.710074 1.957329 -5.390000 5.180000 3.640000
-0.303888 -9.824929 1.926222 -6.580000 4.480000 3.990000
-0.256032 -9.836893 2.057827 -5.390000 3.780000 3.780000
-0.301496 -9.815358 1.964507 -6.510000 3.850000 2.940000
-0.301496 -9.815358 1.964507 -6.510000 3.850000 2.940000
-0.287139 -9.834501 2.026721 -4.830000 3.430000 2.660000
-0.287139 -9.767502 1.852045 -5.530000 2.730000 2.520000
-0.289532 -9.753145 1.823331 -4.970000 3.150000 2.800000
-0.306281 -9.932607 1.852045 -5.740000 3.920000 1.960000
-0.315853 -9.743573 1.844866 -4.550000 4.760000 2.870000
-0.258425 -9.722038 1.909473 -4.970000 5.390000 2.450000
-0.258425 -9.722038 1.909473 -4.970000 5.390000 2.450000
-0.301496 -9.705289 1.947758 -4.760000 5.460000 2.660000
-0.294317 -9.753145 1.986043 -5.950000 4.970000 2.590000
-0.258425 -9.678967 2.031506 -5.250000 4.690000 2.940000
-0.284746 -9.714860 1.983650 -5.600000 3.990000 2.730000
-0.284746 -9.714860 1.983650 -5.600000 3.990000 2.730000
-0.368495 -9.647861 1.945365 -5.460000 3.920000 2.520000
-0.301496 -9.669396 1.981257 -4.550000 4.690000 3.710000
-0.263210 -9.669396 2.029114 -4.200000 4.970000 2.870000
-0.277567 -9.566505 2.062613 -4.060000 4.410000 3.150000
