0.291924 -10.042676 1.974079 -5.110000 4.690000 1.050000
0.155533 -10.071390 1.947758 -4.340000 4.760000 0.210000
0.208176 -9.793823 1.911865 -7.000000 3.500000 -0.700000
0.208176 -9.793823 1.911865 -7.000000 3.500000 -0.700000
0.208176 -9.793823 1.911865 -7.000000 3.500000 -0.700000
0.291924 -9.860823 1.842474 -4.900000 4.270000 -0.980000
0.291924 -9.860823 1.842474 -4.900000 4.270000 -0.980000
0.291924 -9.860823 1.842474 -4.900000 4.270000 -0.980000
0.291924 -9.860823 1.842474 -4.900000 4.270000 -0.980000
0.303888 -9.712467 1.789831 -3.290000 4.620000 -1.190000
0.346959 -9.652647 1.919044 -3.360000 5.460000 1.470000
0.411566 -9.528220 1.914258 -4.620000 4.760000 2.380000
0.411566 -9.528220 1.914258 -4.620000 4.760000 2.380000
0.361316 -9.824929 1.835295 -6.720000 4.690000 2.590000
0.361316 -9.824929 1.835295 -6.720000 4.690000 2.590000
0.361316 -9.824929 1.835295 -6.720000 4.690000 2.590000
0.332602 -9.836893 2.074577 -3.780000 5.530000 2.660000
0.332602 -9.836893 2.074577 -3.780000 5.530000 2.660000
0.370888 -9.784252 1.993221 -7.770000 3.080000 2.100000
0.370888 -9.784252 1.993221 -7.770000 3.080000 2.100000
0.416351 -9.633504 1.974079 -3.850000 3.220000 3.150000
0.416351 -9.633504 1.974079 -3.850000 3.220000 3.150000
0.380459 -9.777073 1.904687 -6.160000 3.430000 2.800000
0.382852 -9.712467 1.964507 -4.900000 2.940000 3.220000
0.394816 -9.705289 1.947758 -5.530000 1.890000 3.780000
0.394816 -9.705289 1.947758 -5.530000 1.890000 3.780000
0.344566 -9.908678 1.871187 -6.790000 2.170000 3.640000
0.323031 -9.870394 1.770689 -5.950000 3.430000 3.010000
0.346959 -9.872787 1.777867 -5.950000 3.640000 2.170000
0.390030 -9.734003 1.864009 -5.180000 7.000000 1.120000
0.375673 -9.777073 1.883151 -7.000000 7.210000 0.910000
0.430708 -9.635897 2.012364 -5.950000 6.510000 0.770000
0.404387 -9.712467 2.017149 -4.480000 5.740000 1.750000
0.437887 -9.667004 2.160719 -4.690000 6.230000 2.030000
0.332602 -9.640682 2.093720 -3.850000 5.460000 1.820000
0.332602 -9.640682 2.093720 -3.850000 5.460000 1.820000
0.382852 -9.645468 2.007578 -5.810000 3.710000 2.590000
0.406780 -9.686146 1.983650 -4.200000 4.270000 3.640000
0.413958 -9.734003 1.861616 -6.650000 3.570000 3.360000
0.406780 -9.726824 1.825724 -6.020000 4.200000 3.430000
0.406780 -9.726824 1.825724 -6.020000 4.200000 3.430000
0.411566 -9.686146 2.041078 -4.200000 6.510000 2.730000
0.334995 -9.667004 2.048256 -3.570000 5.950000 2.730000
0.454636 -9.681360 2.112862 -7.070000 3.990000 4.060000
0.311067 -9.700503 2.103291 -3.780000 3.500000 2.730000
0.339781 -9.755538 2.000400 -5.110000 3.430000 3.010000
0.411566 -9.669396 1.957329 -3.920000 3.920000 2.660000
0.442672 -9.499505 1.988436 -6.370000 2.380000 3.710000
0.466600 -9.757930 1.933401 -4.970000 2.520000 5.320000
0.346959 -9.798609 1.923829 -5.460000 3.500000 3.990000
0.346959 -9.798609 1.923829 -5.460000 3.500000 3.990000
0.401994 -9.834501 1.978864 -5.600000 3.010000 3.850000
0.308674 -9.853643 1.971686 -5.390000 3.430000 3.220000
0.308674 -9.853643 1.971686 -5.390000 3.430000 3.220000
0.327817 -9.801002 1.998007 -5.810000 3.150000 2.660000
0.330210 -9.705289 1.911865 -6.300000 3.220000 2.660000
0.382852 -9.655040 2.062613 -5.110000 4.200000 3.290000
0.382852 -9.655040 2.062613 -5.110000 4.200000 3.290000
