0.775275 -9.999605 -0.078963 -0.490000 0.140000 -0.210000
0.746561 -9.894321 -0.143569 1.050000 1.050000 -0.840000
0.756132 -9.899107 -0.095713 -0.420000 0.210000 -0.280000
0.756132 -9.899107 -0.095713 -0.420000 0.210000 -0.280000
0.808774 -9.903893 -0.119641 -0.700000 0.700000 -0.630000
0.789631 -9.872787 -0.148355 -0.630000 0.840000 -0.350000
0.794417 -9.899107 -0.169890 -0.980000 0.280000 0.070000
0.796810 -9.906286 -0.172283 -0.280000 1.610000 -0.280000
0.748954 -9.901501 -0.059821 -0.560000 0.770000 -0.070000
0.827917 -9.946963 -0.184247 -2.310000 1.540000 0.490000
0.827917 -9.946963 -0.184247 -2.310000 1.540000 0.490000
0.851845 -9.985250 -0.107677 0.490000 1.120000 -0.140000
0.851845 -9.985250 -0.107677 0.490000 1.120000 -0.140000
0.842274 -9.958927 -0.057428 -0.490000 2.170000 0.070000
0.842274 -9.958927 -0.057428 -0.490000 2.170000 0.070000
0.806381 -9.963714 -0.131605 -1.820000 0.070000 -0.140000
0.806381 -9.963714 -0.131605 -1.820000 0.070000 -0.140000
0.758525 -9.860823 -0.145962 0.840000 0.350000 -0.420000
0.717847 -9.853643 -0.153141 0.840000 0.350000 -0.070000
0.789631 -9.927821 -0.145962 -1.750000 0.350000 0.070000
0.765703 -9.923036 -0.157926 0.280000 -0.140000 -0.560000
0.765703 -9.923036 -0.157926 0.280000 -0.140000 -0.560000
0.727418 -9.908678 -0.210568 0.700000 0.630000 -0.420000
0.777667 -9.834501 -0.112463 -0.980000 0.840000 0.700000
0.811167 -9.944571 -0.210568 -2.380000 1.330000 0.700000
0.803988 -9.951750 -0.043071 0.140000 1.120000 0.350000
0.741775 -9.985250 -0.062213 -0.630000 -0.420000 -0.070000
0.741775 -9.985250 -0.062213 -0.630000 -0.420000 -0.070000
0.837488 -10.131211 -0.143569 -0.560000 -0.420000 -0.280000
0.815953 -9.944571 -0.191426 -0.140000 1.260000 -0.490000
0.789631 -9.951750 -0.150748 0.490000 -0.210000 -0.840000
0.825524 -9.853643 -0.131605 0.280000 -0.210000 -0.910000
0.803988 -9.896714 -0.198604 1.820000 0.350000 0.070000
0.811167 -9.815358 -0.200997 1.470000 1.190000 0.420000
0.811167 -9.815358 -0.200997 1.470000 1.190000 0.420000
0.863809 -9.966106 -0.162712 -1.890000 1.750000 0.980000
0.796810 -9.961320 -0.148355 0.560000 0.350000 0.210000
0.808774 -9.949356 -0.040678 0.280000 0.210000 0.140000
0.813560 -9.942179 -0.122034 0.420000 0.420000 -0.070000
