3.756732 -7.630712 4.895715 0.280000 1.050000 0.770000
3.756732 -7.630712 4.895715 0.280000 1.050000 0.770000
3.840480 -7.637890 4.922036 -0.910000 -0.070000 0.560000
3.840480 -7.637890 4.922036 -0.910000 -0.070000 0.560000
3.701697 -7.604390 4.984250 -0.140000 1.260000 0.420000
3.701697 -7.604390 4.984250 -0.140000 1.260000 0.420000
3.742374 -7.671390 5.039285 2.450000 1.260000 1.190000
3.816552 -7.609176 5.005785 -0.070000 -1.330000 -1.400000
3.816552 -7.609176 5.005785 -0.070000 -1.330000 -1.400000
3.816552 -7.609176 5.005785 -0.070000 -1.330000 -1.400000
3.785445 -7.537392 4.785645 -0.560000 -0.490000 -0.980000
3.675375 -7.534998 4.984250 1.120000 0.490000 -0.490000
3.675375 -7.534998 4.984250 1.120000 0.490000 -0.490000
3.675375 -7.534998 4.984250 1.120000 0.490000 -0.490000
3.689733 -7.539784 4.986642 0.140000 -0.280000 -0.700000
3.689733 -7.539784 4.986642 0.140000 -0.280000 -0.700000
3.689733 -7.539784 4.986642 0.140000 -0.280000 -0.700000
3.668197 -7.719246 4.943572 1.890000 0.560000 -0.140000
3.668197 -7.719246 4.943572 1.890000 0.560000 -0.140000
3.699304 -7.745567 4.965107 -0.630000 -0.140000 -0.140000
3.699304 -7.745567 4.965107 -0.630000 -0.140000 -0.140000
3.644269 -7.640282 4.998606 1.610000 0.280000 -0.840000
3.684947 -7.580462 5.060820 -1.050000 0.350000 0.560000
3.785445 -7.740781 5.034499 1.050000 0.420000 1.190000
3.785445 -7.740781 5.034499 1.050000 0.420000 1.190000
3.785445 -7.740781 5.034499 1.050000 0.420000 1.190000
3.771089 -7.666604 4.876573 0.210000 0.070000 0.980000
3.653840 -7.712067 4.962714 1.610000 1.050000 0.770000
3.653840 -7.712067 4.962714 1.610000 1.050000 0.770000
3.716053 -7.606783 5.041678 -1.680000 -0.140000 0.350000
3.716053 -7.606783 5.041678 -1.680000 -0.140000 0.350000
3.708875 -7.697710 5.005785 -0.280000 0.140000 0.630000
3.708875 -7.697710 5.005785 -0.280000 0.140000 0.630000
3.754339 -7.657032 4.943572 0.280000 0.630000 0.070000
3.739982 -7.654640 5.046463 1.330000 0.980000 0.140000
3.720839 -7.671390 5.056034 0.350000 0.070000 -0.420000
3.670590 -7.733603 4.974678 3.360000 1.190000 -0.140000
3.826123 -7.580462 5.027320 -0.980000 -0.280000 -0.070000
3.795017 -7.503892 5.063213 -2.100000 -0.700000 -0.770000
3.795017 -7.503892 5.063213 -2.100000 -0.700000 -0.770000
3.785445 -7.731210 4.888536 0.420000 -0.070000 0.070000
3.589234 -7.563712 5.132604 3.570000 0.490000 0.280000
3.756732 -7.544570 4.986642 -2.520000 -0.140000 -0.280000
3.756732 -7.630712 5.101498 -0.210000 0.700000 -0.070000
3.756732 -7.630712 5.101498 -0.210000 0.700000 -0.070000
3.656233 -7.635497 5.173282 -1.890000 -1.610000 0.420000
3.656233 -7.635497 5.173282 -1.890000 -1.610000 0.420000
3.728018 -7.695317 5.008178 -0.350000 -0.700000 0.280000
3.728018 -7.695317 5.008178 -0.350000 -0.700000 0.280000
3.780660 -7.645068 4.850252 -1.610000 -0.280000 -0.700000
3.780660 -7.645068 4.850252 -1.610000 -0.280000 -0.700000
3.780660 -7.645068 4.850252 -1.610000 -0.280000 -0.700000
