1.081556 -9.578469 2.280360 -4.760000 -1.190000 -0.070000
1.148555 -9.650253 2.048256 2.660000 -1.120000 -0.420000
1.100698 -9.547362 2.115255 2.100000 -0.980000 -0.070000
1.007378 -9.530612 2.136791 0.350000 -0.280000 -0.070000
1.007378 -9.530612 2.136791 0.350000 -0.280000 -0.070000
1.043271 -9.549755 2.021935 1.330000 0.140000 -0.140000
1.107877 -9.437292 2.120041 2.730000 0.630000 0.070000
1.009771 -9.578469 2.249253 0.280000 0.490000 0.490000
1.100698 -9.576077 2.222932 -0.070000 0.210000 0.910000
1.100698 -9.576077 2.222932 -0.070000 0.210000 0.910000
1.103091 -9.707682 2.167897 1.190000 -0.350000 0.770000
1.067199 -9.583255 2.256432 0.140000 -0.840000 0.210000
1.067199 -9.583255 2.256432 0.140000 -0.840000 0.210000
1.117448 -9.600004 2.172683 1.610000 0.910000 0.350000
1.093520 -9.528220 2.237289 2.170000 0.490000 0.700000
1.093520 -9.528220 2.237289 2.170000 0.490000 0.700000
1.088734 -9.645468 2.266003 1.540000 -0.140000 0.840000
1.031307 -9.602397 2.249253 1.050000 -0.280000 1.330000
0.976272 -9.576077 2.268396 1.330000 -0.280000 0.560000
1.069592 -9.729217 2.244468 -1.190000 -0.700000 0.350000
1.069592 -9.729217 2.244468 -1.190000 -0.700000 0.350000
1.064806 -9.705289 2.141576 -0.910000 0.420000 0.350000
1.064806 -9.705289 2.141576 -0.910000 0.420000 0.350000
1.146162 -9.621540 2.266003 -0.140000 0.070000 -0.280000
0.988236 -9.477970 2.191825 -1.330000 0.280000 -0.350000
1.036092 -9.633504 2.167897 -1.750000 0.490000 -0.210000
1.036092 -9.633504 2.167897 -1.750000 0.490000 -0.210000
1.112662 -9.537791 2.172683 -0.840000 0.070000 0.630000
1.019342 -9.535398 2.261217 0.560000 0.070000 0.840000
1.019342 -9.535398 2.261217 0.560000 0.070000 0.840000
1.009771 -9.667004 2.242075 0.840000 -0.350000 0.350000
0.995414 -9.523434 2.230111 1.680000 -0.630000 -0.280000
1.052842 -9.592826 2.141576 0.840000 -0.630000 0.420000
1.048056 -9.611969 2.160719 0.560000 -0.560000 -0.070000
1.021735 -9.578469 2.132005 -1.400000 -0.630000 -0.350000
1.083949 -9.602397 2.062613 -1.120000 -0.910000 0.700000
1.024128 -9.600004 2.146362 1.050000 -0.350000 0.280000
1.071985 -9.576077 2.210968 -0.070000 -0.840000 0.280000
1.000200 -9.566505 2.141576 -0.840000 -0.770000 0.140000
