0.220140 -9.678967 2.115255 -7.280000 3.640000 3.010000
0.028714 -9.681360 2.120041 -3.640000 4.200000 3.150000
0.234497 -9.966106 2.029114 -6.300000 3.150000 2.590000
0.153141 -9.913465 2.045863 -5.670000 3.290000 2.450000
0.153141 -9.913465 2.045863 -5.670000 3.290000 2.450000
0.088534 -9.839286 1.931008 -4.900000 3.640000 0.560000
0.088534 -9.839286 1.931008 -4.900000 3.640000 0.560000
0.129212 -9.805787 1.878366 -5.320000 4.830000 0.840000
0.193819 -9.645468 2.120041 -5.390000 6.580000 0.420000
0.263210 -9.662218 2.165504 -5.670000 5.670000 1.120000
0.263210 -9.662218 2.165504 -5.670000 5.670000 1.120000
0.229711 -9.738789 2.160719 -5.390000 5.250000 1.330000
0.239282 -9.846465 2.141576 -6.510000 3.430000 1.400000
0.167498 -9.853643 1.864009 -3.990000 4.620000 -0.840000
0.236889 -9.578469 2.045863 -6.090000 6.020000 -0.910000
0.256032 -9.415757 2.143969 -4.690000 5.460000 0.700000
0.256032 -9.415757 2.143969 -4.690000 5.460000 0.700000
0.234497 -9.523434 2.007578 -7.210000 3.920000 2.240000
0.287139 -9.595219 2.100898 -5.110000 4.200000 3.500000
0.287139 -9.595219 2.100898 -5.110000 4.200000 3.500000
0.189033 -9.604790 2.074577 -3.570000 4.970000 4.130000
0.251246 -9.698111 2.220540 -4.060000 4.200000 4.410000
0.251246 -9.698111 2.220540 -4.060000 4.200000 4.410000
0.244068 -9.707682 2.141576 -6.160000 2.100000 5.180000
0.229711 -9.896714 1.990828 -6.440000 1.680000 4.270000
0.289532 -9.812965 2.041078 -4.760000 3.640000 3.990000
0.284746 -9.832108 2.050649 -5.530000 4.970000 1.750000
0.284746 -9.832108 2.050649 -5.530000 4.970000 1.750000
0.263210 -9.736395 2.136791 -5.250000 3.780000 2.450000
0.267996 -9.846465 2.112862 -7.070000 2.310000 1.960000
0.267996 -9.846465 2.112862 -7.070000 2.310000 1.960000
0.311067 -9.611969 2.045863 -5.180000 4.060000 2.240000
0.265603 -9.580862 2.057827 -4.060000 4.550000 2.870000
0.265603 -9.580862 2.057827 -4.060000 4.550000 2.870000
0.284746 -9.602397 1.988436 -6.860000 3.850000 3.430000
0.332602 -9.676575 1.964507 -6.300000 5.880000 3.430000
0.189033 -9.487542 2.110470 -2.940000 7.140000 3.220000
0.169890 -9.614362 2.299503 -5.880000 5.250000 5.110000
0.236889 -9.793823 2.179861 -4.270000 4.270000 4.060000
0.203390 -10.001998 2.189433 -4.970000 3.360000 2.660000
0.203390 -10.001998 2.189433 -4.970000 3.360000 2.660000
0.110070 -9.805787 2.055435 -4.970000 3.850000 1.470000
0.275175 -9.659825 2.143969 -4.340000 5.110000 2.310000
0.191426 -9.456435 2.282753 -5.390000 2.870000 5.250000
0.212961 -9.722038 2.074577 -6.510000 2.590000 5.320000
0.174676 -9.588040 2.093720 -5.390000 3.850000 4.550000
0.253639 -9.868000 2.088934 -6.160000 4.270000 4.900000
0.253639 -9.868000 2.088934 -6.160000 4.270000 4.900000
0.148355 -9.863215 2.206182 -5.670000 5.110000 2.660000
0.148355 -9.863215 2.206182 -5.670000 5.110000 2.660000
0.174676 -9.760324 2.289931 -4.620000 5.600000 1.330000
0.260818 -9.647861 2.287539 -4.760000 2.730000 1.680000
0.260818 -9.647861 2.287539 -4.760000 2.730000 1.680000
0.196211 -9.600004 2.160719 -8.120000 1.890000 2.380000
0.078963 -9.671788 2.115255 -6.580000 2.590000 2.380000
