1.744368 -9.645468 0.133998 2.520000 0.210000 1.610000
1.847259 -9.647861 0.220140 1.120000 -0.280000 1.260000
1.847259 -9.647861 0.220140 1.120000 -0.280000 1.260000
1.847259 -9.647861 0.220140 1.120000 -0.280000 1.260000
1.808974 -9.781858 0.023928 -0.210000 -0.700000 0.630000
1.852045 -9.815358 0.083749 0.770000 -0.490000 -0.350000
1.856830 -9.676575 0.160319 0.980000 0.210000 0.280000
1.856830 -9.676575 0.160319 0.980000 0.210000 0.280000
1.804188 -9.657433 0.071785 -0.560000 -0.070000 -0.420000
1.844866 -9.745967 0.009571 1.260000 0.560000 0.980000
1.797010 -9.683753 0.050249 0.980000 0.770000 0.980000
1.773082 -9.853643 0.110070 -0.980000 1.330000 0.210000
1.840081 -9.745967 0.169890 -0.630000 0.630000 0.070000
1.777867 -9.899107 0.055035 -0.280000 0.420000 0.070000
1.801795 -9.662218 0.047856 -1.260000 0.350000 -0.350000
1.801795 -9.662218 0.047856 -1.260000 0.350000 -0.350000
1.804188 -9.915856 0.062213 0.980000 0.280000 0.700000
1.804188 -9.915856 0.062213 0.980000 0.280000 0.700000
1.763510 -9.736395 0.141177 -0.210000 0.210000 -0.560000
1.746760 -9.750752 0.083749 -0.210000 -0.140000 -0.420000
1.864009 -9.865608 0.093320 0.280000 -0.280000 0.560000
1.864009 -9.865608 0.093320 0.280000 -0.280000 0.560000
1.773082 -9.934999 0.064606 1.260000 -0.700000 0.490000
1.823331 -9.738789 0.009571 0.560000 -0.840000 -0.630000
1.907080 -9.789038 -0.045464 -0.070000 -0.630000 -0.210000
1.866402 -9.839286 0.014357 0.560000 0.980000 0.280000
1.866402 -9.839286 0.014357 0.560000 0.980000 0.280000
1.854438 -9.729217 0.186640 2.170000 -0.490000 0.140000
1.854438 -9.729217 0.186640 2.170000 -0.490000 0.140000
1.773082 -9.676575 0.074178 0.420000 0.350000 -0.910000
1.854438 -9.683753 0.086142 -0.560000 0.280000 -1.050000
1.797010 -9.724431 0.011964 1.400000 0.700000 -0.140000
1.763510 -9.731609 0.107677 0.420000 0.140000 -0.420000
1.775474 -9.604790 0.143569 0.210000 -0.210000 -0.420000
1.775474 -9.604790 0.143569 0.210000 -0.210000 -0.420000
1.828116 -9.822537 -0.004786 0.700000 0.490000 0.700000
1.844866 -9.655040 0.184247 1.050000 0.490000 0.910000
1.746760 -9.714860 0.028714 -1.960000 -1.400000 0.140000
1.811367 -9.781858 0.033500 -0.280000 -0.700000 1.050000
1.852045 -9.829715 0.066999 0.840000 -1.190000 1.540000
1.852045 -9.829715 0.066999 0.840000 -1.190000 1.540000
1.808974 -9.820145 -0.162712 -0.700000 -0.910000 -0.420000
1.875973 -9.844072 -0.162712 -0.700000 -0.560000 -0.420000
1.856830 -9.738789 0.043071 0.560000 -0.630000 -0.140000
1.856830 -9.738789 0.043071 0.560000 -0.630000 -0.140000
