9.387043 0.370888 2.440679 0.140000 0.210000 0.560000
9.308081 0.296710 2.467000 0.700000 -0.070000 -0.070000
9.420543 0.416351 2.522035 0.420000 -0.770000 -0.070000
9.420543 0.416351 2.522035 0.420000 -0.770000 -0.070000
9.466006 0.459422 2.447858 0.490000 -0.420000 0.280000
9.458827 0.330210 2.411965 0.490000 0.140000 0.280000
9.420543 0.275175 2.524428 1.120000 0.350000 -1.330000
9.420543 0.275175 2.524428 1.120000 0.350000 -1.330000
9.379865 0.457029 2.536392 0.420000 -0.070000 -0.070000
9.312866 0.473779 2.553142 1.120000 0.560000 0.840000
9.312866 0.473779 2.553142 1.120000 0.560000 0.840000
9.312866 0.473779 2.553142 1.120000 0.560000 0.840000
9.396614 0.411566 2.608176 0.420000 -0.770000 0.280000
9.396614 0.411566 2.608176 0.420000 -0.770000 0.280000
9.422935 0.401994 2.507678 0.210000 -0.840000 -0.420000
9.432507 0.392423 2.526821 0.630000 0.490000 -0.910000
9.449257 0.404387 2.533999 0.350000 0.560000 -1.190000
9.322437 0.440279 2.632105 0.700000 0.490000 -0.700000
9.284152 0.418744 2.565106 -0.140000 0.490000 -0.630000
9.360723 0.346959 2.548356 1.400000 0.910000 0.280000
9.353544 0.473779 2.478964 1.400000 0.070000 0.280000
9.353544 0.473779 2.478964 1.400000 0.070000 0.280000
9.353544 0.473779 2.478964 1.400000 0.070000 0.280000
9.286544 0.483350 2.505285 0.070000 0.280000 0.350000
9.391829 0.375673 2.519642 0.980000 0.210000 0.280000
9.332008 0.344566 2.493321 -0.910000 -0.630000 0.700000
9.437292 0.492921 2.483750 0.420000 -0.350000 0.490000
9.463614 0.370888 2.517249 -0.630000 -0.350000 0.630000
9.427721 0.375673 2.598605 0.280000 0.910000 -0.140000
9.322437 0.473779 2.675175 0.350000 0.070000 -0.700000
9.367901 0.538385 2.577070 -0.210000 -0.700000 -0.490000
9.296116 0.425922 2.474179 -0.210000 -0.210000 0.280000
9.296116 0.425922 2.474179 -0.210000 -0.210000 0.280000
9.296116 0.425922 2.474179 -0.210000 -0.210000 0.280000
9.353544 0.457029 2.533999 0.420000 -0.140000 0.490000
9.353544 0.457029 2.533999 0.420000 -0.140000 0.490000
9.408579 0.387637 2.512464 -0.070000 -0.280000 0.630000
9.389436 0.437887 2.598605 -0.070000 0.210000 0.630000
