1.552942 -9.865608 -0.119641 0.490000 -0.980000 -1.330000
1.624727 -9.889536 -0.033500 0.630000 -1.610000 -1.680000
1.581656 -9.695717 -0.055035 0.770000 -1.470000 -1.610000
1.631905 -9.671788 0.057428 -1.120000 -0.490000 0.420000
1.579263 -9.734003 -0.071785 -0.770000 -0.630000 0.700000
1.579263 -9.734003 -0.071785 -0.770000 -0.630000 0.700000
1.610370 -9.779467 -0.035892 0.070000 -0.910000 0.560000
1.605584 -9.748360 -0.098106 -1.820000 -1.120000 0.490000
1.605584 -9.748360 -0.098106 -1.820000 -1.120000 0.490000
1.588834 -9.820145 -0.138784 0.350000 -0.490000 0.140000
1.610370 -9.841680 -0.028714 0.420000 -0.350000 0.350000
1.598405 -9.844072 -0.131605 1.890000 -0.140000 0.070000
1.574477 -9.817751 -0.007178 -0.700000 -0.910000 0.490000
1.610370 -9.848858 -0.131605 -1.260000 -1.470000 0.070000
1.629512 -9.820145 -0.064606 1.960000 -0.770000 -0.840000
1.674976 -9.851252 -0.002393 1.680000 -0.280000 -0.700000
1.674976 -9.851252 -0.002393 1.680000 -0.280000 -0.700000
1.634298 -9.858429 -0.009571 0.980000 -0.140000 -0.630000
1.581656 -9.729217 0.007178 0.490000 -0.770000 -1.330000
1.598405 -9.705289 -0.014357 0.140000 -0.700000 -0.280000
1.569692 -9.748360 -0.098106 1.330000 0.070000 -0.630000
1.569692 -9.748360 -0.098106 1.330000 0.070000 -0.630000
1.641476 -9.801002 0.062213 0.980000 -0.420000 0.210000
1.641476 -9.801002 0.062213 0.980000 -0.420000 0.210000
1.634298 -9.942179 0.117248 -0.560000 -1.120000 -0.910000
1.600798 -9.803394 0.071785 1.400000 -1.750000 -1.120000
1.600798 -9.803394 0.071785 1.400000 -1.750000 -1.120000
1.634298 -9.801002 0.021535 -0.140000 -1.540000 -0.630000
1.634298 -9.801002 0.021535 -0.140000 -1.540000 -0.630000
1.624727 -9.791430 0.155533 1.470000 -1.120000 -0.700000
1.696511 -9.736395 0.057428 3.290000 -2.100000 -1.120000
1.696511 -9.736395 0.057428 3.290000 -2.100000 -1.120000
1.679761 -9.824929 0.071785 4.060000 -1.400000 -1.190000
1.598405 -9.755538 -0.066999 -0.980000 -0.070000 0.280000
1.598405 -9.755538 -0.066999 -0.980000 -0.070000 0.280000
1.607977 -9.743573 0.100499 2.030000 -0.070000 -0.700000
1.655833 -9.669396 0.045464 -0.770000 -0.140000 -0.350000
1.667797 -9.753145 0.021535 0.700000 -0.630000 0.350000
1.627119 -9.686146 0.040678 0.210000 -0.070000 0.210000
1.674976 -9.772287 -0.069392 0.070000 0.560000 0.770000
1.674976 -9.772287 -0.069392 0.070000 0.560000 0.770000
1.641476 -9.734003 0.062213 -0.630000 1.750000 1.540000
1.622334 -9.779467 0.014357 -0.560000 0.700000 1.190000
1.696511 -9.958927 0.074178 1.120000 -0.070000 0.840000
