3.735196 -7.652246 4.900501 1.610000 0.490000 -2.240000
3.735196 -7.652246 4.900501 1.610000 0.490000 -2.240000
3.711268 -7.654640 4.960321 -0.980000 -0.630000 -0.770000
3.711268 -7.654640 4.960321 -0.980000 -0.630000 -0.770000
3.711268 -7.654640 4.960321 -0.980000 -0.630000 -0.770000
3.670590 -7.716853 4.723432 -4.620000 0.070000 0.490000
3.692125 -7.755138 4.792823 0.840000 -0.770000 0.420000
3.802195 -7.635497 4.955536 2.450000 1.400000 -0.840000
3.766303 -7.657032 5.058427 2.380000 0.700000 -0.280000
3.766303 -7.657032 5.058427 2.380000 0.700000 -0.280000
3.766303 -7.657032 5.058427 2.380000 0.700000 -0.280000
3.761517 -7.678568 4.922036 -0.560000 -0.490000 -0.840000
3.761517 -7.678568 4.922036 -0.560000 -0.490000 -0.840000
3.761517 -7.678568 4.922036 -0.560000 -0.490000 -0.840000
3.761517 -7.678568 4.922036 -0.560000 -0.490000 -0.840000
3.761517 -7.678568 4.922036 -0.560000 -0.490000 -0.840000
3.739982 -7.554141 5.005785 1.120000 1.260000 0.490000
3.735196 -7.776673 5.180461 0.980000 0.630000 0.420000
3.735196 -7.776673 5.180461 0.980000 0.630000 0.420000
3.933800 -7.525427 4.790431 2.800000 2.310000 -2.450000
3.933800 -7.525427 4.790431 2.800000 2.310000 -2.450000
3.720839 -7.494320 5.175675 -0.840000 0.350000 -1.610000
3.720839 -7.494320 5.175675 -0.840000 0.350000 -1.610000
3.814159 -7.563712 4.771288 -2.870000 -0.700000 -0.280000
3.814159 -7.563712 4.771288 -2.870000 -0.700000 -0.280000
3.730411 -7.506285 5.170890 1.820000 1.050000 -0.280000
3.730411 -7.506285 5.170890 1.820000 1.050000 -0.280000
3.795017 -7.633104 4.967500 -0.140000 0.770000 0.630000
3.795017 -7.633104 4.967500 -0.140000 0.770000 0.630000
3.708875 -7.688138 5.187639 -2.100000 -0.910000 -0.560000
3.775874 -7.590034 5.041678 -0.350000 -0.630000 -1.330000
3.775874 -7.590034 5.041678 -0.350000 -0.630000 -1.330000
3.790231 -7.630712 5.144568 2.030000 0.490000 -0.350000
3.790231 -7.630712 5.144568 2.030000 0.490000 -0.350000
3.771089 -7.525427 5.051248 -1.330000 -0.350000 -0.630000
3.735196 -7.594819 5.146961 0.350000 -0.210000 -0.140000
3.797409 -7.661818 5.077570 0.070000 -0.350000 -1.190000
3.783052 -7.623533 4.893322 0.840000 -0.980000 -0.210000
3.783052 -7.623533 4.893322 0.840000 -0.980000 -0.210000
3.692125 -7.484749 4.945964 1.330000 -0.070000 -0.490000
3.692125 -7.484749 4.945964 1.330000 -0.070000 -0.490000
3.866802 -7.494320 4.972286 -2.030000 -1.260000 -0.350000
3.866802 -7.494320 4.972286 -2.030000 -1.260000 -0.350000
3.866802 -7.494320 4.972286 -2.030000 -1.260000 -0.350000
3.866802 -7.494320 4.972286 -2.030000 -1.260000 -0.350000
3.866802 -7.494320 4.972286 -2.030000 -1.260000 -0.350000
3.790231 -7.530212 5.108676 2.660000 1.680000 1.330000
3.790231 -7.530212 5.108676 2.660000 1.680000 1.330000
3.790231 -7.530212 5.108676 2.660000 1.680000 1.330000
3.790231 -7.530212 5.108676 2.660000 1.680000 1.330000
3.818945 -7.597212 5.151747 -3.780000 -0.280000 0.770000
3.818945 -7.597212 5.151747 -3.780000 -0.280000 0.770000
3.818945 -7.597212 5.151747 -3.780000 -0.280000 0.770000
