3.778267 -7.709675 5.118248 -2.380000 -0.350000 0.140000
3.902694 -7.606783 4.816752 -1.680000 -0.210000 0.350000
3.835695 -7.405786 4.943572 -0.770000 0.350000 -0.560000
3.835695 -7.405786 4.943572 -0.770000 0.350000 -0.560000
3.668197 -7.640282 5.103891 1.610000 0.420000 -0.770000
3.668197 -7.640282 5.103891 1.610000 0.420000 -0.770000
3.739982 -7.470392 5.118248 -0.910000 -0.770000 0.700000
3.739982 -7.470392 5.118248 -0.910000 -0.770000 0.700000
3.739982 -7.695317 5.039285 -1.190000 -0.840000 0.770000
3.663411 -7.568498 5.075177 0.420000 0.630000 0.840000
3.663411 -7.568498 5.075177 0.420000 0.630000 0.840000
3.663411 -7.568498 5.075177 0.420000 0.630000 0.840000
3.775874 -7.556533 5.017749 -3.430000 0.350000 0.420000
3.775874 -7.556533 5.017749 -3.430000 0.350000 0.420000
3.768696 -7.573284 5.161318 0.840000 1.120000 0.910000
3.869194 -7.685746 4.807181 -1.120000 0.770000 1.610000
3.823731 -7.657032 5.024928 -4.060000 -0.840000 0.140000
3.823731 -7.657032 5.024928 -4.060000 -0.840000 0.140000
3.680161 -7.666604 5.060820 -0.140000 0.070000 -0.140000
3.680161 -7.666604 5.060820 -0.140000 0.070000 -0.140000
3.780660 -7.592427 4.713861 2.310000 1.680000 -0.140000
3.780660 -7.592427 4.713861 2.310000 1.680000 -0.140000
3.696911 -7.472785 4.878965 -0.490000 0.490000 -0.140000
3.696911 -7.472785 4.878965 -0.490000 0.490000 -0.140000
3.696911 -7.472785 4.878965 -0.490000 0.490000 -0.140000
3.792624 -7.685746 4.773681 -0.840000 -0.350000 1.540000
3.620341 -7.791030 5.094319 -1.540000 -1.330000 -0.070000
3.814159 -7.625926 4.950750 1.120000 1.120000 -0.280000
3.814159 -7.625926 4.950750 1.120000 1.120000 -0.280000
3.814159 -7.625926 4.950750 1.120000 1.120000 -0.280000
3.804588 -7.683353 4.716253 -0.420000 -0.280000 -0.700000
3.699304 -7.645068 4.960321 -0.420000 0.140000 0.700000
3.699304 -7.645068 4.960321 -0.420000 0.140000 0.700000
3.821337 -7.601997 4.821537 -4.340000 -0.560000 0.560000
3.821337 -7.601997 4.821537 -4.340000 -0.560000 0.560000
3.821337 -7.601997 4.821537 -4.340000 -0.560000 0.560000
3.850052 -7.601997 4.788038 -7.700000 -0.490000 0.770000
3.850052 -7.601997 4.788038 -7.700000 -0.490000 0.770000
3.515057 -7.716853 5.048856 5.040000 0.700000 1.190000
3.515057 -7.716853 5.048856 5.040000 0.700000 1.190000
3.833302 -7.755138 4.965107 -0.980000 -0.910000 -0.420000
3.594020 -7.561320 5.039285 0.280000 -0.070000 -0.350000
3.694518 -7.838887 4.838287 0.070000 -0.210000 -0.420000
3.694518 -7.838887 4.838287 0.070000 -0.210000 -0.420000
3.605984 -7.666604 4.847858 0.070000 0.560000 0.350000
3.605984 -7.666604 4.847858 0.070000 0.560000 0.350000
3.706482 -7.623533 4.823930 -0.630000 0.140000 1.470000
