1.158126 1.241875 9.454042 0.490000 -0.560000 -0.070000
1.205983 1.150948 9.334401 0.280000 -1.190000 0.070000
1.220340 1.196411 9.224331 -0.210000 -0.840000 0.280000
1.220340 1.196411 9.224331 -0.210000 -0.840000 0.280000
1.177269 1.186840 9.205189 -0.350000 -0.840000 0.070000
1.222732 1.124627 9.188439 -0.420000 -0.490000 -0.560000
1.198804 1.239482 9.221939 -0.070000 0.280000 0.210000
1.239482 1.263410 9.296116 0.210000 1.050000 0.700000
1.239482 1.263410 9.296116 0.210000 1.050000 0.700000
1.284946 1.179662 9.446864 -0.630000 0.280000 0.280000
1.208375 1.088734 9.327222 0.210000 0.420000 0.140000
1.172483 1.272982 9.377472 -0.070000 0.350000 -0.350000
1.172483 1.272982 9.377472 -0.070000 0.350000 -0.350000
1.203590 1.249053 9.329616 0.280000 0.910000 -0.630000
1.198804 1.258625 9.257831 -0.070000 0.280000 -1.120000
1.196411 1.256232 9.415757 -0.980000 -0.070000 0.980000
1.196411 1.256232 9.415757 -0.980000 -0.070000 0.980000
1.088734 1.160519 9.217153 -1.890000 -0.770000 0.350000
1.088734 1.160519 9.217153 -1.890000 -0.770000 0.350000
1.088734 1.160519 9.217153 -1.890000 -0.770000 0.350000
1.241875 1.127020 9.257831 -0.560000 -0.210000 -1.120000
1.246661 1.205983 9.255438 -2.730000 -0.140000 1.260000
1.246661 1.205983 9.255438 -2.730000 -0.140000 1.260000
1.246661 1.205983 9.255438 -2.730000 -0.140000 1.260000
1.246661 1.205983 9.255438 -2.730000 -0.140000 1.260000
1.201197 1.158126 9.253045 -0.070000 0.910000 0.910000
1.201197 1.158126 9.253045 -0.070000 0.910000 0.910000
1.251446 1.268196 9.391829 -0.280000 1.050000 0.560000
1.251446 1.268196 9.391829 -0.280000 1.050000 0.560000
1.198804 1.177269 9.406186 -1.680000 -0.770000 0.630000
1.198804 1.177269 9.406186 -1.680000 -0.770000 0.630000
1.191626 1.103091 9.276974 -2.450000 -0.210000 1.190000
1.191626 1.103091 9.276974 -2.450000 -0.210000 1.190000
1.191626 1.103091 9.276974 -2.450000 -0.210000 1.190000
1.191626 1.103091 9.276974 -2.450000 -0.210000 1.190000
1.155733 1.244268 9.370294 3.570000 2.380000 0.490000
1.155733 1.244268 9.370294 3.570000 2.380000 0.490000
1.275374 1.117448 9.396614 -1.680000 0.140000 0.140000
1.275374 1.117448 9.396614 -1.680000 0.140000 0.140000
1.275374 1.117448 9.396614 -1.680000 0.140000 0.140000
1.134198 1.203590 9.468399 -0.490000 0.490000 0.210000
1.253839 1.134198 9.171689 1.470000 1.190000 -2.310000
1.253839 1.134198 9.171689 1.470000 1.190000 -2.310000
1.277767 1.397408 9.576077 6.440000 1.890000 1.190000
