-0.715454 -9.343972 2.971886 -3.080000 0.630000 -0.210000
-0.715454 -9.343972 2.971886 -3.080000 0.630000 -0.210000
-0.715454 -9.343972 2.971886 -3.080000 0.630000 -0.210000
-0.727418 -9.458827 2.955136 -1.820000 0.420000 0.840000
-0.832702 -9.506684 3.110669 0.350000 -0.210000 0.840000
-0.832702 -9.506684 3.110669 0.350000 -0.210000 0.840000
-0.832702 -9.506684 3.110669 0.350000 -0.210000 0.840000
-0.835095 -9.410972 3.007778 -0.980000 0.210000 0.700000
-0.763310 -9.480364 3.002992 -0.980000 0.070000 0.700000
-0.796810 -9.396614 2.986243 -0.280000 0.350000 -0.490000
-0.796810 -9.396614 2.986243 -0.280000 0.350000 -0.490000
-0.815953 -9.425328 2.967100 1.120000 -0.350000 0.140000
-0.765703 -9.317651 3.120241 2.660000 0.910000 0.070000
-0.775275 -9.332008 3.211168 -0.420000 0.560000 0.140000
-0.775275 -9.332008 3.211168 -0.420000 0.560000 0.140000
-0.715454 -9.312866 3.065206 1.470000 -0.770000 0.560000
-0.734596 -9.406186 3.000600 2.310000 0.630000 0.070000
-0.787239 -9.389436 3.105884 0.210000 0.700000 0.280000
-0.799203 -9.413363 3.206382 6.020000 -0.210000 -0.210000
-0.713061 -9.150154 3.306881 1.680000 -0.560000 -0.280000
-0.727418 -9.355937 3.079563 -3.080000 0.630000 -0.490000
-0.667598 -9.413363 3.017349 -0.980000 0.420000 -0.630000
-0.727418 -9.260223 3.141776 0.630000 -0.140000 0.140000
-0.727418 -9.260223 3.141776 0.630000 -0.140000 0.140000
-0.732204 -9.260223 3.170490 -0.560000 0.560000 0.350000
-0.832702 -9.343972 3.115455 0.490000 0.630000 -0.490000
-0.677169 -9.186047 3.328416 -1.120000 0.140000 1.050000
-0.801596 -9.427721 3.081956 -0.280000 -0.420000 1.470000
-0.722632 -9.291330 3.089134 -2.450000 0.490000 0.770000
-0.720240 -9.372685 3.069991 2.940000 0.140000 0.910000
-0.720240 -9.372685 3.069991 2.940000 0.140000 0.910000
-0.830309 -9.200402 3.132205 -0.140000 0.770000 1.050000
-0.787239 -9.434900 3.060420 1.470000 0.420000 -0.490000
-0.794417 -9.293723 3.165704 1.050000 0.420000 0.560000
-0.794417 -9.293723 3.165704 1.050000 0.420000 0.560000
-0.794417 -9.293723 3.165704 1.050000 0.420000 0.560000
-0.715454 -9.379865 3.139383 -0.280000 0.700000 1.890000
-0.832702 -9.458827 3.074777 -0.350000 1.050000 0.630000
-0.832702 -9.458827 3.074777 -0.350000 1.050000 0.630000
-0.861416 -9.353544 3.156133 0.700000 0.280000 1.470000
