0.380459 -9.820145 -0.224925 1.610000 -0.910000 0.420000
0.342174 -10.083356 -0.200997 -0.140000 0.490000 0.140000
0.468993 -10.037891 -0.148355 -0.140000 0.210000 -0.420000
0.468993 -10.037891 -0.148355 -0.140000 0.210000 -0.420000
0.387637 -9.848858 -0.145962 -4.270000 0.420000 -0.560000
0.387637 -9.848858 -0.145962 -4.270000 0.420000 -0.560000
0.425922 -10.042676 -0.330210 -0.910000 -1.120000 -0.770000
0.485743 -10.059426 -0.291924 1.820000 0.280000 0.070000
0.380459 -9.884750 -0.294317 3.780000 0.420000 -0.280000
0.380459 -9.884750 -0.294317 3.780000 0.420000 -0.280000
0.349352 -9.879964 -0.282353 3.360000 0.280000 0.140000
0.370888 -9.729217 -0.227318 1.750000 1.610000 0.910000
0.392423 -10.085747 -0.100499 -4.130000 -0.420000 0.770000
0.459422 -9.652647 -0.086142 -9.240000 -0.280000 -0.210000
0.349352 -10.157533 -0.263210 -16.940001 1.120000 -0.630000
0.349352 -10.157533 -0.263210 -16.940001 1.120000 -0.630000
0.380459 -10.303494 -0.454636 -10.220000 -2.100000 -0.140000
0.378066 -9.932607 -0.461815 -0.420000 0.700000 0.770000
0.349352 -10.064213 -0.394816 -0.910000 -0.140000 0.630000
0.418744 -10.152746 -0.354138 0.420000 -1.400000 0.070000
0.681954 -10.009177 -0.540778 1.120000 -0.910000 -0.280000
0.681954 -10.009177 -0.540778 1.120000 -0.910000 -0.280000
0.406780 -9.812965 -0.552742 6.720000 1.470000 1.050000
0.406780 -9.812965 -0.552742 6.720000 1.470000 1.050000
0.332602 -9.760324 -0.401994 5.600000 1.960000 0.140000
0.361316 -9.710074 -0.368495 1.050000 1.960000 0.910000
0.411566 -10.052249 -0.267996 -2.450000 2.520000 0.910000
0.401994 -9.932607 -0.308674 -1.190000 0.910000 0.350000
0.435494 -9.913465 -0.224925 -0.490000 0.770000 1.680000
0.435494 -9.913465 -0.224925 -0.490000 0.770000 1.680000
0.435494 -9.913465 -0.224925 -0.490000 0.770000 1.680000
0.435494 -9.913465 -0.224925 -0.490000 0.770000 1.680000
0.380459 -10.006784 -0.232104 0.630000 0.420000 1.470000
0.327817 -9.817751 -0.323031 5.530000 -0.490000 1.330000
0.351745 -9.870394 -0.313460 0.350000 0.350000 0.770000
0.346959 -9.879964 -0.318245 -2.030000 0.840000 0.630000
0.346959 -9.879964 -0.318245 -2.030000 0.840000 0.630000
0.375673 -9.853643 -0.267996 -2.800000 0.700000 1.190000
0.401994 -9.942179 -0.205783 -1.400000 0.350000 0.980000
0.224925 -10.387242 -0.576670 -8.540000 -0.210000 -1.330000
0.315853 -9.987641 -0.492921 -0.070000 2.800000 -0.560000
0.315853 -9.987641 -0.492921 -0.070000 2.800000 -0.560000
0.382852 -9.899107 -0.337388 3.430000 1.120000 -0.280000
0.382852 -9.899107 -0.337388 3.430000 1.120000 -0.280000
0.323031 -9.765109 -0.279960 2.520000 1.050000 0.070000
0.411566 -9.990034 -0.346959 2.660000 0.840000 1.540000
0.337388 -9.832108 -0.167498 4.130000 -0.840000 2.170000
0.291924 -10.262815 -0.284746 1.050000 -0.630000 2.030000
0.361316 -10.255639 -0.535992 4.690000 -0.910000 0.140000
