-0.150748 -9.985250 -0.062213 0.490000 0.490000 -0.070000
-0.251246 -9.860823 0.081356 -0.280000 2.240000 0.210000
-0.208176 -10.119246 0.078963 0.280000 -1.190000 0.350000
-0.181855 -10.011569 -0.102891 -2.170000 0.490000 -0.560000
-0.267996 -9.868000 -0.057428 0.210000 -0.140000 -0.350000
-0.267996 -9.868000 -0.057428 0.210000 -0.140000 -0.350000
-0.203390 -9.879964 0.002393 0.140000 -0.420000 -0.140000
-0.296710 -9.982857 -0.071785 -0.210000 0.840000 0.420000
-0.313460 -10.023535 -0.031107 -1.120000 -0.770000 0.140000
-0.313460 -10.023535 -0.031107 -1.120000 -0.770000 0.140000
-0.177069 -9.934999 0.002393 -0.420000 -1.260000 -0.560000
-0.177069 -9.934999 0.002393 -0.420000 -1.260000 -0.560000
-0.212961 -10.047462 -0.157926 -0.350000 -0.070000 -0.560000
-0.160319 -9.891929 -0.100499 -0.980000 0.840000 -0.560000
-0.177069 -10.030712 0.011964 -0.140000 0.070000 -0.280000
-0.153141 -10.025927 -0.045464 1.190000 -0.420000 -0.490000
-0.279960 -9.583255 -0.009571 -2.380000 0.630000 -0.840000
-0.215354 -10.119246 -0.244068 -3.780000 0.910000 0.070000
-0.191426 -9.820145 0.033500 2.380000 0.770000 1.260000
-0.270389 -9.896714 0.035892 -0.070000 -1.540000 0.910000
-0.232104 -10.033106 0.002393 -1.260000 -1.680000 0.770000
-0.196211 -9.980463 -0.098106 -1.820000 -0.630000 -0.070000
-0.196211 -9.980463 -0.098106 -1.820000 -0.630000 -0.070000
-0.196211 -9.980463 -0.098106 -1.820000 -0.630000 -0.070000
-0.203390 -10.009177 -0.069392 1.330000 -0.070000 0.350000
-0.203390 -10.009177 -0.069392 1.330000 -0.070000 0.350000
-0.205783 -9.982857 -0.133998 -0.070000 0.140000 -0.490000
-0.196211 -9.923036 -0.014357 -0.070000 1.680000 -0.630000
-0.136391 -9.827322 -0.064606 0.560000 0.910000 -0.070000
-0.148355 -9.942179 -0.011964 0.350000 -0.070000 -0.350000
-0.198604 -9.879964 -0.045464 1.750000 0.560000 0.490000
-0.239282 -9.824929 0.045464 0.910000 0.070000 0.350000
-0.248854 -10.052249 -0.119641 -1.190000 -0.490000 0.210000
-0.189033 -9.987641 -0.045464 0.630000 0.980000 0.700000
-0.234497 -9.992428 -0.014357 0.840000 -0.280000 0.630000
-0.222532 -10.006784 0.059821 0.910000 -0.910000 1.050000
-0.153141 -9.760324 0.059821 -1.610000 -1.400000 0.210000
-0.153141 -9.760324 0.059821 -1.610000 -1.400000 0.210000
-0.133998 -9.997212 -0.186640 -0.980000 -1.190000 0.280000
-0.222532 -9.973285 -0.131605 1.820000 0.350000 0.560000
-0.217747 -10.054641 -0.050249 1.260000 0.350000 0.560000
-0.212961 -9.856036 -0.155533 0.980000 0.630000 0.420000
-0.098106 -9.978070 0.002393 2.240000 0.140000 1.050000
-0.098106 -9.978070 0.002393 2.240000 0.140000 1.050000
-0.253639 -9.894321 -0.035892 -0.560000 -0.070000 0.070000
-0.200997 -9.889536 -0.100499 -0.490000 -0.630000 0.280000
-0.200997 -9.889536 -0.100499 -0.490000 -0.630000 0.280000
