0.947558 -9.937392 -0.631705 -0.840000 1.400000 -0.210000
0.909273 -9.891929 -0.567099 -1.330000 0.350000 -0.770000
0.966700 -9.937392 -0.715454 -0.560000 -0.560000 -0.210000
0.964308 -9.934999 -0.715454 0.630000 -0.070000 -0.280000
0.964308 -9.934999 -0.715454 0.630000 -0.070000 -0.280000
0.966700 -9.791430 -0.605384 1.890000 -0.070000 0.350000
0.899701 -9.839286 -0.701097 -0.140000 0.280000 -0.070000
0.875773 -9.798609 -0.653241 -1.750000 -0.210000 -0.070000
1.050449 -9.872787 -0.734596 0.560000 -0.140000 0.700000
0.952343 -9.717253 -0.583849 2.170000 1.330000 0.700000
0.952343 -9.717253 -0.583849 2.170000 1.330000 0.700000
0.959522 -9.710074 -0.576670 0.420000 1.680000 0.700000
0.830309 -10.049855 -0.617348 -0.770000 -0.980000 0.770000
0.976272 -10.049855 -0.763310 -0.280000 -1.120000 -0.140000
0.976272 -10.049855 -0.763310 -0.280000 -1.120000 -0.140000
0.926022 -9.796216 -0.693919 2.450000 0.420000 -0.140000
0.926022 -9.796216 -0.693919 2.450000 0.420000 -0.140000
0.926022 -9.796216 -0.693919 2.450000 0.420000 -0.140000
0.926022 -9.796216 -0.693919 2.450000 0.420000 -0.140000
0.926022 -9.796216 -0.693919 2.450000 0.420000 -0.140000
0.926022 -9.796216 -0.693919 2.450000 0.420000 -0.140000
0.861416 -9.875179 -0.624527 0.490000 0.070000 0.490000
0.868595 -9.860823 -0.708275 -1.330000 0.560000 1.190000
0.916451 -9.992428 -0.614955 -0.070000 1.050000 0.840000
0.847059 -9.738789 -0.485743 0.910000 0.070000 -0.210000
0.847059 -9.738789 -0.485743 0.910000 0.070000 -0.210000
0.904487 -10.006784 -0.567099 -3.150000 0.210000 -0.560000
0.832702 -9.803394 -0.684347 -1.540000 -0.840000 -0.210000
0.906880 -10.023535 -0.677169 0.490000 -1.190000 0.490000
0.806381 -10.040283 -0.550349 -0.980000 -0.350000 -0.210000
0.892523 -9.937392 -0.631705 -1.330000 -1.260000 0.210000
0.902094 -9.951750 -0.811167 1.120000 -1.610000 -0.770000
0.775275 -9.944571 -0.777667 -2.100000 0.630000 -0.630000
0.775275 -9.944571 -0.777667 -2.100000 0.630000 -0.630000
0.892523 -9.915856 -0.787239 0.350000 0.630000 -0.490000
0.937986 -9.540184 -0.586242 3.570000 0.910000 0.770000
0.882952 -9.853643 -0.564706 -0.840000 0.350000 1.680000
0.933201 -9.994821 -0.801596 -3.360000 0.210000 0.490000
0.918844 -9.805787 -0.667598 0.700000 1.470000 0.490000
0.847059 -10.102496 -0.576670 0.560000 1.890000 0.630000
0.847059 -10.102496 -0.576670 0.560000 1.890000 0.630000
0.909273 -10.083356 -0.447458 0.630000 1.050000 -0.560000
0.914058 -9.997212 -0.626920 -0.350000 -0.420000 -1.330000
0.787239 -9.870394 -0.629312 0.140000 -0.140000 -1.330000
0.842274 -9.719646 -0.669990 1.960000 0.420000 -0.490000
0.866202 -9.836893 -0.550349 1.330000 0.980000 0.070000
0.870987 -9.631111 -0.483350 0.420000 0.350000 0.840000
0.870987 -9.631111 -0.483350 0.420000 0.350000 0.840000
0.866202 -9.829715 -0.586242 -0.560000 -0.420000 1.330000
0.911665 -9.765109 -0.550349 0.490000 -1.400000 0.560000
0.952343 -10.028319 -0.655633 -0.840000 -0.980000 1.820000
0.952343 -10.028319 -0.655633 -0.840000 -0.980000 1.820000
0.854238 -9.827322 -0.665205 2.100000 -0.700000 1.050000
0.875773 -10.021141 -0.622134 1.120000 -0.700000 1.120000
0.820738 -9.944571 -0.583849 0.980000 -0.420000 0.910000
