1.071985 -9.623933 2.258825 1.470000 0.420000 -0.700000
1.172483 -9.552148 2.313859 0.840000 0.350000 -0.630000
1.124627 -9.525827 2.275574 -0.350000 -0.280000 -1.190000
1.124627 -9.525827 2.275574 -0.350000 -0.280000 -1.190000
1.031307 -9.477970 2.266003 -0.630000 -0.630000 -1.050000
1.081556 -9.420543 2.215754 0.140000 -0.420000 0.210000
1.153341 -9.489935 2.277967 1.260000 0.140000 1.330000
1.122234 -9.497113 2.340181 1.190000 -0.210000 -0.630000
1.122234 -9.497113 2.340181 1.190000 -0.210000 -0.630000
1.167697 -9.530612 2.277967 0.700000 -0.420000 0.070000
1.167697 -9.530612 2.277967 0.700000 -0.420000 0.070000
1.162912 -9.571291 2.316252 -0.560000 -1.470000 -0.280000
1.205983 -9.504292 2.244468 -2.590000 -2.660000 0.280000
1.205983 -9.504292 2.244468 -2.590000 -2.660000 0.280000
1.179662 -9.647861 2.151148 0.770000 -1.680000 0.910000
1.129412 -9.542577 2.203789 1.610000 -1.120000 0.700000
1.136591 -9.609575 2.232504 0.210000 0.070000 -0.350000
1.162912 -9.609575 2.167897 1.680000 0.350000 -0.420000
1.162912 -9.609575 2.167897 1.680000 0.350000 -0.420000
1.162912 -9.609575 2.167897 1.680000 0.350000 -0.420000
1.162912 -9.609575 2.167897 1.680000 0.350000 -0.420000
1.162912 -9.609575 2.167897 1.680000 0.350000 -0.420000
1.220340 -9.437292 2.349752 -5.110000 0.770000 -1.050000
1.220340 -9.437292 2.349752 -5.110000 0.770000 -1.050000
1.136591 -9.602397 2.132005 -1.400000 0.350000 1.120000
1.136591 -9.602397 2.132005 -1.400000 0.350000 1.120000
1.086342 -9.631111 2.220540 -0.280000 -1.260000 0.280000
1.086342 -9.631111 2.220540 -0.280000 -1.260000 0.280000
1.103091 -9.626326 2.127219 0.210000 -1.190000 0.210000
1.103091 -9.626326 2.127219 0.210000 -1.190000 0.210000
1.024128 -9.600004 2.100898 -0.630000 -1.400000 0.490000
1.143769 -9.559326 2.009971 1.330000 -1.050000 0.630000
1.136591 -9.530612 2.100898 1.120000 -1.330000 1.120000
1.136591 -9.530612 2.100898 1.120000 -1.330000 1.120000
1.107877 -9.655040 2.002793 -0.350000 -0.420000 1.330000
1.107877 -9.655040 2.002793 -0.350000 -0.420000 1.330000
1.091127 -9.698111 2.105684 1.190000 -0.070000 0.350000
1.127020 -9.676575 2.074577 0.840000 -0.280000 -0.070000
1.127020 -9.676575 2.074577 0.840000 -0.280000 -0.070000
