0.363709 -9.777073 2.105684 -4.340000 3.150000 3.780000
0.330210 -9.879964 2.017149 -6.790000 3.430000 2.450000
0.272782 -9.702895 1.883151 -5.670000 4.270000 1.400000
0.495314 -9.573684 1.988436 -5.810000 3.570000 3.010000
0.409173 -9.556933 1.887937 -6.160000 4.130000 3.080000
0.320638 -9.686146 1.832902 -4.410000 5.460000 4.270000
0.320638 -9.686146 1.832902 -4.410000 5.460000 4.270000
0.358923 -9.987641 1.897508 -7.420000 6.160000 2.590000
0.358923 -9.987641 1.897508 -7.420000 6.160000 2.590000
0.277567 -9.851252 2.045863 -4.410000 7.490000 1.540000
0.370888 -9.786645 2.112862 -6.650000 5.460000 1.750000
0.354138 -9.683753 2.146362 -8.610000 4.900000 1.540000
0.301496 -9.382257 1.983650 -6.510000 5.670000 3.360000
0.267996 -9.647861 2.110470 -4.480000 5.670000 4.200000
0.267996 -9.647861 2.110470 -4.480000 5.670000 4.200000
0.299103 -9.786645 1.935793 -6.860000 3.850000 4.340000
0.373280 -9.844072 2.136791 -5.950000 2.940000 4.830000
0.260818 -9.848858 2.124826 -4.690000 4.270000 2.730000
0.342174 -9.891929 2.151148 -6.860000 2.380000 2.450000
0.301496 -9.781858 2.060220 -5.950000 2.380000 1.750000
0.430708 -9.765109 1.998007 -5.180000 2.870000 0.700000
0.430708 -9.765109 1.998007 -5.180000 2.870000 0.700000
0.354138 -9.382257 1.911865 -3.850000 4.340000 2.800000
0.354138 -9.382257 1.911865 -3.850000 4.340000 2.800000
0.306281 -9.647861 2.009971 -3.360000 3.780000 4.410000
0.334995 -9.705289 1.942972 -6.300000 2.870000 4.130000
0.325424 -9.791430 2.036292 -7.350000 3.150000 3.500000
0.282353 -9.786645 1.887937 -4.130000 4.690000 3.150000
0.282353 -9.786645 1.887937 -4.130000 4.690000 3.150000
0.287139 -9.590433 2.139183 -3.640000 6.440000 3.570000
0.244068 -9.583255 2.254039 -5.250000 3.920000 3.640000
0.251246 -9.626326 2.177469 -7.700000 2.730000 3.990000
0.334995 -9.695717 2.105684 -8.400000 2.940000 4.550000
0.344566 -9.908678 2.031506 -2.940000 3.570000 4.970000
0.344566 -9.908678 2.031506 -2.940000 3.570000 4.970000
0.344566 -9.908678 2.031506 -2.940000 3.570000 4.970000
0.344566 -9.908678 2.031506 -2.940000 3.570000 4.970000
0.344566 -9.908678 2.031506 -2.940000 3.570000 4.970000
0.344566 -9.908678 2.031506 -2.940000 3.570000 4.970000
0.291924 -9.635897 1.998007 -7.070000 5.040000 -0.770000
0.457029 -9.497113 2.103291 -6.230000 5.110000 0.070000
0.457029 -9.497113 2.103291 -6.230000 5.110000 0.070000
0.358923 -9.576077 2.084148 -5.530000 4.060000 2.030000
0.275175 -9.549755 2.009971 -4.970000 5.670000 1.960000
0.275175 -9.549755 2.009971 -4.970000 5.670000 1.960000
0.361316 -9.516255 2.060220 -6.090000 5.670000 3.500000
0.363709 -9.650253 2.076970 -5.880000 5.460000 3.990000
0.382852 -9.875179 2.151148 -6.090000 4.900000 3.080000
0.382852 -9.875179 2.151148 -6.090000 4.900000 3.080000
0.380459 -9.652647 2.081756 -4.620000 4.270000 3.290000
0.294317 -9.757930 2.103291 -6.090000 4.200000 3.290000
0.294317 -9.757930 2.103291 -6.090000 4.200000 3.290000
0.342174 -9.690931 1.995614 -5.040000 4.690000 2.590000
0.342174 -9.690931 1.995614 -5.040000 4.690000 2.590000
0.368495 -9.712467 2.024328 -6.300000 3.290000 3.290000
0.282353 -9.702895 1.964507 -6.230000 3.150000 3.570000
0.325424 -9.765109 1.950150 -6.580000 4.410000 2.660000
0.287139 -9.705289 1.919044 -5.250000 4.760000 2.870000
0.287139 -9.705289 1.919044 -5.250000 4.760000 2.870000
0.323031 -9.667004 1.986043 -5.530000 5.600000 3.220000
0.332602 -9.518648 2.096112 -7.070000 4.550000 3.150000
0.275175 -9.872787 2.069792 -5.180000 4.690000 3.780000
0.291924 -9.745967 2.050649 -5.880000 4.970000 3.500000
0.323031 -9.698111 2.041078 -5.460000 5.180000 3.640000
0.323031 -9.698111 2.041078 -5.460000 5.180000 3.640000
0.299103 -9.774680 2.000400 -4.270000 4.620000 3.500000
0.289532 -9.705289 2.045863 -5.880000 3.850000 3.430000
