3.615555 -7.477571 5.300103 -1.680000 -0.630000 -0.070000
3.625126 -7.350751 5.290531 0.840000 0.840000 0.140000
3.625126 -7.350751 5.290531 0.840000 0.840000 0.140000
3.527020 -7.405786 5.448457 -1.960000 -0.840000 0.210000
3.613162 -7.537392 5.194818 -0.140000 -0.630000 0.280000
3.613162 -7.537392 5.194818 -0.140000 -0.630000 0.280000
3.613162 -7.537392 5.194818 -0.140000 -0.630000 0.280000
3.402594 -7.489535 5.278566 1.610000 1.260000 -0.280000
3.402594 -7.489535 5.278566 1.610000 1.260000 -0.280000
3.402594 -7.489535 5.278566 1.610000 1.260000 -0.280000
3.675375 -7.448857 5.379066 1.120000 -0.490000 -0.840000
3.577270 -7.467999 5.362316 -1.960000 -1.050000 -1.260000
3.605984 -7.393822 5.158926 0.070000 -1.540000 -1.330000
3.605984 -7.393822 5.158926 0.070000 -1.540000 -1.330000
3.522235 -7.410572 5.223531 2.660000 -0.280000 -1.400000
3.692125 -7.173682 5.328816 3.290000 0.630000 -1.330000
3.692125 -7.173682 5.328816 3.290000 0.630000 -1.330000
3.692125 -7.173682 5.328816 3.290000 0.630000 -1.330000
3.598805 -7.274181 5.340781 -1.470000 -0.070000 0.280000
3.629912 -7.448857 5.221139 2.800000 0.700000 -0.700000
3.629912 -7.448857 5.221139 2.800000 0.700000 -0.700000
3.572484 -7.405786 5.477170 6.090000 0.280000 -0.910000
3.672983 -7.252645 5.316852 4.200000 1.330000 -3.010000
3.658626 -7.185646 5.491528 3.010000 2.310000 -3.290000
3.706482 -7.247860 5.505885 -1.190000 1.750000 -2.870000
3.694518 -7.183254 5.548956 -1.540000 0.420000 -2.520000
3.694518 -7.183254 5.548956 -1.540000 0.420000 -2.520000
3.754339 -7.085148 5.417351 -0.980000 1.120000 1.330000
3.605984 -7.255038 5.503492 -1.470000 0.980000 1.470000
3.699304 -7.377072 5.412565 -1.540000 -0.980000 0.210000
3.663411 -7.374680 5.367101 -1.330000 -0.560000 0.140000
3.644269 -7.271788 5.367101 -0.840000 0.210000 0.490000
3.687340 -7.372287 5.414958 0.980000 0.910000 0.210000
3.687340 -7.372287 5.414958 0.980000 0.910000 0.210000
3.670590 -7.398607 5.510671 1.890000 0.630000 0.210000
3.732803 -7.281359 5.391029 -0.770000 -0.770000 -1.330000
3.610770 -7.302894 5.309673 0.350000 -0.420000 -1.190000
3.610770 -7.302894 5.309673 0.350000 -0.420000 -1.190000
3.656233 -7.202396 5.501099 0.070000 -0.210000 -0.700000
3.634698 -7.348359 5.285746 -4.060000 -0.840000 0.280000
3.634698 -7.348359 5.285746 -4.060000 -0.840000 0.280000
3.634698 -7.219146 5.517848 0.280000 -0.630000 0.210000
3.634698 -7.219146 5.517848 0.280000 -0.630000 0.210000
3.761517 -7.121039 5.213961 -3.500000 -0.350000 1.400000
3.672983 -7.264609 5.359922 0.700000 1.330000 0.700000
3.672983 -7.264609 5.359922 0.700000 1.330000 0.700000
3.682554 -7.341179 5.331209 0.980000 1.050000 1.680000
3.696911 -7.420143 5.491528 -0.350000 0.630000 1.680000
3.675375 -7.582855 5.352744 -1.120000 -0.280000 1.820000
3.682554 -7.446464 5.201996 0.490000 0.560000 0.210000
3.682554 -7.446464 5.201996 0.490000 0.560000 0.210000
3.615555 -7.470392 5.225924 -0.070000 0.980000 0.280000
3.615555 -7.470392 5.225924 -0.070000 0.980000 0.280000
3.613162 -7.345965 5.505885 0.840000 1.260000 -0.700000
3.601198 -7.259824 5.489135 0.490000 0.840000 0.070000
3.601198 -7.259824 5.489135 0.490000 0.840000 0.070000
3.601198 -7.259824 5.489135 0.490000 0.840000 0.070000
3.656233 -7.441679 5.429315 -1.050000 -0.700000 0.420000
3.656233 -7.441679 5.429315 -1.050000 -0.700000 0.420000
