-1.811367 -9.073583 3.431308 0.700000 0.490000 0.210000
-1.799403 -9.195618 3.409772 -1.680000 0.700000 0.350000
-1.780260 -9.274581 3.383451 -0.070000 0.700000 -0.630000
-1.780260 -9.274581 3.383451 -0.070000 0.700000 -0.630000
-1.780260 -9.274581 3.383451 -0.070000 0.700000 -0.630000
-1.715654 -9.047262 3.440879 0.420000 0.980000 0.700000
-1.715654 -9.047262 3.440879 0.420000 0.980000 0.700000
-1.737189 -9.152546 3.488736 0.070000 0.700000 0.490000
-1.737189 -9.152546 3.488736 0.070000 0.700000 0.490000
-1.775474 -9.128618 3.378666 -0.840000 0.910000 1.190000
-1.775474 -9.128618 3.378666 -0.840000 0.910000 1.190000
-1.904687 -9.217153 3.567699 -1.470000 -0.140000 1.120000
-1.904687 -9.217153 3.567699 -1.470000 -0.140000 1.120000
-1.923829 -9.293723 3.294917 0.210000 0.910000 0.140000
-1.923829 -9.293723 3.294917 0.210000 0.910000 0.140000
-1.804188 -9.202796 3.409772 -0.700000 1.190000 -1.050000
-1.818545 -9.090333 3.443272 -0.350000 0.840000 -0.980000
-1.818545 -9.090333 3.443272 -0.350000 0.840000 -0.980000
-1.753939 -9.140583 3.407379 0.630000 0.350000 0.070000
-1.856830 -9.140583 3.407379 -0.560000 0.420000 -0.770000
-1.856830 -9.140583 3.407379 -0.560000 0.420000 -0.770000
-1.825724 -9.236296 3.297310 -4.340000 1.540000 -0.420000
-1.756332 -8.982656 3.424129 1.540000 -0.350000 0.350000
-1.756332 -8.982656 3.424129 1.540000 -0.350000 0.350000
-1.794617 -9.107083 3.136991 0.280000 0.910000 0.560000
-1.794617 -9.107083 3.136991 0.280000 0.910000 0.560000
-1.794617 -9.107083 3.136991 0.280000 0.910000 0.560000
-1.844866 -9.427721 3.132205 -6.510000 1.190000 0.840000
-1.842474 -9.128618 3.529413 3.220000 0.350000 -0.350000
-1.842474 -9.128618 3.529413 3.220000 0.350000 -0.350000
-1.801795 -9.360723 3.354738 -2.170000 1.050000 1.120000
-1.801795 -9.360723 3.354738 -2.170000 1.050000 1.120000
-1.849652 -9.190832 3.617948 2.310000 0.210000 -0.140000
-1.849652 -9.190832 3.617948 2.310000 0.210000 -0.140000
-1.940579 -9.379865 3.108276 -0.350000 2.380000 -0.560000
-1.849652 -9.183653 3.471986 -0.420000 1.050000 0.070000
-1.849652 -9.183653 3.471986 -0.420000 1.050000 0.070000
-1.811367 -9.317651 3.601198 -0.070000 1.120000 0.420000
-1.811367 -9.317651 3.601198 -0.070000 1.120000 0.420000
-1.811367 -9.317651 3.601198 -0.070000 1.120000 0.420000
-1.768296 -9.372685 3.263810 0.490000 1.400000 -1.120000
-1.768296 -9.372685 3.263810 0.490000 1.400000 -1.120000
-1.768296 -9.372685 3.263810 0.490000 1.400000 -1.120000
-1.768296 -9.372685 3.263810 0.490000 1.400000 -1.120000
-1.768296 -9.372685 3.263810 0.490000 1.400000 -1.120000
-1.768296 -9.372685 3.263810 0.490000 1.400000 -1.120000
-1.732404 -9.389436 3.270989 -0.210000 0.140000 0.350000
-1.825724 -9.095119 3.555735 -1.890000 -0.280000 -0.630000
-1.825724 -9.095119 3.555735 -1.890000 -0.280000 -0.630000
-1.866402 -9.387043 3.225525 -1.960000 1.750000 -0.490000
-1.866402 -9.387043 3.225525 -1.960000 1.750000 -0.490000
-1.866402 -9.387043 3.225525 -1.960000 1.750000 -0.490000
-1.768296 -9.114261 3.316452 1.960000 0.910000 0.280000
-1.768296 -9.114261 3.316452 1.960000 0.910000 0.280000
-1.768296 -9.114261 3.316452 1.960000 0.910000 0.280000
-1.737189 -9.142976 3.402594 -0.560000 0.630000 0.350000
