0.641276 1.957329 9.279366 -1.820000 0.560000 -0.350000
0.641276 1.957329 9.279366 -1.820000 0.560000 -0.350000
0.492921 2.009971 9.284152 -1.050000 1.470000 0.490000
0.492921 2.009971 9.284152 -1.050000 1.470000 0.490000
0.574277 1.847259 9.310472 -0.630000 1.190000 0.560000
0.574277 1.847259 9.310472 -0.630000 1.190000 0.560000
0.538385 1.954936 9.396614 -0.350000 1.680000 0.420000
0.557528 1.909473 9.377472 -0.070000 1.400000 0.350000
0.557528 1.909473 9.377472 -0.070000 1.400000 0.350000
0.605384 1.868794 9.399008 -0.700000 0.630000 -0.280000
0.519243 1.983650 9.470792 0.280000 -0.420000 -0.630000
0.612563 1.899901 9.322437 -0.210000 -1.120000 -0.910000
0.533599 1.993221 9.248260 -0.210000 -0.840000 -0.630000
0.533599 1.993221 9.248260 -0.210000 -0.840000 -0.630000
0.655633 1.954936 9.171689 -0.630000 -0.420000 -0.350000
0.545564 1.907080 9.111869 -0.630000 -0.140000 -0.420000
0.605384 1.993221 9.121440 1.260000 2.030000 -0.070000
0.605384 1.993221 9.121440 1.260000 2.030000 -0.070000
0.509671 1.998007 9.248260 -0.350000 2.310000 0.350000
0.509671 1.998007 9.248260 -0.350000 2.310000 0.350000
0.509671 1.998007 9.248260 -0.350000 2.310000 0.350000
0.490529 1.964507 9.444471 -0.630000 2.520000 1.960000
0.495314 1.840081 9.523434 -0.560000 0.630000 0.770000
0.543171 1.840081 9.418150 -1.610000 0.280000 0.140000
0.600598 1.880759 9.442079 -0.070000 -0.350000 -0.210000
0.540778 1.844866 9.322437 1.400000 -0.280000 -0.560000
0.478565 1.875973 9.332008 -0.910000 -1.190000 -0.630000
0.478565 1.875973 9.332008 -0.910000 -1.190000 -0.630000
0.478565 1.875973 9.332008 -0.910000 -1.190000 -0.630000
0.521635 1.847259 9.248260 -0.210000 0.070000 -1.330000
0.550349 1.914258 9.310472 0.210000 -0.140000 -1.470000
0.569492 1.859223 9.308081 -0.280000 0.070000 -1.050000
0.516850 1.909473 9.288938 0.490000 0.280000 -1.400000
0.567099 1.954936 9.315259 0.070000 0.140000 -0.910000
0.567099 1.954936 9.315259 0.070000 0.140000 -0.910000
0.519243 1.938186 9.269794 -0.140000 -0.280000 -0.770000
0.519243 1.938186 9.269794 -0.140000 -0.280000 -0.770000
0.519243 1.938186 9.269794 -0.140000 -0.280000 -0.770000
0.500100 1.916651 9.162118 -0.490000 0.070000 -0.280000
0.543171 1.959722 9.308081 -0.210000 0.140000 0.350000
0.480957 1.897508 9.327222 -1.120000 -0.420000 0.070000
0.526421 1.935793 9.303294 1.260000 0.280000 -0.560000
0.526421 1.935793 9.303294 1.260000 0.280000 -0.560000
0.569492 1.959722 9.293723 0.210000 -0.210000 -0.140000
0.547956 1.931008 9.245867 0.210000 0.140000 -0.140000
0.612563 1.897508 9.219545 -0.700000 0.210000 -0.140000
0.612563 1.897508 9.219545 -0.700000 0.210000 -0.140000
0.583849 1.954936 9.142976 -1.610000 0.350000 -0.700000
0.583849 1.954936 9.142976 -1.610000 0.350000 -0.700000
0.610170 1.947758 9.176475 -1.610000 0.980000 -0.280000
0.610170 1.947758 9.176475 -1.610000 0.980000 -0.280000
0.610170 1.947758 9.176475 -1.610000 0.980000 -0.280000
0.567099 1.921437 9.269794 -0.070000 1.540000 0.630000
0.550349 1.909473 9.248260 0.070000 1.400000 2.030000
0.545564 1.871187 9.300901 -0.560000 1.400000 1.470000
0.562313 1.820938 9.212367 0.070000 1.190000 0.840000
0.559920 1.864009 9.178867 -0.420000 0.980000 0.630000
