3.735196 -7.412964 5.434100 0.350000 0.420000 -0.070000
3.735196 -7.412964 5.434100 0.350000 0.420000 -0.070000
3.864408 -7.183254 5.419744 0.770000 0.770000 -0.420000
3.737589 -7.343572 5.503492 -1.330000 -0.700000 -0.910000
3.737589 -7.343572 5.503492 -1.330000 -0.700000 -0.910000
3.737589 -7.343572 5.503492 -1.330000 -0.700000 -0.910000
3.778267 -7.089933 5.477170 -1.120000 -0.280000 -0.210000
3.799802 -7.195218 5.481956 0.490000 0.420000 0.420000
3.799802 -7.195218 5.481956 0.490000 0.420000 0.420000
3.701697 -7.355537 5.508278 1.120000 -0.280000 0.280000
3.701697 -7.355537 5.508278 1.120000 -0.280000 0.280000
3.885944 -7.267002 5.410172 -0.350000 -0.070000 -0.840000
3.718446 -7.360322 5.513064 0.630000 -0.070000 -0.280000
3.704089 -7.278966 5.455636 0.070000 0.560000 -1.470000
3.704089 -7.278966 5.455636 0.070000 0.560000 -1.470000
3.802195 -7.185646 5.539384 -1.330000 -0.980000 -0.910000
3.802195 -7.185646 5.539384 -1.330000 -0.980000 -0.910000
3.811767 -7.214360 5.544170 2.310000 0.420000 0.140000
3.811767 -7.214360 5.544170 2.310000 0.420000 0.140000
3.826123 -7.197611 5.419744 -1.050000 -0.210000 0.420000
3.826123 -7.197611 5.419744 -1.050000 -0.210000 0.420000
3.778267 -7.188039 5.589634 1.540000 0.910000 -0.350000
3.754339 -7.252645 5.527420 -0.700000 -0.350000 0.280000
3.806981 -7.307681 5.627919 0.840000 0.210000 0.070000
3.806981 -7.307681 5.627919 0.840000 0.210000 0.070000
3.751946 -7.312466 5.529813 -1.050000 -0.770000 -0.280000
3.751946 -7.312466 5.529813 -1.050000 -0.770000 -0.280000
3.818945 -7.159326 5.623133 -0.560000 -0.770000 -0.560000
3.720839 -7.262216 5.539384 0.770000 0.140000 -0.280000
3.720839 -7.262216 5.539384 0.770000 0.140000 -0.280000
3.797409 -7.259824 5.486742 0.280000 -0.140000 -0.560000
3.797409 -7.259824 5.486742 0.280000 -0.140000 -0.560000
3.869194 -7.154540 5.398208 0.910000 0.420000 -0.560000
3.845266 -7.283752 5.352744 0.770000 0.420000 -0.280000
3.845266 -7.283752 5.352744 0.770000 0.420000 -0.280000
3.914658 -7.128219 5.412565 -0.700000 0.770000 0.700000
3.914658 -7.128219 5.412565 -0.700000 0.770000 0.700000
3.914658 -7.128219 5.412565 -0.700000 0.770000 0.700000
3.732803 -7.214360 5.484349 1.820000 1.680000 0.280000
3.732803 -7.214360 5.484349 1.820000 1.680000 0.280000
3.859623 -7.288538 5.692525 0.350000 0.630000 0.140000
3.859623 -7.288538 5.692525 0.350000 0.630000 0.140000
3.818945 -7.295716 5.503492 -2.380000 -0.840000 0.910000
3.847659 -7.235896 5.546563 -1.820000 -0.560000 0.280000
3.833302 -7.307681 5.465207 -0.770000 -0.980000 0.280000
3.771089 -7.350751 5.465207 2.030000 0.840000 0.420000
3.771089 -7.350751 5.465207 2.030000 0.840000 0.420000
3.716053 -7.231110 5.587241 0.420000 -0.140000 -0.630000
3.716053 -7.231110 5.587241 0.420000 -0.140000 -0.630000
3.857230 -7.243074 5.333601 -0.980000 0.770000 0.630000
