0.760918 -9.863215 -0.212961 2.730000 0.490000 0.420000
0.849452 -9.884750 -0.196211 0.840000 0.980000 0.910000
0.842274 -9.975677 -0.191426 -1.680000 -0.910000 0.770000
0.727418 -9.901501 -0.299103 0.770000 0.910000 0.210000
0.727418 -9.901501 -0.299103 0.770000 0.910000 0.210000
0.748954 -9.827322 -0.318245 1.190000 0.560000 0.210000
0.748954 -9.827322 -0.318245 1.190000 0.560000 0.210000
0.748954 -9.827322 -0.318245 1.190000 0.560000 0.210000
0.777667 -9.982857 -0.157926 1.610000 0.560000 -0.560000
0.765703 -10.033106 -0.368495 0.980000 0.980000 -0.700000
0.727418 -9.889536 -0.325424 -1.050000 0.070000 0.140000
0.727418 -9.889536 -0.325424 -1.050000 0.070000 0.140000
0.796810 -9.856036 -0.279960 -1.260000 0.070000 0.280000
0.847059 -9.944571 -0.325424 1.260000 0.490000 -0.560000
0.782453 -9.767502 -0.272782 0.280000 0.840000 0.840000
0.782453 -9.767502 -0.272782 0.280000 0.840000 0.840000
0.863809 -9.896714 -0.311067 -1.400000 1.470000 2.240000
0.863809 -9.896714 -0.311067 -1.400000 1.470000 2.240000
0.863809 -9.896714 -0.311067 -1.400000 1.470000 2.240000
0.732204 -10.155140 -0.234497 -0.560000 0.350000 1.120000
0.775275 -10.035499 -0.277567 1.190000 0.910000 0.700000
0.674776 -9.915856 -0.198604 0.910000 1.680000 0.770000
0.756132 -9.992428 -0.081356 1.120000 0.420000 0.770000
0.787239 -9.911072 -0.071785 1.400000 -0.560000 0.630000
0.787239 -9.911072 -0.071785 1.400000 -0.560000 0.630000
0.708275 -9.899107 -0.205783 -2.730000 -0.980000 1.050000
0.734596 -10.040283 -0.189033 1.330000 -1.400000 -0.280000
0.734596 -10.040283 -0.189033 1.330000 -1.400000 -0.280000
0.708275 -9.958927 -0.289532 -0.350000 -0.070000 -0.280000
0.734596 -9.987641 -0.244068 0.700000 0.490000 -0.350000
0.715454 -9.877571 -0.133998 1.540000 1.120000 -0.210000
0.818345 -10.013963 -0.150748 -2.800000 -0.350000 0.630000
0.763310 -10.042676 -0.311067 -2.730000 -0.490000 0.420000
0.827917 -9.968499 -0.301496 1.820000 0.280000 -0.350000
0.799203 -9.944571 -0.208176 -0.280000 -0.070000 -0.070000
0.727418 -9.875179 -0.224925 0.490000 -0.210000 -0.070000
0.792024 -9.966106 -0.275175 0.070000 -0.070000 -0.070000
0.792024 -9.966106 -0.275175 0.070000 -0.070000 -0.070000
0.727418 -9.951750 -0.229711 0.140000 0.700000 0.280000
0.691526 -9.949356 -0.232104 -0.140000 -0.070000 0.210000
0.758525 -9.879964 -0.303888 0.840000 -0.210000 0.070000
0.674776 -9.903893 -0.105284 1.120000 1.190000 -0.070000
0.674776 -9.903893 -0.105284 1.120000 1.190000 -0.070000
0.763310 -9.896714 -0.193819 1.470000 0.630000 0.140000
0.710668 -9.901501 -0.047856 -2.800000 0.140000 1.190000
