9.219545 0.557528 3.046063 0.630000 0.420000 0.210000
9.219545 0.557528 3.046063 0.630000 0.420000 0.210000
9.257831 0.516850 3.093920 0.630000 0.140000 0.070000
9.221939 0.442672 3.067599 0.770000 0.070000 0.490000
9.219545 0.421137 3.024528 0.840000 -0.700000 -0.910000
9.219545 0.421137 3.024528 0.840000 -0.700000 -0.910000
9.171689 0.471386 3.038885 1.050000 -0.280000 -1.120000
9.174082 0.464208 2.962314 0.350000 -0.070000 -1.050000
9.188439 0.504886 3.048456 1.050000 0.700000 -0.280000
9.238688 0.521635 3.074777 0.280000 0.560000 0.070000
9.238688 0.521635 3.074777 0.280000 0.560000 0.070000
9.214760 0.564706 3.101098 0.980000 0.630000 -0.630000
9.214760 0.564706 3.101098 0.980000 0.630000 -0.630000
9.186047 0.457029 3.043670 1.120000 0.420000 -0.980000
9.166903 0.516850 3.105884 0.140000 -0.070000 -0.630000
9.224331 0.538385 3.058028 1.330000 -0.210000 -1.120000
9.229117 0.583849 3.055635 0.280000 0.070000 -0.700000
9.229117 0.583849 3.055635 0.280000 0.070000 -0.700000
9.145369 0.521635 3.058028 1.470000 0.560000 0.210000
9.145369 0.521635 3.058028 1.470000 0.560000 0.210000
9.212367 0.634098 3.153740 0.770000 0.560000 -0.070000
9.212367 0.634098 3.153740 0.770000 0.560000 -0.070000
9.212367 0.634098 3.153740 0.770000 0.560000 -0.070000
9.212367 0.634098 3.153740 0.770000 0.560000 -0.070000
9.195618 0.464208 3.041277 0.910000 -0.420000 0.070000
9.195618 0.464208 3.041277 0.910000 -0.420000 0.070000
9.195618 0.464208 3.041277 0.910000 -0.420000 0.070000
9.195618 0.464208 3.041277 0.910000 -0.420000 0.070000
9.195618 0.464208 3.041277 0.910000 -0.420000 0.070000
9.195618 0.464208 3.041277 0.910000 -0.420000 0.070000
9.142976 0.535992 3.074777 0.910000 -0.630000 -0.770000
9.226725 0.552742 3.120241 -0.420000 -0.140000 -0.280000
9.262616 0.464208 3.062813 0.490000 -0.210000 -0.910000
9.145369 0.588634 3.048456 0.840000 0.630000 -0.910000
9.190832 0.571885 3.086741 0.560000 0.280000 -0.420000
9.123833 0.576670 3.125026 0.980000 0.420000 -0.070000
9.145369 0.516850 3.079563 0.700000 -0.350000 -0.560000
