0.990629 -9.731609 2.234896 0.420000 0.420000 -0.140000
0.990629 -9.731609 2.234896 0.420000 0.420000 -0.140000
1.064806 -9.722038 2.222932 0.980000 0.350000 0.070000
1.064806 -9.722038 2.222932 0.980000 0.350000 0.070000
1.069592 -9.638289 2.220540 1.680000 0.280000 -0.210000
0.945165 -9.413363 2.005185 -0.350000 -0.210000 -0.490000
1.026521 -9.336794 1.966900 0.070000 -0.210000 0.140000
1.148555 -9.355937 2.072184 -1.680000 0.980000 0.980000
1.220340 -9.480364 2.199004 -0.910000 1.050000 2.100000
1.112662 -9.652647 2.160719 -1.120000 0.560000 2.590000
1.112662 -9.652647 2.160719 -1.120000 0.560000 2.590000
1.110270 -9.750752 2.132005 -0.980000 0.140000 1.960000
1.026521 -9.870394 2.218147 0.770000 0.490000 0.910000
0.995414 -9.839286 2.153540 0.630000 0.490000 0.350000
1.016950 -9.760324 2.206182 2.800000 0.490000 0.350000
1.016950 -9.760324 2.206182 2.800000 0.490000 0.350000
1.067199 -9.645468 2.191825 1.400000 -1.400000 -1.400000
0.942772 -9.477970 2.129612 -1.820000 -1.680000 -1.540000
0.942772 -9.477970 2.129612 -1.820000 -1.680000 -1.540000
1.033699 -9.348758 1.952543 -0.280000 -0.770000 -0.630000
1.038485 -9.461221 2.031506 1.750000 0.070000 1.400000
0.954736 -9.458827 2.084148 0.070000 0.420000 0.980000
0.954736 -9.458827 2.084148 0.070000 0.420000 0.980000
0.954736 -9.458827 2.084148 0.070000 0.420000 0.980000
1.038485 -9.422935 2.163112 -0.210000 0.840000 2.100000
0.978664 -9.573684 2.232504 -1.260000 -0.700000 2.730000
1.028914 -9.772287 2.172683 -1.190000 -0.840000 2.870000
1.026521 -9.757930 2.232504 -0.420000 -0.630000 2.310000
0.997807 -9.743573 2.237289 0.210000 -1.120000 1.540000
0.957129 -9.822537 2.172683 -0.070000 -1.750000 0.840000
0.947558 -9.829715 2.129612 -6.300000 -1.330000 -0.280000
1.009771 -9.748360 2.024328 0.490000 -1.820000 -0.700000
1.038485 -9.686146 2.026721 2.590000 -1.470000 -0.700000
1.038485 -9.686146 2.026721 2.590000 -1.470000 -0.700000
0.870987 -9.714860 2.088934 0.840000 -0.980000 -1.750000
0.988236 -9.729217 2.012364 1.330000 -0.630000 -2.380000
0.988236 -9.729217 2.012364 1.330000 -0.630000 -2.380000
0.954736 -9.573684 2.038685 1.190000 1.050000 -2.380000
1.019342 -9.602397 2.007578 -0.140000 0.980000 -2.590000
1.103091 -9.619147 2.103291 1.820000 1.750000 -1.750000
1.103091 -9.619147 2.103291 1.820000 1.750000 -1.750000
1.074377 -9.537791 2.191825 -0.560000 0.350000 -2.030000
1.074377 -9.537791 2.191825 -0.560000 0.350000 -2.030000
1.074377 -9.537791 2.191825 -0.560000 0.350000 -2.030000
1.064806 -9.525827 2.103291 0.770000 0.070000 -0.700000
1.050449 -9.499505 2.187040 2.030000 0.490000 0.070000
1.050449 -9.499505 2.187040 2.030000 0.490000 0.070000
1.060020 -9.592826 2.172683 0.910000 0.210000 0.700000
1.060020 -9.592826 2.172683 0.910000 0.210000 0.700000
1.060020 -9.592826 2.172683 0.910000 0.210000 0.700000
