0.497707 -9.623933 2.155933 1.960000 5.180000 2.870000
0.445065 -9.865608 2.074577 -6.930000 3.500000 2.870000
0.445065 -9.865608 2.074577 -6.930000 3.500000 2.870000
0.425922 -9.793823 2.120041 -6.860000 3.920000 3.150000
0.380459 -9.808180 2.072184 -7.560000 4.550000 2.870000
0.500100 -9.698111 2.096112 -4.270000 5.040000 2.660000
0.378066 -9.743573 2.134398 -6.510000 4.340000 2.660000
0.378066 -9.743573 2.134398 -6.510000 4.340000 2.660000
0.502493 -9.700503 2.222932 -7.700000 3.500000 2.870000
0.363709 -9.676575 2.115255 -4.270000 3.780000 2.030000
0.363709 -9.676575 2.115255 -4.270000 3.780000 2.030000
0.430708 -9.734003 2.139183 -5.810000 4.480000 1.890000
0.466600 -9.724431 1.990828 -7.700000 3.780000 2.380000
0.435494 -9.633504 2.007578 -5.320000 3.080000 2.800000
0.435494 -9.633504 2.007578 -5.320000 3.080000 2.800000
0.409173 -9.700503 2.007578 -5.880000 4.620000 2.520000
0.488136 -9.533006 2.163112 -4.970000 4.410000 3.080000
0.488136 -9.533006 2.163112 -4.970000 4.410000 3.080000
0.507278 -9.755538 2.062613 -6.020000 3.640000 3.080000
0.461815 -9.750752 2.024328 -6.230000 3.640000 2.870000
0.478565 -9.786645 2.112862 -6.790000 3.780000 2.730000
0.478565 -9.786645 2.112862 -6.790000 3.780000 2.730000
0.476172 -9.719646 2.036292 -5.880000 5.110000 2.100000
0.476172 -9.719646 2.036292 -5.880000 5.110000 2.100000
0.540778 -9.506684 2.086541 -9.660000 3.570000 3.150000
0.524028 -9.743573 2.031506 -5.670000 4.060000 2.660000
0.524028 -9.743573 2.031506 -5.670000 4.060000 2.660000
0.466600 -9.712467 1.988436 -3.920000 4.690000 2.520000
0.478565 -9.533006 1.983650 -5.390000 4.550000 2.730000
0.588634 -9.717253 2.065006 -4.340000 5.250000 2.450000
0.464208 -9.667004 2.182254 -4.410000 5.600000 2.520000
0.519243 -9.652647 2.093720 -5.880000 3.780000 3.150000
0.519243 -9.652647 2.093720 -5.880000 3.780000 3.150000
0.538385 -9.681360 2.069792 -7.630000 3.500000 3.640000
0.538385 -9.681360 2.069792 -7.630000 3.500000 3.640000
0.411566 -9.717253 1.909473 -4.410000 4.200000 3.920000
0.538385 -9.808180 2.053042 -4.970000 5.180000 3.850000
0.538385 -9.808180 2.053042 -4.970000 5.180000 3.850000
0.466600 -9.669396 2.081756 -5.670000 4.620000 2.940000
0.461815 -9.824929 2.084148 -8.190000 3.920000 2.730000
0.485743 -9.741181 2.024328 -5.530000 5.040000 2.100000
0.485743 -9.741181 2.024328 -5.530000 5.040000 2.100000
0.485743 -9.741181 2.024328 -5.530000 5.040000 2.100000
0.492921 -9.700503 2.050649 -6.720000 5.040000 2.380000
0.428315 -9.571291 2.139183 -2.450000 5.110000 2.100000
0.480957 -9.616754 2.103291 -7.840000 2.800000 3.780000
0.543171 -9.729217 2.012364 -4.970000 4.270000 3.430000
0.543171 -9.729217 2.012364 -4.970000 4.270000 3.430000
0.368495 -9.559326 1.959722 -6.160000 4.620000 4.130000
0.368495 -9.559326 1.959722 -6.160000 4.620000 4.130000
0.440279 -9.631111 2.096112 -5.740000 4.130000 4.900000
0.440279 -9.631111 2.096112 -5.740000 4.130000 4.900000
0.454636 -9.688539 2.096112 -7.140000 2.520000 5.180000
