3.227918 -8.023134 4.814359 1.890000 2.310000 -0.140000
3.337988 -8.013563 4.713861 0.070000 0.980000 -0.420000
3.440879 -7.948956 4.764110 -1.330000 0.210000 0.840000
3.440879 -7.948956 4.764110 -1.330000 0.210000 0.840000
3.361916 -8.003991 4.685147 0.140000 0.770000 0.980000
3.361916 -8.003991 4.685147 0.140000 0.770000 0.980000
3.299703 -8.075776 4.632504 0.490000 0.140000 0.070000
3.299703 -8.075776 4.632504 0.490000 0.140000 0.070000
3.290131 -8.032705 4.730610 1.330000 0.700000 0.070000
3.385844 -7.932207 4.639683 -0.420000 -0.490000 -0.770000
3.428915 -7.884350 4.639683 -0.210000 -0.770000 0.140000
3.428915 -7.884350 4.639683 -0.210000 -0.770000 0.140000
3.299703 -8.013563 4.589434 -4.550000 -1.260000 0.560000
3.299703 -8.013563 4.589434 -4.550000 -1.260000 0.560000
3.299703 -8.013563 4.589434 -4.550000 -1.260000 0.560000
3.357130 -8.049455 4.613362 0.910000 -0.280000 0.560000
3.321238 -8.169096 4.833502 -0.140000 -1.820000 0.280000
3.400201 -8.003991 4.433900 1.260000 -0.210000 0.630000
3.400201 -8.003991 4.433900 1.260000 -0.210000 0.630000
3.400201 -8.003991 4.433900 1.260000 -0.210000 0.630000
3.330809 -8.073383 4.606184 -1.820000 -0.700000 -0.280000
3.294917 -8.145168 4.692325 3.710000 -0.280000 -0.840000
3.294917 -8.145168 4.692325 3.710000 -0.280000 -0.840000
3.467200 -7.836494 4.584648 -1.260000 0.070000 -0.140000
3.467200 -7.836494 4.584648 -1.260000 0.070000 -0.140000
3.488736 -8.082954 4.579862 0.420000 -0.560000 1.120000
3.440879 -8.039884 4.630112 -0.420000 0.280000 0.980000
3.440879 -8.039884 4.630112 -0.420000 0.280000 0.980000
3.440879 -8.039884 4.630112 -0.420000 0.280000 0.980000
3.369094 -7.989635 4.718646 -0.980000 -0.560000 0.980000
3.369094 -7.989635 4.718646 -0.980000 -0.560000 0.980000
3.266203 -8.123632 4.663611 1.750000 0.700000 -0.070000
3.314059 -7.989635 4.752146 0.560000 0.630000 -0.840000
3.306881 -7.948956 4.730610 -2.170000 0.490000 -0.070000
3.426522 -7.941778 4.790431 0.980000 0.070000 0.560000
3.426522 -7.941778 4.790431 0.980000 0.070000 0.560000
3.337988 -8.126025 4.785645 -0.070000 -1.610000 0.350000
3.378666 -8.075776 4.524827 -0.140000 -1.680000 -0.280000
3.419343 -7.927422 4.512863 0.560000 0.420000 0.910000
3.419343 -7.927422 4.512863 0.560000 0.420000 0.910000
3.419343 -7.927422 4.512863 0.560000 0.420000 0.910000
3.467200 -7.884350 4.527221 -6.860000 -0.560000 0.700000
3.467200 -7.884350 4.527221 -6.860000 -0.560000 0.700000
3.412165 -8.037491 4.445865 -1.260000 -0.700000 1.470000
3.412165 -8.037491 4.445865 -1.260000 -0.700000 1.470000
3.349952 -8.061419 4.558327 0.350000 1.260000 0.210000
