1.584049 -9.774680 -0.071785 -1.750000 -0.490000 -0.350000
1.584049 -9.774680 -0.071785 -1.750000 -0.490000 -0.350000
1.603191 -9.779467 -0.014357 -0.700000 -1.330000 -0.140000
1.538585 -9.786645 -0.028714 0.700000 -2.030000 -0.070000
1.483550 -9.698111 -0.064606 -0.840000 -1.750000 0.210000
1.483550 -9.698111 -0.064606 -0.840000 -1.750000 0.210000
1.593620 -9.812965 -0.043071 1.120000 -1.120000 0.630000
1.500300 -9.853643 -0.014357 0.350000 -1.260000 0.490000
1.519442 -9.827322 -0.059821 0.910000 -0.700000 0.560000
1.555335 -9.858429 -0.124427 -0.630000 -0.980000 0.420000
1.555335 -9.858429 -0.124427 -0.630000 -0.980000 0.420000
1.588834 -9.920642 -0.023928 0.770000 -1.330000 -0.280000
1.622334 -9.956534 -0.045464 1.050000 -2.030000 -1.190000
1.567299 -9.789038 0.004786 0.490000 -0.350000 -0.630000
1.567299 -9.789038 0.004786 0.490000 -0.350000 -0.630000
1.567299 -9.789038 0.004786 0.490000 -0.350000 -0.630000
1.658226 -9.741181 0.011964 1.820000 -0.210000 -0.630000
1.512264 -9.674182 -0.016750 1.190000 -0.280000 -0.490000
1.512264 -9.674182 -0.016750 1.190000 -0.280000 -0.490000
1.653440 -9.602397 -0.002393 -0.280000 0.210000 0.280000
1.526621 -9.801002 0.172283 2.310000 0.070000 0.700000
1.526621 -9.801002 0.172283 2.310000 0.070000 0.700000
1.579263 -9.858429 -0.021535 2.520000 -0.490000 0.210000
1.564906 -9.777073 0.014357 0.490000 -1.610000 0.280000
1.517050 -9.899107 -0.021535 1.610000 -1.330000 0.280000
1.538585 -9.891929 0.019143 -0.140000 -2.240000 -0.700000
1.538585 -9.891929 0.019143 -0.140000 -2.240000 -0.700000
1.569692 -9.805787 -0.016750 2.170000 -1.470000 -0.280000
1.560120 -9.839286 -0.078963 0.350000 -0.630000 0.140000
1.596013 -9.829715 0.033500 0.770000 -0.980000 -0.910000
1.509871 -9.851252 -0.129212 0.140000 0.140000 -0.210000
1.574477 -9.753145 -0.002393 1.470000 0.280000 -0.490000
1.574477 -9.753145 -0.002393 1.470000 0.280000 -0.490000
1.562513 -9.731609 0.064606 0.420000 0.630000 -0.280000
1.562513 -9.731609 0.064606 0.420000 0.630000 -0.280000
1.543371 -9.767502 0.031107 0.140000 0.490000 -0.280000
1.497907 -9.753145 0.078963 -1.400000 0.350000 0.560000
1.579263 -9.865608 0.026321 0.910000 -0.210000 0.420000
1.653440 -9.841680 -0.031107 1.260000 0.350000 0.420000
1.653440 -9.841680 -0.031107 1.260000 0.350000 0.420000
