-0.155533 -9.700503 1.959722 -5.320000 5.180000 3.360000
-0.289532 -9.769895 1.907080 -6.300000 4.830000 3.010000
-0.289532 -9.769895 1.907080 -6.300000 4.830000 3.010000
-0.366102 -9.664611 1.840081 -7.280000 4.550000 2.940000
-0.291924 -9.834501 1.907080 -6.930000 5.670000 3.220000
-0.296710 -9.808180 1.983650 -4.480000 7.350000 1.890000
-0.289532 -9.621540 1.971686 -7.560000 5.530000 2.800000
-0.301496 -9.719646 1.974079 -5.530000 5.320000 2.870000
-0.301496 -9.719646 1.974079 -5.530000 5.320000 2.870000
-0.284746 -9.631111 1.952543 -4.900000 5.040000 3.570000
-0.284746 -9.631111 1.952543 -4.900000 5.040000 3.570000
-0.315853 -9.786645 2.033899 -4.760000 4.620000 3.010000
-0.296710 -9.839286 1.995614 -5.600000 4.270000 3.150000
-0.279960 -9.901501 2.050649 -4.410000 3.780000 3.290000
-0.323031 -9.765109 1.864009 -6.020000 3.710000 2.380000
-0.323031 -9.765109 1.864009 -6.020000 3.710000 2.380000
-0.330210 -9.710074 1.871187 -5.460000 3.780000 2.310000
-0.330210 -9.710074 1.871187 -5.460000 3.780000 2.310000
-0.291924 -9.781858 1.988436 -4.200000 4.270000 2.240000
-0.220140 -9.710074 1.959722 -5.600000 3.990000 2.310000
-0.256032 -9.767502 1.916651 -5.320000 3.920000 1.470000
-0.224925 -9.662218 1.971686 -5.950000 4.690000 1.540000
-0.251246 -9.686146 1.904687 -5.460000 4.900000 1.820000
-0.234497 -9.619147 2.017149 -5.110000 3.640000 2.730000
-0.241675 -9.645468 1.923829 -6.230000 3.430000 2.730000
-0.241675 -9.645468 1.923829 -6.230000 3.430000 2.730000
-0.241675 -9.645468 1.923829 -6.230000 3.430000 2.730000
-0.241675 -9.645468 1.923829 -6.230000 3.430000 2.730000
-0.241675 -9.645468 1.923829 -6.230000 3.430000 2.730000
-0.241675 -9.645468 1.923829 -6.230000 3.430000 2.730000
-0.241675 -9.645468 1.923829 -6.230000 3.430000 2.730000
-0.196211 -9.724431 1.866402 -6.090000 4.620000 2.940000
-0.217747 -9.736395 1.892723 -4.690000 4.760000 2.240000
-0.256032 -9.700503 1.974079 -5.180000 4.760000 2.870000
-0.256032 -9.700503 1.974079 -5.180000 4.760000 2.870000
-0.258425 -9.724431 1.988436 -5.740000 4.900000 2.310000
-0.263210 -9.650253 2.038685 -4.900000 4.410000 2.660000
-0.224925 -9.760324 1.981257 -5.390000 3.710000 3.500000
-0.236889 -9.712467 1.954936 -4.620000 3.850000 3.220000
-0.260818 -9.745967 1.962115 -6.300000 3.850000 3.220000
-0.267996 -9.729217 1.916651 -4.900000 4.200000 3.080000
-0.267996 -9.729217 1.916651 -4.900000 4.200000 3.080000
-0.313460 -9.743573 1.931008 -4.970000 4.410000 3.080000
-0.361316 -9.678967 2.065006 -3.920000 5.600000 3.500000
-0.361316 -9.678967 2.065006 -3.920000 5.600000 3.500000
-0.251246 -9.745967 2.081756 -4.270000 5.460000 2.800000
