1.596013 -9.647861 0.069392 0.980000 -0.280000 -1.120000
1.624727 -9.772287 0.126820 2.030000 -0.420000 0.140000
1.624727 -9.772287 0.126820 2.030000 -0.420000 0.140000
1.624727 -9.772287 0.126820 2.030000 -0.420000 0.140000
1.674976 -9.844072 0.112463 -0.280000 -1.050000 0.910000
1.674976 -9.844072 0.112463 -0.280000 -1.050000 0.910000
1.593620 -9.930215 -0.016750 -0.070000 -0.070000 -0.490000
1.593620 -9.930215 -0.016750 -0.070000 -0.070000 -0.490000
1.634298 -9.750752 0.086142 3.150000 2.100000 -0.420000
1.584049 -9.789038 0.098106 1.960000 1.890000 -0.140000
1.552942 -9.860823 0.133998 0.490000 -0.910000 -0.910000
1.567299 -9.762716 0.083749 -0.840000 -0.700000 -0.630000
1.567299 -9.762716 0.083749 -0.840000 -0.700000 -0.630000
1.567299 -9.762716 0.083749 -0.840000 -0.700000 -0.630000
1.545763 -9.712467 0.069392 0.630000 -0.140000 -0.980000
1.610370 -9.760324 0.098106 -0.770000 -0.420000 0.070000
1.684547 -9.793823 0.117248 1.820000 -0.980000 0.420000
1.684547 -9.793823 0.117248 1.820000 -0.980000 0.420000
1.617548 -9.887143 0.184247 1.260000 -1.120000 0.560000
1.579263 -9.899107 -0.019143 -0.770000 -0.280000 -0.980000
1.667797 -9.918249 0.102891 -0.280000 -0.700000 -1.260000
1.653440 -9.872787 0.090927 0.070000 -0.420000 -1.820000
1.653440 -9.872787 0.090927 0.070000 -0.420000 -1.820000
1.639083 -9.784252 0.083749 1.540000 0.350000 -2.520000
1.653440 -9.714860 -0.023928 -0.350000 0.770000 -1.820000
1.627119 -9.738789 0.028714 0.700000 0.700000 -1.680000
1.629512 -9.659825 0.126820 0.630000 0.560000 -1.190000
1.703690 -9.757930 0.078963 -0.840000 0.770000 -0.420000
1.674976 -9.906286 0.169890 -0.560000 0.490000 -0.840000
1.674976 -9.906286 0.169890 -0.560000 0.490000 -0.840000
1.670190 -9.815358 0.129212 0.770000 0.070000 -1.120000
1.674976 -9.755538 0.102891 -0.070000 0.280000 -0.980000
1.696511 -9.793823 0.129212 1.190000 0.560000 -0.560000
1.813759 -9.879964 0.150748 1.470000 0.350000 -0.700000
1.746760 -9.870394 0.059821 0.910000 0.350000 -1.190000
1.741975 -9.726824 0.107677 1.190000 0.770000 -0.770000
1.741975 -9.726824 0.107677 1.190000 0.770000 -0.770000
1.741975 -9.726824 0.107677 1.190000 0.770000 -0.770000
1.655833 -9.848858 0.112463 0.210000 0.140000 -0.630000
1.674976 -9.745967 0.105284 0.560000 0.840000 -1.050000
1.720440 -9.638289 0.189033 0.350000 1.260000 -0.770000
1.763510 -9.789038 0.160319 0.770000 -0.140000 -0.420000
1.734797 -9.853643 0.220140 -0.840000 -0.560000 -0.140000
1.694118 -9.700503 0.160319 1.260000 -0.210000 -0.420000
