-0.308674 -9.767502 1.763510 -7.630000 1.750000 3.150000
-0.323031 -9.829715 1.703690 -8.120000 2.030000 2.520000
-0.318245 -9.722038 1.600798 -6.860000 3.920000 2.100000
-0.318245 -9.722038 1.600798 -6.860000 3.920000 2.100000
-0.313460 -9.690931 1.636691 -6.230000 5.040000 2.310000
-0.267996 -9.671788 1.658226 -4.480000 6.370000 2.590000
-0.330210 -9.647861 1.782653 -5.250000 6.090000 3.640000
-0.287139 -9.736395 1.789831 -6.510000 3.570000 5.040000
-0.299103 -9.942179 1.722832 -6.580000 4.410000 4.830000
-0.291924 -9.944571 1.713261 -5.530000 5.040000 4.200000
-0.291924 -9.944571 1.713261 -5.530000 5.040000 4.200000
-0.291924 -9.944571 1.713261 -5.530000 5.040000 4.200000
-0.344566 -9.801002 1.902294 -5.880000 4.900000 1.960000
-0.344566 -9.801002 1.902294 -5.880000 4.900000 1.960000
-0.430708 -9.762716 1.818545 -4.410000 5.460000 1.890000
-0.344566 -9.755538 1.820938 -5.110000 4.060000 2.450000
-0.270389 -9.729217 1.804188 -5.110000 3.990000 2.660000
-0.270389 -9.729217 1.804188 -5.110000 3.990000 2.660000
-0.392423 -9.705289 1.859223 -5.740000 3.430000 3.220000
-0.392423 -9.705289 1.859223 -5.740000 3.430000 3.220000
-0.311067 -9.815358 1.739582 -6.580000 3.220000 2.660000
-0.311067 -9.734003 1.725225 -4.480000 2.940000 3.010000
-0.301496 -9.690931 1.639083 -5.390000 3.850000 2.380000
-0.301496 -9.690931 1.639083 -5.390000 3.850000 2.380000
-0.385244 -9.738789 1.672583 -3.360000 5.530000 2.800000
-0.385244 -9.738789 1.672583 -3.360000 5.530000 2.800000
-0.320638 -9.784252 1.780260 -5.880000 4.620000 2.940000
-0.320638 -9.784252 1.780260 -5.880000 4.620000 2.940000
-0.256032 -9.698111 1.864009 -5.180000 5.110000 2.660000
-0.299103 -9.817751 1.844866 -6.160000 4.760000 2.310000
-0.299103 -9.817751 1.844866 -6.160000 4.760000 2.310000
-0.299103 -9.817751 1.844866 -6.160000 4.760000 2.310000
-0.299103 -9.817751 1.844866 -6.160000 4.760000 2.310000
-0.299103 -9.817751 1.844866 -6.160000 4.760000 2.310000
-0.299103 -9.817751 1.844866 -6.160000 4.760000 2.310000
-0.299103 -9.817751 1.844866 -6.160000 4.760000 2.310000
-0.299103 -9.817751 1.844866 -6.160000 4.760000 2.310000
-0.311067 -9.774680 1.931008 -5.320000 4.480000 2.100000
-0.303888 -9.621540 1.734797 -6.230000 3.010000 3.360000
-0.303888 -9.621540 1.734797 -6.230000 3.010000 3.360000
-0.325424 -9.789038 1.799403 -4.970000 4.830000 3.500000
-0.346959 -9.834501 1.799403 -5.600000 4.830000 3.570000
-0.346959 -9.834501 1.799403 -5.600000 4.830000 3.570000
-0.346959 -9.834501 1.799403 -5.600000 4.830000 3.570000
-0.346959 -9.834501 1.799403 -5.600000 4.830000 3.570000
-0.299103 -9.841680 1.808974 -4.690000 4.270000 2.450000
-0.282353 -9.820145 1.823331 -5.040000 3.990000 2.100000
-0.282353 -9.820145 1.823331 -5.040000 3.990000 2.100000
-0.361316 -9.817751 1.730011 -6.650000 4.550000 1.680000
-0.332602 -9.693325 1.804188 -4.270000 5.250000 1.820000
-0.332602 -9.693325 1.804188 -4.270000 5.250000 1.820000
-0.332602 -9.693325 1.804188 -4.270000 5.250000 1.820000
-0.332602 -9.693325 1.804188 -4.270000 5.250000 1.820000
-0.332602 -9.693325 1.804188 -4.270000 5.250000 1.820000
-0.332602 -9.693325 1.804188 -4.270000 5.250000 1.820000
-0.284746 -9.963714 1.773082 -5.460000 4.760000 4.130000
-0.325424 -9.937392 1.868794 -4.200000 4.760000 2.800000
-0.279960 -9.891929 2.002793 -6.370000 3.990000 1.890000
-0.279960 -9.891929 2.002793 -6.370000 3.990000 1.890000
