0.705883 -9.961320 -0.138784 -1.190000 -0.420000 -0.070000
0.715454 -9.894321 -0.227318 -0.280000 -0.280000 0.210000
0.741775 -9.930215 -0.301496 -2.800000 -0.070000 0.140000
0.803988 -9.966106 -0.208176 0.140000 -0.560000 -0.210000
0.803988 -9.966106 -0.208176 0.140000 -0.560000 -0.210000
0.808774 -9.968499 -0.236889 -2.520000 -0.770000 -1.120000
0.792024 -9.853643 -0.227318 -6.020000 0.350000 -0.910000
0.753739 -9.923036 -0.145962 2.240000 -0.910000 0.280000
0.806381 -9.896714 -0.208176 0.350000 -0.770000 0.700000
0.806381 -9.896714 -0.208176 0.350000 -0.770000 0.700000
0.792024 -9.975677 -0.287139 -2.030000 -0.420000 0.700000
0.794417 -10.071390 -0.358923 1.330000 -1.400000 -0.350000
0.803988 -10.011569 -0.251246 -0.280000 -0.280000 -0.140000
0.734596 -9.918249 -0.244068 1.190000 -0.630000 -0.420000
0.748954 -9.856036 -0.349352 0.910000 0.210000 0.210000
0.844666 -9.858429 -0.425922 -1.050000 1.400000 0.630000
0.765703 -9.951750 -0.303888 0.350000 0.350000 0.070000
0.765703 -9.951750 -0.303888 0.350000 0.350000 0.070000
0.794417 -9.939785 -0.323031 -0.070000 0.700000 0.420000
0.794417 -9.939785 -0.323031 -0.070000 0.700000 0.420000
0.677169 -10.042676 -0.222532 1.890000 1.190000 -0.070000
0.859023 -9.923036 -0.299103 2.170000 0.840000 -0.140000
0.859023 -9.923036 -0.299103 2.170000 0.840000 -0.140000
0.818345 -9.884750 -0.311067 1.190000 2.310000 -0.070000
0.760918 -9.901501 -0.210568 -0.070000 2.240000 0.280000
0.784846 -9.946963 -0.354138 -1.750000 1.750000 0.070000
0.784846 -9.946963 -0.354138 -1.750000 1.750000 0.070000
0.799203 -9.923036 -0.301496 2.030000 1.820000 -0.210000
0.825524 -9.992428 -0.320638 -0.140000 2.590000 0.140000
0.789631 -10.045070 -0.258425 -1.820000 1.750000 0.770000
0.708275 -9.882358 -0.169890 2.380000 1.120000 -0.140000
0.708275 -9.882358 -0.169890 2.380000 1.120000 -0.140000
0.727418 -9.817751 -0.157926 -0.280000 1.400000 0.350000
0.799203 -9.920642 -0.208176 1.540000 0.840000 -0.280000
0.760918 -9.858429 -0.122034 0.630000 1.260000 0.350000
0.820738 -9.906286 -0.184247 0.700000 0.840000 0.560000
0.863809 -10.001998 -0.270389 -1.330000 0.630000 0.560000
0.799203 -9.997212 -0.267996 -0.070000 0.210000 0.140000
