-0.488136 -9.757930 1.648655 -5.530000 4.060000 1.750000
-0.428315 -9.736395 1.660619 -7.140000 4.620000 2.100000
-0.421137 -9.817751 1.713261 -7.210000 5.180000 1.540000
-0.421137 -9.817751 1.713261 -7.210000 5.180000 1.540000
-0.464208 -9.793823 1.696511 -5.670000 5.880000 0.840000
-0.378066 -9.731609 1.875973 -6.720000 5.880000 1.330000
-0.504886 -9.664611 1.825724 -5.670000 5.250000 2.240000
-0.387637 -9.726824 1.773082 -5.110000 3.990000 2.730000
-0.387637 -9.726824 1.773082 -5.110000 3.990000 2.730000
-0.361316 -9.810574 1.765903 -4.970000 4.200000 3.080000
-0.361316 -9.829715 1.744368 -4.340000 4.410000 3.010000
-0.492921 -9.796216 1.782653 -4.060000 4.410000 3.220000
-0.380459 -9.798609 1.808974 -4.270000 4.760000 2.520000
-0.380459 -9.798609 1.808974 -4.270000 4.760000 2.520000
-0.490529 -9.643075 1.761117 -4.830000 3.710000 3.710000
-0.435494 -9.817751 1.770689 -6.930000 3.430000 3.430000
-0.435494 -9.817751 1.770689 -6.930000 3.430000 3.430000
-0.378066 -9.839286 1.787439 -5.600000 4.900000 1.960000
-0.416351 -9.729217 1.873580 -4.690000 5.390000 1.960000
-0.416351 -9.736395 1.808974 -5.600000 4.200000 2.590000
-0.411566 -9.734003 1.859223 -4.830000 3.850000 2.450000
-0.411566 -9.734003 1.859223 -4.830000 3.850000 2.450000
-0.346959 -9.748360 1.797010 -4.900000 3.850000 2.800000
-0.346959 -9.748360 1.797010 -4.900000 3.850000 2.800000
-0.346959 -9.769895 1.823331 -5.740000 3.150000 2.380000
-0.363709 -9.669396 1.773082 -5.040000 4.060000 2.730000
-0.358923 -9.767502 1.741975 -3.710000 4.550000 2.590000
-0.358923 -9.767502 1.741975 -3.710000 4.550000 2.590000
-0.334995 -9.750752 1.756332 -5.110000 4.410000 3.010000
-0.334995 -9.750752 1.756332 -5.110000 4.410000 3.010000
-0.361316 -9.707682 1.777867 -5.250000 4.200000 2.870000
-0.351745 -9.710074 1.823331 -6.370000 4.060000 3.290000
-0.344566 -9.750752 1.871187 -3.920000 3.990000 3.850000
-0.366102 -9.836893 1.842474 -7.070000 3.500000 3.570000
-0.385244 -9.824929 1.751546 -5.180000 3.920000 2.380000
-0.368495 -9.774680 1.741975 -4.760000 4.340000 2.800000
-0.301496 -9.901501 1.756332 -5.950000 4.340000 2.170000
-0.301496 -9.901501 1.756332 -5.950000 4.340000 2.170000
-0.301496 -9.901501 1.756332 -5.950000 4.340000 2.170000
-0.361316 -9.619147 1.840081 -4.410000 4.970000 1.960000
-0.361316 -9.619147 1.840081 -4.410000 4.970000 1.960000
-0.361316 -9.619147 1.840081 -4.410000 4.970000 1.960000
