1.074377 -9.963714 -1.019342 -3.360000 0.910000 -0.070000
1.004985 -9.717253 -0.945165 0.700000 -0.420000 0.350000
1.004985 -9.717253 -0.945165 0.700000 -0.420000 0.350000
1.182054 -9.731609 -0.827917 -0.560000 1.050000 0.280000
1.040878 -9.836893 -0.933201 0.280000 -0.210000 1.120000
1.024128 -9.836893 -0.882952 -0.630000 -0.910000 1.050000
0.976272 -9.997212 -0.837488 -8.120000 0.210000 -0.490000
0.993021 -9.973285 -1.014557 -3.500000 -1.960000 -0.420000
0.993021 -9.973285 -1.014557 -3.500000 -1.960000 -0.420000
1.014557 -9.724431 -1.040878 2.240000 -0.630000 0.280000
0.973879 -9.896714 -0.933201 1.260000 -0.280000 1.190000
0.973879 -9.896714 -0.933201 1.260000 -0.280000 1.190000
1.007378 -9.745967 -1.012164 0.070000 -0.070000 1.050000
1.000200 -9.954143 -1.028914 -0.140000 -0.560000 0.630000
1.040878 -9.939785 -1.033699 0.210000 -0.840000 0.350000
0.964308 -9.906286 -0.983450 -0.490000 0.280000 0.140000
1.021735 -9.930215 -1.095913 -0.560000 0.630000 -0.210000
0.993021 -9.832108 -0.981057 1.890000 0.770000 -0.350000
0.995414 -9.901501 -0.933201 -1.680000 0.070000 -1.190000
1.016950 -9.994821 -1.019342 2.100000 -0.910000 -0.770000
1.093520 -9.803394 -0.985843 2.590000 -0.910000 -0.840000
0.983450 -9.836893 -1.093520 -0.770000 1.120000 -0.560000
0.983450 -9.836893 -1.093520 -0.770000 1.120000 -0.560000
0.983450 -9.832108 -0.966700 1.330000 0.210000 -0.490000
1.057628 -9.772287 -0.947558 2.310000 -0.280000 0.630000
1.033699 -9.999605 -0.976272 0.420000 -0.490000 0.070000
0.954736 -9.903893 -0.947558 0.770000 -1.330000 0.280000
0.995414 -9.901501 -0.985843 -0.210000 -0.210000 -0.980000
0.995414 -9.901501 -0.985843 -0.210000 -0.210000 -0.980000
0.933201 -9.757930 -1.002593 0.350000 -0.210000 0.210000
1.036092 -9.779467 -0.973879 -0.770000 -0.280000 0.210000
1.036092 -9.779467 -0.973879 -0.770000 -0.280000 0.210000
1.036092 -9.779467 -0.973879 -0.770000 -0.280000 0.210000
1.014557 -9.942179 -0.887737 0.140000 -1.120000 -0.140000
1.014557 -9.942179 -0.887737 0.140000 -1.120000 -0.140000
1.083949 -9.798609 -0.868595 0.560000 -1.120000 -0.630000
1.083949 -9.798609 -0.868595 0.560000 -1.120000 -0.630000
1.040878 -9.870394 -0.844666 -0.560000 -0.770000 -0.140000
1.014557 -9.717253 -0.909273 1.050000 -1.400000 0.140000
1.009771 -9.913465 -0.971486 -0.770000 -1.890000 0.280000
1.002593 -9.858429 -1.021735 3.150000 -0.770000 0.280000
1.004985 -9.717253 -0.890130 0.210000 0.140000 0.210000
1.004985 -9.717253 -0.890130 0.210000 0.140000 0.210000
0.976272 -9.841680 -0.863809 0.700000 -0.350000 0.840000
0.976272 -9.841680 -0.863809 0.700000 -0.350000 0.840000
1.009771 -9.896714 -0.894916 0.070000 -0.840000 0.910000
1.004985 -9.944571 -0.947558 0.350000 -1.820000 0.840000
1.036092 -9.863215 -0.983450 0.910000 -0.350000 0.140000
0.990629 -10.023535 -0.976272 0.210000 0.420000 0.210000
1.002593 -9.975677 -0.947558 0.770000 -0.280000 0.210000
1.007378 -9.949356 -0.990629 -0.490000 0.420000 -0.070000
