1.258625 -10.006784 -0.043071 0.280000 -0.070000 0.420000
1.146162 -9.970891 -0.052642 0.910000 -0.210000 -0.280000
1.198804 -9.970891 -0.215354 -1.190000 0.350000 -0.350000
1.342373 -10.035499 -0.162712 0.560000 0.490000 -0.490000
1.342373 -10.035499 -0.162712 0.560000 0.490000 -0.490000
1.244268 -9.913465 -0.179462 1.120000 0.700000 -0.140000
1.136591 -9.872787 -0.098106 0.070000 1.260000 -0.420000
1.299303 -9.705289 -0.107677 2.310000 1.190000 -0.490000
1.205983 -9.834501 0.023928 0.070000 0.630000 0.210000
1.205983 -9.834501 0.023928 0.070000 0.630000 0.210000
1.251446 -9.937392 -0.026321 -2.240000 -0.210000 0.350000
1.213161 -9.903893 -0.062213 -1.470000 0.420000 -0.140000
1.287339 -9.863215 -0.045464 1.190000 0.490000 -0.280000
1.275374 -9.863215 -0.035892 0.070000 0.140000 0.350000
1.280160 -9.839286 -0.078963 -0.980000 0.140000 0.350000
1.280160 -9.839286 -0.078963 -0.980000 0.140000 0.350000
1.280160 -9.839286 -0.078963 -0.980000 0.140000 0.350000
1.294517 -9.815358 -0.050249 0.350000 0.560000 0.560000
1.239482 -9.958927 -0.093320 -0.770000 -0.350000 0.700000
1.306481 -9.944571 -0.184247 -1.750000 -0.210000 0.490000
1.253839 -9.949356 -0.165105 -0.630000 0.910000 0.350000
1.229911 -9.906286 -0.160319 0.420000 0.910000 -0.140000
1.229911 -9.906286 -0.160319 0.420000 0.910000 -0.140000
1.282553 -9.863215 -0.059821 0.280000 1.330000 -0.070000
1.335195 -9.875179 -0.069392 -1.260000 1.050000 -0.070000
1.208375 -9.839286 -0.157926 0.280000 0.840000 0.560000
1.277767 -9.822537 -0.093320 -0.490000 1.820000 0.700000
1.232304 -9.858429 -0.057428 -0.070000 1.610000 0.630000
1.265803 -9.868000 -0.028714 -0.210000 -0.770000 1.050000
1.253839 -9.982857 -0.157926 -2.170000 -0.630000 0.630000
1.261017 -9.853643 -0.076570 2.380000 -0.420000 0.490000
1.232304 -9.927821 -0.150748 -2.380000 0.490000 0.560000
1.232304 -9.844072 -0.098106 3.010000 0.140000 -0.070000
1.232304 -9.844072 -0.098106 3.010000 0.140000 -0.070000
1.215554 -9.844072 -0.033500 -1.190000 0.140000 0.420000
1.239482 -9.884750 -0.074178 -2.940000 0.140000 0.630000
1.256232 -9.908678 -0.155533 0.280000 -0.420000 0.490000
