1.107877 -10.035499 -0.559920 -1.890000 -0.980000 0.630000
1.091127 -10.057034 -0.634098 0.280000 -0.490000 0.070000
1.088734 -9.968499 -0.576670 1.820000 0.350000 -0.560000
1.138984 -9.827322 -0.435494 1.540000 -0.280000 0.140000
1.138984 -9.827322 -0.435494 1.540000 -0.280000 0.140000
1.091127 -9.791430 -0.512064 -2.660000 -0.350000 0.280000
1.201197 -9.961320 -0.679562 -2.380000 0.070000 -0.350000
1.165305 -9.853643 -0.684347 -2.030000 0.560000 -0.280000
1.165305 -9.853643 -0.684347 -2.030000 0.560000 -0.280000
1.129412 -9.879964 -0.507278 -0.140000 0.770000 -0.350000
1.129412 -9.879964 -0.507278 -0.140000 0.770000 -0.350000
1.129412 -9.834501 -0.457029 -0.700000 1.190000 0.140000
1.074377 -9.906286 -0.535992 -1.680000 0.770000 0.350000
1.203590 -9.712467 -0.684347 -0.630000 0.630000 -0.560000
1.083949 -9.829715 -0.449851 2.030000 0.840000 -0.140000
1.174876 -9.949356 -0.571885 -1.260000 0.070000 0.280000
1.067199 -9.844072 -0.468993 0.980000 -0.560000 0.280000
1.067199 -9.844072 -0.468993 0.980000 -0.560000 0.280000
1.060020 -9.899107 -0.497707 -0.140000 2.030000 0.840000
1.098306 -9.987641 -0.380459 1.330000 0.420000 0.770000
1.110270 -9.884750 -0.349352 -0.140000 -0.280000 0.560000
1.060020 -10.001998 -0.468993 0.630000 -0.140000 0.560000
1.043271 -9.820145 -0.507278 -0.070000 -0.490000 0.280000
1.093520 -9.870394 -0.478565 1.540000 -0.070000 0.210000
1.127020 -9.944571 -0.521635 -0.070000 0.350000 0.070000
1.127020 -9.944571 -0.521635 -0.070000 0.350000 0.070000
1.148555 -9.870394 -0.509671 1.610000 0.420000 -0.350000
1.155733 -9.769895 -0.413958 0.700000 0.420000 0.210000
1.227518 -9.841680 -0.605384 -2.030000 0.350000 0.910000
1.249053 -9.927821 -0.626920 -3.010000 -0.350000 1.050000
1.249053 -9.927821 -0.626920 -3.010000 -0.350000 1.050000
1.088734 -9.961320 -0.763310 -1.050000 1.120000 -0.630000
1.088734 -9.961320 -0.763310 -1.050000 1.120000 -0.630000
1.160519 -9.688539 -0.397209 0.770000 1.330000 0.770000
1.083949 -9.949356 -0.342174 0.070000 0.770000 1.120000
1.146162 -10.033106 -0.557528 -2.660000 -0.700000 0.280000
1.129412 -9.939785 -0.653241 2.520000 1.680000 -0.210000
1.107877 -9.865608 -0.406780 4.270000 1.890000 -0.280000
