3.969693 -7.604390 4.977071 -3.080000 -1.330000 -0.350000
3.850052 -7.661818 4.821537 -2.590000 -1.330000 -0.910000
3.850052 -7.661818 4.821537 -2.590000 -1.330000 -0.910000
3.885944 -7.472785 4.733003 0.280000 -0.420000 -0.210000
3.768696 -7.448857 4.685147 1.260000 0.700000 0.420000
3.885944 -7.515855 4.881358 -0.910000 -0.350000 -0.490000
3.996014 -7.494320 4.687540 -0.350000 0.490000 0.630000
3.996014 -7.494320 4.687540 -0.350000 0.490000 0.630000
3.996014 -7.494320 4.687540 -0.350000 0.490000 0.630000
3.996014 -7.494320 4.687540 -0.350000 0.490000 0.630000
3.936193 -7.671390 4.764110 1.400000 1.610000 0.700000
3.936193 -7.623533 4.843073 -3.220000 -0.350000 -0.560000
3.921836 -7.475177 4.857430 0.770000 0.980000 0.070000
3.914658 -7.544570 4.936393 -1.750000 -1.190000 -0.490000
3.926622 -7.544570 4.843073 -3.220000 -1.610000 -0.490000
3.926622 -7.544570 4.843073 -3.220000 -1.610000 -0.490000
3.921836 -7.556533 4.740182 -0.490000 -1.610000 1.050000
3.921836 -7.556533 4.740182 -0.490000 -1.610000 1.050000
3.795017 -7.566105 4.922036 -0.840000 -0.210000 0.630000
3.931407 -7.539784 4.821537 -1.330000 -0.280000 1.330000
3.888337 -7.616355 4.857430 2.730000 0.840000 1.260000
3.878766 -7.767102 4.890929 -2.660000 -0.980000 0.770000
3.940979 -7.707282 4.737789 -1.260000 -1.260000 0.770000
3.967300 -7.606783 4.843073 1.750000 0.700000 -0.490000
3.933800 -7.527820 4.761717 -1.190000 -0.280000 -0.280000
3.933800 -7.527820 4.761717 -1.190000 -0.280000 -0.280000
3.933800 -7.527820 4.761717 -1.190000 -0.280000 -0.280000
3.933800 -7.527820 4.761717 -1.190000 -0.280000 -0.280000
3.926622 -7.549356 4.740182 1.470000 1.120000 0.420000
3.948158 -7.523034 4.788038 -0.210000 -0.350000 -0.490000
3.948158 -7.523034 4.788038 -0.210000 -0.350000 -0.490000
3.850052 -7.604390 4.838287 -0.910000 -0.350000 0.630000
3.850052 -7.604390 4.838287 -0.910000 -0.350000 0.630000
3.850052 -7.573284 4.804788 -1.820000 -0.420000 0.280000
3.988836 -7.592427 4.792823 1.750000 0.700000 -0.910000
3.850052 -7.424929 4.697111 -0.840000 1.050000 -0.140000
3.783052 -7.673782 4.922036 -0.910000 0.140000 -0.140000
3.842873 -7.635497 4.888536 1.190000 1.470000 -1.120000
3.984050 -7.611568 5.003392 5.670000 0.350000 -1.960000
3.984050 -7.611568 5.003392 5.670000 0.350000 -1.960000
3.984050 -7.611568 5.003392 5.670000 0.350000 -1.960000
3.964907 -7.561320 4.979464 -2.170000 0.140000 0.140000
3.936193 -7.446464 5.079963 3.570000 0.280000 -0.560000
3.929015 -7.539784 4.852644 -4.970000 -1.120000 0.350000
3.943372 -7.582855 4.831109 -0.980000 0.630000 0.140000
3.938586 -7.436893 4.984250 3.570000 0.980000 -0.770000
3.938586 -7.436893 4.984250 3.570000 0.980000 -0.770000
3.938586 -7.436893 4.984250 3.570000 0.980000 -0.770000
3.873980 -7.511070 4.850252 -2.590000 -0.140000 0.770000
3.873980 -7.511070 4.850252 -2.590000 -0.140000 0.770000
4.003192 -7.350751 4.965107 -2.030000 0.910000 0.420000
4.003192 -7.350751 4.965107 -2.030000 0.910000 0.420000
3.859623 -7.520642 5.056034 -4.760000 -0.280000 0.700000
