0.366102 -9.564112 2.194218 -7.910000 4.130000 2.240000
0.296710 -9.738789 2.076970 -6.090000 2.450000 2.730000
0.311067 -9.710074 2.182254 -6.650000 2.520000 2.940000
0.272782 -9.832108 2.026721 -5.880000 4.200000 1.330000
0.232104 -9.767502 2.096112 -4.410000 5.250000 1.680000
0.232104 -9.767502 2.096112 -4.410000 5.250000 1.680000
0.232104 -9.767502 2.096112 -4.410000 5.250000 1.680000
0.325424 -9.667004 2.076970 -6.020000 4.480000 1.050000
0.279960 -9.643075 2.194218 -7.000000 4.340000 1.260000
0.294317 -9.616754 2.105684 -5.040000 5.810000 1.890000
0.294317 -9.616754 2.105684 -5.040000 5.810000 1.890000
0.294317 -9.616754 2.105684 -5.040000 5.810000 1.890000
0.282353 -9.432507 2.127219 -3.850000 6.160000 2.100000
0.282353 -9.432507 2.127219 -3.850000 6.160000 2.100000
0.282353 -9.432507 2.127219 -3.850000 6.160000 2.100000
0.282353 -9.432507 2.127219 -3.850000 6.160000 2.100000
0.291924 -9.722038 2.227718 -4.900000 5.390000 2.380000
0.229711 -9.628718 2.289931 -5.320000 5.600000 2.660000
0.251246 -9.676575 2.210968 -6.440000 4.760000 2.730000
0.332602 -9.707682 2.249253 -6.930000 4.200000 2.380000
0.332602 -9.707682 2.249253 -6.930000 4.200000 2.380000
0.265603 -9.829715 2.227718 -6.440000 3.640000 2.170000
0.265603 -9.829715 2.227718 -6.440000 3.640000 2.170000
0.265603 -9.647861 2.146362 -5.600000 3.710000 1.750000
0.241675 -9.683753 2.139183 -5.670000 3.850000 2.380000
0.366102 -9.638289 2.165504 -6.440000 3.430000 2.310000
0.344566 -9.446864 2.031506 -4.340000 3.570000 3.500000
0.413958 -9.504292 2.139183 -5.040000 3.010000 4.690000
0.406780 -9.817751 2.129612 -6.720000 3.850000 4.200000
0.406780 -9.817751 2.129612 -6.720000 3.850000 4.200000
0.270389 -9.633504 2.124826 -7.980000 3.500000 4.410000
0.311067 -9.820145 2.050649 -6.370000 5.320000 3.780000
0.294317 -9.683753 2.120041 -5.460000 6.370000 3.220000
0.320638 -9.722038 2.170290 -6.580000 6.090000 3.010000
0.284746 -9.808180 2.285146 -4.550000 4.760000 3.010000
0.306281 -9.829715 2.251646 -6.160000 3.920000 2.660000
0.291924 -9.815358 2.220540 -5.740000 4.060000 2.170000
0.287139 -9.750752 2.134398 -5.460000 3.220000 1.470000
0.299103 -9.645468 2.122434 -5.530000 3.360000 2.030000
0.308674 -9.600004 2.132005 -4.550000 3.990000 2.170000
0.366102 -9.588040 2.179861 -5.040000 3.850000 1.820000
0.397209 -9.521042 2.120041 -6.020000 3.290000 2.030000
0.394816 -9.681360 1.950150 -7.210000 4.130000 3.220000
0.303888 -9.556933 2.067399 -6.370000 5.880000 4.410000
0.275175 -9.745967 2.053042 -5.670000 6.090000 4.340000
0.239282 -9.683753 2.141576 -5.180000 5.950000 4.900000
0.313460 -9.686146 2.232504 -5.810000 5.180000 4.270000
0.313460 -9.686146 2.232504 -5.810000 5.180000 4.270000
0.330210 -9.822537 2.151148 -7.000000 5.040000 4.270000
0.191426 -9.760324 2.136791 -6.860000 4.550000 4.130000
0.191426 -9.760324 2.136791 -6.860000 4.550000 4.130000
0.205783 -9.803394 2.081756 -6.860000 4.620000 3.430000
0.181855 -9.678967 2.081756 -5.390000 5.880000 2.730000
0.181855 -9.678967 2.081756 -5.390000 5.880000 2.730000
0.181855 -9.678967 2.081756 -5.390000 5.880000 2.730000
0.258425 -9.753145 2.105684 -5.320000 3.920000 3.290000
0.325424 -9.769895 2.129612 -5.810000 3.570000 3.290000
0.272782 -9.836893 2.146362 -5.040000 3.640000 3.080000
0.236889 -9.760324 2.103291 -6.160000 3.290000 2.800000
0.279960 -9.832108 1.981257 -5.250000 4.900000 2.240000
0.234497 -9.738789 2.009971 -2.590000 5.110000 2.100000
0.208176 -9.528220 2.143969 -5.950000 4.830000 2.660000
0.148355 -9.487542 2.019542 -4.970000 5.320000 3.430000
0.191426 -9.542577 2.170290 -6.440000 4.690000 4.550000
0.275175 -9.652647 2.177469 -4.550000 4.690000 4.970000
0.275175 -9.652647 2.177469 -4.550000 4.690000 4.970000
