0.837488 -9.939785 -0.480957 -0.840000 -0.280000 0.840000
0.854238 -9.937392 -0.543171 -2.450000 -0.490000 0.770000
0.751346 -10.021141 -0.461815 -1.050000 0.070000 0.420000
0.789631 -9.951750 -0.521635 -1.050000 1.120000 0.840000
0.789631 -9.951750 -0.521635 -1.050000 1.120000 0.840000
0.720240 -9.918249 -0.507278 -0.560000 1.960000 0.350000
0.720240 -9.918249 -0.507278 -0.560000 1.960000 0.350000
0.772882 -9.920642 -0.413958 2.660000 1.400000 -0.070000
0.696311 -9.982857 -0.337388 1.960000 1.190000 -0.420000
0.847059 -9.985250 -0.380459 1.960000 0.490000 -0.630000
0.847059 -9.985250 -0.380459 1.960000 0.490000 -0.630000
0.775275 -10.057034 -0.404387 4.200000 0.770000 -1.330000
0.811167 -9.712467 -0.399601 5.180000 1.540000 -1.400000
0.782453 -9.808180 -0.210568 3.080000 1.610000 -0.560000
0.801596 -9.908678 -0.270389 -3.780000 -0.420000 0.630000
0.801596 -9.908678 -0.270389 -3.780000 -0.420000 0.630000
0.842274 -9.930215 -0.490529 0.210000 -0.210000 -0.630000
0.827917 -9.987641 -0.380459 -1.750000 0.210000 0.840000
0.827917 -9.987641 -0.380459 -1.750000 0.210000 0.840000
0.775275 -9.894321 -0.380459 -1.470000 -0.210000 0.350000
0.803988 -9.851252 -0.334995 0.140000 0.350000 0.140000
0.784846 -9.875179 -0.411566 1.470000 0.910000 0.490000
0.866202 -9.958927 -0.296710 -0.210000 0.350000 0.490000
0.866202 -9.958927 -0.296710 -0.210000 0.350000 0.490000
0.789631 -10.107283 -0.500100 0.140000 0.140000 0.140000
0.808774 -9.978070 -0.380459 0.280000 0.630000 -0.210000
0.808774 -9.978070 -0.380459 0.280000 0.630000 -0.210000
0.808774 -9.978070 -0.380459 0.280000 0.630000 -0.210000
0.813560 -9.942179 -0.399601 -1.190000 0.840000 -0.560000
0.799203 -9.899107 -0.366102 0.070000 1.190000 -0.210000
0.847059 -9.669396 -0.294317 1.960000 1.330000 -0.140000
0.780060 -9.894321 -0.200997 1.120000 0.490000 0.490000
0.820738 -9.891929 -0.287139 1.190000 0.980000 0.350000
0.820738 -9.891929 -0.287139 1.190000 0.980000 0.350000
0.820738 -9.891929 -0.287139 1.190000 0.980000 0.350000
0.770489 -9.934999 -0.267996 -1.050000 -0.140000 1.120000
0.770489 -9.934999 -0.267996 -1.050000 -0.140000 1.120000
0.839881 -10.035499 -0.270389 -0.770000 0.770000 0.560000
0.839881 -10.035499 -0.270389 -0.770000 0.770000 0.560000
0.823131 -9.944571 -0.306281 0.560000 0.490000 -0.280000
