0.856631 0.902094 9.643075 -1.610000 1.260000 1.610000
0.995414 1.045663 9.549755 -0.910000 1.400000 3.150000
0.995414 1.045663 9.549755 -0.910000 1.400000 3.150000
0.940379 0.882952 9.549755 -1.890000 0.770000 2.310000
0.940379 0.882952 9.549755 -1.890000 0.770000 2.310000
0.897308 0.847059 9.535398 -3.780000 -0.070000 1.540000
0.897308 0.847059 9.535398 -3.780000 -0.070000 1.540000
0.959522 0.782453 9.494720 -2.380000 -0.070000 1.050000
1.021735 0.878166 9.547362 1.750000 0.630000 0.840000
1.021735 0.878166 9.547362 1.750000 0.630000 0.840000
0.969093 0.954736 9.468399 0.770000 0.980000 1.400000
0.969093 0.954736 9.468399 0.770000 0.980000 1.400000
0.966700 0.959522 9.559326 0.140000 0.210000 0.700000
0.966700 0.959522 9.559326 0.140000 0.210000 0.700000
0.942772 0.849452 9.516255 0.280000 -0.210000 0.700000
0.942772 0.849452 9.516255 0.280000 -0.210000 0.700000
0.993021 0.921237 9.616754 1.400000 -0.140000 0.350000
0.993021 0.921237 9.616754 1.400000 -0.140000 0.350000
1.031307 0.861416 9.470792 1.470000 -0.420000 0.280000
1.031307 0.861416 9.470792 1.470000 -0.420000 0.280000
0.959522 0.978664 9.513863 -0.140000 -0.280000 0.210000
0.959522 0.978664 9.513863 -0.140000 -0.280000 0.210000
0.959522 0.978664 9.513863 -0.140000 -0.280000 0.210000
0.959522 0.978664 9.513863 -0.140000 -0.280000 0.210000
0.959522 0.978664 9.513863 -0.140000 -0.280000 0.210000
0.959522 0.978664 9.513863 -0.140000 -0.280000 0.210000
0.959522 0.978664 9.513863 -0.140000 -0.280000 0.210000
0.959522 0.978664 9.513863 -0.140000 -0.280000 0.210000
0.981057 0.787239 9.284152 0.980000 1.890000 -0.700000
1.119841 1.062413 9.652647 4.060000 1.890000 -1.400000
1.119841 1.062413 9.652647 4.060000 1.890000 -1.400000
1.119841 1.062413 9.652647 4.060000 1.890000 -1.400000
1.021735 1.062413 9.616754 -0.840000 0.140000 0.350000
1.021735 1.062413 9.616754 -0.840000 0.140000 0.350000
1.045663 1.004985 9.590433 0.490000 0.350000 0.910000
1.045663 1.004985 9.590433 0.490000 0.350000 0.910000
1.045663 0.973879 9.547362 0.770000 -0.840000 0.630000
