-0.677169 -9.466006 2.658426 -1.400000 -0.630000 0.560000
-0.746561 -9.633504 2.462214 -0.490000 0.210000 0.420000
-0.703490 -9.726824 2.514857 0.350000 -0.490000 0.070000
-0.703490 -9.561719 2.677568 -0.280000 0.280000 0.350000
-0.746561 -9.655040 2.517249 -0.490000 1.120000 0.210000
-0.679562 -9.513863 2.550749 1.890000 0.420000 -0.420000
-0.643669 -9.497113 2.646462 2.380000 0.210000 -0.210000
-0.725025 -9.305687 2.739782 1.540000 1.050000 0.070000
-0.667598 -9.410972 2.778067 0.420000 0.700000 0.490000
-0.619741 -9.506684 2.809174 -1.120000 0.490000 0.770000
-0.732204 -9.561719 2.617748 -0.700000 -0.210000 0.420000
-0.720240 -9.525827 2.639283 -0.420000 0.210000 0.630000
-0.720240 -9.525827 2.639283 -0.420000 0.210000 0.630000
-0.717847 -9.533006 2.632105 -1.400000 0.350000 0.490000
-0.717847 -9.533006 2.632105 -1.400000 0.350000 0.490000
-0.674776 -9.525827 2.572284 0.280000 0.420000 0.490000
-0.736989 -9.702895 2.591427 -0.350000 0.420000 0.140000
-0.753739 -9.533006 2.684747 -0.630000 1.330000 0.350000
-0.729811 -9.597611 2.720639 -0.700000 1.050000 0.350000
-0.713061 -9.760324 2.644069 -0.140000 -0.070000 -0.490000
-0.765703 -9.466006 2.653640 0.420000 0.980000 -0.840000
-0.765703 -9.466006 2.653640 0.420000 0.980000 -0.840000
-0.703490 -9.525827 2.679961 -0.140000 0.980000 -0.350000
-0.684347 -9.487542 2.589034 3.920000 -0.490000 0.280000
-0.720240 -9.509077 2.641676 0.070000 0.840000 -0.350000
-0.681954 -9.485149 2.553142 -0.840000 0.700000 -0.420000
-0.681954 -9.485149 2.553142 -0.840000 0.700000 -0.420000
-0.595813 -9.451650 2.792424 0.490000 -0.490000 -0.700000
-0.624527 -9.559326 2.739782 -0.070000 0.140000 -0.700000
-0.631705 -9.444471 2.691926 -0.490000 0.420000 -0.210000
-0.624527 -9.528220 2.706282 2.310000 0.210000 -0.490000
-0.710668 -9.410972 2.615355 -0.840000 0.350000 -0.070000
-0.681954 -9.602397 2.644069 0.280000 -0.070000 0.280000
-0.669990 -9.619147 2.667997 1.540000 -0.070000 -0.420000
-0.725025 -9.506684 2.574677 -2.100000 1.470000 -0.630000
-0.610170 -9.451650 2.689533 -0.210000 0.630000 -0.070000
-0.667598 -9.509077 2.663212 0.700000 0.420000 -0.350000
-0.713061 -9.370294 2.732604 0.420000 1.260000 0.350000
-0.634098 -9.528220 2.660819 -0.980000 1.540000 0.350000
