3.881158 -7.657032 4.697111 0.280000 0.910000 0.420000
3.668197 -7.867601 4.759324 0.700000 -0.770000 -0.490000
3.751946 -7.685746 4.711468 1.120000 0.210000 -1.540000
3.751946 -7.685746 4.711468 1.120000 0.210000 -1.540000
3.751946 -7.685746 4.711468 1.120000 0.210000 -1.540000
3.751946 -7.685746 4.711468 1.120000 0.210000 -1.540000
3.759124 -7.721639 4.642076 0.770000 0.700000 0.070000
3.759124 -7.721639 4.642076 0.770000 0.700000 0.070000
3.759124 -7.721639 4.642076 0.770000 0.700000 0.070000
3.759124 -7.721639 4.642076 0.770000 0.700000 0.070000
3.759124 -7.721639 4.642076 0.770000 0.700000 0.070000
3.759124 -7.721639 4.642076 0.770000 0.700000 0.070000
3.881158 -7.791030 4.536791 0.840000 1.050000 0.910000
3.766303 -7.898707 4.876573 1.680000 1.260000 0.770000
3.766303 -7.898707 4.876573 1.680000 1.260000 0.770000
3.766303 -7.898707 4.876573 1.680000 1.260000 0.770000
3.713661 -7.896315 4.694718 0.770000 0.910000 -1.260000
3.713661 -7.896315 4.694718 0.770000 0.910000 -1.260000
3.742374 -7.755138 4.630112 -1.330000 0.980000 -1.890000
3.785445 -7.743174 4.747360 -0.210000 1.120000 -1.750000
3.797409 -7.690532 4.677969 0.840000 1.260000 -1.190000
3.797409 -7.690532 4.677969 0.840000 1.260000 -1.190000
3.730411 -7.807780 4.728218 -1.190000 -0.840000 -0.420000
3.730411 -7.807780 4.728218 -1.190000 -0.840000 -0.420000
3.756732 -7.685746 4.558327 0.070000 -1.120000 -0.420000
3.699304 -7.757531 4.692325 2.310000 1.330000 0.070000
3.682554 -7.666604 4.663611 0.980000 0.420000 0.140000
3.677768 -7.719246 4.795217 1.400000 0.910000 0.840000
3.747160 -7.819745 4.823930 -0.210000 -0.630000 1.400000
3.775874 -7.786245 4.692325 -1.680000 -1.120000 0.840000
3.873980 -7.795816 4.675575 0.070000 0.490000 -0.070000
3.814159 -7.740781 4.661219 -0.210000 0.140000 -0.280000
3.847659 -7.740781 4.756931 -0.770000 -0.280000 -0.280000
3.641876 -7.750352 4.735396 0.420000 0.210000 0.070000
3.656233 -7.702496 4.761717 -0.210000 -0.700000 -0.770000
3.656233 -7.702496 4.761717 -0.210000 -0.700000 -0.770000
3.689733 -7.740781 4.709075 0.140000 -0.420000 0.490000
3.689733 -7.740781 4.709075 0.140000 -0.420000 0.490000
3.716053 -7.664211 4.936393 2.520000 1.260000 1.400000
3.701697 -7.781459 4.965107 -1.890000 -0.910000 1.190000
3.881158 -7.668997 4.663611 -5.740000 -2.030000 0.700000
3.756732 -7.563712 4.594220 -1.400000 -0.910000 0.700000
3.960121 -7.869993 4.555934 2.240000 0.560000 0.280000
3.960121 -7.869993 4.555934 2.240000 0.560000 0.280000
3.802195 -7.805387 4.651647 1.120000 1.330000 0.700000
3.850052 -7.719246 4.565506 -0.140000 0.560000 0.700000
3.850052 -7.719246 4.565506 -0.140000 0.560000 0.700000
