-1.593620 -9.037691 3.287738 0.210000 1.120000 -1.680000
-1.588834 -9.145369 3.395415 1.050000 0.770000 -0.630000
-1.627119 -9.095119 3.369094 -0.350000 1.470000 -0.560000
-1.708475 -9.202796 3.244668 0.490000 2.240000 -1.190000
-1.684547 -9.054441 3.385844 1.400000 1.470000 -0.630000
-1.684547 -9.054441 3.385844 1.400000 1.470000 -0.630000
-1.715654 -9.025726 3.366701 0.630000 1.610000 0.070000
-1.713261 -9.119047 3.153740 -2.100000 2.170000 0.350000
-1.696511 -9.049655 3.436093 2.170000 0.210000 -0.350000
-1.722832 -8.953942 3.361916 -0.420000 0.770000 0.770000
-1.708475 -9.147761 3.316452 1.540000 1.960000 0.630000
-1.691726 -8.958728 3.404987 -0.350000 0.980000 0.700000
-1.670190 -9.183653 3.314059 -1.260000 1.190000 1.120000
-1.710868 -9.353544 3.503092 -1.190000 -1.400000 1.050000
-1.777867 -9.219545 3.306881 -0.140000 0.630000 -0.560000
-1.725225 -9.159724 3.290131 0.630000 0.980000 -1.190000
-1.550549 -9.128618 3.206382 -1.330000 -0.140000 -0.490000
-1.672583 -9.071191 3.390630 1.260000 -0.630000 0.070000
-1.622334 -9.226725 3.091527 -1.330000 0.560000 -1.190000
-1.655833 -9.087940 3.220739 0.910000 0.210000 -1.190000
-1.655833 -9.087940 3.220739 0.910000 0.210000 -1.190000
-1.722832 -9.257831 3.156133 -3.360000 1.610000 0.630000
-1.689333 -9.324830 3.160919 1.120000 0.910000 0.070000
-1.636691 -9.178867 3.414558 -0.910000 1.260000 0.910000
-1.689333 -9.269794 3.407379 -1.050000 0.700000 0.140000
-1.689333 -9.269794 3.407379 -1.050000 0.700000 0.140000
-1.689333 -9.159724 3.424129 -0.140000 0.140000 -0.070000
-1.672583 -9.044869 3.311667 1.050000 -0.770000 0.700000
-1.603191 -8.980263 3.433701 1.190000 -0.350000 1.120000
-1.603191 -8.980263 3.433701 1.190000 -0.350000 1.120000
-1.682154 -8.953942 3.412165 0.770000 0.350000 0.210000
-1.679761 -9.162118 3.328416 0.420000 0.350000 -0.140000
-1.660619 -9.097511 3.361916 -1.260000 0.280000 1.120000
-1.660619 -9.097511 3.361916 -1.260000 0.280000 1.120000
-1.689333 -9.116654 3.232704 -0.350000 1.260000 1.050000
-1.689333 -9.116654 3.232704 -0.350000 1.260000 1.050000
-1.765903 -9.332008 3.194418 0.770000 1.330000 0.280000
-1.651048 -9.343972 3.361916 -0.140000 0.140000 0.070000
-1.648655 -9.090333 3.302095 0.700000 -0.140000 0.770000
-1.739582 -9.099905 3.304488 -1.610000 1.190000 -0.070000
-1.706082 -8.932407 3.467200 3.220000 0.770000 -0.140000
-1.643869 -9.200402 3.297310 -1.190000 0.560000 0.490000
-1.643869 -9.200402 3.297310 -1.190000 0.560000 0.490000
-1.607977 -8.944371 3.404987 -1.470000 0.210000 1.750000
-1.737189 -9.379865 3.156133 -2.870000 0.840000 1.750000
-1.718047 -9.140583 3.328416 1.540000 -0.560000 0.700000
-1.677369 -9.073583 3.299703 -0.910000 0.700000 1.610000
-1.677369 -9.073583 3.299703 -0.910000 0.700000 1.610000
-1.751546 -9.253045 3.218346 0.420000 1.120000 1.120000
