3.783052 -7.238289 5.173282 -1.190000 -0.070000 0.910000
3.756732 -7.362715 5.276174 0.210000 0.910000 1.470000
3.756732 -7.362715 5.276174 0.210000 0.910000 1.470000
3.699304 -7.515855 5.419744 0.770000 0.280000 0.980000
3.816552 -7.635497 5.063213 0.070000 0.560000 1.120000
3.692125 -7.542177 5.213961 -0.350000 -0.560000 -0.840000
3.692125 -7.542177 5.213961 -0.350000 -0.560000 -0.840000
3.763910 -7.566105 5.331209 2.310000 0.210000 -0.700000
3.763910 -7.566105 5.331209 2.310000 0.210000 -0.700000
3.637090 -7.489535 4.991428 0.560000 0.840000 0.980000
3.677768 -7.424929 5.079963 -0.770000 0.140000 0.210000
3.739982 -7.355537 5.118248 -1.610000 0.630000 0.630000
3.694518 -7.479963 5.194818 -0.910000 1.190000 0.700000
3.694518 -7.479963 5.194818 -0.910000 1.190000 0.700000
3.694518 -7.479963 5.194818 -0.910000 1.190000 0.700000
3.694518 -7.479963 5.194818 -0.910000 1.190000 0.700000
3.716053 -7.530212 5.173282 -3.500000 0.210000 -0.070000
3.680161 -7.542177 5.288138 1.120000 1.820000 0.490000
3.680161 -7.542177 5.288138 1.120000 1.820000 0.490000
3.634698 -7.628319 5.376673 1.050000 1.120000 -0.140000
3.634698 -7.628319 5.376673 1.050000 1.120000 -0.140000
3.692125 -7.551748 5.328816 -0.840000 -0.700000 -0.560000
3.692125 -7.551748 5.328816 -0.840000 -0.700000 -0.560000
3.694518 -7.415358 5.283352 -0.420000 -0.770000 -1.260000
3.694518 -7.415358 5.283352 -0.420000 -0.770000 -1.260000
3.608376 -7.436893 5.237889 1.260000 0.770000 -0.630000
3.608376 -7.436893 5.237889 1.260000 0.770000 -0.630000
3.608376 -7.436893 5.237889 1.260000 0.770000 -0.630000
3.672983 -7.343572 5.163712 -0.280000 0.420000 -0.560000
3.577270 -7.513463 5.304887 1.680000 -0.210000 -0.140000
3.577270 -7.513463 5.304887 1.680000 -0.210000 -0.140000
3.577270 -7.513463 5.304887 1.680000 -0.210000 -0.140000
3.742374 -7.329216 5.218746 -0.350000 -0.560000 0.490000
3.742374 -7.329216 5.218746 -0.350000 -0.560000 0.490000
3.771089 -7.441679 5.178068 -0.420000 -0.350000 1.470000
3.649055 -7.618747 5.185246 1.050000 0.490000 0.210000
3.754339 -7.427321 5.235496 -0.560000 -0.210000 -0.560000
3.775874 -7.463214 5.166104 -0.770000 0.210000 0.700000
3.775874 -7.463214 5.166104 -0.770000 0.210000 0.700000
3.701697 -7.594819 5.438886 -0.700000 -0.280000 0.840000
3.701697 -7.594819 5.438886 -0.700000 -0.280000 0.840000
3.704089 -7.570890 5.290531 -2.940000 -1.050000 0.490000
3.627519 -7.456036 4.993821 -1.540000 -0.280000 -0.210000
3.627519 -7.456036 4.993821 -1.540000 -0.280000 -0.210000
3.754339 -7.458428 5.089533 1.260000 0.630000 -0.490000
