-0.320638 -9.702895 1.782653 -5.320000 5.040000 2.730000
-0.330210 -9.705289 1.753939 -6.230000 4.900000 2.170000
-0.485743 -9.903893 1.720440 -8.120000 4.900000 2.660000
-0.418744 -9.896714 1.720440 -6.440000 5.600000 2.100000
-0.418744 -9.896714 1.720440 -6.440000 5.600000 2.100000
-0.440279 -9.705289 1.698904 -5.460000 5.740000 2.310000
-0.351745 -9.741181 1.720440 -4.550000 6.370000 1.960000
-0.363709 -9.595219 1.713261 -4.970000 6.510000 1.890000
-0.404387 -9.559326 1.730011 -5.950000 5.740000 3.150000
-0.404387 -9.559326 1.730011 -5.950000 5.740000 3.150000
-0.356531 -9.681360 1.780260 -7.070000 4.900000 3.360000
-0.356531 -9.681360 1.780260 -7.070000 4.900000 3.360000
-0.380459 -9.891929 1.804188 -2.030000 6.020000 3.780000
-0.320638 -9.827322 1.878366 -3.710000 5.530000 3.150000
-0.382852 -9.906286 1.780260 -5.950000 4.340000 2.030000
-0.382852 -9.906286 1.780260 -5.950000 4.340000 2.030000
-0.330210 -9.817751 1.746760 -5.950000 3.920000 1.400000
-0.380459 -9.597611 1.658226 -7.490000 4.480000 2.030000
-0.380459 -9.597611 1.658226 -7.490000 4.480000 2.030000
-0.464208 -9.734003 1.797010 -7.350000 5.320000 1.890000
-0.380459 -9.803394 1.741975 -4.270000 4.060000 3.430000
-0.382852 -9.765109 1.725225 -4.480000 3.290000 2.940000
-0.382852 -9.765109 1.725225 -4.480000 3.290000 2.940000
-0.382852 -9.765109 1.725225 -4.480000 3.290000 2.940000
-0.339781 -9.774680 1.725225 -5.950000 3.850000 2.590000
-0.385244 -9.712467 1.828116 -4.480000 4.480000 2.940000
-0.385244 -9.712467 1.828116 -4.480000 4.480000 2.940000
-0.325424 -9.832108 1.797010 -3.360000 4.970000 2.730000
-0.325424 -9.832108 1.797010 -3.360000 4.970000 2.730000
-0.409173 -9.731609 1.727618 -5.670000 3.850000 2.170000
-0.409173 -9.731609 1.727618 -5.670000 3.850000 2.170000
-0.390030 -9.614362 1.797010 -5.110000 4.200000 2.170000
-0.390030 -9.614362 1.797010 -5.110000 4.200000 2.170000
-0.330210 -9.638289 1.787439 -8.190000 3.850000 2.450000
-0.413958 -9.731609 1.612763 -8.120000 4.270000 2.100000
-0.433101 -9.745967 1.533799 -8.190000 5.320000 1.960000
-0.378066 -9.700503 1.643869 -4.830000 7.910000 2.310000
-0.378066 -9.700503 1.643869 -4.830000 7.910000 2.310000
-0.430708 -9.745967 1.739582 -4.200000 8.330000 2.590000
-0.351745 -9.741181 1.799403 -5.740000 7.070000 2.800000
-0.301496 -9.891929 1.804188 -7.560000 5.600000 2.940000
-0.378066 -9.702895 1.753939 -4.970000 4.830000 2.730000
-0.447458 -9.743573 1.720440 -5.740000 4.830000 3.080000
-0.401994 -9.741181 1.811367 -5.040000 5.180000 3.150000
-0.366102 -9.712467 1.811367 -3.990000 4.130000 3.710000
-0.404387 -9.767502 1.840081 -3.920000 3.920000 4.200000
-0.440279 -9.805787 1.813759 -5.040000 2.660000 3.640000
-0.289532 -9.846465 1.758725 -6.440000 2.590000 3.150000
