9.466006 0.279960 2.462214 0.140000 0.140000 0.350000
9.537791 0.256032 2.299503 0.280000 -0.420000 -1.260000
9.537791 0.256032 2.299503 0.280000 -0.420000 -1.260000
9.379865 0.294317 2.359323 -0.210000 0.910000 -0.910000
9.379865 0.294317 2.359323 -0.210000 0.910000 -0.910000
9.329616 0.394816 2.366502 0.840000 1.260000 0.210000
9.329616 0.394816 2.366502 0.840000 1.260000 0.210000
9.346365 0.349352 2.469393 0.210000 0.420000 1.750000
9.370294 0.325424 2.397608 0.280000 -0.490000 1.820000
9.439686 0.296710 2.414358 0.490000 -0.210000 1.680000
9.434900 0.217747 2.426322 -0.840000 -0.840000 0.560000
9.430114 0.277567 2.328217 -2.940000 -1.470000 0.700000
9.430114 0.277567 2.328217 -2.940000 -1.470000 0.700000
9.456435 0.232104 2.335395 -1.260000 -0.840000 -0.210000
9.456435 0.232104 2.335395 -1.260000 -0.840000 -0.210000
9.456435 0.232104 2.335395 -1.260000 -0.840000 -0.210000
9.396614 0.236889 2.356930 0.280000 0.700000 0.350000
9.396614 0.236889 2.356930 0.280000 0.700000 0.350000
9.418150 0.272782 2.400001 0.070000 0.700000 0.350000
9.389436 0.320638 2.392823 1.330000 0.350000 0.280000
9.389436 0.320638 2.392823 1.330000 0.350000 0.280000
9.408579 0.368495 2.297110 -0.700000 0.210000 0.210000
9.475577 0.380459 2.268396 -2.450000 0.280000 0.630000
9.475577 0.380459 2.268396 -2.450000 0.280000 0.630000
9.332008 0.220140 2.533999 -0.630000 3.080000 -0.350000
9.332008 0.220140 2.533999 -0.630000 3.080000 -0.350000
9.308081 0.229711 2.675175 -1.190000 2.450000 -0.560000
9.308081 0.229711 2.675175 -1.190000 2.450000 -0.560000
9.341579 0.344566 2.524428 0.770000 -1.050000 -0.280000
9.341579 0.344566 2.524428 0.770000 -1.050000 -0.280000
9.427721 0.339781 2.481357 0.560000 -1.190000 0.210000
9.420543 0.196211 2.402394 0.840000 0.630000 1.190000
9.425328 0.251246 2.512464 0.560000 -0.350000 0.770000
9.427721 0.251246 2.411965 -0.140000 -0.630000 0.770000
9.427721 0.251246 2.411965 -0.140000 -0.630000 0.770000
9.427721 0.251246 2.411965 -0.140000 -0.630000 0.770000
9.408579 0.253639 2.455036 0.350000 -1.260000 -0.070000
9.408579 0.253639 2.455036 0.350000 -1.260000 -0.070000
9.430114 0.193819 2.376073 -0.560000 -1.820000 -0.070000
