2.289931 -9.652647 -0.507278 -1.120000 0.980000 -0.350000
2.323431 -9.743573 -0.483350 0.420000 0.770000 -0.140000
2.206182 -9.549755 -0.378066 0.420000 -0.140000 -0.140000
2.206182 -9.549755 -0.378066 0.420000 -0.140000 -0.140000
2.218147 -9.511470 -0.452243 0.210000 0.630000 -0.280000
2.218147 -9.511470 -0.452243 0.210000 0.630000 -0.280000
2.251646 -9.765109 -0.387637 0.070000 -0.070000 0.630000
2.167897 -9.793823 -0.459422 1.190000 -0.420000 0.210000
2.239682 -9.552148 -0.406780 -2.030000 -1.050000 -0.630000
2.239682 -9.552148 -0.406780 -2.030000 -1.050000 -0.630000
2.304288 -9.671788 -0.540778 -0.140000 -1.470000 0.280000
2.304288 -9.671788 -0.540778 -0.140000 -1.470000 0.280000
2.203789 -9.678967 -0.576670 1.890000 -0.280000 0.420000
2.258825 -9.602397 -0.471386 -0.210000 0.350000 -0.490000
2.352145 -9.590433 -0.466600 0.210000 0.280000 0.140000
2.268396 -9.767502 -0.457029 1.050000 0.420000 0.350000
2.268396 -9.767502 -0.457029 1.050000 0.420000 0.350000
2.344966 -9.628718 -0.332602 0.420000 0.070000 -0.350000
2.280360 -9.748360 -0.540778 -0.840000 0.210000 -0.490000
2.277967 -9.552148 -0.409173 1.540000 0.490000 0.350000
2.191825 -9.714860 -0.461815 0.560000 0.560000 -0.070000
2.299503 -9.568897 -0.418744 -0.350000 0.630000 0.210000
2.299503 -9.568897 -0.418744 -0.350000 0.630000 0.210000
2.433501 -9.619147 -0.504886 0.560000 0.280000 0.770000
2.232504 -9.700503 -0.514457 0.770000 0.560000 0.630000
2.237289 -9.789038 -0.502493 -1.400000 0.490000 0.560000
2.218147 -9.760324 -0.452243 -0.140000 0.980000 0.560000
2.218147 -9.760324 -0.452243 -0.140000 0.980000 0.560000
2.218147 -9.760324 -0.452243 -0.140000 0.980000 0.560000
2.218147 -9.760324 -0.452243 -0.140000 0.980000 0.560000
2.273181 -9.631111 -0.507278 -0.910000 0.280000 -0.700000
2.266003 -9.559326 -0.478565 2.380000 0.350000 0.980000
2.289931 -9.611969 -0.342174 0.630000 0.630000 0.770000
2.163112 -9.688539 -0.394816 -0.560000 0.980000 0.070000
2.163112 -9.688539 -0.394816 -0.560000 0.980000 0.070000
2.222932 -9.726824 -0.483350 0.840000 0.350000 0.140000
2.234896 -9.573684 -0.449851 0.420000 0.350000 0.070000
2.249253 -9.678967 -0.354138 -0.350000 0.280000 0.070000
2.292324 -9.640682 -0.299103 0.140000 -0.280000 -0.770000
2.234896 -9.860823 -0.500100 -1.610000 0.630000 -0.420000
2.234896 -9.860823 -0.500100 -1.610000 0.630000 -0.420000
2.227718 -9.566505 -0.399601 1.610000 -0.280000 -0.210000
2.170290 -9.717253 -0.468993 -0.840000 0.210000 -0.560000
2.170290 -9.717253 -0.468993 -0.840000 0.210000 -0.560000
2.213361 -9.645468 -0.428315 0.420000 -0.070000 0.490000
2.215754 -9.710074 -0.418744 -0.560000 -0.280000 -0.770000
2.230111 -9.681360 -0.375673 0.210000 -1.190000 -0.770000
2.277967 -9.667004 -0.626920 0.350000 -0.910000 -0.070000
2.277967 -9.667004 -0.626920 0.350000 -0.910000 -0.070000
2.277967 -9.667004 -0.626920 0.350000 -0.910000 -0.070000
