0.868595 -9.856036 -0.454636 1.330000 0.350000 -0.140000
0.897308 -9.951750 -0.567099 0.630000 -0.140000 -0.280000
0.995414 -9.927821 -0.459422 -1.190000 0.140000 -0.280000
0.904487 -9.879964 -0.514457 -1.540000 0.140000 -0.070000
0.909273 -9.853643 -0.483350 0.490000 -0.070000 -0.280000
0.909273 -9.853643 -0.483350 0.490000 -0.070000 -0.280000
0.909273 -9.853643 -0.483350 0.490000 -0.070000 -0.280000
0.933201 -9.949356 -0.557528 0.910000 -0.070000 -0.210000
0.909273 -9.906286 -0.490529 1.260000 0.910000 -0.140000
0.964308 -9.982857 -0.433101 0.140000 0.840000 0.070000
0.942772 -9.942179 -0.423530 -0.350000 0.770000 0.070000
0.985843 -9.925428 -0.449851 0.350000 0.140000 0.070000
0.985843 -9.925428 -0.449851 0.350000 0.140000 0.070000
0.981057 -9.848858 -0.526421 1.330000 -0.210000 -0.420000
0.947558 -9.894321 -0.535992 -1.120000 0.070000 0.490000
0.978664 -9.872787 -0.495314 -0.490000 -0.420000 0.420000
0.973879 -9.911072 -0.478565 1.190000 0.140000 0.280000
0.921237 -9.915856 -0.449851 0.630000 0.210000 0.560000
0.961915 -9.887143 -0.524028 -0.560000 0.350000 0.700000
0.940379 -9.985250 -0.411566 -0.280000 0.350000 0.420000
1.009771 -9.863215 -0.461815 0.420000 0.980000 0.350000
0.985843 -9.997212 -0.512064 -0.770000 0.980000 0.560000
0.983450 -9.951750 -0.576670 0.210000 0.910000 0.280000
1.004985 -9.920642 -0.495314 -0.630000 0.770000 0.140000
0.928415 -9.889536 -0.421137 -0.210000 0.350000 0.070000
0.909273 -9.894321 -0.315853 0.630000 0.560000 0.140000
0.909273 -9.894321 -0.315853 0.630000 0.560000 0.140000
0.887737 -9.872787 -0.447458 1.400000 0.140000 -0.280000
0.952343 -9.817751 -0.390030 -0.070000 1.470000 0.140000
0.868595 -9.872787 -0.320638 1.190000 0.350000 0.140000
1.012164 -9.872787 -0.586242 -0.280000 0.630000 0.490000
0.985843 -9.879964 -0.418744 -0.840000 0.280000 0.630000
0.933201 -9.875179 -0.373280 -0.210000 -0.070000 0.350000
0.933201 -9.875179 -0.373280 -0.210000 -0.070000 0.350000
0.945165 -9.951750 -0.459422 -0.140000 -0.140000 0.840000
0.870987 -9.923036 -0.461815 0.280000 0.560000 0.700000
0.870987 -9.923036 -0.461815 0.280000 0.560000 0.700000
0.854238 -9.930215 -0.476172 1.610000 0.070000 0.560000
0.964308 -10.090532 -0.514457 -2.380000 0.770000 0.630000
