1.009771 -9.872787 -1.311267 1.820000 0.490000 -0.140000
1.057628 -9.966106 -1.196411 2.450000 -1.120000 -0.280000
1.021735 -9.808180 -1.306481 0.840000 -1.120000 -0.210000
1.021735 -9.808180 -1.306481 0.840000 -1.120000 -0.210000
1.098306 -9.851252 -1.404587 1.260000 -0.770000 -1.400000
1.098306 -9.851252 -1.404587 1.260000 -0.770000 -1.400000
1.162912 -9.738789 -1.428515 1.120000 -0.070000 -0.840000
1.119841 -9.690931 -1.383051 2.520000 -0.350000 -0.630000
1.134198 -9.611969 -1.275374 1.680000 -0.210000 -0.350000
1.210768 -9.760324 -1.304088 -2.030000 -0.140000 -0.420000
1.210768 -9.760324 -1.304088 -2.030000 -0.140000 -0.420000
1.184447 -9.777073 -1.375873 0.280000 0.490000 -0.070000
1.009771 -9.631111 -1.323231 0.280000 0.280000 0.070000
0.971486 -9.748360 -1.402194 2.730000 0.490000 0.840000
1.251446 -9.664611 -1.249053 0.840000 0.910000 0.560000
1.251446 -9.664611 -1.249053 0.840000 0.910000 0.560000
1.143769 -9.784252 -1.313660 -1.820000 0.770000 1.120000
1.009771 -9.868000 -1.332802 2.800000 -0.350000 1.260000
1.155733 -9.741181 -1.265803 2.100000 -0.630000 0.980000
1.160519 -9.858429 -1.411765 -1.050000 1.190000 0.420000
1.095913 -9.858429 -1.395016 0.910000 1.400000 0.770000
1.095913 -9.858429 -1.395016 0.910000 1.400000 0.770000
1.007378 -9.808180 -1.325624 3.500000 0.630000 0.350000
1.040878 -9.714860 -1.194018 2.170000 1.050000 0.070000
1.174876 -9.844072 -1.081556 5.180000 -2.170000 -1.190000
1.174876 -9.844072 -1.081556 5.180000 -2.170000 -1.190000
1.088734 -9.824929 -1.098306 4.830000 -1.610000 -0.490000
1.088734 -9.824929 -1.098306 4.830000 -1.610000 -0.490000
0.993021 -9.872787 -1.213161 0.560000 1.960000 -0.350000
1.048056 -9.820145 -1.225125 0.070000 2.660000 -0.700000
1.048056 -9.820145 -1.225125 0.070000 2.660000 -0.700000
1.179662 -9.877571 -1.050449 1.470000 0.070000 0.280000
1.112662 -9.877571 -1.155733 0.630000 0.350000 0.140000
1.081556 -9.853643 -1.095913 0.350000 0.420000 -0.210000
1.110270 -9.655040 -1.167697 1.050000 1.540000 0.630000
1.110270 -9.655040 -1.167697 1.050000 1.540000 0.630000
1.045663 -9.757930 -1.038485 4.620000 0.980000 1.400000
1.098306 -9.858429 -1.009771 -0.350000 0.070000 1.120000
1.100698 -9.927821 -1.182054 -2.660000 0.070000 0.070000
1.069592 -9.918249 -1.220340 -0.350000 -0.490000 0.280000
1.095913 -9.901501 -1.222732 0.980000 0.700000 -0.210000
1.119841 -9.755538 -1.086342 0.910000 0.770000 0.210000
1.119841 -9.932607 -1.055235 0.700000 0.420000 -0.140000
1.031307 -9.868000 -1.182054 0.210000 0.490000 0.350000
1.031307 -9.868000 -1.182054 0.210000 0.490000 0.350000
1.136591 -9.681360 -1.033699 0.490000 1.470000 0.700000
1.028914 -9.796216 -1.158126 -0.070000 1.330000 1.050000
1.028914 -9.710074 -1.131805 0.070000 0.140000 0.560000
1.055235 -9.870394 -1.057628 -0.280000 0.980000 1.610000
1.055235 -9.870394 -1.057628 -0.280000 0.980000 1.610000
1.014557 -9.726824 -1.136591 -0.700000 0.280000 1.470000
1.086342 -9.884750 -1.083949 1.610000 0.350000 0.630000
