-0.512064 -9.353544 2.246860 6.020000 -1.400000 -0.910000
-0.569492 -10.128819 1.660619 -2.590000 0.210000 -0.840000
-0.557528 -9.396614 1.909473 8.820000 -0.910000 -1.330000
-0.557528 -9.396614 1.909473 8.820000 -0.910000 -1.330000
-0.480957 -9.664611 1.990828 -0.070000 -0.560000 -0.420000
-0.512064 -9.710074 1.931008 1.050000 -0.140000 -0.560000
-0.488136 -9.592826 1.904687 0.420000 -1.680000 0.280000
-0.488136 -9.592826 1.904687 0.420000 -1.680000 0.280000
-0.483350 -9.793823 1.866402 -3.080000 -1.120000 0.350000
-0.526421 -9.906286 1.701297 -1.820000 -0.770000 0.070000
-0.473779 -9.585647 1.852045 -0.210000 -0.910000 0.770000
-0.497707 -9.681360 1.797010 0.420000 -0.070000 0.770000
-0.437887 -9.724431 1.753939 -1.540000 0.630000 0.980000
-0.437887 -9.724431 1.753939 -1.540000 0.630000 0.980000
-0.437887 -9.724431 1.753939 -1.540000 0.630000 0.980000
-0.464208 -9.750752 1.753939 -1.610000 0.840000 -0.140000
-0.504886 -9.803394 1.837688 1.890000 0.420000 0.770000
-0.531207 -9.856036 1.875973 -0.770000 0.700000 0.420000
-0.545564 -9.748360 1.861616 0.630000 0.700000 0.420000
-0.545564 -9.748360 1.861616 0.630000 0.700000 0.420000
-0.483350 -9.822537 1.907080 2.660000 -0.070000 0.210000
-0.636491 -9.815358 1.744368 4.830000 2.450000 0.420000
-0.591027 -9.722038 2.055435 9.310000 1.050000 1.820000
-0.514457 -9.688539 1.990828 0.560000 3.150000 2.870000
-0.598206 -9.789038 1.957329 0.840000 0.420000 -0.140000
-0.442672 -9.698111 2.196611 2.100000 -1.190000 -1.190000
-0.598206 -9.882358 1.847259 -4.480000 0.910000 0.630000
-0.648455 -9.717253 1.873580 0.910000 -0.490000 0.630000
-0.547956 -9.915856 1.713261 -3.990000 0.770000 1.470000
-0.488136 -9.717253 1.856830 4.690000 -0.630000 1.820000
-0.488136 -9.717253 1.856830 4.690000 -0.630000 1.820000
-0.512064 -9.719646 2.122434 -2.730000 0.840000 1.470000
-0.540778 -9.925428 1.703690 -7.560000 2.170000 0.280000
-0.629312 -9.834501 2.021935 -2.240000 1.050000 1.750000
-0.631705 -10.100104 1.696511 -0.700000 1.890000 0.490000
-0.631705 -10.100104 1.696511 -0.700000 1.890000 0.490000
-0.701097 -9.765109 1.995614 7.210000 0.910000 -0.070000
-0.516850 -9.597611 2.029114 4.200000 -0.490000 0.490000
-0.521635 -9.657433 1.947758 -3.710000 2.520000 -0.980000
-0.521635 -9.657433 1.947758 -3.710000 2.520000 -0.980000
-0.598206 -9.784252 1.856830 -1.120000 1.400000 0.560000
-0.624527 -9.743573 2.139183 4.550000 -0.490000 1.050000
-0.569492 -9.437292 2.036292 -6.300000 1.260000 1.050000
