-1.983650 -9.131011 3.122634 -1.260000 -0.140000 0.630000
-1.983650 -9.131011 3.122634 -1.260000 -0.140000 0.630000
-1.983650 -9.207582 3.333202 0.140000 -1.330000 0.910000
-1.919044 -9.135797 3.170490 -0.630000 -0.980000 0.420000
-1.919044 -9.135797 3.170490 -0.630000 -0.980000 0.420000
-1.923829 -9.114261 3.136991 1.190000 -1.050000 -0.140000
-1.935793 -9.104690 3.160919 -0.700000 -0.490000 0.420000
-2.031506 -9.164511 3.010171 -1.120000 0.350000 0.630000
-1.923829 -9.071191 3.184847 2.730000 0.210000 -0.840000
-1.923829 -9.071191 3.184847 2.730000 0.210000 -0.840000
-1.854438 -8.925228 3.278167 1.750000 0.910000 1.260000
-1.854438 -9.346365 3.146562 -2.940000 1.260000 0.840000
-1.866402 -9.413363 3.125026 1.820000 0.490000 -1.120000
-1.835295 -9.145369 3.244668 -0.070000 0.630000 0.070000
-1.895115 -9.209974 3.077170 -1.470000 1.400000 -0.420000
-1.895115 -9.209974 3.077170 -1.470000 1.400000 -0.420000
-1.895115 -9.209974 3.077170 -1.470000 1.400000 -0.420000
-1.895115 -9.209974 3.077170 -1.470000 1.400000 -0.420000
-1.849652 -8.824730 3.285345 -2.310000 1.470000 0.280000
-1.957329 -8.898908 3.381058 0.980000 0.840000 4.270000
-2.014757 -9.212367 3.342773 -0.910000 0.420000 4.340000
-2.062613 -9.415757 3.371487 0.980000 1.120000 3.150000
-2.122434 -9.511470 3.297310 0.840000 -0.280000 2.380000
-2.122434 -9.511470 3.297310 0.840000 -0.280000 2.380000
-2.026721 -9.446864 3.280560 0.770000 -0.910000 -0.280000
-2.026721 -9.446864 3.280560 0.770000 -0.910000 -0.280000
-2.117648 -9.209974 3.091527 -0.630000 -0.210000 -1.120000
-1.921437 -9.341579 3.199204 -0.770000 1.050000 -1.330000
-1.919044 -9.169296 3.146562 -2.030000 2.380000 -1.820000
-1.919044 -9.169296 3.146562 -2.030000 2.380000 -1.820000
-1.919044 -9.169296 3.146562 -2.030000 2.380000 -1.820000
-1.988436 -9.095119 3.230310 -0.770000 1.750000 -1.750000
-1.988436 -9.095119 3.230310 -0.770000 1.750000 -1.750000
-1.954936 -9.119047 3.230310 -1.050000 1.540000 -2.170000
-1.964507 -8.980263 3.259024 0.070000 0.910000 -1.820000
-1.890330 -9.382257 3.096312 -4.340000 0.560000 0.700000
-1.890330 -9.382257 3.096312 -4.340000 0.560000 0.700000
-1.890330 -9.382257 3.096312 -4.340000 0.560000 0.700000
-1.890330 -9.382257 3.096312 -4.340000 0.560000 0.700000
-1.966900 -9.212367 3.079563 1.050000 0.210000 -1.120000
-1.926222 -8.913264 3.371487 0.560000 -0.070000 0.630000
-1.926222 -8.913264 3.371487 0.560000 -0.070000 0.630000
-1.954936 -9.241080 3.297310 0.840000 -0.070000 0.350000
-1.954936 -9.241080 3.297310 0.840000 -0.070000 0.350000
-2.048256 -9.133404 3.156133 1.400000 0.070000 -0.840000
