0.267996 -9.635897 2.136791 -6.860000 2.870000 0.910000
0.131605 -9.590433 2.024328 -6.440000 1.820000 1.960000
0.131605 -9.590433 2.024328 -6.440000 1.820000 1.960000
0.227318 -9.609575 1.983650 -6.930000 2.170000 1.400000
0.153141 -9.449257 1.940579 -4.900000 3.990000 1.050000
0.200997 -9.678967 1.966900 -4.480000 5.670000 3.290000
0.200997 -9.678967 1.966900 -4.480000 5.670000 3.290000
0.234497 -9.643075 1.988436 -5.250000 5.950000 3.220000
0.234497 -9.743573 1.993221 -7.140000 4.690000 3.220000
0.196211 -9.726824 1.998007 -5.040000 6.090000 3.710000
0.227318 -9.858429 2.120041 -5.670000 6.370000 3.080000
0.227318 -9.858429 2.120041 -5.670000 6.370000 3.080000
0.227318 -9.858429 2.120041 -5.670000 6.370000 3.080000
0.227318 -9.858429 2.120041 -5.670000 6.370000 3.080000
0.165105 -9.801002 2.117648 -4.970000 4.620000 1.540000
0.210568 -9.817751 2.065006 -6.440000 3.430000 1.330000
0.210568 -9.817751 2.065006 -6.440000 3.430000 1.330000
0.215354 -9.769895 1.981257 -3.990000 4.690000 0.420000
0.215354 -9.769895 1.981257 -3.990000 4.690000 0.420000
0.248854 -9.583255 2.076970 -5.670000 5.180000 0.910000
0.323031 -9.516255 2.048256 -5.040000 3.010000 2.590000
0.205783 -9.690931 1.923829 -6.370000 4.200000 2.940000
0.220140 -9.568897 1.988436 -5.670000 5.320000 3.360000
0.220140 -9.568897 1.988436 -5.670000 5.320000 3.360000
0.210568 -9.621540 2.005185 -6.230000 5.320000 3.850000
0.162712 -9.719646 2.000400 -3.710000 5.390000 4.270000
0.222532 -9.722038 2.153540 -7.700000 4.410000 3.500000
0.196211 -9.757930 2.151148 -3.570000 4.830000 3.080000
0.196211 -9.757930 2.151148 -3.570000 4.830000 3.080000
0.172283 -9.777073 2.115255 -5.810000 3.220000 2.940000
0.157926 -9.686146 2.120041 -4.550000 3.500000 2.450000
0.236889 -9.647861 2.086541 -5.950000 2.730000 3.150000
0.222532 -9.712467 2.153540 -4.340000 2.940000 3.640000
0.220140 -9.664611 2.177469 -4.690000 3.150000 3.220000
0.234497 -9.698111 2.041078 -5.880000 1.820000 3.430000
0.277567 -9.707682 2.057827 -5.950000 2.660000 3.640000
0.277567 -9.707682 2.057827 -5.950000 2.660000 3.640000
0.258425 -9.757930 1.990828 -6.440000 2.660000 3.640000
0.179462 -9.868000 2.002793 -4.970000 4.340000 3.430000
0.193819 -9.894321 1.954936 -3.640000 4.900000 2.940000
0.193819 -9.894321 1.954936 -3.640000 4.900000 2.940000
0.234497 -9.841680 1.983650 -6.090000 3.920000 2.450000
0.224925 -9.973285 1.950150 -5.390000 5.390000 1.120000
0.224925 -9.973285 1.950150 -5.390000 5.390000 1.120000
0.234497 -9.714860 1.954936 -6.160000 6.230000 1.260000
0.279960 -9.623933 2.120041 -5.670000 5.530000 2.100000
0.179462 -9.647861 2.105684 -4.900000 6.370000 2.240000
0.186640 -9.621540 2.172683 -5.180000 6.790000 2.450000
0.210568 -9.552148 2.196611 -5.530000 6.020000 2.660000
0.215354 -9.516255 2.232504 -4.060000 5.530000 3.220000
0.215354 -9.516255 2.232504 -4.060000 5.530000 3.220000
0.196211 -9.719646 2.158326 -5.390000 4.270000 3.920000
0.227318 -9.676575 2.129612 -4.340000 4.480000 4.340000
0.141177 -9.640682 2.210968 -4.480000 4.550000 4.830000
0.141177 -9.640682 2.210968 -4.480000 4.550000 4.830000
0.177069 -9.674182 2.191825 -5.250000 4.270000 3.990000
0.167498 -9.755538 2.091327 -5.810000 4.550000 3.710000
0.157926 -9.592826 2.234896 -4.200000 3.990000 3.990000
