0.002393 -9.702895 1.971686 -6.090000 4.060000 2.590000
0.011964 -9.722038 1.971686 -6.650000 5.740000 1.610000
0.035892 -9.726824 2.021935 -4.760000 6.510000 3.080000
0.035892 -9.726824 2.021935 -4.760000 6.510000 3.080000
0.105284 -9.793823 2.048256 -5.040000 6.650000 3.080000
0.105284 -9.793823 2.048256 -5.040000 6.650000 3.080000
-0.028714 -9.583255 2.019542 -6.440000 4.550000 2.800000
-0.002393 -9.600004 2.021935 -7.560000 4.340000 3.220000
0.014357 -9.769895 2.021935 -5.810000 5.740000 2.870000
0.014357 -9.769895 2.021935 -5.810000 5.740000 2.870000
0.028714 -9.628718 2.151148 -4.480000 5.880000 2.870000
-0.009571 -9.779467 2.124826 -6.580000 5.320000 3.360000
0.090927 -9.698111 2.151148 -6.580000 3.570000 2.800000
0.090927 -9.698111 2.151148 -6.580000 3.570000 2.800000
0.059821 -9.707682 2.108077 -6.160000 3.500000 3.290000
0.088534 -9.690931 1.964507 -5.390000 3.570000 3.360000
0.040678 -9.738789 2.014757 -7.210000 3.710000 2.800000
-0.021535 -9.765109 1.950150 -5.670000 4.130000 2.590000
0.071785 -9.836893 1.938186 -6.580000 3.150000 2.660000
-0.040678 -9.741181 1.954936 -7.420000 4.830000 2.030000
-0.040678 -9.741181 1.954936 -7.420000 4.830000 2.030000
-0.009571 -9.645468 2.000400 -5.740000 5.320000 1.960000
-0.009571 -9.662218 2.069792 -5.320000 4.690000 2.520000
-0.009571 -9.662218 2.069792 -5.320000 4.690000 2.520000
0.023928 -9.836893 1.986043 -7.700000 3.430000 2.940000
0.021535 -9.590433 1.885544 -4.200000 3.990000 3.780000
0.021535 -9.590433 1.885544 -4.200000 3.990000 3.780000
0.081356 -9.650253 1.909473 -5.460000 3.990000 4.690000
0.014357 -9.820145 1.964507 -6.440000 4.900000 3.640000
-0.026321 -9.719646 1.952543 -6.020000 4.690000 4.270000
-0.026321 -9.719646 1.952543 -6.020000 4.690000 4.270000
-0.026321 -9.719646 1.952543 -6.020000 4.690000 4.270000
-0.009571 -9.784252 2.024328 -6.300000 5.110000 3.150000
-0.021535 -9.781858 2.029114 -6.580000 4.270000 2.730000
-0.021535 -9.781858 2.029114 -6.580000 4.270000 2.730000
-0.038285 -9.796216 2.062613 -5.950000 3.850000 2.800000
-0.062213 -9.774680 1.947758 -5.600000 4.270000 3.080000
-0.050249 -9.707682 1.940579 -5.040000 4.620000 3.010000
-0.050249 -9.707682 1.940579 -5.040000 4.620000 3.010000
-0.057428 -9.702895 2.053042 -4.200000 4.690000 3.290000
-0.057428 -9.702895 2.053042 -4.200000 4.690000 3.290000
