1.629512 -9.702895 1.280160 0.140000 -0.280000 0.350000
1.758725 -9.635897 1.246661 -0.840000 -0.980000 -0.070000
1.758725 -9.635897 1.246661 -0.840000 -0.980000 -0.070000
1.734797 -9.535398 1.258625 0.630000 -1.260000 -0.140000
1.734797 -9.535398 1.258625 0.630000 -1.260000 -0.140000
1.703690 -9.635897 1.220340 -1.540000 -0.980000 0.070000
1.744368 -9.698111 1.385444 1.680000 0.350000 -0.350000
1.722832 -9.623933 1.328017 -0.140000 0.350000 -0.700000
1.639083 -9.774680 1.359123 0.770000 0.210000 -0.070000
1.744368 -9.789038 1.380659 1.610000 0.280000 -0.630000
1.744368 -9.789038 1.380659 1.610000 0.280000 -0.630000
1.670190 -9.693325 1.356731 1.050000 -0.630000 -1.330000
1.689333 -9.611969 1.246661 1.540000 0.280000 -0.280000
1.777867 -9.549755 1.368695 0.840000 0.560000 0.560000
1.804188 -9.578469 1.244268 3.010000 0.140000 0.840000
1.804188 -9.578469 1.244268 3.010000 0.140000 0.840000
1.732404 -9.571291 1.373480 1.050000 0.770000 1.750000
1.677369 -9.743573 1.363909 0.630000 0.980000 0.770000
1.732404 -9.571291 1.368695 0.420000 0.210000 -0.070000
1.722832 -9.662218 1.380659 -0.630000 0.210000 0.630000
1.706082 -9.690931 1.332802 1.190000 0.070000 0.700000
1.706082 -9.690931 1.332802 1.190000 0.070000 0.700000
1.713261 -9.726824 1.399801 0.420000 -0.070000 -0.280000
1.737189 -9.576077 1.359123 1.050000 -0.350000 -0.070000
1.641476 -9.671788 1.325624 -0.140000 0.140000 0.630000
1.639083 -9.674182 1.399801 0.770000 0.420000 0.210000
1.715654 -9.600004 1.356731 0.770000 -0.280000 0.350000
1.715654 -9.600004 1.356731 0.770000 -0.280000 0.350000
1.713261 -9.707682 1.313660 0.350000 -0.070000 0.630000
1.646262 -9.678967 1.354338 -0.140000 0.490000 0.630000
1.758725 -9.753145 1.404587 0.910000 -0.070000 -0.140000
1.758725 -9.753145 1.404587 0.910000 -0.070000 -0.140000
1.646262 -9.717253 1.481157 1.330000 -0.070000 -0.280000
1.631905 -9.726824 1.304088 0.420000 0.070000 -0.770000
1.631905 -9.726824 1.304088 0.420000 0.070000 -0.770000
1.677369 -9.556933 1.416551 1.050000 0.210000 -1.260000
1.739582 -9.504292 1.361516 0.770000 -0.350000 0.560000
1.588834 -9.585647 1.361516 0.280000 0.560000 0.840000
1.684547 -9.580862 1.344766 0.070000 0.630000 0.490000
1.715654 -9.540184 1.466800 0.350000 -0.700000 0.070000
1.672583 -9.750752 1.258625 -0.840000 -0.420000 1.330000
1.672583 -9.750752 1.258625 -0.840000 -0.420000 1.330000
1.672583 -9.686146 1.404587 -0.070000 -0.210000 0.630000
1.665405 -9.719646 1.229911 0.070000 -0.630000 0.350000
1.715654 -9.729217 1.289732 0.770000 -0.280000 0.560000
