9.291330 0.533599 2.916851 0.840000 -0.910000 0.350000
9.209974 0.519243 2.919244 0.770000 -1.120000 -1.260000
9.217153 0.567099 2.943172 -0.350000 -1.540000 -0.560000
9.231510 0.524028 2.900101 -0.140000 -1.120000 0.210000
9.231510 0.524028 2.900101 -0.140000 -1.120000 0.210000
9.231510 0.524028 2.900101 -0.140000 -1.120000 0.210000
9.274581 0.299103 2.902494 0.070000 -0.840000 0.770000
9.322437 0.256032 2.981457 1.610000 -0.280000 0.350000
9.305687 0.509671 2.840281 1.610000 -0.420000 -0.420000
9.320045 0.516850 2.751746 0.700000 0.700000 0.560000
9.320045 0.516850 2.751746 0.700000 0.700000 0.560000
9.272188 0.449851 2.900101 0.140000 -0.140000 -0.630000
9.293723 0.533599 2.854637 0.140000 -0.210000 -0.980000
9.284152 0.531207 2.864209 0.490000 0.210000 -1.120000
9.257831 0.495314 2.950350 0.210000 0.210000 -0.630000
9.291330 0.416351 2.945565 -0.420000 0.070000 -0.070000
9.291330 0.416351 2.945565 -0.420000 0.070000 -0.070000
9.291330 0.416351 2.945565 -0.420000 0.070000 -0.070000
9.291330 0.416351 2.945565 -0.420000 0.070000 -0.070000
9.291330 0.416351 2.945565 -0.420000 0.070000 -0.070000
9.291330 0.416351 2.945565 -0.420000 0.070000 -0.070000
9.272188 0.595813 2.928815 0.280000 1.050000 0.560000
9.224331 0.411566 2.976671 -0.770000 0.770000 0.420000
9.262616 0.524028 2.962314 -0.140000 0.280000 -1.400000
9.262616 0.524028 2.962314 -0.140000 0.280000 -1.400000
9.238688 0.495314 2.938386 0.420000 0.770000 -1.750000
9.142976 0.588634 3.046063 -0.070000 0.210000 -1.190000
9.159724 0.655633 3.007778 0.140000 -0.560000 -0.770000
9.078369 0.555135 2.916851 0.070000 -0.560000 0.140000
9.078369 0.555135 2.916851 0.070000 -0.560000 0.140000
9.078369 0.555135 2.916851 0.070000 -0.560000 0.140000
9.078369 0.555135 2.916851 0.070000 -0.560000 0.140000
9.078369 0.555135 2.916851 0.070000 -0.560000 0.140000
9.078369 0.555135 2.916851 0.070000 -0.560000 0.140000
9.078369 0.555135 2.916851 0.070000 -0.560000 0.140000
9.126225 0.598206 2.892922 -1.190000 -1.120000 1.680000
9.126225 0.598206 2.892922 -1.190000 -1.120000 1.680000
9.126225 0.598206 2.892922 -1.190000 -1.120000 1.680000
9.126225 0.598206 2.892922 -1.190000 -1.120000 1.680000
9.126225 0.598206 2.892922 -1.190000 -1.120000 1.680000
9.126225 0.598206 2.892922 -1.190000 -1.120000 1.680000
9.425328 0.416351 2.971886 -1.050000 -0.140000 1.540000
