1.619941 -9.767502 0.155533 -0.840000 -0.280000 -0.420000
1.584049 -9.731609 0.210568 -0.070000 -1.610000 -0.700000
1.500300 -9.681360 0.177069 -0.630000 -0.280000 -0.280000
1.526621 -9.710074 0.291924 1.680000 -0.140000 0.210000
1.572084 -9.769895 0.189033 1.540000 0.840000 0.560000
1.572084 -9.769895 0.189033 1.540000 0.840000 0.560000
1.572084 -9.769895 0.189033 1.540000 0.840000 0.560000
1.584049 -9.844072 0.452243 0.770000 -2.800000 -0.350000
1.610370 -9.817751 0.373280 -0.420000 -3.850000 0.070000
1.610370 -9.817751 0.373280 -0.420000 -3.850000 0.070000
1.538585 -9.872787 0.289532 -1.330000 -2.730000 0.420000
1.478764 -9.827322 0.232104 1.330000 -1.890000 0.350000
1.603191 -9.961320 0.191426 -0.980000 -1.610000 -0.070000
1.631905 -9.856036 0.227318 1.820000 -1.330000 -0.980000
1.603191 -9.832108 0.334995 1.960000 -1.750000 -1.050000
1.603191 -9.832108 0.334995 1.960000 -1.750000 -1.050000
1.603191 -9.832108 0.334995 1.960000 -1.750000 -1.050000
1.603191 -9.832108 0.334995 1.960000 -1.750000 -1.050000
1.603191 -9.832108 0.334995 1.960000 -1.750000 -1.050000
1.603191 -9.832108 0.334995 1.960000 -1.750000 -1.050000
1.603191 -9.832108 0.334995 1.960000 -1.750000 -1.050000
1.603191 -9.832108 0.334995 1.960000 -1.750000 -1.050000
1.603191 -9.832108 0.334995 1.960000 -1.750000 -1.050000
1.617548 -9.834501 0.296710 2.940000 -0.630000 -0.350000
1.617548 -9.834501 0.296710 2.940000 -0.630000 -0.350000
1.557728 -9.659825 0.325424 -1.540000 -1.400000 0.700000
1.519442 -9.848858 0.251246 1.610000 -3.430000 0.280000
1.572084 -9.868000 0.148355 -3.360000 -2.310000 0.770000
1.495514 -9.875179 0.236889 4.340000 -1.890000 -0.420000
1.495514 -9.875179 0.236889 4.340000 -1.890000 -0.420000
1.586441 -9.889536 0.217747 0.280000 -2.030000 -0.140000
1.586441 -9.889536 0.217747 0.280000 -2.030000 -0.140000
1.574477 -9.832108 0.203390 2.450000 -1.190000 -1.190000
1.540978 -9.798609 0.203390 1.470000 -0.490000 -0.420000
1.540978 -9.798609 0.203390 1.470000 -0.490000 -0.420000
1.529014 -9.796216 0.337388 1.890000 -0.210000 -0.980000
1.572084 -9.810574 0.263210 0.070000 -0.910000 -0.350000
1.564906 -9.815358 0.169890 -1.120000 -2.100000 -0.420000
1.564906 -9.815358 0.169890 -1.120000 -2.100000 -0.420000
1.497907 -9.753145 0.196211 1.680000 -1.680000 -0.980000
1.497907 -9.753145 0.196211 1.680000 -1.680000 -0.980000
1.572084 -9.822537 0.392423 0.910000 -0.910000 0.420000
1.572084 -9.822537 0.392423 0.910000 -0.910000 0.420000
1.564906 -9.734003 0.270389 -2.800000 -1.960000 1.120000
1.564906 -9.734003 0.270389 -2.800000 -1.960000 1.120000
1.514657 -9.920642 0.227318 -1.680000 -1.750000 0.840000
1.411765 -9.791430 0.126820 2.170000 1.120000 -0.070000
1.605584 -9.829715 0.459422 3.640000 1.050000 0.490000
1.605584 -9.829715 0.459422 3.640000 1.050000 0.490000
1.605584 -9.829715 0.459422 3.640000 1.050000 0.490000
1.629512 -9.899107 0.342174 1.330000 -2.590000 0.770000
1.629512 -9.899107 0.342174 1.330000 -2.590000 0.770000
