-1.682154 -8.992228 3.347559 0.840000 0.350000 0.560000
-1.844866 -9.205189 3.452843 -1.540000 1.540000 0.560000
-1.844866 -9.205189 3.452843 -1.540000 1.540000 0.560000
-1.775474 -9.396614 3.213561 1.610000 -0.070000 -0.070000
-1.775474 -9.396614 3.213561 1.610000 -0.070000 -0.070000
-1.775474 -9.396614 3.213561 1.610000 -0.070000 -0.070000
-1.749153 -9.011370 3.531806 3.150000 -1.330000 0.560000
-1.749153 -9.011370 3.531806 3.150000 -1.330000 0.560000
-1.749153 -9.011370 3.531806 3.150000 -1.330000 0.560000
-1.749153 -9.011370 3.531806 3.150000 -1.330000 0.560000
-1.751546 -9.300901 3.105884 -2.310000 0.350000 0.560000
-1.756332 -9.238688 3.383451 -0.980000 0.140000 0.840000
-1.799403 -9.315259 3.194418 -2.240000 0.910000 -0.140000
-1.773082 -9.334401 3.199204 1.400000 0.770000 -0.630000
-1.773082 -9.334401 3.199204 1.400000 0.770000 -0.630000
-1.813759 -9.288938 3.163311 -1.330000 0.700000 -0.490000
-1.813759 -9.288938 3.163311 -1.330000 0.700000 -0.490000
-1.813759 -9.288938 3.163311 -1.330000 0.700000 -0.490000
-1.806581 -9.126225 3.280560 0.140000 0.770000 0.210000
-1.706082 -9.348758 3.201597 -0.980000 0.770000 0.490000
-1.758725 -9.231510 3.213561 1.960000 0.280000 -0.140000
-1.852045 -9.133404 3.426522 -0.630000 2.240000 0.140000
-1.852045 -9.133404 3.426522 -0.630000 2.240000 0.140000
-1.818545 -9.248260 3.326023 -2.660000 3.080000 -0.490000
-1.746760 -8.932407 3.713661 -8.820000 1.050000 0.770000
-1.746760 -8.932407 3.713661 -8.820000 1.050000 0.770000
-1.787439 -8.925228 3.282953 2.940000 0.700000 -1.610000
-1.718047 -9.013763 3.306881 0.560000 0.280000 0.560000
-1.718047 -9.013763 3.306881 0.560000 0.280000 0.560000
-1.718047 -9.013763 3.306881 0.560000 0.280000 0.560000
-1.744368 -9.461221 2.950350 -0.140000 0.350000 -0.910000
-1.744368 -9.461221 2.950350 -0.140000 0.350000 -0.910000
-1.703690 -9.085547 3.213561 1.330000 0.560000 0.980000
-1.696511 -9.265009 3.132205 0.560000 1.330000 -1.120000
-1.696511 -9.265009 3.132205 0.560000 1.330000 -1.120000
-1.696511 -9.265009 3.132205 0.560000 1.330000 -1.120000
-1.746760 -9.236296 3.125026 -0.490000 1.820000 0.840000
-1.725225 -9.183653 3.227918 1.190000 1.540000 0.840000
-1.725225 -9.183653 3.227918 1.190000 1.540000 0.840000
-1.698904 -9.200402 3.428915 0.840000 0.210000 2.170000
-1.698904 -9.200402 3.428915 0.840000 0.210000 2.170000
-1.691726 -9.243474 3.201597 2.170000 0.210000 0.560000
-1.691726 -9.243474 3.201597 2.170000 0.210000 0.560000
-1.715654 -9.279366 3.292524 -1.890000 0.980000 1.260000
-1.715654 -9.279366 3.292524 -1.890000 0.980000 1.260000
-1.715654 -9.279366 3.292524 -1.890000 0.980000 1.260000
-1.715654 -9.279366 3.292524 -1.890000 0.980000 1.260000
-1.715654 -9.279366 3.292524 -1.890000 0.980000 1.260000
-1.768296 -9.315259 3.081956 -1.260000 0.420000 -0.560000
-1.768296 -9.315259 3.081956 -1.260000 0.420000 -0.560000
-1.768296 -9.315259 3.081956 -1.260000 0.420000 -0.560000
-1.775474 -9.198010 3.275774 -0.560000 0.350000 0.140000
