1.761117 -9.717253 0.035892 2.730000 -0.770000 0.140000
1.720440 -9.820145 0.105284 -0.420000 -0.910000 -2.100000
1.916651 -9.652647 -0.011964 -0.210000 -0.630000 -1.470000
1.892723 -9.454042 0.069392 3.290000 -0.630000 0.280000
1.892723 -9.454042 0.069392 3.290000 -0.630000 0.280000
1.794617 -9.635897 0.066999 1.190000 0.070000 0.560000
1.794617 -9.635897 0.066999 1.190000 0.070000 0.560000
1.820938 -9.856036 0.133998 0.210000 -0.560000 -0.490000
1.737189 -9.700503 -0.026321 -0.910000 -0.140000 -1.190000
1.849652 -9.760324 0.083749 -0.560000 0.210000 -0.700000
1.849652 -9.760324 0.083749 -0.560000 0.210000 -0.700000
1.842474 -9.753145 0.119641 0.560000 -0.070000 -0.070000
1.813759 -9.726824 0.064606 0.560000 -0.070000 -0.280000
1.744368 -9.600004 0.133998 0.560000 -0.560000 -0.350000
1.761117 -9.753145 0.033500 -1.470000 0.140000 0.560000
1.744368 -9.765109 0.050249 0.210000 -0.420000 0.700000
1.744368 -9.765109 0.050249 0.210000 -0.420000 0.700000
1.703690 -9.923036 0.136391 -0.210000 -1.750000 0.210000
1.703690 -9.923036 0.136391 -0.210000 -1.750000 0.210000
1.856830 -9.879964 0.045464 0.700000 -0.490000 -0.280000
1.794617 -9.834501 -0.009571 1.190000 -0.700000 -0.280000
1.777867 -9.736395 0.026321 0.210000 -0.280000 0.210000
1.703690 -9.903893 -0.035892 -0.840000 -0.140000 -0.630000
1.751546 -9.616754 0.133998 -0.210000 -0.490000 -0.700000
1.751546 -9.616754 0.133998 -0.210000 -0.490000 -0.700000
1.780260 -9.889536 -0.016750 0.840000 0.350000 0.560000
1.751546 -9.741181 0.062213 -0.350000 0.700000 -0.280000
1.751546 -9.741181 0.062213 -0.350000 0.700000 -0.280000
1.763510 -9.710074 0.047856 1.470000 -0.280000 -0.630000
1.763510 -9.710074 0.047856 1.470000 -0.280000 -0.630000
1.765903 -9.693325 0.066999 -0.350000 -0.140000 -0.700000
1.706082 -9.657433 0.055035 0.490000 -0.420000 -0.770000
1.768296 -9.480364 0.031107 -0.560000 -0.420000 -0.560000
1.768296 -9.480364 0.031107 -0.560000 -0.420000 -0.560000
1.768296 -9.480364 0.031107 -0.560000 -0.420000 -0.560000
1.768296 -9.480364 0.031107 -0.560000 -0.420000 -0.560000
1.768296 -9.480364 0.031107 -0.560000 -0.420000 -0.560000
1.768296 -9.480364 0.031107 -0.560000 -0.420000 -0.560000
1.768296 -9.480364 0.031107 -0.560000 -0.420000 -0.560000
1.665405 -9.734003 0.169890 -1.330000 -0.280000 0.490000
