1.730011 -9.901501 -0.102891 1.400000 -0.350000 0.630000
1.684547 -9.745967 0.050249 0.140000 0.210000 0.140000
1.684547 -9.745967 0.050249 0.140000 0.210000 0.140000
1.749153 -9.559326 0.098106 0.980000 -0.210000 -0.490000
1.749153 -9.559326 0.098106 0.980000 -0.210000 -0.490000
1.710868 -9.784252 0.047856 1.610000 -0.070000 -0.140000
1.710868 -9.784252 0.047856 1.610000 -0.070000 -0.140000
1.811367 -9.741181 0.016750 0.070000 -0.910000 0.210000
1.811367 -9.741181 0.016750 0.070000 -0.910000 0.210000
1.828116 -9.805787 -0.031107 1.330000 -0.210000 0.140000
1.828116 -9.805787 -0.031107 1.330000 -0.210000 0.140000
1.799403 -9.760324 0.095713 0.280000 -0.070000 -0.980000
1.799403 -9.760324 0.095713 0.280000 -0.070000 -0.980000
1.856830 -9.798609 -0.028714 0.840000 -0.840000 -1.190000
1.804188 -9.705289 -0.100499 0.770000 0.350000 -0.630000
1.825724 -9.554541 0.129212 1.120000 0.420000 -0.490000
1.773082 -9.590433 0.093320 -1.750000 0.350000 -0.350000
1.739582 -9.678967 0.031107 1.120000 0.700000 0.140000
1.770689 -9.743573 0.289532 0.560000 -0.840000 0.770000
1.744368 -9.779467 0.100499 0.350000 -1.190000 0.560000
1.744368 -9.779467 0.100499 0.350000 -1.190000 0.560000
1.758725 -9.882358 0.023928 0.280000 -0.210000 0.140000
1.775474 -9.652647 -0.062213 -1.330000 -0.980000 -0.910000
1.775474 -9.652647 -0.062213 -1.330000 -0.980000 -0.910000
1.808974 -9.801002 0.040678 0.770000 -0.070000 0.280000
1.808974 -9.801002 0.040678 0.770000 -0.070000 0.280000
1.756332 -9.834501 0.071785 -0.490000 0.140000 -0.070000
1.715654 -9.868000 0.062213 1.050000 -0.210000 0.070000
1.777867 -9.934999 0.098106 -0.420000 0.210000 -0.350000
1.777867 -9.934999 0.098106 -0.420000 0.210000 -0.350000
1.797010 -9.652647 0.057428 -0.420000 -0.560000 -0.630000
1.785046 -9.894321 -0.045464 -1.050000 0.280000 -0.490000
1.785046 -9.894321 -0.045464 -1.050000 0.280000 -0.490000
1.730011 -9.757930 0.114855 0.770000 -0.070000 0.560000
1.730011 -9.757930 0.114855 0.770000 -0.070000 0.560000
1.713261 -9.743573 0.126820 -0.420000 -0.490000 -0.420000
1.739582 -9.803394 0.064606 -0.770000 -0.700000 -0.420000
1.758725 -9.755538 -0.019143 0.490000 -0.980000 0.700000
1.758725 -9.755538 -0.019143 0.490000 -0.980000 0.700000
1.823331 -9.767502 0.016750 -0.490000 -0.350000 -0.070000
1.730011 -9.671788 0.059821 0.560000 -0.910000 -0.070000
1.782653 -9.784252 -0.031107 -0.070000 -0.700000 0.840000
1.782653 -9.784252 -0.031107 -0.070000 -0.700000 0.840000
1.674976 -9.765109 0.052642 1.890000 1.540000 1.540000
