-0.057428 -9.710074 2.017149 -6.650000 3.220000 3.360000
-0.100499 -9.877571 1.954936 -6.300000 3.850000 2.800000
-0.181855 -9.801002 1.916651 -5.600000 5.040000 2.590000
-0.129212 -9.671788 1.983650 -4.690000 4.900000 2.170000
-0.129212 -9.671788 1.983650 -4.690000 4.900000 2.170000
-0.052642 -9.786645 1.990828 -6.790000 4.480000 1.890000
-0.052642 -9.786645 1.990828 -6.790000 4.480000 1.890000
-0.150748 -9.738789 1.962115 -5.390000 4.830000 1.820000
-0.093320 -9.671788 2.026721 -3.850000 5.950000 1.960000
-0.093320 -9.671788 2.026721 -3.850000 5.950000 1.960000
-0.095713 -9.561719 2.009971 -4.130000 5.670000 2.800000
-0.145962 -9.741181 2.091327 -6.230000 4.900000 3.080000
-0.076570 -9.753145 2.033899 -4.970000 4.690000 3.430000
-0.153141 -9.700503 1.981257 -5.390000 4.830000 2.170000
-0.153141 -9.700503 1.981257 -5.390000 4.830000 2.170000
-0.157926 -9.616754 2.005185 -5.950000 4.900000 2.590000
-0.167498 -9.714860 1.990828 -6.160000 4.760000 2.940000
-0.083749 -9.841680 2.084148 -7.070000 3.920000 2.520000
-0.078963 -9.863215 2.036292 -6.580000 3.850000 2.590000
-0.105284 -9.834501 1.966900 -4.690000 4.550000 2.030000
-0.117248 -9.786645 2.029114 -6.370000 3.990000 1.540000
-0.114855 -9.817751 1.957329 -6.300000 3.780000 1.470000
-0.114855 -9.817751 1.957329 -6.300000 3.780000 1.470000
-0.057428 -9.741181 1.926222 -7.280000 2.870000 1.610000
-0.035892 -9.585647 1.986043 -5.250000 4.550000 2.450000
-0.126820 -9.547362 1.933401 -5.880000 4.060000 2.870000
-0.126820 -9.547362 1.933401 -5.880000 4.060000 2.870000
-0.062213 -9.633504 1.933401 -7.630000 3.850000 3.010000
-0.110070 -9.736395 1.887937 -6.580000 4.760000 3.010000
-0.105284 -9.671788 1.964507 -5.670000 4.550000 4.060000
-0.076570 -9.779467 1.995614 -6.580000 4.130000 4.130000
-0.076570 -9.779467 1.995614 -6.580000 4.130000 4.130000
-0.076570 -9.779467 1.995614 -6.580000 4.130000 4.130000
-0.145962 -9.827322 1.957329 -5.950000 4.270000 2.590000
-0.095713 -9.803394 2.033899 -4.620000 4.480000 1.540000
-0.095713 -9.803394 2.033899 -4.620000 4.480000 1.540000
-0.071785 -9.616754 2.017149 -4.690000 4.830000 1.610000
-0.071785 -9.616754 2.017149 -4.690000 4.830000 1.610000
-0.071785 -9.616754 2.017149 -4.690000 4.830000 1.610000
-0.102891 -9.544970 2.017149 -5.880000 3.850000 1.820000
-0.102891 -9.544970 2.017149 -5.880000 3.850000 1.820000
-0.064606 -9.621540 1.986043 -5.810000 3.640000 2.450000
-0.100499 -9.777073 1.983650 -6.160000 4.620000 3.220000
-0.100499 -9.777073 1.983650 -6.160000 4.620000 3.220000
-0.105284 -9.659825 2.036292 -4.760000 4.130000 3.220000
-0.105284 -9.659825 2.036292 -4.760000 4.130000 3.220000
-0.105284 -9.659825 2.036292 -4.760000 4.130000 3.220000
-0.062213 -9.664611 1.995614 -6.230000 3.220000 3.220000
-0.117248 -9.710074 1.911865 -4.830000 3.430000 3.290000
-0.117248 -9.710074 1.911865 -4.830000 3.430000 3.290000
-0.117248 -9.710074 1.911865 -4.830000 3.430000 3.290000
-0.181855 -9.810574 1.859223 -6.020000 3.430000 3.570000
