9.547362 0.251246 1.818545 0.630000 1.470000 -0.490000
9.540184 0.265603 1.959722 -0.350000 1.470000 0.280000
9.633504 0.334995 2.055435 -1.610000 -0.490000 0.210000
9.643075 0.150748 1.919044 -0.700000 -0.140000 0.280000
9.643075 0.150748 1.919044 -0.700000 -0.140000 0.280000
9.559326 0.131605 1.978864 0.210000 0.420000 0.280000
9.533006 0.133998 1.808974 -1.400000 0.490000 -0.420000
9.499505 0.184247 1.813759 -0.420000 1.260000 -0.490000
9.499505 0.184247 1.813759 -0.420000 1.260000 -0.490000
9.480364 0.210568 1.892723 -0.070000 2.520000 0.280000
9.442079 0.244068 1.990828 -0.140000 2.940000 1.190000
9.442079 0.244068 1.990828 -0.140000 2.940000 1.190000
9.475577 0.196211 2.086541 -0.490000 1.680000 1.400000
9.497113 0.126820 2.038685 -0.210000 0.560000 1.470000
9.497113 0.126820 2.038685 -0.210000 0.560000 1.470000
9.568897 0.129212 2.050649 -0.420000 -0.700000 0.910000
9.568897 0.129212 2.050649 -0.420000 -0.700000 0.910000
9.647861 0.033500 1.998007 -1.820000 -0.210000 0.700000
9.592826 0.107677 2.041078 -0.770000 0.420000 -0.070000
9.609575 0.064606 2.091327 -1.050000 0.420000 -0.630000
9.609575 0.064606 2.091327 -1.050000 0.420000 -0.630000
9.609575 0.064606 2.091327 -1.050000 0.420000 -0.630000
9.609575 0.064606 2.091327 -1.050000 0.420000 -0.630000
9.540184 0.224925 2.055435 1.330000 0.350000 -0.910000
9.540184 0.224925 2.055435 1.330000 0.350000 -0.910000
9.399008 0.203390 2.091327 0.980000 -0.840000 -0.630000
9.497113 0.172283 2.012364 -0.770000 -1.610000 -0.560000
9.497113 0.172283 2.012364 -0.770000 -1.610000 -0.560000
9.468399 0.064606 1.962115 -0.630000 -1.540000 -0.350000
