8.999406 0.662812 3.452843 0.420000 -0.350000 -0.070000
8.999406 0.662812 3.452843 0.420000 -0.350000 -0.070000
8.999406 0.662812 3.452843 0.420000 -0.350000 -0.070000
9.066404 0.624527 3.390630 0.630000 -0.490000 -0.490000
9.159724 0.667598 3.376273 -0.070000 -0.350000 0.560000
9.042477 0.564706 3.371487 0.280000 0.420000 0.770000
9.042477 0.564706 3.371487 0.280000 0.420000 0.770000
9.042477 0.564706 3.371487 0.280000 0.420000 0.770000
9.006584 0.547956 3.402594 -0.490000 -0.350000 0.140000
9.006584 0.547956 3.402594 -0.490000 -0.350000 0.140000
9.006584 0.547956 3.402594 -0.490000 -0.350000 0.140000
9.006584 0.547956 3.402594 -0.490000 -0.350000 0.140000
9.147761 0.437887 3.378666 -0.910000 0.280000 -0.350000
9.071191 0.435494 3.448057 -0.140000 0.140000 -0.420000
9.040084 0.531207 3.443272 -0.280000 -0.350000 -0.630000
9.023334 0.507278 3.469593 -0.420000 0.630000 -0.140000
9.028119 0.516850 3.419343 0.350000 0.630000 -0.140000
9.028119 0.516850 3.419343 0.350000 0.630000 -0.140000
8.994620 0.545564 3.488736 0.070000 0.280000 0.280000
9.049655 0.492921 3.426522 0.280000 0.560000 0.700000
9.097511 0.447458 3.493521 0.280000 -0.070000 -0.210000
9.028119 0.591027 3.385844 0.070000 -0.700000 -0.490000
9.095119 0.576670 3.445665 0.490000 -0.210000 -0.140000
9.095119 0.576670 3.445665 0.490000 -0.210000 -0.140000
9.116654 0.500100 3.505485 0.070000 -0.280000 0.560000
8.997013 0.370888 3.426522 0.630000 0.420000 -0.700000
9.020942 0.581456 3.471986 0.770000 -0.490000 -1.260000
9.047262 0.646062 3.448057 0.140000 -0.420000 -0.420000
8.965906 0.528814 3.445665 0.350000 0.280000 0.210000
8.970692 0.526421 3.431308 0.420000 0.140000 0.490000
9.104690 0.583849 3.481557 -0.490000 -0.210000 0.350000
9.104690 0.583849 3.481557 -0.490000 -0.210000 0.350000
9.140583 0.559920 3.479164 -0.140000 -0.140000 0.070000
9.099905 0.502493 3.474378 0.420000 -0.420000 -0.420000
9.011370 0.497707 3.369094 0.420000 -0.350000 -0.910000
9.011370 0.497707 3.369094 0.420000 -0.350000 -0.910000
9.011370 0.605384 3.460021 -0.350000 0.140000 -0.840000
9.011370 0.605384 3.460021 -0.350000 0.140000 -0.840000
9.018548 0.516850 3.431308 0.420000 0.070000 1.050000
