0.598206 -9.712467 2.105684 -5.320000 4.480000 2.800000
0.545564 -9.781858 2.143969 -7.280000 2.800000 2.940000
0.521635 -9.781858 2.031506 -5.460000 4.200000 1.960000
0.521635 -9.781858 2.031506 -5.460000 4.200000 1.960000
0.531207 -9.686146 2.017149 -5.810000 4.060000 2.450000
0.559920 -9.729217 1.983650 -6.370000 3.430000 2.170000
0.524028 -9.791430 2.033899 -5.950000 3.920000 2.240000
0.524028 -9.791430 2.033899 -5.950000 3.920000 2.240000
0.524028 -9.791430 2.033899 -5.950000 3.920000 2.240000
0.512064 -9.724431 2.076970 -4.900000 5.180000 1.260000
0.490529 -9.645468 1.962115 -3.710000 5.740000 2.310000
0.490529 -9.645468 1.962115 -3.710000 5.740000 2.310000
0.574277 -9.406186 2.045863 -3.010000 6.090000 3.990000
0.586242 -9.705289 2.115255 -3.990000 6.230000 3.290000
0.430708 -9.602397 2.210968 -5.880000 4.760000 3.780000
0.430708 -9.602397 2.210968 -5.880000 4.760000 3.780000
0.485743 -9.683753 2.170290 -7.070000 4.060000 3.080000
0.437887 -9.753145 2.096112 -5.460000 4.970000 2.730000
0.504886 -9.748360 2.132005 -5.390000 5.040000 2.730000
0.545564 -9.631111 2.184647 -4.760000 3.780000 2.800000
0.538385 -9.702895 2.120041 -5.040000 4.830000 3.010000
0.528814 -9.635897 2.091327 -4.900000 3.500000 3.710000
0.528814 -9.635897 2.091327 -4.900000 3.500000 3.710000
0.524028 -9.609575 2.048256 -6.370000 4.200000 3.640000
0.524028 -9.609575 2.048256 -6.370000 4.200000 3.640000
0.552742 -9.829715 2.045863 -4.550000 4.620000 4.200000
0.433101 -9.762716 2.124826 -5.530000 4.830000 3.080000
0.567099 -9.595219 2.143969 -4.410000 5.110000 3.640000
0.567099 -9.595219 2.143969 -4.410000 5.110000 3.640000
0.504886 -9.832108 2.117648 -5.950000 4.270000 3.780000
0.442672 -9.616754 2.084148 -6.510000 4.060000 2.940000
0.454636 -9.485149 1.976472 -6.440000 4.900000 4.200000
0.454636 -9.544970 2.014757 -5.460000 5.880000 4.550000
0.538385 -9.966106 2.187040 -7.700000 4.830000 3.500000
0.461815 -9.887143 2.213361 -5.670000 4.620000 3.080000
0.375673 -9.851252 2.105684 -5.530000 4.340000 2.450000
0.416351 -9.714860 2.019542 -5.880000 3.920000 1.890000
0.457029 -9.688539 2.043471 -5.390000 4.550000 2.170000
0.514457 -9.619147 2.208575 -5.950000 3.150000 2.240000
0.535992 -9.712467 2.196611 -7.980000 3.150000 2.590000
0.535992 -9.712467 2.196611 -7.980000 3.150000 2.590000
0.521635 -9.607183 2.139183 -7.560000 3.430000 1.400000
0.521635 -9.607183 2.139183 -7.560000 3.430000 1.400000
0.447458 -9.688539 2.146362 -4.060000 5.110000 2.240000
0.447458 -9.688539 2.146362 -4.060000 5.110000 2.240000
0.428315 -9.676575 2.124826 -4.690000 4.480000 1.330000
0.428315 -9.676575 2.124826 -4.690000 4.480000 1.330000
0.423530 -9.614362 1.988436 -5.460000 4.970000 3.430000
0.471386 -9.564112 2.021935 -5.110000 5.040000 3.220000
0.454636 -9.540184 2.218147 -5.390000 4.200000 4.340000
0.452243 -9.690931 2.084148 -5.740000 3.570000 4.830000
0.404387 -9.707682 2.110470 -6.580000 3.360000 5.040000
0.476172 -9.734003 2.110470 -6.440000 4.340000 3.920000
0.437887 -9.879964 2.045863 -5.250000 4.130000 4.480000
0.437887 -9.891929 2.053042 -5.110000 3.920000 4.410000
0.485743 -9.951750 1.969293 -3.010000 5.250000 3.500000
0.447458 -9.858429 2.074577 -4.760000 4.480000 2.590000
0.447458 -9.858429 2.074577 -4.760000 4.480000 2.590000
0.447458 -9.858429 2.074577 -4.760000 4.480000 2.590000
0.447458 -9.858429 2.074577 -4.760000 4.480000 2.590000
0.447458 -9.858429 2.074577 -4.760000 4.480000 2.590000
0.466600 -9.600004 2.134398 -2.940000 4.760000 0.770000
0.531207 -9.379865 2.048256 -6.090000 3.500000 2.940000
0.531207 -9.379865 2.048256 -6.090000 3.500000 2.940000
0.464208 -9.422935 2.060220 -3.220000 4.130000 4.130000
0.495314 -9.650253 2.053042 -6.510000 4.340000 4.690000
0.445065 -9.698111 2.148755 -6.090000 4.970000 4.270000
0.502493 -9.913465 2.045863 -7.140000 4.200000 5.110000
0.502493 -9.913465 2.045863 -7.140000 4.200000 5.110000
0.430708 -9.932607 2.105684 -6.020000 4.270000 3.570000
0.464208 -9.755538 2.026721 -5.950000 4.340000 2.730000
