1.031307 -9.595219 2.132005 0.420000 -0.210000 -0.770000
1.031307 -9.595219 2.132005 0.420000 -0.210000 -0.770000
1.122234 -9.544970 2.127219 0.630000 -0.140000 -0.560000
1.122234 -9.544970 2.127219 0.630000 -0.140000 -0.560000
1.036092 -9.501899 2.117648 0.770000 0.140000 -0.140000
1.112662 -9.564112 2.203789 0.910000 0.350000 0.140000
1.062413 -9.468399 2.177469 0.210000 0.490000 0.210000
1.062413 -9.530612 2.143969 1.890000 0.210000 0.490000
1.091127 -9.576077 2.275574 -0.210000 -0.140000 1.050000
1.045663 -9.707682 2.196611 -0.140000 -0.490000 0.070000
1.045663 -9.707682 2.196611 -0.140000 -0.490000 0.070000
1.055235 -9.623933 2.215754 0.280000 -0.770000 -0.210000
1.055235 -9.623933 2.215754 0.280000 -0.770000 -0.210000
0.969093 -9.585647 2.132005 0.070000 -0.280000 0.210000
1.019342 -9.602397 2.254039 1.330000 -0.140000 0.210000
1.045663 -9.573684 2.139183 -0.560000 -0.280000 0.140000
1.134198 -9.611969 2.179861 0.840000 -0.140000 0.700000
1.028914 -9.657433 2.222932 0.560000 0.210000 0.490000
1.021735 -9.631111 2.189433 -0.350000 -0.490000 -0.350000
1.055235 -9.674182 2.165504 0.490000 -0.420000 -0.490000
1.024128 -9.597611 2.112862 -0.280000 -0.490000 -0.560000
1.024128 -9.597611 2.112862 -0.280000 -0.490000 -0.560000
1.081556 -9.604790 2.172683 -0.210000 -0.210000 -0.560000
1.031307 -9.690931 2.170290 0.910000 -0.070000 -0.280000
1.031307 -9.690931 2.170290 0.910000 -0.070000 -0.280000
1.088734 -9.588040 2.165504 0.560000 0.420000 -0.420000
1.115055 -9.492328 2.239682 1.540000 0.560000 0.070000
1.050449 -9.611969 2.189433 0.490000 -0.140000 0.560000
1.081556 -9.621540 2.218147 -0.140000 -0.490000 0.070000
1.091127 -9.669396 2.167897 -0.210000 -0.560000 -0.280000
1.091127 -9.669396 2.167897 -0.210000 -0.560000 -0.280000
1.091127 -9.669396 2.167897 -0.210000 -0.560000 -0.280000
1.091127 -9.669396 2.167897 -0.210000 -0.560000 -0.280000
1.028914 -9.552148 2.146362 0.280000 -0.630000 -0.490000
1.028914 -9.552148 2.146362 0.280000 -0.630000 -0.490000
1.028914 -9.552148 2.146362 0.280000 -0.630000 -0.490000
1.069592 -9.645468 2.177469 -0.280000 -0.630000 0.070000
1.048056 -9.597611 2.158326 -0.070000 -0.630000 0.210000
1.048056 -9.597611 2.158326 -0.070000 -0.630000 0.210000
1.048056 -9.597611 2.158326 -0.070000 -0.630000 0.210000
1.110270 -9.635897 2.165504 0.700000 0.140000 0.210000
1.110270 -9.635897 2.165504 0.700000 0.140000 0.210000
1.088734 -9.588040 2.143969 -0.560000 0.140000 -0.280000
