3.735196 -7.688138 4.668397 1.680000 1.470000 1.050000
3.735196 -7.688138 4.668397 1.680000 1.470000 1.050000
3.577270 -7.695317 4.780859 -1.330000 0.140000 0.770000
3.656233 -7.738388 4.759324 0.350000 0.560000 0.700000
3.656233 -7.738388 4.759324 0.350000 0.560000 0.700000
3.684947 -7.762317 4.869394 -0.140000 0.490000 1.120000
3.684947 -7.762317 4.869394 -0.140000 0.490000 1.120000
3.730411 -7.800602 4.924429 -0.560000 0.210000 0.770000
3.730411 -7.800602 4.924429 -0.560000 0.210000 0.770000
3.682554 -7.688138 4.701896 0.280000 -0.350000 -0.210000
3.644269 -7.716853 4.711468 0.350000 0.420000 -0.280000
3.644269 -7.716853 4.711468 0.350000 0.420000 -0.280000
3.668197 -7.637890 4.766503 -1.400000 0.560000 0.280000
3.668197 -7.637890 4.766503 -1.400000 0.560000 0.280000
3.730411 -7.623533 4.867002 -0.140000 0.980000 0.350000
3.730411 -7.623533 4.867002 -0.140000 0.980000 0.350000
3.730411 -7.623533 4.867002 -0.140000 0.980000 0.350000
3.706482 -7.836494 4.831109 -1.680000 0.280000 0.980000
3.706482 -7.836494 4.831109 -1.680000 0.280000 0.980000
3.754339 -7.831708 4.780859 -0.980000 0.420000 0.210000
3.754339 -7.831708 4.780859 -0.980000 0.420000 0.210000
3.751946 -7.834101 4.977071 0.490000 0.560000 -0.350000
3.759124 -7.678568 4.701896 -1.750000 -0.280000 -1.470000
3.610770 -7.649854 4.957928 -0.840000 0.140000 -0.910000
3.610770 -7.649854 4.957928 -0.840000 0.140000 -0.910000
3.706482 -7.640282 4.807181 -0.630000 0.280000 -0.560000
3.706482 -7.640282 4.807181 -0.630000 0.280000 -0.560000
3.637090 -7.764710 4.790431 -2.660000 -0.770000 0.420000
3.493521 -7.917850 4.821537 -2.450000 -1.260000 -0.700000
3.493521 -7.917850 4.821537 -2.450000 -1.260000 -0.700000
3.493521 -7.917850 4.821537 -2.450000 -1.260000 -0.700000
3.835695 -7.795816 4.840680 -1.470000 -1.190000 1.400000
3.835695 -7.795816 4.840680 -1.470000 -1.190000 1.400000
3.610770 -7.779066 4.910072 -1.120000 -0.980000 0.560000
3.682554 -7.659425 4.749753 1.050000 0.980000 1.050000
3.682554 -7.659425 4.749753 1.050000 0.980000 1.050000
3.663411 -7.740781 4.742575 -0.420000 0.350000 1.190000
3.742374 -7.774280 4.709075 -1.470000 -0.140000 2.100000
3.728018 -7.841280 4.649254 1.890000 2.170000 0.350000
3.728018 -7.841280 4.649254 1.890000 2.170000 0.350000
3.672983 -7.791030 4.919643 2.520000 2.310000 0.350000
3.672983 -7.791030 4.919643 2.520000 2.310000 0.350000
3.672983 -7.791030 4.919643 2.520000 2.310000 0.350000
3.684947 -7.824530 4.893322 -0.840000 1.540000 0.280000
3.644269 -7.791030 4.871787 -0.700000 0.280000 -0.770000
3.756732 -7.850852 4.752146 0.210000 0.210000 0.350000
3.756732 -7.850852 4.752146 0.210000 0.210000 0.350000
3.756732 -7.850852 4.752146 0.210000 0.210000 0.350000
3.598805 -7.960921 4.778467 -1.680000 0.490000 -0.560000
3.598805 -7.960921 4.778467 -1.680000 0.490000 -0.560000
