9.221939 0.744168 3.084348 0.630000 -1.470000 -1.120000
9.207582 0.638884 3.010171 0.840000 -0.630000 0.420000
9.229117 0.588634 3.158526 -0.630000 0.910000 0.630000
9.133404 0.581456 3.139383 0.700000 1.400000 -0.560000
9.133404 0.581456 3.139383 0.700000 1.400000 -0.560000
9.085547 0.665205 3.072384 1.330000 0.770000 -2.030000
9.087940 0.729811 2.998207 1.400000 0.350000 -1.960000
9.085547 0.892523 3.127419 0.280000 -0.140000 -1.260000
9.085547 0.892523 3.127419 0.280000 -0.140000 -1.260000
9.085547 0.892523 3.127419 0.280000 -0.140000 -1.260000
9.145369 0.751346 3.091527 -0.560000 0.350000 0.770000
9.145369 0.751346 3.091527 -0.560000 0.350000 0.770000
9.111869 0.729811 3.182454 0.140000 -0.070000 0.070000
9.111869 0.729811 3.182454 0.140000 -0.070000 0.070000
9.111869 0.729811 3.182454 0.140000 -0.070000 0.070000
9.226725 0.815953 3.244668 0.700000 0.560000 -1.190000
9.162118 0.746561 3.129812 -0.070000 0.280000 -0.840000
9.176475 0.815953 3.158526 -0.070000 0.700000 -0.140000
9.152546 0.665205 3.048456 -0.350000 1.190000 -0.280000
9.080762 0.650848 3.153740 0.490000 1.470000 -0.700000
8.985049 0.775275 3.084348 -0.070000 0.560000 -1.400000
9.061620 0.794417 3.129812 -0.910000 -0.140000 -1.400000
9.061620 0.794417 3.129812 -0.910000 -0.140000 -1.400000
9.035298 0.832702 3.122634 -0.140000 0.280000 -0.560000
9.035298 0.832702 3.122634 -0.140000 0.280000 -0.560000
9.073583 0.734596 3.165704 -1.190000 -0.420000 1.330000
9.174082 0.684347 3.127419 0.070000 0.420000 0.700000
9.174082 0.684347 3.127419 0.070000 0.420000 0.700000
9.291330 0.667598 3.208775 -0.140000 0.700000 0.840000
9.109475 0.674776 3.175276 0.700000 0.280000 0.350000
9.109475 0.674776 3.175276 0.700000 0.280000 0.350000
9.111869 0.715454 3.129812 0.700000 -0.630000 -0.350000
9.044869 0.811167 3.089134 0.630000 -0.210000 -0.350000
9.044869 0.751346 3.175276 0.420000 0.770000 1.400000
9.109475 0.679562 3.218346 -0.420000 -0.630000 1.750000
9.200402 0.662812 3.189633 -0.420000 -0.350000 1.750000
9.200402 0.662812 3.189633 -0.420000 -0.350000 1.750000
9.176475 0.662812 3.139383 -0.420000 0.280000 1.190000
9.178867 0.734596 3.108276 0.070000 0.630000 0.490000
