1.000200 -9.688539 2.196611 0.770000 -0.210000 0.490000
1.000200 -9.688539 2.196611 0.770000 -0.210000 0.490000
1.062413 -9.702895 2.179861 0.980000 -0.070000 -0.630000
1.033699 -9.626326 2.139183 0.490000 0.770000 -1.120000
1.122234 -9.626326 2.237289 1.470000 0.630000 -1.190000
1.012164 -9.533006 2.143969 1.190000 0.420000 -1.120000
1.012164 -9.533006 2.143969 1.190000 0.420000 -1.120000
1.069592 -9.485149 2.220540 0.560000 0.560000 -0.420000
1.069592 -9.485149 2.220540 0.560000 0.560000 -0.420000
0.969093 -9.454042 2.179861 0.420000 0.280000 -0.420000
1.052842 -9.403792 2.201397 0.420000 0.350000 0.770000
0.990629 -9.611969 2.199004 0.560000 0.420000 1.610000
0.990629 -9.611969 2.199004 0.560000 0.420000 1.610000
1.038485 -9.659825 2.266003 0.420000 0.070000 1.120000
0.993021 -9.643075 2.242075 0.070000 -0.070000 0.140000
1.083949 -9.669396 2.155933 0.490000 -0.770000 0.490000
1.048056 -9.664611 2.127219 -0.420000 -0.420000 -0.140000
1.052842 -9.585647 2.213361 2.100000 0.350000 -0.140000
1.052842 -9.585647 2.213361 2.100000 0.350000 -0.140000
1.052842 -9.585647 2.213361 2.100000 0.350000 -0.140000
0.942772 -9.578469 2.141576 -0.840000 0.140000 -0.840000
0.942772 -9.578469 2.141576 -0.840000 0.140000 -0.840000
0.983450 -9.576077 2.108077 0.490000 0.350000 -0.910000
0.983450 -9.576077 2.108077 0.490000 0.350000 -0.910000
1.040878 -9.523434 2.213361 0.560000 -0.210000 -0.700000
1.031307 -9.461221 2.132005 0.490000 -0.910000 -0.840000
1.014557 -9.458827 2.120041 -1.050000 -0.770000 -0.210000
1.002593 -9.540184 2.031506 -0.280000 -0.070000 0.140000
1.093520 -9.602397 2.225325 2.030000 0.350000 0.910000
1.093520 -9.602397 2.225325 2.030000 0.350000 0.910000
1.076770 -9.621540 2.237289 0.910000 0.280000 1.050000
1.045663 -9.745967 2.244468 -0.070000 -1.050000 -0.140000
1.012164 -9.676575 2.158326 0.350000 -0.980000 -0.280000
1.103091 -9.650253 2.189433 0.630000 -1.050000 -0.070000
1.024128 -9.614362 2.079363 0.210000 -0.910000 -0.490000
1.016950 -9.549755 2.062613 0.140000 -0.140000 -0.420000
1.016950 -9.549755 2.062613 0.140000 -0.140000 -0.420000
1.093520 -9.604790 2.182254 0.700000 -0.140000 0.070000
1.060020 -9.525827 2.244468 0.140000 -0.770000 -0.070000
1.060020 -9.525827 2.244468 0.140000 -0.770000 -0.070000
1.021735 -9.554541 2.110470 0.420000 -0.420000 -0.280000
1.043271 -9.535398 2.194218 0.560000 -0.210000 -0.210000
