0.911665 1.806581 9.257831 -0.980000 0.350000 0.210000
0.911665 1.806581 9.257831 -0.980000 0.350000 0.210000
0.911665 1.806581 9.257831 -0.980000 0.350000 0.210000
0.911665 1.806581 9.257831 -0.980000 0.350000 0.210000
0.964308 1.887937 9.286544 0.910000 0.980000 0.280000
0.909273 1.897508 9.322437 0.210000 0.910000 0.700000
0.909273 1.897508 9.322437 0.210000 0.910000 0.700000
0.909273 1.897508 9.322437 0.210000 0.910000 0.700000
0.909273 1.897508 9.322437 0.210000 0.910000 0.700000
0.909273 1.897508 9.322437 0.210000 0.910000 0.700000
1.009771 1.811367 9.324830 -0.070000 1.400000 -0.700000
0.923629 1.880759 9.458827 0.210000 0.910000 0.910000
0.923629 1.880759 9.458827 0.210000 0.910000 0.910000
0.937986 1.749153 9.379865 0.840000 -0.070000 -0.140000
0.937986 1.749153 9.379865 0.840000 -0.070000 -0.140000
0.937986 1.749153 9.379865 0.840000 -0.070000 -0.140000
0.935594 1.837688 9.202796 0.630000 0.560000 -0.700000
0.935594 1.837688 9.202796 0.630000 0.560000 -0.700000
0.916451 1.895115 9.281759 1.680000 1.050000 -0.630000
0.916451 1.895115 9.281759 1.680000 1.050000 -0.630000
0.909273 1.940579 9.401401 -0.420000 0.700000 -0.420000
0.885344 1.840081 9.327222 0.350000 1.260000 -0.280000
0.885344 1.840081 9.327222 0.350000 1.260000 -0.280000
0.885344 1.840081 9.327222 0.350000 1.260000 -0.280000
0.916451 1.830509 9.394222 -1.400000 0.700000 -0.140000
0.916451 1.830509 9.394222 -1.400000 0.700000 -0.140000
0.933201 1.801795 9.353544 -1.330000 0.700000 -0.560000
0.916451 1.926222 9.296116 1.680000 1.330000 0.070000
0.961915 1.976472 9.312866 1.120000 1.260000 0.490000
0.961915 1.976472 9.312866 1.120000 1.260000 0.490000
0.945165 1.866402 9.375079 0.140000 0.910000 0.770000
0.902094 1.842474 9.410972 -1.190000 -0.210000 0.700000
0.902094 1.842474 9.410972 -1.190000 -0.210000 0.700000
0.952343 1.804188 9.372685 -0.070000 -0.210000 0.770000
0.952343 1.804188 9.372685 -0.070000 -0.210000 0.770000
0.926022 1.813759 9.284152 -0.700000 -0.560000 0.070000
0.930808 1.899901 9.327222 0.420000 -0.070000 -0.350000
0.930808 1.899901 9.327222 0.420000 -0.070000 -0.350000
1.012164 1.816152 9.257831 -0.210000 0.350000 0.350000
0.966700 1.830509 9.219545 -0.350000 0.420000 0.350000
0.868595 1.861616 9.219545 0.770000 1.330000 0.140000
0.964308 1.873580 9.310472 0.350000 1.120000 0.140000
1.024128 1.878366 9.353544 0.770000 1.330000 -0.420000
0.899701 2.009971 9.420543 1.330000 1.330000 0.630000
0.899701 2.009971 9.420543 1.330000 1.330000 0.630000
0.954736 1.832902 9.384650 -0.350000 0.840000 0.840000
0.899701 1.808974 9.394222 0.350000 0.210000 -0.210000
0.899701 1.808974 9.394222 0.350000 0.210000 -0.210000
0.942772 2.017149 9.387043 1.540000 0.980000 -0.280000
0.942772 2.017149 9.387043 1.540000 0.980000 -0.280000
0.815953 1.940579 9.343972 0.140000 0.700000 0.350000
0.815953 1.940579 9.343972 0.140000 0.700000 0.350000
0.935594 1.861616 9.305687 -0.490000 0.770000 0.210000
