2.050649 -9.571291 -0.272782 -0.700000 0.700000 0.210000
2.172683 -9.779467 -0.332602 0.210000 -0.140000 0.560000
2.172683 -9.779467 -0.332602 0.210000 -0.140000 0.560000
2.172683 -9.779467 -0.332602 0.210000 -0.140000 0.560000
2.172683 -9.779467 -0.332602 0.210000 -0.140000 0.560000
2.201397 -9.640682 -0.313460 0.140000 -0.910000 -0.560000
2.194218 -9.698111 -0.418744 1.050000 0.070000 -0.210000
2.194218 -9.698111 -0.418744 1.050000 0.070000 -0.210000
2.143969 -9.681360 -0.323031 -0.280000 1.120000 -0.280000
2.143969 -9.681360 -0.323031 -0.280000 1.120000 -0.280000
2.143969 -9.681360 -0.323031 -0.280000 1.120000 -0.280000
2.143969 -9.681360 -0.323031 -0.280000 1.120000 -0.280000
2.167897 -9.982857 -0.299103 0.070000 0.630000 -0.210000
2.167897 -9.982857 -0.299103 0.070000 0.630000 -0.210000
2.155933 -9.657433 -0.186640 -0.490000 0.070000 -0.420000
2.155933 -9.657433 -0.186640 -0.490000 0.070000 -0.420000
2.112862 -9.597611 -0.260818 0.490000 0.210000 -0.070000
2.112862 -9.597611 -0.260818 0.490000 0.210000 -0.070000
2.155933 -9.628718 -0.260818 -0.490000 -0.280000 0.140000
2.127219 -9.741181 -0.339781 -0.140000 0.210000 0.070000
2.127219 -9.741181 -0.339781 -0.140000 0.210000 0.070000
2.127219 -9.741181 -0.339781 -0.140000 0.210000 0.070000
2.218147 -9.798609 -0.267996 0.700000 -0.980000 0.910000
2.134398 -9.681360 -0.287139 3.570000 -0.490000 0.350000
2.139183 -9.750752 -0.267996 -0.560000 0.210000 0.280000
2.170290 -9.729217 -0.399601 0.420000 -0.140000 -0.350000
2.170290 -9.729217 -0.399601 0.420000 -0.140000 -0.350000
2.124826 -9.707682 -0.284746 1.260000 -0.280000 -0.140000
2.153540 -9.712467 -0.284746 -0.910000 0.070000 -1.120000
2.079363 -9.738789 -0.246461 0.140000 0.280000 -0.420000
2.079363 -9.738789 -0.246461 0.140000 0.280000 -0.420000
2.141576 -9.635897 -0.236889 -0.630000 0.070000 -0.280000
2.134398 -9.748360 -0.311067 1.610000 0.070000 0.560000
2.134398 -9.748360 -0.311067 1.610000 0.070000 0.560000
2.153540 -9.698111 -0.263210 0.770000 -0.420000 -0.560000
2.194218 -9.738789 -0.236889 0.840000 -0.140000 -0.280000
2.194218 -9.738789 -0.236889 0.840000 -0.140000 -0.280000
2.124826 -9.487542 -0.224925 1.120000 -0.280000 -0.210000
2.110470 -9.738789 -0.279960 -0.280000 -0.210000 -0.210000
2.110470 -9.738789 -0.279960 -0.280000 -0.210000 -0.210000
2.136791 -9.710074 -0.244068 0.350000 -0.560000 0.490000
2.136791 -9.710074 -0.244068 0.350000 -0.560000 0.490000
2.139183 -9.700503 -0.205783 1.260000 -0.350000 0.070000
2.146362 -9.808180 -0.296710 0.140000 -0.840000 -0.490000
2.206182 -9.604790 -0.208176 0.980000 -0.420000 -0.210000
2.206182 -9.604790 -0.208176 0.980000 -0.420000 -0.210000
2.091327 -9.755538 -0.277567 1.050000 -0.140000 0.210000
2.091327 -9.755538 -0.277567 1.050000 -0.140000 0.210000
