9.367901 0.375673 2.577070 0.210000 1.120000 0.280000
9.367901 0.375673 2.577070 0.210000 1.120000 0.280000
9.367901 0.375673 2.577070 0.210000 1.120000 0.280000
9.367901 0.375673 2.577070 0.210000 1.120000 0.280000
9.389436 0.387637 2.517249 0.910000 -0.420000 -0.770000
9.389436 0.387637 2.517249 0.910000 -0.420000 -0.770000
9.379865 0.430708 2.667997 0.700000 1.330000 0.280000
9.265009 0.361316 2.687140 0.630000 1.260000 0.350000
9.281759 0.327817 2.617748 -0.420000 0.350000 0.070000
9.281759 0.327817 2.617748 -0.420000 0.350000 0.070000
9.372685 0.334995 2.612962 -0.420000 -0.560000 0.070000
9.439686 0.437887 2.620141 0.140000 -0.420000 0.700000
9.427721 0.358923 2.543570 0.280000 -0.070000 0.910000
9.399008 0.330210 2.610569 0.140000 -0.210000 0.070000
9.384650 0.337388 2.632105 0.840000 0.070000 -0.910000
9.384650 0.337388 2.632105 0.840000 0.070000 -0.910000
9.389436 0.334995 2.593820 0.350000 -0.210000 -1.120000
9.358330 0.401994 2.624927 0.700000 0.420000 -0.700000
9.341579 0.435494 2.624927 0.210000 -0.070000 -0.420000
9.341579 0.435494 2.624927 0.210000 -0.070000 -0.420000
9.298509 0.413958 2.620141 0.490000 0.770000 -0.280000
9.305687 0.397209 2.641676 0.140000 0.490000 -0.420000
9.320045 0.509671 2.634498 -0.140000 -0.630000 -0.630000
9.413363 0.421137 2.687140 0.280000 -0.350000 0.070000
9.305687 0.301496 2.732604 -0.420000 -0.420000 0.070000
9.305687 0.301496 2.732604 -0.420000 -0.420000 0.070000
9.305687 0.301496 2.732604 -0.420000 -0.420000 0.070000
9.298509 0.306281 2.615355 -0.070000 -0.490000 -0.630000
9.396614 0.457029 2.533999 0.700000 0.910000 -0.420000
9.396614 0.457029 2.533999 0.700000 0.910000 -0.420000
9.296116 0.421137 2.763710 0.420000 0.630000 0.210000
9.296116 0.421137 2.763710 0.420000 0.630000 0.210000
9.253045 0.366102 2.694318 0.210000 -0.630000 0.350000
9.343972 0.435494 2.672783 0.910000 -1.260000 0.560000
9.343972 0.435494 2.672783 0.910000 -1.260000 0.560000
9.327222 0.344566 2.545963 0.280000 0.280000 0.770000
9.315259 0.346959 2.579463 0.630000 0.420000 0.070000
9.377472 0.404387 2.617748 0.350000 0.140000 0.210000
9.387043 0.416351 2.675175 -0.350000 -0.140000 0.280000
9.387043 0.416351 2.675175 -0.350000 -0.140000 0.280000
