-1.339981 -9.176475 3.340380 0.280000 -0.070000 -0.070000
-1.294517 -9.229117 3.395415 0.140000 -0.420000 0.560000
-1.368695 -9.255438 3.333202 -1.260000 -0.840000 0.700000
-1.368695 -9.255438 3.333202 -1.260000 -0.840000 0.700000
-1.244268 -9.174082 3.316452 -2.170000 -0.420000 1.120000
-1.306481 -9.114261 3.318845 0.490000 0.490000 0.490000
-1.306481 -9.114261 3.318845 0.490000 0.490000 0.490000
-1.426122 -9.142976 3.287738 -0.140000 0.770000 0.980000
-1.490728 -9.245867 3.306881 0.700000 0.840000 1.400000
-1.490728 -9.245867 3.306881 0.700000 0.840000 1.400000
-1.433301 -9.279366 3.330809 -1.050000 1.610000 1.260000
-1.414158 -9.377472 3.323631 -0.840000 1.960000 -0.070000
-1.459622 -9.209974 3.505485 0.980000 1.120000 0.560000
-1.428515 -9.389436 3.299703 -1.680000 0.630000 -0.490000
-1.416551 -9.200402 3.409772 -1.330000 -0.910000 0.280000
-1.316052 -9.231510 3.421736 0.350000 -1.050000 0.210000
-1.316052 -9.231510 3.421736 0.350000 -1.050000 0.210000
-1.318445 -9.071191 3.254239 -0.350000 -0.140000 0.350000
-1.316052 -9.181261 3.235096 -0.840000 -0.420000 2.380000
-1.356731 -9.348758 3.256632 0.840000 0.140000 1.610000
-1.356731 -9.348758 3.256632 0.840000 0.140000 1.610000
-1.395016 -9.207582 3.314059 0.910000 0.420000 1.610000
-1.337588 -9.267403 3.261417 -1.050000 0.980000 0.840000
-1.416551 -9.343972 3.206382 0.140000 1.960000 0.350000
-1.435694 -9.365508 3.306881 -1.750000 1.820000 0.420000
-1.464408 -9.427721 3.364309 -0.350000 1.400000 -0.840000
-1.359123 -9.315259 3.330809 -0.140000 1.330000 -0.980000
-1.399801 -9.114261 3.409772 0.140000 0.700000 -0.980000
-1.471586 -9.157332 3.373880 -1.400000 0.420000 -0.630000
-1.383051 -9.138189 3.397808 1.680000 0.560000 -0.350000
-1.404587 -9.047262 3.311667 -0.140000 1.330000 -0.490000
-1.454836 -9.248260 3.354738 0.420000 1.190000 -0.210000
-1.347159 -9.219545 3.433701 1.120000 -0.140000 0.070000
-1.344766 -9.044869 3.558127 -1.120000 -0.420000 0.070000
-1.292124 -9.126225 3.282953 0.350000 -0.490000 -0.070000
-1.313660 -9.111869 3.275774 1.120000 -1.890000 0.770000
-1.313660 -9.111869 3.275774 1.120000 -1.890000 0.770000
-1.368695 -9.279366 3.139383 -1.120000 -0.490000 1.820000
-1.488336 -9.229117 3.263810 -0.560000 0.140000 0.700000
-1.478764 -9.332008 3.309274 -0.770000 0.420000 0.490000
-1.383051 -9.231510 3.268596 -0.700000 2.030000 0.280000
-1.399801 -9.370294 3.266203 -1.610000 0.980000 -0.840000
-1.344766 -9.336794 3.287738 1.050000 0.490000 -0.980000
