-0.040678 -9.583255 2.270789 -5.880000 3.710000 0.980000
-0.050249 -9.561719 2.165504 -6.930000 3.220000 1.680000
-0.071785 -9.664611 2.031506 -6.370000 3.500000 2.240000
-0.071785 -9.664611 2.031506 -6.370000 3.500000 2.240000
-0.071785 -9.693325 1.940579 -5.600000 4.410000 2.100000
-0.066999 -9.669396 2.009971 -5.950000 4.900000 2.380000
-0.021535 -9.724431 2.139183 -3.990000 4.900000 3.290000
-0.110070 -9.801002 2.093720 -7.980000 4.340000 2.520000
-0.045464 -9.762716 2.108077 -5.110000 5.810000 1.820000
-0.045464 -9.762716 2.108077 -5.110000 5.810000 1.820000
-0.045464 -9.762716 2.108077 -5.110000 5.810000 1.820000
-0.045464 -9.762716 2.108077 -5.110000 5.810000 1.820000
-0.033500 -9.736395 2.160719 -4.060000 5.950000 2.030000
-0.033500 -9.736395 2.160719 -4.060000 5.950000 2.030000
-0.033500 -9.736395 2.160719 -4.060000 5.950000 2.030000
-0.033500 -9.736395 2.160719 -4.060000 5.950000 2.030000
-0.033500 -9.736395 2.160719 -4.060000 5.950000 2.030000
-0.035892 -9.590433 2.076970 -5.180000 4.620000 2.870000
-0.028714 -9.700503 2.117648 -6.790000 4.410000 2.660000
-0.043071 -9.657433 2.153540 -4.970000 4.410000 3.360000
-0.043071 -9.657433 2.153540 -4.970000 4.410000 3.360000
-0.057428 -9.690931 2.105684 -6.440000 3.920000 2.870000
-0.105284 -9.671788 2.091327 -6.090000 3.710000 3.010000
-0.095713 -9.611969 2.091327 -6.160000 4.340000 3.290000
-0.095713 -9.611969 2.091327 -6.160000 4.340000 3.290000
0.007178 -9.729217 2.103291 -5.950000 4.550000 2.940000
-0.031107 -9.717253 2.115255 -4.550000 4.620000 3.150000
-0.066999 -9.719646 2.072184 -6.650000 3.710000 3.290000
-0.066999 -9.719646 2.072184 -6.650000 3.710000 3.290000
-0.083749 -9.702895 2.115255 -5.320000 4.340000 3.080000
-0.083749 -9.719646 2.067399 -5.880000 3.780000 3.570000
-0.071785 -9.793823 2.076970 -6.440000 4.340000 3.220000
-0.040678 -9.812965 2.065006 -6.160000 5.460000 2.240000
-0.081356 -9.726824 2.108077 -4.900000 5.110000 3.290000
-0.081356 -9.726824 2.108077 -4.900000 5.110000 3.290000
-0.081356 -9.726824 2.108077 -4.900000 5.110000 3.290000
-0.074178 -9.700503 2.012364 -6.650000 4.200000 2.590000
-0.074178 -9.676575 2.088934 -5.180000 5.110000 2.100000
-0.105284 -9.568897 2.158326 -4.060000 5.740000 2.170000
-0.045464 -9.614362 2.177469 -5.530000 5.250000 3.360000
-0.112463 -9.657433 2.127219 -5.110000 4.830000 3.500000
-0.071785 -9.640682 2.122434 -5.320000 4.410000 3.990000
-0.114855 -9.734003 2.067399 -7.210000 4.340000 3.990000
-0.148355 -9.578469 2.146362 -4.620000 5.740000 3.570000
-0.122034 -9.626326 2.244468 -4.900000 4.830000 4.340000
-0.090927 -9.676575 2.155933 -7.280000 3.990000 3.500000
-0.165105 -9.844072 2.143969 -7.350000 4.060000 3.710000
-0.165105 -9.844072 2.143969 -7.350000 4.060000 3.710000
