-0.813560 -9.621540 2.967100 1.540000 -0.420000 0.280000
-0.725025 -9.650253 2.727818 -0.700000 1.330000 0.210000
-0.725025 -9.650253 2.727818 -0.700000 1.330000 0.210000
-0.794417 -9.339187 2.804388 -1.190000 0.350000 -0.350000
-0.792024 -9.511470 2.782853 1.750000 -0.070000 -0.490000
-0.665205 -9.250652 2.806781 1.050000 1.400000 -0.140000
-0.734596 -9.372685 2.835495 -0.420000 1.610000 -0.350000
-0.734596 -9.372685 2.835495 -0.420000 1.610000 -0.350000
-0.693919 -9.372685 2.976671 0.630000 1.330000 0.840000
-0.835095 -9.422935 2.873780 6.160000 2.870000 0.700000
-0.782453 -9.485149 2.909672 -6.650000 2.520000 -0.980000
-0.782453 -9.485149 2.909672 -6.650000 2.520000 -0.980000
-0.696311 -9.401401 2.986243 4.060000 1.190000 1.330000
-0.772882 -9.523434 3.074777 1.820000 1.050000 0.490000
-0.842274 -9.518648 2.947958 2.310000 1.330000 -0.210000
-0.832702 -9.415757 3.053242 -1.190000 0.280000 -0.350000
-0.777667 -9.533006 2.864209 0.700000 -0.350000 0.560000
-0.770489 -9.310472 3.067599 1.890000 -0.280000 0.840000
-0.770489 -9.310472 3.067599 1.890000 -0.280000 0.840000
-0.763310 -9.621540 2.857030 -1.050000 0.350000 -0.070000
-0.801596 -9.281759 2.950350 3.430000 0.910000 0.280000
-0.717847 -9.226725 2.991028 3.920000 3.150000 1.190000
-0.811167 -9.439686 2.902494 -4.270000 2.240000 -0.210000
-0.811167 -9.439686 2.902494 -4.270000 2.240000 -0.210000
-0.763310 -9.418150 3.050849 -0.350000 0.840000 -0.070000
-0.765703 -9.367901 3.086741 3.220000 0.280000 1.470000
-0.863809 -9.547362 3.000600 3.360000 0.420000 0.420000
-0.782453 -9.336794 3.105884 2.660000 0.840000 0.350000
-0.784846 -9.501899 3.002992 -3.290000 0.700000 -0.700000
-0.698704 -9.343972 2.933600 4.410000 -0.070000 0.700000
-0.741775 -9.408579 3.038885 2.590000 0.280000 0.140000
-0.722632 -9.394222 2.964707 -3.360000 0.140000 0.210000
-0.722632 -9.394222 2.964707 -3.360000 0.140000 0.210000
-0.827917 -9.439686 2.967100 1.050000 0.560000 0.630000
-0.890130 -9.341579 3.017349 -0.280000 0.700000 0.490000
-0.818345 -9.413363 3.065206 -2.520000 0.350000 0.350000
-0.818345 -9.413363 3.065206 -2.520000 0.350000 0.350000
-0.823131 -9.427721 2.967100 -2.870000 1.120000 0.700000
-0.772882 -9.394222 3.081956 3.780000 -0.700000 0.630000
-0.763310 -9.485149 2.818745 -1.050000 1.610000 -0.980000
-0.763310 -9.485149 2.818745 -1.050000 1.610000 -0.980000
-0.803988 -9.119047 3.048456 -0.420000 0.840000 0.350000
