3.696911 -7.590034 4.979464 -3.290000 -0.490000 1.050000
3.675375 -7.750352 5.103891 -0.700000 -1.540000 -1.400000
3.704089 -7.707282 4.780859 -1.890000 -2.310000 -0.560000
3.732803 -7.819745 4.630112 -0.630000 0.140000 0.350000
3.732803 -7.819745 4.630112 -0.630000 0.140000 0.350000
3.696911 -7.695317 4.910072 1.190000 0.280000 -1.120000
3.696911 -7.695317 4.910072 1.190000 0.280000 -1.120000
3.629912 -7.709675 4.972286 0.280000 -0.140000 1.050000
3.629912 -7.709675 4.972286 0.280000 -0.140000 1.050000
3.620341 -7.724032 4.833502 -0.980000 0.630000 0.070000
3.620341 -7.724032 4.833502 -0.980000 0.630000 0.070000
3.663411 -7.793423 4.984250 0.840000 0.980000 -0.560000
3.598805 -7.810174 4.859823 -1.960000 -0.490000 -0.140000
3.598805 -7.810174 4.859823 -1.960000 -0.490000 -0.140000
3.536592 -7.664211 4.957928 2.660000 0.560000 -0.910000
3.536592 -7.664211 4.957928 2.660000 0.560000 -0.910000
3.663411 -7.640282 4.922036 1.960000 0.630000 -0.280000
3.663411 -7.640282 4.922036 1.960000 0.630000 -0.280000
3.699304 -7.621140 4.802395 -2.170000 -0.280000 0.490000
3.699304 -7.621140 4.802395 -2.170000 -0.280000 0.490000
3.689733 -7.680960 4.902894 -2.170000 -1.470000 -0.210000
3.739982 -7.690532 4.685147 1.540000 0.420000 -0.280000
3.739982 -7.690532 4.685147 1.540000 0.420000 -0.280000
3.661019 -7.779066 4.924429 8.820000 1.610000 -0.070000
3.661019 -7.779066 4.924429 8.820000 1.610000 -0.070000
3.742374 -7.568498 4.950750 -0.210000 0.350000 -0.980000
3.747160 -7.613962 5.008178 3.990000 -0.420000 -0.840000
3.780660 -7.549356 4.969893 -2.520000 -0.140000 -0.700000
3.780660 -7.549356 4.969893 -2.520000 -0.140000 -0.700000
3.780660 -7.549356 4.969893 -2.520000 -0.140000 -0.700000
3.728018 -7.704889 5.046463 0.630000 0.420000 -0.560000
3.728018 -7.704889 5.046463 0.630000 0.420000 -0.560000
3.649055 -7.599605 4.950750 -4.270000 0.980000 0.070000
3.649055 -7.599605 4.950750 -4.270000 0.980000 0.070000
3.582055 -7.702496 5.020142 -0.630000 0.630000 -0.350000
3.582055 -7.702496 5.020142 -0.630000 0.630000 -0.350000
3.582055 -7.702496 5.020142 -0.630000 0.630000 -0.350000
3.617948 -7.719246 5.130211 -0.210000 0.280000 0.700000
3.617948 -7.719246 5.130211 -0.210000 0.280000 0.700000
3.725625 -7.597212 4.917251 -0.420000 -0.840000 -0.560000
3.725625 -7.597212 4.917251 -0.420000 -0.840000 -0.560000
3.725625 -7.597212 4.917251 -0.420000 -0.840000 -0.560000
3.649055 -7.590034 4.783253 -0.840000 0.840000 -1.120000
3.747160 -7.527820 4.845466 1.050000 0.630000 0.140000
3.747160 -7.527820 4.845466 1.050000 0.630000 0.140000
3.694518 -7.570890 4.883751 -0.770000 0.910000 1.330000
3.694518 -7.570890 4.883751 -0.770000 0.910000 1.330000
