-0.547956 -9.657433 1.923829 -6.790000 3.570000 2.590000
-0.547956 -9.657433 1.923829 -6.790000 3.570000 2.590000
-0.614955 -9.609575 1.832902 -6.860000 4.060000 2.660000
-0.614955 -9.609575 1.832902 -6.860000 4.060000 2.660000
-0.614955 -9.609575 1.832902 -6.860000 4.060000 2.660000
-0.569492 -9.588040 1.749153 -10.010000 5.040000 3.430000
-0.569492 -9.588040 1.749153 -10.010000 5.040000 3.430000
-0.648455 -9.829715 1.864009 -7.140000 6.510000 4.690000
-0.648455 -9.829715 1.864009 -7.140000 6.510000 4.690000
-0.648455 -9.829715 1.864009 -7.140000 6.510000 4.690000
-0.521635 -9.944571 1.816152 -6.790000 6.230000 4.550000
-0.521635 -9.944571 1.816152 -6.790000 6.230000 4.550000
-0.727418 -9.834501 1.957329 -5.600000 6.930000 3.150000
-0.722632 -9.877571 1.988436 -5.950000 4.340000 3.290000
-0.722632 -9.877571 1.988436 -5.950000 4.340000 3.290000
-0.722632 -9.877571 1.988436 -5.950000 4.340000 3.290000
-0.722632 -9.877571 1.988436 -5.950000 4.340000 3.290000
-0.722632 -9.877571 1.988436 -5.950000 4.340000 3.290000
-0.722632 -9.877571 1.988436 -5.950000 4.340000 3.290000
-0.722632 -9.877571 1.988436 -5.950000 4.340000 3.290000
-0.722632 -9.877571 1.988436 -5.950000 4.340000 3.290000
-0.722632 -9.877571 1.988436 -5.950000 4.340000 3.290000
-0.722632 -9.877571 1.988436 -5.950000 4.340000 3.290000
-0.722632 -9.877571 1.988436 -5.950000 4.340000 3.290000
-0.722632 -9.877571 1.988436 -5.950000 4.340000 3.290000
-0.753739 -9.975677 1.887937 -4.270000 4.410000 2.730000
-0.753739 -9.975677 1.887937 -4.270000 4.410000 2.730000
-0.753739 -9.975677 1.887937 -4.270000 4.410000 2.730000
-0.753739 -9.975677 1.887937 -4.270000 4.410000 2.730000
-0.753739 -9.975677 1.887937 -4.270000 4.410000 2.730000
-0.753739 -9.975677 1.887937 -4.270000 4.410000 2.730000
-0.753739 -9.975677 1.887937 -4.270000 4.410000 2.730000
-0.753739 -9.975677 1.887937 -4.270000 4.410000 2.730000
-0.753739 -9.975677 1.887937 -4.270000 4.410000 2.730000
-0.605384 -9.633504 1.789831 -5.110000 5.250000 1.470000
-0.605384 -9.633504 1.789831 -5.110000 5.250000 1.470000
-0.605384 -9.633504 1.789831 -5.110000 5.250000 1.470000
-0.605384 -9.633504 1.789831 -5.110000 5.250000 1.470000
-0.605384 -9.633504 1.789831 -5.110000 5.250000 1.470000
-0.605384 -9.633504 1.789831 -5.110000 5.250000 1.470000
-0.605384 -9.633504 1.789831 -5.110000 5.250000 1.470000
-0.605384 -9.633504 1.789831 -5.110000 5.250000 1.470000
-0.605384 -9.633504 1.789831 -5.110000 5.250000 1.470000
-0.605384 -9.633504 1.789831 -5.110000 5.250000 1.470000
-0.543171 -9.590433 1.835295 -3.360000 2.520000 1.400000
-0.543171 -9.590433 1.835295 -3.360000 2.520000 1.400000
-0.500100 -9.774680 1.861616 -6.160000 2.660000 0.980000
-0.500100 -9.774680 1.861616 -6.160000 2.660000 0.980000
-0.550349 -9.693325 1.768296 -5.320000 3.780000 1.120000
-0.550349 -9.693325 1.768296 -5.320000 3.780000 1.120000
-0.550349 -9.693325 1.768296 -5.320000 3.780000 1.120000
-0.550349 -9.693325 1.768296 -5.320000 3.780000 1.120000
-0.550349 -9.693325 1.768296 -5.320000 3.780000 1.120000
-0.550349 -9.693325 1.768296 -5.320000 3.780000 1.120000
-0.550349 -9.693325 1.768296 -5.320000 3.780000 1.120000
-0.550349 -9.693325 1.768296 -5.320000 3.780000 1.120000
-0.550349 -9.693325 1.768296 -5.320000 3.780000 1.120000
-0.550349 -9.693325 1.768296 -5.320000 3.780000 1.120000
-0.550349 -9.693325 1.768296 -5.320000 3.780000 1.120000
-0.550349 -9.693325 1.768296 -5.320000 3.780000 1.120000
-0.550349 -9.693325 1.768296 -5.320000 3.780000 1.120000
-0.550349 -9.693325 1.768296 -5.320000 3.780000 1.120000
-0.485743 -9.583255 1.787439 -5.810000 4.620000 1.750000
