9.059227 0.543171 3.299703 0.840000 -0.140000 -1.960000
9.001799 0.535992 3.263810 0.700000 0.420000 -1.610000
8.910872 0.641276 3.318845 0.140000 0.140000 -0.910000
8.910872 0.641276 3.318845 0.140000 0.140000 -0.910000
9.020942 0.638884 3.247060 0.070000 -0.140000 -0.700000
9.006584 0.562313 3.361916 -0.980000 0.070000 0.770000
9.006584 0.562313 3.361916 -0.980000 0.070000 0.770000
9.147761 0.562313 3.383451 -0.420000 -0.420000 0.490000
9.200402 0.524028 3.421736 1.050000 -1.190000 0.070000
9.157332 0.547956 3.311667 -0.140000 -1.120000 0.630000
9.157332 0.547956 3.311667 -0.140000 -1.120000 0.630000
8.985049 0.480957 3.261417 1.190000 1.330000 0.490000
9.097511 0.543171 3.371487 0.490000 0.910000 0.280000
9.109475 0.497707 3.500700 0.350000 0.280000 0.280000
9.109475 0.591027 3.390630 0.700000 -1.680000 -0.490000
9.109475 0.591027 3.390630 0.700000 -1.680000 -0.490000
9.099905 0.502493 3.287738 0.770000 -1.540000 -0.210000
9.018548 0.497707 3.235096 0.420000 -0.700000 -0.140000
8.994620 0.552742 3.440879 0.420000 1.190000 -0.070000
8.994620 0.552742 3.440879 0.420000 1.190000 -0.070000
9.052048 0.480957 3.467200 0.280000 -0.840000 0.560000
8.987441 0.449851 3.416951 0.350000 -1.330000 0.210000
9.085547 0.521635 3.266203 0.630000 -1.190000 -0.140000
9.085547 0.521635 3.266203 0.630000 -1.190000 -0.140000
9.078369 0.488136 3.285345 1.050000 -0.140000 -0.140000
9.040084 0.662812 3.333202 0.910000 0.420000 -0.070000
9.032906 0.689133 3.328416 0.630000 0.490000 0.770000
9.142976 0.454636 3.316452 -0.840000 -0.980000 2.240000
9.142976 0.454636 3.316452 -0.840000 -0.980000 2.240000
9.272188 0.342174 3.376273 0.140000 0.140000 -0.560000
9.073583 0.385244 3.364309 1.120000 0.700000 -1.960000
9.102298 0.526421 3.428915 1.050000 0.280000 -2.240000
9.004191 0.540778 3.376273 1.050000 0.070000 0.490000
8.973085 0.480957 3.340380 0.840000 0.420000 0.910000
8.973085 0.480957 3.340380 0.840000 0.420000 0.910000
9.119047 0.533599 3.314059 1.050000 -0.140000 -0.350000
9.119047 0.533599 3.314059 1.050000 -0.140000 -0.350000
