0.306281 -9.631111 1.986043 -5.040000 3.640000 2.310000
0.291924 -9.803394 1.830509 -6.440000 4.550000 1.890000
0.277567 -9.705289 1.916651 -5.740000 4.830000 1.890000
0.275175 -9.736395 1.938186 -6.440000 5.880000 1.820000
0.351745 -9.841680 1.859223 -5.880000 6.580000 2.030000
0.351745 -9.841680 1.859223 -5.880000 6.580000 2.030000
0.234497 -9.669396 2.007578 -4.620000 5.880000 2.380000
0.234497 -9.669396 2.007578 -4.620000 5.880000 2.380000
0.222532 -9.635897 2.069792 -4.690000 5.320000 2.450000
0.325424 -9.652647 1.993221 -5.250000 5.740000 3.010000
0.318245 -9.631111 2.079363 -5.180000 5.600000 3.010000
0.318245 -9.631111 2.079363 -5.180000 5.600000 3.010000
0.267996 -9.573684 1.981257 -5.460000 5.460000 3.780000
0.217747 -9.851252 2.076970 -5.810000 5.880000 3.710000
0.267996 -9.786645 2.096112 -6.440000 4.550000 3.150000
0.267996 -9.786645 2.096112 -6.440000 4.550000 3.150000
0.253639 -9.829715 2.024328 -6.370000 4.620000 2.520000
0.224925 -9.827322 2.050649 -3.920000 5.110000 2.170000
0.196211 -9.681360 2.115255 -6.580000 4.410000 2.590000
0.334995 -9.645468 2.175076 -3.990000 4.830000 2.660000
0.320638 -9.760324 2.148755 -6.440000 3.430000 2.660000
0.287139 -9.671788 2.096112 -4.830000 2.730000 2.660000
0.282353 -9.595219 2.029114 -5.390000 2.940000 3.430000
0.282353 -9.595219 2.029114 -5.390000 2.940000 3.430000
0.270389 -9.741181 1.911865 -5.320000 4.060000 2.940000
0.229711 -9.628718 2.026721 -6.160000 4.620000 2.450000
0.227318 -9.750752 2.036292 -4.130000 4.690000 4.340000
0.306281 -9.731609 2.065006 -6.300000 4.270000 3.360000
0.358923 -9.765109 2.120041 -6.230000 4.480000 2.940000
0.358923 -9.765109 2.120041 -6.230000 4.480000 2.940000
0.301496 -9.595219 1.947758 -10.360000 4.130000 3.640000
0.301496 -9.595219 1.947758 -10.360000 4.130000 3.640000
0.246461 -9.908678 2.050649 -7.070000 3.990000 3.570000
0.246461 -9.908678 2.050649 -7.070000 3.990000 3.570000
0.267996 -9.779467 1.919044 -6.720000 3.640000 2.450000
0.267996 -9.779467 1.919044 -6.720000 3.640000 2.450000
0.253639 -9.734003 2.012364 -4.760000 5.530000 2.730000
0.258425 -9.657433 2.041078 -3.850000 4.830000 2.520000
0.251246 -9.793823 2.007578 -5.810000 3.640000 3.220000
0.258425 -9.695717 1.993221 -4.340000 3.500000 3.290000
0.258425 -9.695717 1.993221 -4.340000 3.500000 3.290000
0.193819 -9.822537 1.852045 -5.250000 3.220000 3.570000
0.184247 -9.789038 1.914258 -6.090000 4.200000 2.450000
0.196211 -9.738789 1.880759 -5.110000 5.110000 2.310000
0.196211 -9.738789 1.880759 -5.110000 5.110000 2.310000
0.315853 -9.640682 1.964507 -6.650000 3.920000 3.290000
0.150748 -9.533006 1.962115 -4.550000 5.110000 3.290000
0.150748 -9.533006 1.962115 -4.550000 5.110000 3.290000
0.184247 -9.659825 2.014757 -5.530000 4.410000 4.130000
0.177069 -9.726824 2.065006 -5.880000 4.620000 3.850000
