1.079163 1.923829 9.322437 0.840000 0.770000 0.560000
1.000200 1.837688 9.209974 0.070000 0.210000 -0.280000
1.019342 1.806581 9.262616 0.210000 0.700000 -0.210000
1.019342 1.806581 9.262616 0.210000 0.700000 -0.210000
1.036092 1.849652 9.336794 0.280000 0.630000 0.630000
1.024128 1.823331 9.308081 -0.070000 0.490000 0.700000
0.976272 1.787439 9.305687 -0.140000 0.070000 0.560000
0.976272 1.787439 9.305687 -0.140000 0.070000 0.560000
0.976272 1.787439 9.305687 -0.140000 0.070000 0.560000
0.976272 1.787439 9.305687 -0.140000 0.070000 0.560000
1.014557 1.801795 9.066404 -0.840000 0.070000 -0.210000
1.014557 1.801795 9.066404 -0.840000 0.070000 -0.210000
1.014557 1.801795 9.066404 -0.840000 0.070000 -0.210000
1.014557 1.801795 9.066404 -0.840000 0.070000 -0.210000
1.026521 1.861616 9.346365 -0.350000 0.840000 -0.350000
1.026521 1.861616 9.346365 -0.350000 0.840000 -0.350000
1.076770 1.866402 9.281759 0.560000 0.630000 -1.190000
0.995414 1.933401 9.276974 -0.910000 0.070000 -1.260000
0.995414 1.933401 9.276974 -0.910000 0.070000 -1.260000
1.045663 1.820938 9.224331 0.420000 0.280000 0.630000
1.045663 1.820938 9.224331 0.420000 0.280000 0.630000
1.045663 1.820938 9.224331 0.420000 0.280000 0.630000
1.045663 1.820938 9.224331 0.420000 0.280000 0.630000
0.966700 1.756332 9.291330 -2.310000 -0.070000 0.350000
0.966700 1.756332 9.291330 -2.310000 -0.070000 0.350000
0.964308 1.811367 9.267403 0.490000 0.630000 0.560000
0.964308 1.811367 9.267403 0.490000 0.630000 0.560000
1.012164 1.794617 9.231510 0.700000 0.700000 -0.070000
1.000200 1.818545 9.140583 0.770000 0.420000 -0.210000
1.043271 1.825724 9.214760 -1.050000 0.280000 -0.210000
1.043271 1.825724 9.214760 -1.050000 0.280000 -0.210000
0.957129 1.861616 9.171689 0.490000 1.330000 0.630000
0.957129 1.861616 9.171689 0.490000 1.330000 0.630000
1.069592 1.832902 9.286544 -0.630000 0.910000 0.560000
1.019342 1.765903 9.296116 0.280000 0.280000 -0.280000
1.019342 1.765903 9.296116 0.280000 0.280000 -0.280000
0.983450 1.780260 9.298509 -0.630000 -0.070000 -0.280000
0.957129 1.751546 9.248260 0.210000 -0.210000 -0.280000
0.983450 1.871187 9.221939 -0.280000 0.140000 0.630000
0.976272 1.706082 9.174082 0.210000 0.140000 0.350000
1.007378 1.758725 9.126225 -1.610000 0.350000 -0.910000
1.007378 1.758725 9.126225 -1.610000 0.350000 -0.910000
0.959522 1.864009 9.205189 -0.070000 1.470000 -0.140000
0.976272 1.837688 9.245867 0.350000 1.330000 0.140000
0.981057 1.849652 9.279366 0.140000 1.260000 -0.210000
0.981057 1.849652 9.279366 0.140000 1.260000 -0.210000
1.002593 1.823331 9.255438 0.140000 1.400000 0.210000
