-0.244068 -9.731609 1.864009 -7.490000 2.730000 3.220000
-0.244068 -9.731609 1.864009 -7.490000 2.730000 3.220000
-0.244068 -9.731609 1.864009 -7.490000 2.730000 3.220000
-0.363709 -9.695717 1.789831 -7.840000 4.480000 3.780000
-0.344566 -9.647861 1.739582 -7.630000 5.250000 3.990000
-0.344566 -9.647861 1.739582 -7.630000 5.250000 3.990000
-0.351745 -9.671788 1.811367 -9.730000 6.020000 4.340000
-0.349352 -9.676575 1.801795 -4.200000 5.880000 4.340000
-0.282353 -9.734003 1.878366 -5.880000 5.040000 4.480000
-0.378066 -10.018748 1.808974 -6.230000 4.060000 3.990000
-0.363709 -10.059426 1.837688 -6.090000 4.480000 3.290000
-0.363709 -10.059426 1.837688 -6.090000 4.480000 3.290000
-0.433101 -10.090532 1.739582 -4.130000 6.020000 1.330000
-0.437887 -9.844072 1.957329 -4.200000 5.740000 0.630000
-0.437887 -9.844072 1.957329 -4.200000 5.740000 0.630000
-0.339781 -9.621540 1.808974 -5.740000 4.410000 1.190000
-0.284746 -9.623933 1.753939 -5.670000 3.710000 1.400000
-0.320638 -9.516255 1.816152 -5.040000 3.850000 1.750000
-0.428315 -9.652647 1.761117 -4.410000 4.410000 2.450000
-0.378066 -9.695717 1.758725 -7.070000 4.410000 2.940000
-0.378066 -9.695717 1.758725 -7.070000 4.410000 2.940000
-0.212961 -9.688539 1.861616 -5.110000 4.760000 3.920000
-0.339781 -9.853643 1.787439 -4.760000 4.550000 3.920000
-0.327817 -9.801002 1.820938 -6.510000 3.430000 3.710000
-0.363709 -9.817751 1.758725 -8.680000 3.640000 2.800000
-0.363709 -9.817751 1.758725 -8.680000 3.640000 2.800000
-0.363709 -9.817751 1.758725 -8.680000 3.640000 2.800000
-0.363709 -9.817751 1.758725 -8.680000 3.640000 2.800000
-0.363709 -9.817751 1.758725 -8.680000 3.640000 2.800000
-0.363709 -9.817751 1.758725 -8.680000 3.640000 2.800000
-0.318245 -9.722038 1.890330 -5.530000 5.250000 2.870000
-0.306281 -9.970891 1.797010 -6.020000 3.290000 2.170000
-0.418744 -9.844072 1.698904 -7.280000 3.080000 2.170000
-0.418744 -9.844072 1.698904 -7.280000 3.080000 2.170000
-0.356531 -9.853643 1.708475 -4.830000 3.010000 2.940000
-0.425922 -9.801002 1.648655 -5.880000 4.410000 2.170000
-0.411566 -9.753145 1.677369 -4.550000 4.690000 2.520000
-0.291924 -9.738789 1.629512 -6.650000 4.130000 3.010000
-0.339781 -9.767502 1.730011 -8.120000 4.760000 2.380000
-0.241675 -9.619147 1.816152 -7.070000 4.550000 3.570000
-0.258425 -9.717253 1.811367 -7.630000 4.830000 3.500000
-0.258425 -9.717253 1.811367 -7.630000 4.830000 3.500000
-0.344566 -9.734003 1.782653 -3.150000 5.110000 3.710000
-0.394816 -9.851252 1.895115 -5.110000 5.180000 3.780000
-0.447458 -9.853643 1.744368 -5.250000 4.270000 3.290000
-0.447458 -9.853643 1.744368 -5.250000 4.270000 3.290000
-0.380459 -9.822537 1.734797 -4.760000 5.040000 2.590000
