-1.627119 -9.236296 3.340380 -1.680000 -0.560000 0.350000
-1.672583 -9.150154 3.270989 -0.980000 -0.700000 0.140000
-1.576870 -9.097511 3.192025 -0.490000 -0.420000 0.700000
-1.576870 -9.097511 3.192025 -0.490000 -0.420000 0.700000
-1.586441 -9.159724 3.201597 -0.350000 0.420000 0.630000
-1.612763 -9.157332 3.189633 0.630000 0.210000 1.190000
-1.617548 -9.255438 3.168097 -0.630000 0.140000 0.280000
-1.694118 -9.226725 3.294917 -0.910000 1.190000 0.770000
-1.674976 -9.298509 3.225525 0.140000 2.170000 0.210000
-1.674976 -9.298509 3.225525 0.140000 2.170000 0.210000
-1.694118 -9.114261 3.426522 -0.770000 0.700000 -0.070000
-1.648655 -9.308081 3.254239 -1.540000 0.910000 -0.350000
-1.610370 -9.181261 3.280560 -0.420000 1.190000 -0.770000
-1.593620 -9.135797 3.259024 0.910000 0.490000 -0.140000
-1.646262 -9.212367 3.297310 -0.140000 1.960000 0.070000
-1.658226 -9.008978 3.390630 2.170000 1.680000 0.770000
-1.598405 -9.166903 3.383451 -3.150000 0.700000 1.610000
-1.643869 -9.262616 3.381058 2.030000 -0.910000 0.700000
-1.643869 -9.262616 3.381058 2.030000 -0.910000 0.700000
-1.725225 -9.142976 3.424129 0.700000 -0.630000 1.050000
-1.689333 -9.327222 3.326023 0.840000 -1.050000 0.350000
-1.686940 -9.181261 3.297310 0.560000 -1.120000 0.560000
-1.651048 -9.238688 3.215954 0.630000 -0.770000 -0.210000
-1.641476 -9.097511 3.287738 1.120000 0.210000 -0.140000
-1.641476 -9.097511 3.287738 1.120000 0.210000 -0.140000
-1.682154 -9.121440 3.108276 0.070000 0.490000 -0.140000
-1.562513 -9.152546 3.218346 0.910000 -0.210000 0.140000
-1.672583 -9.159724 3.201597 -1.050000 1.050000 0.700000
-1.655833 -9.281759 3.266203 -0.980000 1.400000 0.350000
-1.651048 -9.262616 3.323631 0.070000 1.260000 -0.700000
-1.651048 -9.262616 3.323631 0.070000 1.260000 -0.700000
-1.708475 -9.119047 3.347559 1.050000 1.190000 -0.210000
-1.708475 -9.119047 3.347559 1.050000 1.190000 -0.210000
-1.708475 -9.119047 3.347559 1.050000 1.190000 -0.210000
-1.660619 -9.090333 3.323631 -0.070000 1.190000 0.350000
-1.536192 -9.109475 3.282953 -0.980000 1.120000 0.490000
-1.536192 -9.109475 3.282953 -0.980000 1.120000 0.490000
-1.536192 -9.109475 3.282953 -0.980000 1.120000 0.490000
-1.651048 -9.178867 3.297310 -0.350000 1.050000 1.190000
-1.734797 -9.276974 3.450450 0.840000 -0.210000 0.840000
-1.734797 -9.276974 3.450450 0.840000 -0.210000 0.840000
-1.734797 -9.276974 3.450450 0.840000 -0.210000 0.840000
-1.686940 -9.205189 3.244668 -0.700000 0.280000 -0.490000
-1.643869 -9.131011 3.278167 0.560000 1.120000 0.210000
-1.684547 -9.123833 3.287738 -1.330000 1.260000 0.280000
-1.684547 -9.123833 3.287738 -1.330000 1.260000 0.280000
-1.636691 -9.269794 3.225525 -1.330000 0.630000 -0.140000
-1.670190 -9.073583 3.299703 0.770000 0.490000 0.910000
