1.036092 -9.662218 2.086541 1.680000 -1.050000 -2.030000
1.002593 -9.516255 2.098505 4.340000 1.120000 -1.750000
1.002593 -9.516255 2.098505 4.340000 1.120000 -1.750000
1.060020 -9.590433 2.103291 1.820000 1.540000 -1.960000
1.064806 -9.432507 2.227718 2.030000 1.400000 -1.960000
1.105484 -9.659825 2.163112 0.140000 0.770000 -0.630000
1.105484 -9.504292 2.227718 -0.490000 -0.630000 -1.120000
1.117448 -9.542577 2.199004 -0.980000 -0.490000 -0.490000
1.122234 -9.559326 2.239682 2.030000 -0.140000 -0.350000
1.122234 -9.559326 2.239682 2.030000 -0.140000 -0.350000
1.122234 -9.559326 2.239682 2.030000 -0.140000 -0.350000
1.057628 -9.494720 2.230111 2.030000 -0.210000 -0.490000
1.057628 -9.494720 2.230111 2.030000 -0.210000 -0.490000
1.194018 -9.588040 2.203789 2.730000 0.210000 0.490000
1.194018 -9.588040 2.203789 2.730000 0.210000 0.490000
1.103091 -9.542577 2.167897 2.380000 0.560000 0.280000
1.134198 -9.643075 2.268396 1.680000 0.280000 0.280000
1.134198 -9.643075 2.268396 1.680000 0.280000 0.280000
1.071985 -9.506684 2.222932 1.260000 0.420000 -0.560000
1.138984 -9.552148 2.292324 0.210000 0.070000 -0.140000
1.081556 -9.602397 2.273181 1.680000 0.070000 0.490000
1.050449 -9.537791 2.232504 0.280000 -0.280000 -0.070000
1.119841 -9.585647 2.244468 -0.420000 0.700000 -0.070000
1.119841 -9.585647 2.244468 -0.420000 0.700000 -0.070000
1.088734 -9.647861 2.289931 -0.700000 0.560000 -0.210000
1.088734 -9.647861 2.289931 -0.700000 0.560000 -0.210000
1.045663 -9.607183 2.330609 -0.350000 0.630000 -0.560000
1.062413 -9.655040 2.251646 -0.070000 0.630000 -0.910000
1.062413 -9.655040 2.251646 -0.070000 0.630000 -0.910000
1.040878 -9.597611 2.304288 0.980000 0.280000 -1.050000
1.143769 -9.518648 2.270789 2.590000 0.210000 -0.140000
1.045663 -9.509077 2.254039 2.310000 0.770000 -0.210000
1.086342 -9.518648 2.263610 0.980000 0.840000 -0.350000
1.086342 -9.518648 2.263610 0.980000 0.840000 -0.350000
1.115055 -9.525827 2.289931 1.330000 0.420000 0.140000
