-1.983650 -9.056834 3.146562 0.490000 0.980000 -0.700000
-1.935793 -9.066404 3.294917 -1.260000 0.770000 0.210000
-1.883151 -9.181261 3.304488 1.260000 -2.520000 0.210000
-1.904687 -9.044869 3.203990 -1.190000 -1.260000 0.630000
-1.892723 -9.276974 3.081956 -1.680000 -0.630000 0.420000
-1.938186 -9.190832 3.206382 1.120000 -1.260000 0.350000
-1.938186 -9.190832 3.206382 1.120000 -1.260000 0.350000
-1.933401 -9.198010 3.103491 -0.420000 -0.280000 -0.280000
-1.933401 -9.198010 3.103491 -0.420000 -0.280000 -0.280000
-1.933401 -9.198010 3.103491 -0.420000 -0.280000 -0.280000
-1.801795 -9.262616 3.235096 -0.420000 0.490000 0.490000
-1.880759 -9.336794 3.158526 0.350000 0.350000 0.070000
-1.916651 -9.176475 3.304488 0.910000 -0.630000 -0.210000
-1.811367 -9.181261 3.156133 -2.310000 0.070000 0.700000
-1.962115 -9.358330 3.125026 -0.560000 0.280000 0.280000
-1.962115 -9.358330 3.125026 -0.560000 0.280000 0.280000
-1.832902 -9.126225 3.201597 2.660000 -1.260000 -0.070000
-1.868794 -9.243474 3.067599 -2.170000 0.700000 -0.420000
-1.849652 -9.016156 3.376273 2.310000 -0.840000 0.140000
-1.849652 -9.016156 3.376273 2.310000 -0.840000 0.140000
-1.852045 -9.190832 2.998207 0.350000 1.050000 -0.070000
-1.852045 -9.190832 2.998207 0.350000 1.050000 -0.070000
-1.959722 -9.097511 3.220739 0.700000 0.770000 0.420000
-1.921437 -9.126225 3.385844 0.560000 0.490000 0.350000
-1.883151 -9.200402 3.153740 -1.120000 0.350000 0.420000
-1.864009 -9.119047 3.215954 -1.120000 -0.280000 0.280000
-1.864009 -9.119047 3.215954 -1.120000 -0.280000 0.280000
-1.873580 -9.140583 3.225525 1.330000 0.350000 0.420000
-1.782653 -9.071191 3.239882 0.490000 0.630000 0.840000
-1.782653 -9.071191 3.239882 0.490000 0.630000 0.840000
-1.875973 -9.169296 3.278167 -0.910000 0.280000 0.350000
-1.873580 -9.257831 3.151347 -0.140000 0.980000 0.980000
-1.873580 -9.257831 3.151347 -0.140000 0.980000 0.980000
-1.935793 -9.219545 3.280560 0.140000 -0.210000 -0.770000
-1.830509 -9.157332 3.309274 -0.140000 -0.070000 0.140000
-1.878366 -9.142976 3.165704 -0.560000 0.630000 -0.980000
-1.899901 -9.176475 3.278167 -1.400000 -0.420000 -0.770000
-1.825724 -9.073583 3.352344 0.700000 -0.630000 -0.140000
-1.897508 -9.092726 3.115455 -1.960000 1.960000 0.630000
-1.758725 -9.142976 3.113062 1.470000 -0.420000 0.980000
-1.758725 -9.142976 3.113062 1.470000 -0.420000 0.980000
-1.909473 -8.920443 3.364309 2.660000 -0.490000 1.680000
-1.871187 -9.274581 3.180061 -1.540000 0.770000 1.750000
-2.017149 -9.164511 3.263810 0.350000 0.280000 1.470000
