0.437887 -9.899107 1.907080 -5.320000 3.640000 1.960000
0.390030 -9.726824 1.897508 -5.740000 4.690000 1.050000
0.390030 -9.726824 1.897508 -5.740000 4.690000 1.050000
0.387637 -9.731609 2.012364 -4.830000 4.900000 0.700000
0.387637 -9.731609 2.012364 -4.830000 4.900000 0.700000
0.332602 -9.760324 2.024328 -7.420000 3.430000 1.050000
0.416351 -9.623933 1.974079 -6.300000 3.430000 0.840000
0.404387 -9.544970 2.033899 -4.270000 3.990000 1.540000
0.466600 -9.623933 2.019542 -4.200000 3.500000 2.450000
0.466600 -9.623933 2.019542 -4.200000 3.500000 2.450000
0.519243 -9.659825 1.962115 -6.300000 3.360000 1.820000
0.507278 -9.796216 1.974079 -4.340000 4.760000 2.170000
0.490529 -9.681360 1.962115 -5.880000 3.710000 2.520000
0.500100 -9.647861 1.933401 -5.250000 4.270000 2.170000
0.500100 -9.647861 1.933401 -5.250000 4.270000 2.170000
0.495314 -9.585647 1.828116 -4.550000 5.460000 2.520000
0.445065 -9.755538 2.012364 -6.720000 5.880000 2.100000
0.409173 -9.745967 1.986043 -4.970000 5.600000 2.100000
0.502493 -9.638289 2.057827 -5.250000 4.690000 2.520000
0.502493 -9.638289 2.057827 -5.250000 4.690000 2.520000
0.442672 -9.705289 2.038685 -6.160000 4.620000 2.940000
0.442672 -9.705289 2.038685 -6.160000 4.620000 2.940000
0.461815 -9.631111 2.045863 -5.460000 2.660000 3.990000
0.440279 -9.911072 1.942972 -6.580000 3.080000 3.710000
0.440279 -9.911072 1.942972 -6.580000 3.080000 3.710000
0.378066 -9.767502 1.914258 -5.810000 3.990000 3.010000
0.447458 -9.631111 1.844866 -3.710000 5.110000 2.730000
0.449851 -9.743573 2.148755 -6.510000 4.550000 3.290000
0.488136 -9.777073 1.988436 -7.070000 2.730000 3.710000
0.483350 -9.796216 2.005185 -5.530000 2.870000 2.800000
0.440279 -9.796216 1.866402 -6.020000 4.130000 2.660000
0.440279 -9.796216 1.866402 -6.020000 4.130000 2.660000
0.485743 -9.777073 1.909473 -6.790000 5.390000 2.310000
0.557528 -9.729217 2.031506 -5.810000 6.160000 1.680000
0.514457 -9.681360 2.048256 -5.810000 6.230000 1.610000
0.514457 -9.681360 2.048256 -5.810000 6.230000 1.610000
0.514457 -9.700503 2.093720 -4.970000 3.920000 3.290000
0.466600 -9.805787 1.959722 -6.440000 4.970000 2.450000
0.409173 -9.726824 1.988436 -3.780000 5.600000 1.890000
0.409173 -9.726824 1.988436 -3.780000 5.600000 1.890000
0.425922 -9.645468 2.084148 -5.180000 5.670000 2.240000
0.457029 -9.631111 2.017149 -4.060000 5.390000 2.800000
0.452243 -9.619147 2.201397 -5.810000 4.760000 2.940000
0.440279 -9.724431 2.105684 -5.180000 4.130000 2.730000
0.440279 -9.724431 2.105684 -5.180000 4.130000 2.730000
0.454636 -9.626326 2.081756 -2.380000 5.880000 2.520000
0.547956 -9.676575 2.041078 -6.300000 3.290000 3.640000
0.557528 -9.834501 1.978864 -5.600000 4.270000 2.940000
0.557528 -9.834501 1.978864 -5.600000 4.270000 2.940000
0.557528 -9.834501 1.978864 -5.600000 4.270000 2.940000
0.557528 -9.834501 1.978864 -5.600000 4.270000 2.940000
0.557528 -9.834501 1.978864 -5.600000 4.270000 2.940000
0.394816 -9.722038 2.060220 -4.060000 4.550000 2.730000
