1.313660 1.387837 9.214760 -0.140000 0.210000 -0.910000
1.313660 1.387837 9.214760 -0.140000 0.210000 -0.910000
1.320838 1.488336 9.432507 1.050000 1.540000 0.070000
1.208375 1.481157 9.528220 0.490000 0.980000 -0.980000
1.208375 1.481157 9.528220 0.490000 0.980000 -0.980000
1.249053 1.383051 9.430114 -1.190000 -0.210000 -0.560000
1.249053 1.383051 9.430114 -1.190000 -0.210000 -0.560000
1.244268 1.471586 9.245867 -0.840000 0.350000 -0.490000
1.244268 1.471586 9.245867 -0.840000 0.350000 -0.490000
1.292124 1.452443 9.367901 0.070000 0.630000 -0.490000
1.234696 1.476372 9.370294 -0.980000 -0.350000 0.910000
1.234696 1.476372 9.370294 -0.980000 -0.350000 0.910000
1.234696 1.476372 9.370294 -0.980000 -0.350000 0.910000
1.234696 1.476372 9.370294 -0.980000 -0.350000 0.910000
1.256232 1.402194 9.312866 0.280000 0.280000 0.980000
1.258625 1.399801 9.332008 0.490000 0.700000 0.630000
1.397408 1.347159 9.288938 0.420000 0.630000 0.210000
1.397408 1.347159 9.288938 0.420000 0.630000 0.210000
1.284946 1.378266 9.336794 1.680000 1.190000 0.630000
1.284946 1.378266 9.336794 1.680000 1.190000 0.630000
1.284946 1.378266 9.336794 1.680000 1.190000 0.630000
1.277767 1.406980 9.324830 -0.560000 -0.420000 0.210000
1.277767 1.406980 9.324830 -0.560000 -0.420000 0.210000
1.306481 1.428515 9.286544 0.210000 0.420000 -0.770000
1.328017 1.390230 9.346365 -0.210000 0.210000 -0.210000
1.328017 1.390230 9.346365 -0.210000 0.210000 -0.210000
1.256232 1.332802 9.284152 1.540000 0.910000 0.490000
1.256232 1.332802 9.284152 1.540000 0.910000 0.490000
1.256232 1.332802 9.284152 1.540000 0.910000 0.490000
1.325624 1.301696 9.437292 -1.190000 -0.140000 -0.840000
1.325624 1.301696 9.437292 -1.190000 -0.140000 -0.840000
1.325624 1.301696 9.437292 -1.190000 -0.140000 -0.840000
1.325624 1.390230 9.265009 1.540000 1.050000 -0.630000
1.342373 1.447658 9.427721 -0.140000 0.630000 0.910000
1.277767 1.368695 9.245867 0.280000 0.560000 -0.490000
1.270589 1.395016 9.217153 -0.140000 1.400000 0.070000
1.270589 1.395016 9.217153 -0.140000 1.400000 0.070000
1.270589 1.395016 9.217153 -0.140000 1.400000 0.070000
1.270589 1.363909 9.296116 -0.210000 1.680000 0.350000
1.270589 1.363909 9.296116 -0.210000 1.680000 0.350000
1.284946 1.416551 9.437292 1.190000 1.190000 -0.490000
1.289732 1.435694 9.360723 0.140000 0.980000 -0.280000
