1.205983 -9.815358 -0.358923 2.030000 0.980000 0.280000
1.256232 -9.879964 -0.375673 1.960000 0.350000 1.120000
1.265803 -9.970891 -0.416351 -2.100000 0.560000 0.840000
1.249053 -9.927821 -0.495314 -1.680000 0.140000 0.560000
1.249053 -9.927821 -0.495314 -1.680000 0.140000 0.560000
1.277767 -9.961320 -0.437887 -0.280000 -0.140000 0.560000
1.213161 -9.913465 -0.315853 1.400000 0.770000 0.630000
1.244268 -9.832108 -0.461815 -0.210000 1.400000 0.910000
1.162912 -9.779467 -0.382852 -1.610000 0.070000 1.050000
1.198804 -9.920642 -0.399601 -1.050000 0.420000 0.630000
1.265803 -10.030712 -0.452243 -1.890000 0.070000 0.560000
1.265803 -10.030712 -0.452243 -1.890000 0.070000 0.560000
1.201197 -9.942179 -0.363709 0.280000 1.120000 -0.350000
1.086342 -9.817751 -0.294317 2.310000 1.120000 0.070000
1.215554 -9.949356 -0.279960 -0.210000 0.910000 -0.560000
1.182054 -9.882358 -0.413958 -0.210000 0.420000 -0.560000
1.229911 -9.932607 -0.399601 0.700000 1.470000 -0.140000
1.229911 -9.932607 -0.399601 0.700000 1.470000 -0.140000
1.174876 -9.879964 -0.236889 1.750000 0.700000 0.490000
1.198804 -9.942179 -0.411566 -5.110000 -0.560000 0.420000
1.162912 -9.923036 -0.358923 0.700000 -0.700000 0.140000
1.162912 -9.923036 -0.358923 0.700000 -0.700000 0.140000
1.160519 -9.920642 -0.468993 1.190000 -0.420000 -0.350000
1.160519 -9.920642 -0.468993 1.190000 -0.420000 -0.350000
1.162912 -9.868000 -0.361316 2.800000 0.910000 -0.350000
1.162912 -9.868000 -0.361316 2.800000 0.910000 -0.350000
1.217947 -9.827322 -0.366102 -0.350000 0.210000 0.350000
1.217947 -9.951750 -0.368495 -1.820000 1.190000 -0.070000
1.186840 -9.824929 -0.406780 -1.960000 1.120000 -0.280000
1.239482 -9.884750 -0.315853 2.310000 -0.070000 -0.070000
1.198804 -9.858429 -0.421137 -1.260000 0.420000 -0.350000
1.210768 -9.951750 -0.394816 -1.680000 0.700000 -0.070000
1.189233 -9.868000 -0.421137 3.150000 -0.560000 0.210000
1.263410 -9.827322 -0.435494 0.700000 0.560000 0.210000
1.186840 -9.853643 -0.461815 0.140000 0.420000 0.280000
1.256232 -9.868000 -0.373280 1.190000 0.980000 0.280000
1.229911 -9.884750 -0.296710 -0.070000 1.330000 0.420000
1.229911 -9.882358 -0.299103 2.730000 0.630000 0.700000
1.251446 -9.999605 -0.334995 -2.520000 0.490000 0.840000
1.138984 -9.918249 -0.356531 -3.710000 0.490000 0.420000
