0.313460 -10.030712 2.057827 -4.200000 3.430000 1.610000
0.258425 -9.803394 1.868794 -6.230000 1.960000 -0.210000
0.258425 -9.803394 1.868794 -6.230000 1.960000 -0.210000
0.239282 -9.714860 1.842474 -3.570000 4.410000 0.350000
0.239282 -9.714860 1.842474 -3.570000 4.410000 0.350000
0.339781 -9.686146 1.897508 -7.070000 3.710000 0.280000
0.306281 -9.745967 1.859223 -5.600000 4.340000 0.980000
0.296710 -9.765109 1.904687 -5.530000 4.830000 1.400000
0.380459 -9.722038 1.942972 -5.530000 4.620000 1.050000
0.406780 -9.722038 1.995614 -4.200000 4.970000 1.470000
0.370888 -9.743573 1.983650 -5.530000 4.200000 1.960000
0.318245 -9.693325 1.861616 -4.480000 5.320000 0.630000
0.318245 -9.693325 1.861616 -4.480000 5.320000 0.630000
0.356531 -9.590433 1.887937 -3.780000 5.530000 0.840000
0.342174 -9.511470 2.026721 -4.340000 6.160000 3.080000
0.332602 -9.674182 1.959722 -4.970000 6.020000 3.500000
0.385244 -9.757930 2.129612 -7.700000 5.040000 2.940000
0.404387 -9.702895 2.177469 -4.830000 4.620000 3.080000
0.404387 -9.702895 2.177469 -4.830000 4.620000 3.080000
0.346959 -9.765109 2.151148 -5.040000 4.550000 3.150000
0.346959 -9.765109 2.151148 -5.040000 4.550000 3.150000
0.375673 -9.762716 2.055435 -4.620000 3.430000 2.940000
0.375673 -9.762716 2.055435 -4.620000 3.430000 2.940000
0.375673 -9.762716 2.055435 -4.620000 3.430000 2.940000
0.327817 -9.808180 1.988436 -4.270000 3.640000 2.450000
0.327817 -9.808180 1.988436 -4.270000 3.640000 2.450000
0.363709 -9.750752 1.954936 -5.110000 3.570000 3.920000
0.363709 -9.750752 1.954936 -5.110000 3.570000 3.920000
0.409173 -9.578469 1.998007 -6.020000 2.940000 3.430000
0.344566 -9.743573 1.981257 -4.830000 3.920000 4.690000
0.342174 -9.856036 1.962115 -4.900000 3.850000 3.500000
0.337388 -9.901501 1.954936 -4.480000 3.290000 2.800000
0.349352 -9.848858 1.904687 -6.510000 2.590000 3.430000
0.378066 -9.731609 1.988436 -4.690000 5.320000 2.100000
0.418744 -9.822537 2.069792 -4.900000 4.690000 2.100000
0.394816 -9.712467 2.000400 -5.040000 3.920000 2.240000
0.473779 -9.705289 2.021935 -5.040000 3.780000 2.590000
0.308674 -9.719646 1.844866 -5.600000 4.690000 2.380000
0.413958 -9.623933 1.940579 -4.900000 5.880000 2.940000
0.418744 -9.839286 2.215754 -4.760000 5.880000 3.220000
0.437887 -9.801002 2.163112 -6.300000 3.640000 2.590000
0.437887 -9.801002 2.163112 -6.300000 3.640000 2.590000
0.277567 -9.674182 2.019542 -3.570000 5.460000 1.680000
0.344566 -9.597611 2.108077 -4.550000 5.530000 1.680000
0.370888 -9.669396 2.170290 -6.650000 3.990000 2.380000
0.344566 -9.619147 2.021935 -6.930000 2.870000 3.500000
0.315853 -9.616754 2.021935 -4.760000 3.990000 3.430000
0.315853 -9.616754 2.021935 -4.760000 3.990000 3.430000
0.411566 -9.803394 2.007578 -4.060000 4.620000 3.990000
0.411566 -9.803394 2.007578 -4.060000 4.620000 3.990000
0.457029 -9.777073 2.014757 -4.830000 3.290000 2.310000
0.385244 -9.674182 2.009971 -5.810000 3.150000 2.520000
0.366102 -9.659825 2.074577 -4.620000 5.740000 0.700000
0.366102 -9.659825 2.074577 -4.620000 5.740000 0.700000
