9.231510 0.543171 2.785245 1.190000 0.700000 -0.560000
9.399008 0.650848 2.895315 0.560000 0.420000 -0.700000
9.276974 0.703490 2.687140 0.840000 -0.980000 -0.420000
9.372685 0.567099 2.708675 -0.210000 -0.140000 0.420000
9.265009 0.557528 2.770889 0.420000 0.420000 0.210000
9.265009 0.557528 2.770889 0.420000 0.420000 0.210000
9.341579 0.579063 2.785245 0.420000 0.490000 -0.490000
9.212367 0.610170 2.821138 0.560000 -0.280000 -0.700000
9.231510 0.648455 2.751746 0.700000 -0.840000 0.280000
9.231510 0.648455 2.751746 0.700000 -0.840000 0.280000
9.209974 0.504886 2.799603 0.420000 0.700000 1.190000
9.209974 0.504886 2.799603 0.420000 0.700000 1.190000
9.250652 0.514457 2.785245 -0.350000 0.560000 0.980000
9.253045 0.502493 2.854637 0.420000 0.770000 0.560000
9.281759 0.581456 2.813959 0.280000 -0.140000 0.560000
9.341579 0.653241 2.830709 0.070000 -0.140000 0.910000
9.341579 0.653241 2.830709 0.070000 -0.140000 0.910000
9.274581 0.521635 2.849852 0.560000 0.140000 0.210000
9.224331 0.579063 2.878566 0.770000 -0.140000 -0.210000
9.310472 0.531207 2.852244 1.260000 -0.210000 -0.700000
9.248260 0.540778 2.775674 1.330000 -0.140000 -0.980000
9.248260 0.540778 2.775674 1.330000 -0.140000 -0.980000
9.248260 0.540778 2.775674 1.330000 -0.140000 -0.980000
9.236296 0.710668 2.799603 1.540000 0.490000 -0.210000
9.209974 0.626920 2.778067 0.490000 0.140000 -0.140000
9.286544 0.586242 2.756532 0.700000 -0.490000 -0.140000
9.286544 0.586242 2.756532 0.700000 -0.490000 -0.140000
9.214760 0.581456 2.763710 0.700000 -0.210000 0.070000
9.209974 0.689133 2.816352 0.700000 -0.070000 0.350000
9.193225 0.641276 2.732604 -0.140000 -0.070000 0.490000
9.284152 0.576670 2.859423 -0.630000 0.210000 1.260000
9.284152 0.576670 2.859423 -0.630000 0.210000 1.260000
9.214760 0.552742 2.854637 0.840000 -0.350000 1.190000
9.372685 0.552742 2.840281 -0.630000 -0.420000 1.750000
9.372685 0.552742 2.840281 -0.630000 -0.420000 1.750000
9.317651 0.457029 2.804388 -0.210000 -0.070000 0.350000
9.317651 0.457029 2.804388 -0.210000 -0.070000 0.350000
9.322437 0.437887 2.804388 -0.420000 0.700000 -0.350000
9.322437 0.437887 2.804388 -0.420000 0.700000 -0.350000
9.212367 0.605384 2.890530 0.490000 0.840000 -0.700000
9.212367 0.605384 2.890530 0.490000 0.840000 -0.700000
9.214760 0.562313 2.845066 -0.280000 -0.070000 -0.140000
