3.649055 -7.817351 4.977071 0.420000 0.420000 -0.420000
3.692125 -7.635497 4.864608 -0.980000 -1.190000 -1.190000
3.629912 -7.597212 4.981857 -0.280000 -0.630000 -0.840000
3.629912 -7.597212 4.981857 -0.280000 -0.630000 -0.840000
3.613162 -7.611568 4.874180 -0.070000 0.280000 0.280000
3.613162 -7.611568 4.874180 -0.070000 0.280000 0.280000
3.682554 -7.702496 4.833502 -2.520000 -1.470000 0.070000
3.684947 -7.781459 4.986642 0.350000 0.420000 -0.490000
3.684947 -7.781459 4.986642 0.350000 0.420000 -0.490000
3.706482 -7.692925 4.852644 -1.190000 -0.840000 -0.140000
3.716053 -7.640282 4.768896 0.560000 -0.210000 -0.140000
3.732803 -7.654640 4.792823 1.330000 0.350000 -0.700000
3.756732 -7.630712 4.709075 0.630000 0.490000 -0.910000
3.756732 -7.630712 4.709075 0.630000 0.490000 -0.910000
3.759124 -7.580462 4.864608 -1.680000 0.210000 -0.070000
3.603590 -7.594819 4.768896 0.280000 1.190000 -0.140000
3.625126 -7.702496 4.986642 1.680000 1.260000 -0.280000
3.625126 -7.702496 4.986642 1.680000 1.260000 -0.280000
3.756732 -7.752745 4.943572 -0.560000 0.910000 1.400000
3.641876 -7.776673 5.194818 -1.190000 -0.490000 0.490000
3.713661 -7.812566 4.914857 -0.910000 -0.420000 0.490000
3.713661 -7.812566 4.914857 -0.910000 -0.420000 0.490000
3.713661 -7.604390 4.890929 0.560000 -0.420000 -0.490000
3.713661 -7.604390 4.890929 0.560000 -0.420000 -0.490000
3.677768 -7.578069 4.883751 0.070000 -0.420000 -0.420000
3.696911 -7.606783 4.943572 0.630000 -0.490000 -0.560000
3.816552 -7.637890 4.773681 1.330000 0.630000 -0.140000
3.682554 -7.599605 4.969893 1.260000 1.330000 0.560000
3.682554 -7.599605 4.969893 1.260000 1.330000 0.560000
3.742374 -7.640282 4.821537 -1.680000 -0.560000 0.210000
3.680161 -7.604390 4.888536 -0.700000 0.350000 0.560000
3.680161 -7.604390 4.888536 -0.700000 0.350000 0.560000
3.708875 -7.759924 4.819145 0.070000 0.350000 0.350000
3.708875 -7.759924 4.819145 0.070000 0.350000 0.350000
3.687340 -7.683353 4.888536 1.820000 0.630000 -0.560000
3.687340 -7.683353 4.888536 1.820000 0.630000 -0.560000
3.689733 -7.652246 4.922036 -1.470000 -0.560000 0.280000
3.672983 -7.678568 4.993821 -0.910000 -0.910000 1.050000
3.672983 -7.678568 4.993821 -0.910000 -0.910000 1.050000
3.682554 -7.769495 4.955536 1.330000 0.490000 0.910000
3.682554 -7.769495 4.955536 1.330000 0.490000 0.910000
3.706482 -7.680960 4.914857 1.470000 -0.560000 -0.350000
3.718446 -7.616355 4.934000 -1.610000 -1.470000 -0.280000
3.718446 -7.616355 4.934000 -1.610000 -1.470000 -0.280000
3.773481 -7.731210 4.816752 -0.140000 -0.280000 0.350000
3.596412 -7.692925 4.802395 -2.660000 -0.350000 -0.280000
3.699304 -7.628319 4.816752 -1.400000 0.140000 -0.350000
3.699304 -7.628319 4.816752 -1.400000 0.140000 -0.350000
