1.691726 -9.717253 0.275175 -1.190000 -0.350000 0.350000
1.691726 -9.717253 0.275175 -1.190000 -0.350000 0.350000
1.694118 -9.769895 0.390030 1.890000 -0.420000 -0.070000
1.718047 -9.836893 0.404387 -1.960000 -1.120000 0.420000
1.718047 -9.836893 0.404387 -1.960000 -1.120000 0.420000
1.598405 -9.817751 0.289532 -0.420000 -1.610000 -0.350000
1.751546 -9.879964 0.327817 -0.140000 -0.630000 -0.490000
1.751546 -9.879964 0.327817 -0.140000 -0.630000 -0.490000
1.763510 -9.851252 0.227318 0.910000 -1.120000 -0.350000
1.663012 -9.920642 0.234497 -0.070000 -0.770000 -0.980000
1.663012 -9.920642 0.234497 -0.070000 -0.770000 -0.980000
1.663012 -9.920642 0.234497 -0.070000 -0.770000 -0.980000
1.744368 -9.635897 0.287139 -0.700000 0.490000 0.210000
1.749153 -9.750752 0.241675 0.490000 0.630000 -0.210000
1.749153 -9.750752 0.241675 0.490000 0.630000 -0.210000
1.672583 -9.827322 0.246461 -1.820000 -0.560000 0.490000
1.672583 -9.827322 0.246461 -1.820000 -0.560000 0.490000
1.730011 -9.674182 0.229711 -1.400000 -1.680000 0.210000
1.689333 -9.712467 0.200997 -0.140000 -0.840000 0.350000
1.689333 -9.712467 0.200997 -0.140000 -0.840000 0.350000
1.761117 -9.851252 0.263210 0.210000 -1.120000 0.420000
1.677369 -9.803394 0.162712 -0.210000 -0.840000 -0.140000
1.677369 -9.803394 0.162712 -0.210000 -0.840000 -0.140000
1.715654 -9.882358 0.244068 -2.310000 -0.210000 -0.490000
1.646262 -9.839286 0.267996 0.210000 -0.630000 -1.330000
1.552942 -9.722038 0.277567 0.980000 -0.560000 -1.610000
1.552942 -9.722038 0.277567 0.980000 -0.560000 -1.610000
1.686940 -9.604790 0.368495 3.150000 0.280000 -0.980000
1.686940 -9.604790 0.368495 3.150000 0.280000 -0.980000
1.686940 -9.604790 0.368495 3.150000 0.280000 -0.980000
1.670190 -9.702895 0.342174 0.490000 -2.590000 0.770000
1.670190 -9.702895 0.342174 0.490000 -2.590000 0.770000
1.698904 -9.846465 0.325424 -0.350000 -3.640000 1.260000
1.694118 -9.882358 0.200997 0.560000 -3.990000 1.050000
1.694118 -9.882358 0.200997 0.560000 -3.990000 1.050000
1.694118 -9.882358 0.200997 0.560000 -3.990000 1.050000
1.636691 -9.827322 0.117248 -1.890000 -3.850000 0.350000
1.658226 -9.841680 0.047856 1.470000 -2.870000 -0.140000
1.722832 -9.879964 0.189033 1.120000 -1.120000 -0.840000
1.722832 -9.879964 0.189033 1.120000 -1.120000 -0.840000
1.663012 -9.726824 0.169890 1.750000 1.960000 -0.910000
