-0.019143 -9.611969 1.739582 -5.110000 4.690000 1.190000
-0.059821 -9.757930 1.667797 -6.580000 3.430000 2.100000
-0.059821 -9.757930 1.667797 -6.580000 3.430000 2.100000
0.007178 -9.750752 1.808974 -6.090000 3.430000 2.590000
-0.062213 -9.844072 1.679761 -7.210000 4.900000 1.400000
-0.057428 -9.741181 1.672583 -6.300000 5.670000 2.100000
-0.145962 -9.789038 1.665405 -5.670000 5.740000 2.380000
-0.138784 -9.693325 1.715654 -5.460000 5.530000 2.380000
-0.107677 -9.779467 1.691726 -5.460000 6.370000 2.100000
-0.066999 -9.748360 1.811367 -3.640000 7.000000 2.310000
-0.066999 -9.748360 1.811367 -3.640000 7.000000 2.310000
-0.093320 -9.726824 1.971686 -4.270000 6.440000 2.450000
-0.093320 -9.726824 1.971686 -4.270000 6.440000 2.450000
-0.040678 -9.757930 1.780260 -4.620000 4.130000 3.290000
-0.069392 -9.808180 1.725225 -3.570000 4.620000 2.940000
-0.086142 -9.824929 1.765903 -5.880000 4.130000 2.100000
-0.086142 -9.824929 1.765903 -5.880000 4.130000 2.100000
-0.138784 -9.698111 1.660619 -6.370000 4.200000 2.030000
-0.062213 -9.805787 1.773082 -5.110000 5.110000 2.940000
-0.069392 -9.805787 1.799403 -5.040000 4.830000 3.080000
-0.102891 -9.884750 1.763510 -6.650000 4.340000 2.590000
0.002393 -9.812965 1.785046 -7.350000 5.180000 2.170000
0.002393 -9.812965 1.785046 -7.350000 5.180000 2.170000
-0.004786 -9.757930 1.785046 -5.460000 5.880000 2.030000
-0.050249 -9.592826 1.875973 -5.180000 4.690000 2.800000
-0.066999 -9.695717 1.806581 -3.920000 5.180000 3.010000
-0.066999 -9.695717 1.806581 -3.920000 5.180000 3.010000
-0.026321 -9.934999 1.785046 -5.250000 3.150000 3.290000
-0.026321 -9.934999 1.785046 -5.250000 3.150000 3.290000
-0.066999 -9.872787 1.801795 -4.690000 2.660000 2.800000
0.009571 -9.978070 1.684547 -6.230000 3.360000 2.100000
-0.045464 -9.750752 1.777867 -4.480000 5.320000 1.400000
-0.047856 -9.743573 1.679761 -5.110000 4.830000 1.610000
-0.047856 -9.743573 1.679761 -5.110000 4.830000 1.610000
-0.035892 -9.688539 1.842474 -5.180000 4.340000 2.520000
0.026321 -9.757930 1.878366 -5.810000 4.130000 2.310000
-0.076570 -9.729217 1.713261 -5.740000 3.290000 1.820000
-0.057428 -9.714860 1.758725 -5.320000 3.780000 2.800000
-0.062213 -9.650253 1.811367 -5.390000 5.670000 2.800000
0.038285 -9.676575 1.849652 -5.320000 3.920000 3.570000
0.107677 -9.590433 1.799403 -5.810000 3.430000 4.200000
0.107677 -9.590433 1.799403 -5.810000 3.430000 4.200000
-0.076570 -9.856036 1.746760 -5.390000 4.550000 4.200000
-0.083749 -9.853643 1.727618 -6.440000 4.690000 3.990000
-0.083749 -9.822537 1.840081 -6.300000 5.180000 3.990000
-0.141177 -9.889536 1.830509 -4.480000 5.670000 3.500000
-0.016750 -9.750752 1.933401 -6.300000 4.200000 3.360000
