3.873980 -7.240681 5.402994 1.050000 0.840000 -0.420000
3.771089 -7.204789 5.407779 -0.910000 -0.070000 -0.420000
3.771089 -7.204789 5.407779 -0.910000 -0.070000 -0.420000
3.790231 -7.152147 5.405386 -0.700000 0.420000 0.490000
3.742374 -7.278966 5.546563 0.490000 0.210000 0.700000
3.742374 -7.278966 5.546563 0.490000 0.210000 0.700000
3.842873 -7.106683 5.371887 0.490000 0.350000 0.630000
3.893122 -7.233503 5.350351 -1.960000 -0.630000 0.420000
3.787838 -7.412964 5.290531 0.630000 -0.280000 -0.210000
3.850052 -7.436893 5.410172 -0.560000 -0.070000 -1.820000
4.005585 -7.221539 5.154140 -0.280000 0.070000 -2.030000
4.079762 -7.156933 5.163712 0.630000 1.260000 -0.700000
3.730411 -7.188039 5.659025 1.120000 1.260000 -0.910000
3.730411 -7.188039 5.659025 1.120000 1.260000 -0.910000
3.878766 -7.116255 5.278566 0.490000 -0.490000 0.560000
3.847659 -7.166504 5.280960 0.980000 1.260000 0.420000
3.917051 -7.147361 5.391029 -2.310000 -0.630000 0.140000
3.955336 -7.195218 5.266603 -1.400000 -0.070000 0.490000
3.955336 -7.195218 5.266603 -1.400000 -0.070000 0.490000
3.792624 -7.178468 5.505885 -0.490000 0.140000 1.820000
3.792624 -7.178468 5.505885 -0.490000 0.140000 1.820000
3.785445 -7.267002 5.453243 -0.140000 0.560000 0.070000
3.785445 -7.267002 5.453243 -0.140000 0.560000 0.070000
3.716053 -7.214360 5.446064 1.890000 2.590000 0.210000
3.919443 -7.310073 5.606383 -0.490000 0.490000 0.630000
3.799802 -7.252645 5.443672 1.260000 -0.210000 0.140000
3.799802 -7.252645 5.443672 1.260000 -0.210000 0.140000
3.799802 -7.252645 5.443672 1.260000 -0.210000 0.140000
3.799802 -7.252645 5.443672 1.260000 -0.210000 0.140000
3.816552 -7.188039 5.429315 0.840000 0.840000 -0.910000
3.931407 -6.984650 5.333601 -0.630000 0.070000 0.490000
3.869194 -7.295716 5.484349 -1.400000 -0.700000 1.190000
3.866802 -7.271788 5.563312 1.680000 0.140000 -0.840000
3.940979 -7.221539 5.532206 0.140000 0.280000 -1.120000
3.940979 -7.221539 5.532206 0.140000 0.280000 -1.120000
3.940979 -7.221539 5.532206 0.140000 0.280000 -1.120000
3.885944 -7.233503 5.446064 -2.170000 0.350000 -0.070000
3.735196 -7.070791 5.410172 2.030000 1.470000 -0.770000
3.735196 -7.070791 5.410172 2.030000 1.470000 -0.770000
3.699304 -7.049256 5.460421 0.700000 1.260000 -0.210000
3.756732 -7.106683 5.431707 -1.120000 0.210000 0.350000
3.876373 -7.173682 5.496314 1.610000 0.560000 1.050000
3.742374 -7.166504 5.484349 -0.770000 -0.560000 0.560000
