0.985843 -9.621540 2.287539 1.540000 -0.210000 0.070000
1.069592 -9.628718 2.261217 -1.470000 -0.980000 -0.350000
1.026521 -9.602397 2.151148 -0.770000 -0.840000 -0.350000
1.016950 -9.571291 2.146362 0.280000 -0.630000 0.140000
1.016950 -9.571291 2.146362 0.280000 -0.630000 0.140000
0.937986 -9.588040 2.132005 -0.070000 -0.560000 0.210000
1.069592 -9.600004 2.160719 0.980000 -0.560000 0.700000
1.048056 -9.547362 2.187040 0.770000 -0.280000 0.560000
1.048056 -9.547362 2.187040 0.770000 -0.280000 0.560000
0.961915 -9.585647 2.184647 -0.070000 -0.070000 -0.070000
1.004985 -9.669396 2.213361 0.140000 -0.560000 0.420000
1.004985 -9.669396 2.213361 0.140000 -0.560000 0.420000
1.004985 -9.669396 2.213361 0.140000 -0.560000 0.420000
1.004985 -9.669396 2.213361 0.140000 -0.560000 0.420000
0.978664 -9.645468 2.175076 0.280000 -0.210000 -0.980000
1.028914 -9.602397 2.074577 -0.350000 -0.420000 -0.770000
1.007378 -9.647861 2.160719 1.540000 0.070000 -0.350000
1.007378 -9.647861 2.160719 1.540000 0.070000 -0.350000
1.031307 -9.544970 2.155933 -0.490000 0.070000 -0.420000
1.012164 -9.597611 2.182254 1.820000 0.280000 -0.070000
1.012164 -9.597611 2.182254 1.820000 0.280000 -0.070000
1.076770 -9.525827 2.218147 0.210000 0.280000 0.350000
1.076770 -9.525827 2.218147 0.210000 0.280000 0.350000
1.069592 -9.573684 2.175076 1.260000 -0.210000 -0.070000
1.050449 -9.671788 2.184647 0.420000 0.490000 0.140000
1.050449 -9.671788 2.184647 0.420000 0.490000 0.140000
0.902094 -9.547362 2.170290 0.140000 0.140000 1.050000
0.990629 -9.626326 2.093720 0.210000 -0.210000 0.420000
0.990629 -9.626326 2.093720 0.210000 -0.210000 0.420000
1.000200 -9.475577 2.220540 -0.280000 1.120000 0.420000
1.036092 -9.494720 2.258825 -0.980000 0.350000 0.350000
0.993021 -9.678967 2.333002 -0.210000 -0.490000 1.190000
0.993021 -9.678967 2.333002 -0.210000 -0.490000 1.190000
0.993021 -9.678967 2.333002 -0.210000 -0.490000 1.190000
0.957129 -9.674182 2.110470 -0.490000 -1.400000 0.070000
0.957129 -9.674182 2.110470 -0.490000 -1.400000 0.070000
0.988236 -9.597611 2.155933 0.350000 -0.910000 0.140000
0.988236 -9.669396 2.210968 1.050000 -0.700000 -0.210000
1.024128 -9.573684 2.148755 0.140000 -1.260000 -0.210000
1.002593 -9.604790 2.177469 0.140000 -1.470000 -0.210000
1.004985 -9.592826 2.074577 1.260000 -1.050000 -0.210000
0.988236 -9.671788 2.041078 0.350000 -0.140000 -0.350000
0.957129 -9.659825 2.127219 1.330000 0.070000 -0.280000
