-0.760918 -9.312866 3.230310 -2.170000 1.540000 0.350000
-0.734596 -9.358330 3.177669 1.820000 0.420000 0.630000
-0.780060 -9.341579 3.304488 0.280000 0.840000 0.420000
-0.748954 -9.430114 3.144169 0.490000 1.260000 0.140000
-0.806381 -9.355937 3.297310 3.570000 0.280000 0.630000
-0.820738 -9.121440 3.414558 1.330000 0.840000 0.630000
-0.820738 -9.121440 3.414558 1.330000 0.840000 0.630000
-0.818345 -9.265009 3.144169 0.700000 1.890000 0.280000
-0.768096 -9.052048 3.448057 3.850000 1.400000 0.840000
-0.768096 -9.052048 3.448057 3.850000 1.400000 0.840000
-0.727418 -9.145369 3.436093 -1.120000 1.400000 0.350000
-0.727418 -9.145369 3.436093 -1.120000 1.400000 0.350000
-0.784846 -9.176475 3.369094 0.770000 1.260000 1.400000
-0.832702 -9.494720 3.373880 -0.840000 -0.210000 1.120000
-0.801596 -9.293723 3.263810 -4.200000 1.330000 1.680000
-0.801596 -9.293723 3.263810 -4.200000 1.330000 1.680000
-0.856631 -9.449257 3.144169 2.100000 0.210000 0.350000
-0.813560 -9.092726 3.395415 6.020000 1.750000 0.560000
-0.751346 -9.274581 3.548556 -0.140000 0.560000 1.120000
-0.820738 -9.269794 3.426522 -0.980000 1.330000 1.750000
-0.885344 -9.403792 3.416951 0.350000 1.190000 0.490000
-0.873380 -9.339187 3.416951 0.560000 1.050000 0.490000
-0.856631 -9.322437 3.416951 -0.350000 0.630000 1.260000
-0.856631 -9.322437 3.416951 -0.350000 0.630000 1.260000
-0.933201 -9.169296 3.314059 -0.070000 0.700000 0.490000
-0.847059 -9.174082 3.512664 2.100000 -0.070000 -0.560000
-0.823131 -9.075976 3.247060 -0.140000 0.770000 0.350000
-0.835095 -9.183653 3.263810 -1.750000 2.240000 -0.350000
-0.835095 -9.183653 3.263810 -1.750000 2.240000 -0.350000
-0.847059 -9.224331 3.486342 0.560000 1.540000 -0.210000
-0.861416 -9.159724 3.402594 -2.240000 1.330000 0.770000
-0.837488 -9.327222 3.409772 1.120000 -0.210000 0.560000
-0.837488 -9.360723 3.342773 -0.490000 0.210000 0.070000
-0.839881 -9.253045 3.424129 0.350000 0.210000 0.560000
-0.892523 -9.176475 3.400201 -0.350000 -0.070000 0.490000
-0.892523 -9.176475 3.400201 -0.350000 -0.070000 0.490000
-0.839881 -9.253045 3.328416 -1.400000 0.980000 0.770000
-0.839881 -9.253045 3.328416 -1.400000 0.980000 0.770000
-0.811167 -9.181261 3.294917 -0.070000 1.330000 1.260000
-0.902094 -9.382257 3.333202 -0.560000 1.610000 1.050000
-0.937986 -9.226725 3.400201 0.770000 0.630000 0.980000
