9.090333 0.425922 3.144169 0.980000 -0.280000 0.840000
9.090333 0.425922 3.144169 0.980000 -0.280000 0.840000
9.131011 0.471386 3.275774 0.770000 1.190000 0.280000
9.131011 0.471386 3.275774 0.770000 1.190000 0.280000
9.166903 0.557528 3.235096 1.540000 -0.840000 -0.210000
9.140583 0.650848 3.208775 1.260000 -0.700000 0.280000
9.171689 0.514457 3.134598 0.420000 0.280000 0.560000
9.171689 0.514457 3.134598 0.420000 0.280000 0.560000
9.171689 0.514457 3.134598 0.420000 0.280000 0.560000
9.174082 0.452243 3.352344 0.840000 0.420000 -0.210000
9.174082 0.452243 3.352344 0.840000 0.420000 -0.210000
9.061620 0.533599 3.180061 0.210000 -0.700000 -1.050000
9.061620 0.533599 3.180061 0.210000 -0.700000 -1.050000
9.061620 0.533599 3.180061 0.210000 -0.700000 -1.050000
9.004191 0.485743 3.318845 0.910000 0.910000 0.070000
9.013763 0.502493 3.316452 -0.210000 0.350000 0.560000
9.104690 0.528814 3.208775 0.560000 -0.350000 0.070000
9.119047 0.595813 3.223132 -0.280000 -0.490000 0.840000
9.119047 0.595813 3.223132 -0.280000 -0.490000 0.840000
9.080762 0.528814 3.254239 -0.490000 -0.070000 0.770000
9.080762 0.528814 3.254239 -0.490000 -0.070000 0.770000
9.111869 0.445065 3.239882 -0.560000 0.070000 1.400000
9.198010 0.478565 3.268596 -0.770000 -0.700000 1.610000
9.142976 0.346959 3.177669 -1.260000 -0.140000 0.840000
9.131011 0.382852 3.311667 -0.070000 0.140000 -0.140000
9.176475 0.457029 3.273381 0.140000 0.280000 -0.350000
9.176475 0.457029 3.273381 0.140000 0.280000 -0.350000
9.190832 0.437887 3.328416 0.490000 -0.070000 -0.350000
9.190832 0.437887 3.328416 0.490000 -0.070000 -0.350000
9.190832 0.437887 3.328416 0.490000 -0.070000 -0.350000
9.190832 0.418744 3.244668 0.630000 0.560000 0.560000
9.154939 0.421137 3.314059 0.560000 0.630000 0.210000
9.104690 0.543171 3.306881 0.560000 -0.910000 -0.560000
9.119047 0.531207 3.294917 0.210000 -0.840000 -0.280000
9.104690 0.495314 3.168097 0.560000 0.070000 -0.070000
9.109475 0.495314 3.311667 0.280000 0.910000 0.490000
