0.959522 -10.018748 -0.387637 -1.260000 0.280000 0.490000
1.064806 -9.946963 -0.722632 -0.070000 0.490000 -0.350000
1.071985 -9.954143 -0.545564 -0.560000 1.260000 -0.700000
1.071985 -9.954143 -0.545564 -0.560000 1.260000 -0.700000
1.024128 -9.805787 -0.533599 -1.330000 0.700000 -0.840000
1.138984 -9.791430 -0.497707 0.910000 -0.140000 -0.630000
0.973879 -9.781858 -0.521635 1.470000 1.120000 -0.490000
0.973879 -9.781858 -0.521635 1.470000 1.120000 -0.490000
1.079163 -9.717253 -0.617348 1.470000 1.610000 0.070000
1.076770 -9.781858 -0.390030 0.140000 1.400000 1.050000
1.062413 -9.920642 -0.416351 -0.700000 -0.490000 1.400000
1.024128 -9.901501 -0.681954 1.120000 0.840000 0.280000
1.136591 -9.891929 -0.576670 -0.210000 0.350000 0.490000
1.136591 -9.891929 -0.576670 -0.210000 0.350000 0.490000
1.009771 -9.985250 -0.437887 -0.140000 -0.070000 0.490000
0.916451 -9.812965 -0.488136 2.730000 0.560000 -0.350000
1.074377 -9.927821 -0.540778 -0.560000 -0.140000 0.840000
1.074377 -9.927821 -0.540778 -0.560000 -0.140000 0.840000
1.002593 -9.966106 -0.514457 -0.560000 -0.280000 0.980000
1.040878 -9.951750 -0.497707 0.070000 -0.420000 0.420000
0.985843 -9.891929 -0.574277 -0.700000 -0.280000 0.280000
1.021735 -9.901501 -0.701097 -2.870000 0.140000 0.630000
1.033699 -9.903893 -0.571885 -1.120000 0.910000 1.260000
1.033699 -9.903893 -0.571885 -1.120000 0.910000 1.260000
0.993021 -9.956534 -0.681954 -2.520000 0.840000 0.910000
0.993021 -9.956534 -0.681954 -2.520000 0.840000 0.910000
0.993021 -9.956534 -0.681954 -2.520000 0.840000 0.910000
1.019342 -10.059426 -0.564706 1.050000 0.560000 -0.350000
0.949951 -9.865608 -0.624527 0.560000 1.610000 0.210000
1.000200 -9.913465 -0.516850 0.770000 0.700000 -0.070000
1.048056 -9.939785 -0.492921 -0.560000 0.770000 -0.420000
1.012164 -9.872787 -0.528814 -0.070000 0.210000 -0.350000
1.012164 -9.872787 -0.528814 -0.070000 0.210000 -0.350000
0.990629 -9.789038 -0.705883 0.910000 0.700000 -0.280000
0.990629 -9.789038 -0.705883 0.910000 0.700000 -0.280000
1.014557 -9.793823 -0.634098 0.210000 1.190000 0.070000
