-1.708475 -9.200402 3.323631 -0.630000 -0.630000 0.560000
-1.706082 -9.236296 3.249453 0.420000 -0.490000 0.560000
-1.665405 -9.126225 3.266203 -0.140000 -0.420000 -0.070000
-1.689333 -9.221939 3.122634 -1.960000 0.840000 -0.350000
-1.689333 -9.221939 3.122634 -1.960000 0.840000 -0.350000
-1.631905 -9.107083 3.342773 -1.050000 0.210000 0.280000
-1.631905 -9.107083 3.342773 -1.050000 0.210000 0.280000
-1.600798 -9.152546 3.282953 0.070000 0.210000 -0.490000
-1.677369 -9.138189 3.314059 0.490000 0.490000 0.350000
-1.658226 -9.231510 3.254239 -0.980000 0.840000 -0.070000
-1.744368 -9.226725 3.345166 0.070000 0.560000 -0.700000
-1.665405 -9.231510 3.347559 1.120000 0.560000 -0.490000
-1.665405 -9.231510 3.347559 1.120000 0.560000 -0.490000
-1.610370 -9.135797 3.259024 -2.030000 0.210000 0.140000
-1.629512 -9.131011 3.263810 -0.140000 0.280000 0.840000
-1.617548 -8.930015 3.376273 2.380000 0.350000 1.470000
-1.734797 -9.085547 3.333202 -1.120000 0.770000 1.540000
-1.627119 -9.233903 3.352344 1.470000 -0.210000 1.680000
-1.627119 -9.233903 3.352344 1.470000 -0.210000 1.680000
-1.732404 -9.231510 3.314059 -1.820000 0.350000 1.050000
-1.660619 -9.410972 3.292524 0.770000 -0.700000 0.420000
-1.653440 -9.288938 3.323631 -0.700000 -0.420000 0.280000
-1.694118 -9.367901 3.206382 0.770000 0.420000 -0.420000
-1.694118 -9.367901 3.206382 0.770000 0.420000 -0.420000
-1.655833 -9.078369 3.311667 0.070000 0.840000 -0.420000
-1.655833 -9.078369 3.311667 0.070000 0.840000 -0.420000
-1.646262 -9.018548 3.376273 1.400000 0.980000 0.280000
-1.579263 -9.066404 3.318845 0.560000 0.910000 0.350000
-1.643869 -9.157332 3.259024 -1.190000 0.980000 0.070000
-1.643869 -9.157332 3.259024 -1.190000 0.980000 0.070000
-1.639083 -9.071191 3.309274 -1.470000 0.700000 1.120000
-1.639083 -9.071191 3.309274 -1.470000 0.700000 1.120000
-1.734797 -9.121440 3.381058 0.700000 0.700000 0.630000
-1.734797 -9.121440 3.381058 0.700000 0.700000 0.630000
-1.691726 -9.078369 3.304488 0.700000 1.610000 1.120000
-1.691726 -9.078369 3.304488 0.700000 1.610000 1.120000
-1.751546 -9.083155 3.337988 -0.420000 0.770000 0.980000
-1.648655 -9.322437 3.395415 -0.910000 0.350000 1.050000
-1.646262 -9.111869 3.357130 -0.140000 1.260000 0.560000
-1.679761 -9.296116 3.306881 -0.280000 0.910000 0.840000
-1.653440 -9.207582 3.369094 -1.610000 0.420000 1.190000
-1.727618 -9.291330 3.218346 -1.260000 0.140000 0.490000
-1.706082 -9.281759 3.290131 -0.840000 0.350000 -0.630000
-1.689333 -9.245867 3.297310 -1.470000 0.770000 -0.560000
-1.751546 -9.243474 3.263810 -1.400000 0.840000 -0.420000
-1.751546 -9.243474 3.263810 -1.400000 0.840000 -0.420000
-1.598405 -9.183653 3.364309 1.050000 0.560000 -0.140000
-1.658226 -8.958728 3.479164 0.770000 0.840000 0.910000
