0.346959 -9.901501 2.163112 -6.090000 3.500000 0.630000
0.346959 -9.901501 2.163112 -6.090000 3.500000 0.630000
0.287139 -9.760324 2.074577 -6.300000 3.500000 -0.700000
0.287139 -9.760324 2.074577 -6.300000 3.500000 -0.700000
0.318245 -9.518648 2.074577 -5.880000 3.990000 -0.700000
0.325424 -9.394222 2.019542 -6.020000 4.410000 -0.700000
0.325424 -9.394222 2.019542 -6.020000 4.410000 -0.700000
0.308674 -9.320045 2.136791 -5.950000 5.110000 1.330000
0.330210 -9.504292 2.019542 -6.370000 4.620000 2.450000
0.370888 -9.437292 2.215754 -8.330000 4.830000 2.870000
0.378066 -9.638289 2.184647 -5.950000 4.550000 4.830000
0.323031 -9.784252 2.187040 -5.880000 4.620000 4.410000
0.323031 -9.784252 2.187040 -5.880000 4.620000 4.410000
0.308674 -9.841680 2.175076 -5.040000 4.340000 3.150000
0.349352 -9.896714 2.091327 -7.070000 3.570000 3.010000
0.272782 -9.662218 2.148755 -4.900000 4.830000 2.450000
0.401994 -9.741181 2.256432 -4.830000 4.130000 2.730000
0.337388 -9.619147 2.218147 -5.110000 3.710000 2.730000
0.337388 -9.619147 2.218147 -5.110000 3.710000 2.730000
0.346959 -9.719646 2.172683 -6.720000 2.520000 3.220000
0.411566 -9.693325 2.108077 -6.370000 2.590000 3.360000
0.440279 -9.777073 2.158326 -7.280000 3.360000 2.240000
0.440279 -9.777073 2.158326 -7.280000 3.360000 2.240000
0.421137 -9.722038 2.002793 -6.720000 3.290000 2.870000
0.375673 -9.762716 2.045863 -6.020000 3.990000 2.240000
0.375673 -9.762716 2.045863 -6.020000 3.990000 2.240000
0.342174 -9.659825 2.155933 -5.460000 3.990000 1.610000
0.358923 -9.604790 2.024328 -6.020000 3.990000 2.520000
0.394816 -9.734003 2.100898 -6.930000 4.340000 2.240000
0.346959 -9.657433 2.132005 -2.940000 4.060000 3.360000
0.356531 -9.669396 2.273181 -4.130000 3.010000 3.570000
0.356531 -9.669396 2.273181 -4.130000 3.010000 3.570000
0.356531 -9.669396 2.273181 -4.130000 3.010000 3.570000
0.394816 -9.743573 1.983650 -5.740000 3.710000 2.590000
0.394816 -9.743573 1.983650 -5.740000 3.710000 2.590000
0.382852 -9.638289 2.136791 -4.340000 6.090000 2.030000
0.382852 -9.638289 2.136791 -4.340000 6.090000 2.030000
0.382852 -9.638289 2.136791 -4.340000 6.090000 2.030000
0.425922 -9.631111 2.129612 -6.370000 4.620000 3.010000
0.320638 -9.671788 2.076970 -4.480000 6.230000 2.310000
0.320638 -9.671788 2.076970 -4.480000 6.230000 2.310000
0.363709 -9.635897 2.167897 -5.810000 5.460000 3.500000
0.385244 -9.628718 2.256432 -5.530000 4.900000 3.430000
0.442672 -9.676575 2.210968 -4.690000 5.460000 3.290000
0.363709 -9.595219 2.256432 -5.740000 4.970000 3.430000
0.447458 -9.781858 2.206182 -6.580000 2.520000 5.180000
0.433101 -9.841680 2.268396 -7.350000 2.870000 4.130000
0.433101 -9.841680 2.268396 -7.350000 2.870000 4.130000
0.315853 -9.844072 2.067399 -4.900000 3.710000 2.660000
0.337388 -9.784252 2.098505 -6.650000 3.500000 3.150000
0.311067 -9.774680 2.110470 -5.600000 4.270000 2.730000
0.418744 -9.583255 2.148755 -6.510000 3.360000 2.940000
0.401994 -9.597611 2.112862 -6.090000 3.150000 3.640000
0.401994 -9.597611 2.112862 -6.090000 3.150000 3.640000
0.308674 -9.597611 2.143969 -5.530000 4.620000 4.200000
0.301496 -9.662218 2.127219 -3.780000 5.320000 4.060000
