1.103091 1.732404 9.394222 -0.560000 -0.140000 0.770000
1.026521 1.775474 9.360723 0.210000 -0.280000 0.350000
1.026521 1.775474 9.360723 0.210000 -0.280000 0.350000
1.055235 1.651048 9.336794 1.120000 0.700000 0.840000
1.158126 1.576870 9.370294 -0.350000 0.770000 1.050000
1.158126 1.576870 9.370294 -0.350000 0.770000 1.050000
1.098306 1.639083 9.408579 0.140000 0.350000 1.260000
1.196411 1.682154 9.300901 1.470000 1.120000 0.490000
1.119841 1.531406 9.226725 -1.050000 0.350000 -0.350000
1.119841 1.531406 9.226725 -1.050000 0.350000 -0.350000
1.148555 1.660619 9.281759 0.910000 1.120000 -0.630000
1.215554 1.651048 9.389436 0.770000 1.260000 -0.490000
1.088734 1.725225 9.370294 0.630000 0.980000 -0.350000
1.100698 1.655833 9.387043 0.070000 0.700000 0.070000
1.100698 1.655833 9.387043 0.070000 0.700000 0.070000
1.107877 1.634298 9.494720 0.210000 0.490000 0.210000
1.107877 1.634298 9.494720 0.210000 0.490000 0.210000
1.095913 1.670190 9.489935 0.140000 -0.070000 0.070000
1.143769 1.596013 9.327222 0.350000 -0.770000 -0.980000
1.105484 1.689333 9.303294 0.140000 -0.210000 0.770000
1.179662 1.694118 9.236296 -0.420000 0.070000 0.490000
1.031307 1.629512 9.229117 1.050000 0.630000 -0.070000
1.031307 1.629512 9.229117 1.050000 0.630000 -0.070000
1.031307 1.629512 9.229117 1.050000 0.630000 -0.070000
1.107877 1.639083 9.231510 -0.280000 0.980000 -0.980000
1.081556 1.739582 9.348758 2.520000 1.890000 -0.070000
1.081556 1.739582 9.348758 2.520000 1.890000 -0.070000
1.122234 1.610370 9.257831 -2.030000 0.280000 0.140000
1.122234 1.610370 9.257831 -2.030000 0.280000 0.140000
1.129412 1.670190 9.401401 0.700000 0.980000 -0.140000
1.129412 1.670190 9.401401 0.700000 0.980000 -0.140000
1.150948 1.667797 9.384650 1.610000 1.120000 -0.140000
1.117448 1.777867 9.432507 -0.980000 -0.070000 0.280000
1.146162 1.670190 9.320045 -1.260000 -0.280000 0.350000
1.146162 1.670190 9.320045 -1.260000 -0.280000 0.350000
1.119841 1.703690 9.312866 -0.490000 -0.350000 0.280000
1.119841 1.703690 9.312866 -0.490000 -0.350000 0.280000
1.162912 1.694118 9.329616 -1.190000 -0.350000 0.560000
1.172483 1.667797 9.212367 -0.630000 0.070000 0.210000
1.117448 1.689333 9.198010 0.350000 1.050000 0.560000
1.129412 1.674976 9.279366 0.350000 1.470000 0.700000
1.129412 1.674976 9.279366 0.350000 1.470000 0.700000
1.083949 1.720440 9.253045 -0.700000 1.960000 1.050000
1.083949 1.720440 9.253045 -0.700000 1.960000 1.050000
1.057628 1.737189 9.348758 1.190000 2.170000 0.700000
1.057628 1.737189 9.348758 1.190000 2.170000 0.700000
