9.145369 0.476172 3.503092 -0.210000 -0.070000 0.070000
9.145369 0.476172 3.503092 -0.210000 -0.070000 0.070000
9.013763 0.354138 3.536592 1.470000 0.980000 -0.700000
9.023334 0.461815 3.431308 2.380000 1.260000 -1.400000
9.023334 0.461815 3.431308 2.380000 1.260000 -1.400000
9.068797 0.550349 3.452843 0.910000 0.350000 -0.910000
9.004191 0.514457 3.479164 0.840000 -0.350000 -0.560000
8.920443 0.547956 3.448057 1.260000 -0.140000 -0.350000
9.064013 0.428315 3.481557 0.350000 -0.420000 0.840000
9.123833 0.454636 3.460021 0.770000 -0.770000 0.700000
9.123833 0.454636 3.460021 0.770000 -0.770000 0.700000
9.128618 0.457029 3.436093 0.980000 -0.560000 -0.140000
9.020942 0.559920 3.443272 1.820000 0.140000 -0.980000
9.054441 0.672383 3.431308 0.840000 -0.140000 0.070000
9.032906 0.641276 3.385844 0.770000 0.630000 0.980000
9.059227 0.605384 3.421736 0.420000 0.350000 0.910000
9.059227 0.605384 3.421736 0.420000 0.350000 0.910000
9.140583 0.540778 3.373880 -0.210000 -0.210000 -0.420000
9.047262 0.598206 3.467200 0.980000 -0.280000 -0.560000
9.047262 0.598206 3.467200 0.980000 -0.280000 -0.560000
9.090333 0.514457 3.448057 -0.280000 -0.700000 -0.420000
9.004191 0.464208 3.419343 0.420000 -0.210000 -0.420000
8.987441 0.490529 3.404987 0.280000 -0.560000 -0.700000
8.987441 0.490529 3.404987 0.280000 -0.560000 -0.700000
9.044869 0.452243 3.445665 0.070000 -0.490000 -0.210000
9.097511 0.483350 3.436093 0.210000 -0.420000 0.140000
9.119047 0.399601 3.448057 -0.070000 -0.070000 -0.280000
9.119047 0.399601 3.448057 -0.070000 -0.070000 -0.280000
9.119047 0.399601 3.448057 -0.070000 -0.070000 -0.280000
9.064013 0.512064 3.486342 1.400000 0.630000 -0.910000
9.064013 0.512064 3.486342 1.400000 0.630000 -0.910000
9.037691 0.559920 3.428915 1.890000 -0.350000 -0.280000
9.004191 0.521635 3.414558 1.960000 0.560000 -0.350000
9.004191 0.521635 3.414558 1.960000 0.560000 -0.350000
8.980263 0.655633 3.383451 0.910000 -0.560000 -0.350000
8.980263 0.655633 3.383451 0.910000 -0.560000 -0.350000
8.980263 0.655633 3.383451 0.910000 -0.560000 -0.350000
9.025726 0.646062 3.316452 -0.840000 -0.420000 1.190000
