2.426322 -9.671788 -0.799203 -0.070000 0.140000 -0.420000
2.407180 -9.686146 -0.701097 -0.560000 0.700000 -0.140000
2.380858 -9.566505 -0.686740 1.400000 0.140000 -0.420000
2.423929 -9.607183 -0.736989 0.490000 0.070000 -0.350000
2.409572 -9.657433 -0.801596 0.700000 0.210000 -0.140000
2.438286 -9.631111 -0.775275 0.910000 -0.280000 -0.140000
2.438286 -9.631111 -0.775275 0.910000 -0.280000 -0.140000
2.364109 -9.564112 -0.746561 -0.280000 0.350000 0.280000
2.364109 -9.564112 -0.746561 -0.280000 0.350000 0.280000
2.364109 -9.564112 -0.746561 -0.280000 0.350000 0.280000
2.404787 -9.489935 -0.634098 0.140000 0.700000 0.700000
2.373680 -9.657433 -0.636491 0.980000 -0.070000 0.700000
2.373680 -9.657433 -0.636491 0.980000 -0.070000 0.700000
2.395216 -9.722038 -0.717847 0.210000 -0.350000 -0.280000
2.354537 -9.633504 -0.679562 0.280000 -0.490000 -0.210000
2.400001 -9.571291 -0.686740 0.770000 -0.700000 -0.280000
2.395216 -9.568897 -0.725025 0.490000 0.070000 -0.070000
2.395216 -9.568897 -0.725025 0.490000 0.070000 -0.070000
2.431108 -9.650253 -0.626920 0.490000 0.350000 -0.070000
2.450250 -9.631111 -0.648455 0.910000 0.350000 -0.280000
2.407180 -9.623933 -0.672383 -0.210000 0.140000 -0.420000
2.342573 -9.566505 -0.705883 0.980000 -0.210000 -0.420000
2.380858 -9.659825 -0.734596 0.210000 0.490000 -0.280000
2.368894 -9.592826 -0.658026 -0.840000 0.630000 -0.350000
2.368894 -9.592826 -0.658026 -0.840000 0.630000 -0.350000
2.402394 -9.521042 -0.691526 0.840000 -0.560000 -0.070000
2.328217 -9.540184 -0.710668 0.770000 -0.420000 0.210000
2.328217 -9.540184 -0.710668 0.770000 -0.420000 0.210000
2.419144 -9.535398 -0.543171 -0.420000 -0.210000 -0.140000
2.419144 -9.535398 -0.543171 -0.420000 -0.210000 -0.140000
2.419144 -9.535398 -0.543171 -0.420000 -0.210000 -0.140000
2.419144 -9.535398 -0.543171 -0.420000 -0.210000 -0.140000
2.419144 -9.535398 -0.543171 -0.420000 -0.210000 -0.140000
2.419144 -9.535398 -0.543171 -0.420000 -0.210000 -0.140000
2.419144 -9.535398 -0.543171 -0.420000 -0.210000 -0.140000
2.419144 -9.535398 -0.543171 -0.420000 -0.210000 -0.140000
2.388037 -9.650253 -0.717847 1.610000 -0.210000 -0.910000
2.392823 -9.681360 -0.672383 0.280000 -0.070000 -1.120000
2.392823 -9.681360 -0.672383 0.280000 -0.070000 -1.120000
2.400001 -9.504292 -0.691526 2.030000 0.630000 -0.280000
2.400001 -9.504292 -0.691526 2.030000 0.630000 -0.280000
2.368894 -9.561719 -0.722632 0.700000 0.980000 -0.070000
2.313859 -9.540184 -0.610170 -0.840000 0.910000 -0.140000
2.309074 -9.631111 -0.674776 -0.420000 0.560000 -0.210000
2.323431 -9.523434 -0.600598 0.350000 0.350000 0.140000
2.323431 -9.523434 -0.600598 0.350000 0.350000 0.140000
