0.102891 -9.990034 -0.306281 0.490000 -0.910000 0.140000
0.131605 -9.982857 -0.208176 0.420000 0.070000 0.070000
0.210568 -9.975677 -0.282353 -0.210000 -0.840000 0.280000
0.160319 -10.143176 -0.308674 0.840000 -0.490000 -0.280000
0.160319 -10.143176 -0.308674 0.840000 -0.490000 -0.280000
0.272782 -10.064213 -0.246461 -0.070000 0.770000 -0.280000
0.272782 -10.064213 -0.246461 -0.070000 0.770000 -0.280000
0.162712 -9.707682 -0.033500 2.310000 0.140000 -0.280000
0.220140 -9.961320 -0.083749 0.280000 -0.770000 1.050000
0.217747 -10.004392 -0.258425 1.120000 -1.120000 0.700000
0.217747 -10.004392 -0.258425 1.120000 -1.120000 0.700000
0.162712 -9.829715 -0.169890 0.210000 0.280000 0.630000
0.210568 -9.978070 -0.117248 0.630000 -0.140000 0.490000
0.203390 -9.963714 -0.150748 -0.980000 0.560000 0.420000
0.256032 -9.934999 -0.267996 -1.890000 1.960000 0.980000
0.133998 -10.157533 -0.224925 0.980000 2.240000 1.120000
0.133998 -10.157533 -0.224925 0.980000 2.240000 1.120000
0.193819 -10.241282 -0.306281 -4.060000 2.870000 0.210000
0.193819 -10.241282 -0.306281 -4.060000 2.870000 0.210000
0.193819 -10.241282 -0.306281 -4.060000 2.870000 0.210000
0.193819 -10.241282 -0.306281 -4.060000 2.870000 0.210000
0.200997 -9.851252 -0.133998 -0.420000 -0.490000 -0.770000
0.107677 -10.068997 -0.093320 1.960000 -1.330000 -0.140000
0.131605 -10.013963 -0.071785 2.310000 -1.260000 -0.980000
0.131605 -10.013963 -0.071785 2.310000 -1.260000 -0.980000
0.186640 -9.877571 -0.083749 1.330000 -0.420000 -0.490000
0.186640 -9.877571 -0.083749 1.330000 -0.420000 -0.490000
0.186640 -9.877571 -0.083749 1.330000 -0.420000 -0.490000
0.126820 -9.932607 -0.114855 0.630000 -0.910000 -0.770000
0.129212 -9.796216 -0.064606 -0.350000 -0.770000 -0.700000
0.174676 -9.750752 -0.184247 -2.590000 -0.420000 -0.630000
0.193819 -10.133603 -0.189033 -1.890000 0.980000 0.070000
0.193819 -10.133603 -0.189033 -1.890000 0.980000 0.070000
0.327817 -9.760324 -0.083749 0.910000 1.120000 0.070000
0.083749 -9.786645 -0.021535 -2.730000 0.630000 0.070000
0.083749 -9.786645 -0.021535 -2.730000 0.630000 0.070000
0.074178 -10.040283 -0.212961 0.280000 -0.980000 0.980000
0.074178 -10.114462 -0.220140 0.280000 -1.050000 0.280000
0.246461 -9.930215 -0.191426 -0.560000 -0.700000 -0.420000
0.263210 -10.152746 -0.267996 -0.070000 -0.140000 0.560000
0.263210 -10.152746 -0.267996 -0.070000 -0.140000 0.560000
0.153141 -10.088140 -0.272782 0.490000 0.420000 0.350000
0.258425 -9.999605 -0.122034 0.490000 0.210000 -0.210000
0.203390 -10.114462 -0.217747 0.140000 1.260000 -0.420000
0.162712 -10.025927 -0.222532 0.350000 1.330000 -0.280000
0.162712 -10.025927 -0.222532 0.350000 1.330000 -0.280000
0.215354 -9.961320 -0.155533 -2.240000 2.030000 -0.910000
0.179462 -10.040283 -0.100499 -0.910000 0.350000 -1.050000
0.191426 -9.920642 -0.241675 0.840000 1.050000 -0.700000
0.191426 -9.920642 -0.241675 0.840000 1.050000 -0.700000
0.150748 -9.710074 -0.093320 2.590000 0.210000 0.490000
