2.490928 -9.722038 -0.969093 -1.680000 -0.140000 -0.490000
2.524428 -9.760324 -1.048056 -0.070000 -0.770000 0.910000
2.541178 -9.860823 -1.014557 0.910000 -0.210000 -0.070000
2.541178 -9.860823 -1.014557 0.910000 -0.210000 -0.070000
2.541178 -9.623933 -0.808774 1.260000 -0.350000 -1.190000
2.541178 -9.623933 -0.808774 1.260000 -0.350000 -1.190000
2.541178 -9.623933 -0.808774 1.260000 -0.350000 -1.190000
2.548356 -9.540184 -0.966700 -0.630000 -0.070000 -0.980000
2.548356 -9.540184 -0.966700 -0.630000 -0.070000 -0.980000
2.548356 -9.540184 -0.966700 -0.630000 -0.070000 -0.980000
2.548356 -9.540184 -0.966700 -0.630000 -0.070000 -0.980000
2.574677 -9.394222 -0.921237 1.330000 -0.420000 -0.140000
2.553142 -9.571291 -0.909273 0.210000 -0.070000 0.140000
2.553142 -9.571291 -0.909273 0.210000 -0.070000 0.140000
2.687140 -9.437292 -0.806381 0.280000 0.770000 0.140000
2.557927 -9.535398 -0.787239 0.700000 0.280000 -0.210000
2.557927 -9.535398 -0.787239 0.700000 0.280000 -0.210000
2.452643 -9.683753 -1.040878 -1.050000 1.120000 -0.700000
2.660819 -9.652647 -0.854238 1.680000 -0.070000 -0.560000
2.522035 -9.528220 -0.768096 -0.070000 0.350000 -0.490000
2.522035 -9.528220 -0.768096 -0.070000 0.350000 -0.490000
2.478964 -9.564112 -0.875773 1.330000 -0.280000 -0.420000
2.478964 -9.564112 -0.875773 1.330000 -0.280000 -0.420000
2.538785 -9.312866 -0.868595 -1.190000 -0.350000 0.420000
2.490928 -9.643075 -1.016950 -2.100000 -0.070000 0.560000
2.615355 -9.573684 -0.983450 -1.330000 0.840000 0.420000
2.615355 -9.573684 -0.983450 -1.330000 0.840000 0.420000
2.574677 -9.628718 -1.031307 -0.700000 0.350000 -0.280000
2.574677 -9.628718 -1.031307 -0.700000 0.350000 -0.280000
2.507678 -9.542577 -0.921237 -0.420000 -0.140000 0.070000
2.507678 -9.542577 -0.921237 -0.420000 -0.140000 0.070000
2.596212 -9.645468 -0.937986 1.750000 0.420000 -0.420000
2.600998 -9.437292 -0.784846 1.260000 -0.210000 -0.350000
2.486143 -9.442079 -0.894916 -0.280000 -0.630000 -0.910000
2.486143 -9.442079 -0.894916 -0.280000 -0.630000 -0.910000
2.502892 -9.334401 -0.942772 1.050000 -0.070000 0.560000
2.524428 -9.585647 -1.069592 -0.210000 0.560000 0.420000
2.524428 -9.585647 -1.069592 -0.210000 0.560000 0.420000
2.553142 -9.554541 -0.839881 0.630000 0.840000 0.700000
2.553142 -9.554541 -0.839881 0.630000 0.840000 0.700000
2.553142 -9.554541 -0.839881 0.630000 0.840000 0.700000
2.519642 -9.583255 -0.875773 1.260000 -0.140000 0.210000
2.490928 -9.702895 -0.918844 -0.350000 -1.120000 0.210000
2.548356 -9.640682 -0.918844 0.140000 -0.700000 0.280000
2.548356 -9.640682 -0.918844 0.140000 -0.700000 0.280000
2.490928 -9.645468 -0.964308 0.700000 0.070000 -0.280000
2.574677 -9.614362 -0.935594 0.980000 -0.420000 0.210000
