4.003192 -7.618747 4.776074 -3.640000 -0.490000 0.350000
4.003192 -7.618747 4.776074 -3.640000 -0.490000 0.350000
3.862016 -7.738388 4.859823 -1.750000 -0.210000 -1.330000
3.893122 -7.659425 4.704289 2.660000 1.190000 -1.610000
4.015156 -7.463214 4.931608 2.940000 1.050000 -0.140000
3.945765 -7.599605 4.943572 -0.770000 -0.700000 0.210000
3.828516 -7.628319 4.845466 2.310000 -0.350000 0.140000
3.828516 -7.628319 4.845466 2.310000 -0.350000 0.140000
3.785445 -7.630712 4.764110 3.080000 1.120000 -0.420000
3.730411 -7.604390 4.936393 -0.490000 0.210000 -0.560000
3.938586 -7.513463 4.912465 0.210000 0.210000 -0.140000
3.826123 -7.482357 4.850252 -0.140000 -0.140000 0.070000
3.826123 -7.482357 4.850252 -0.140000 -0.140000 0.070000
3.864408 -7.558927 5.046463 -1.400000 -0.700000 0.140000
4.007978 -7.700103 4.845466 -3.850000 -1.750000 0.420000
4.007978 -7.700103 4.845466 -3.850000 -1.750000 0.420000
3.826123 -7.657032 4.790431 2.730000 1.260000 0.840000
3.826123 -7.657032 4.790431 2.730000 1.260000 0.840000
3.912265 -7.621140 4.728218 -1.960000 -0.420000 0.840000
3.929015 -7.592427 4.850252 2.170000 0.840000 -0.280000
3.950550 -7.465607 4.931608 0.420000 1.120000 0.630000
3.823731 -7.630712 4.893322 3.640000 0.840000 0.910000
3.835695 -7.561320 4.931608 -0.210000 0.420000 0.630000
3.869194 -7.597212 4.869394 -0.980000 0.420000 0.560000
3.742374 -7.594819 4.878965 -0.490000 -0.560000 0.070000
3.742374 -7.594819 4.878965 -0.490000 -0.560000 0.070000
3.742374 -7.594819 4.878965 -0.490000 -0.560000 0.070000
3.924229 -7.580462 4.919643 -1.470000 0.140000 1.260000
3.830909 -7.769495 4.895715 2.030000 0.840000 -0.070000
3.830909 -7.769495 4.895715 2.030000 0.840000 -0.070000
3.728018 -7.714460 4.957928 -1.470000 -0.210000 -0.700000
3.885944 -7.594819 4.823930 1.610000 -0.490000 -1.120000
3.852444 -7.592427 4.833502 -0.210000 0.770000 -0.910000
3.852444 -7.592427 4.833502 -0.210000 0.770000 -0.910000
3.850052 -7.578069 4.878965 -0.140000 0.070000 -1.400000
3.924229 -7.398607 4.778467 -2.030000 -1.470000 -1.120000
3.792624 -7.530212 4.828716 -0.420000 0.420000 0.140000
3.792624 -7.530212 4.828716 -0.420000 0.420000 0.140000
3.881158 -7.470392 4.737789 -0.490000 0.630000 -0.140000
3.988836 -7.549356 4.981857 -3.850000 0.560000 1.890000
3.964907 -7.714460 4.883751 -3.150000 0.630000 2.240000
3.974478 -7.566105 4.783253 1.190000 0.770000 0.770000
3.773481 -7.690532 4.960321 -0.210000 -0.420000 0.560000
3.802195 -7.817351 4.917251 -1.610000 -0.700000 0.280000
3.940979 -7.630712 4.788038 0.910000 0.420000 -0.140000
3.775874 -7.819745 4.941179 -1.610000 -0.560000 -0.280000
3.775874 -7.819745 4.941179 -1.610000 -0.560000 -0.280000
3.828516 -7.578069 4.874180 -1.890000 -1.330000 -1.330000
3.893122 -7.501499 4.934000 0.910000 0.140000 -0.420000
3.787838 -7.527820 4.965107 1.820000 1.190000 -0.140000
