3.680161 -7.353144 5.422136 -0.490000 -0.910000 -0.420000
3.680161 -7.353144 5.422136 -0.490000 -0.910000 -0.420000
3.759124 -7.250252 5.314459 0.630000 0.700000 0.420000
3.802195 -7.183254 5.422136 0.070000 0.420000 -0.350000
3.857230 -7.231110 5.613562 -0.420000 -0.350000 -0.350000
3.857230 -7.231110 5.613562 -0.420000 -0.350000 -0.350000
3.754339 -7.269395 5.443672 0.420000 0.140000 -0.210000
3.754339 -7.269395 5.443672 0.420000 0.140000 -0.210000
3.818945 -7.286145 5.383851 1.050000 0.700000 -0.560000
3.814159 -7.164111 5.422136 0.910000 0.560000 -0.770000
3.739982 -7.147361 5.525027 -1.470000 -0.490000 0.280000
3.730411 -7.281359 5.350351 0.490000 0.210000 0.420000
3.730411 -7.281359 5.350351 0.490000 0.210000 0.420000
3.809374 -7.228717 5.527420 0.770000 0.630000 0.560000
3.809374 -7.228717 5.527420 0.770000 0.630000 0.560000
3.833302 -7.365108 5.563312 -1.750000 -0.350000 1.260000
3.859623 -7.267002 5.556134 0.140000 -0.630000 -0.910000
3.711268 -7.319644 5.304887 0.280000 0.140000 -0.490000
3.711268 -7.319644 5.304887 0.280000 0.140000 -0.490000
3.850052 -7.087541 5.376673 0.840000 0.700000 0.280000
3.850052 -7.087541 5.376673 0.840000 0.700000 0.280000
3.778267 -7.252645 5.393422 -0.140000 0.070000 0.070000
3.778267 -7.252645 5.393422 -0.140000 0.070000 0.070000
3.830909 -7.231110 5.381458 -0.840000 -0.070000 0.350000
3.830909 -7.231110 5.381458 -0.840000 -0.070000 0.350000
3.821337 -7.250252 5.431707 -1.820000 -0.630000 0.700000
3.821337 -7.250252 5.431707 -1.820000 -0.630000 0.700000
3.763910 -7.255038 5.355137 0.350000 0.630000 0.140000
3.775874 -7.269395 5.553742 0.560000 0.700000 0.630000
3.785445 -7.391429 5.527420 0.350000 -0.350000 1.680000
3.785445 -7.391429 5.527420 0.350000 -0.350000 1.680000
3.701697 -7.441679 5.493921 -0.350000 -1.050000 -0.070000
3.701697 -7.441679 5.493921 -0.350000 -1.050000 -0.070000
3.854837 -7.324430 5.350351 -1.330000 -1.400000 -0.560000
3.854837 -7.324430 5.350351 -1.330000 -1.400000 -0.560000
3.756732 -7.214360 5.288138 -2.100000 -2.450000 0.630000
3.754339 -7.144968 5.410172 2.660000 1.330000 1.120000
3.754339 -7.144968 5.410172 2.660000 1.330000 1.120000
3.795017 -7.293324 5.426922 -1.050000 0.280000 1.470000
3.732803 -7.379465 5.393422 -1.890000 -0.210000 1.470000
3.732803 -7.379465 5.393422 -1.890000 -0.210000 1.470000
3.871587 -7.322037 5.266603 0.840000 0.700000 0.630000
3.984050 -7.393822 5.328816 -0.560000 -0.070000 -0.490000
3.984050 -7.393822 5.328816 -0.560000 -0.070000 -0.490000
3.704089 -7.386643 5.496314 0.490000 0.070000 -0.350000
3.704089 -7.386643 5.496314 0.490000 0.070000 -0.350000
3.933800 -7.223931 5.536992 -0.350000 -1.330000 -1.890000
