0.677169 -9.791430 2.021935 -5.180000 4.970000 2.940000
0.435494 -9.729217 1.878366 -5.670000 5.250000 2.380000
0.602991 -9.863215 1.938186 -6.020000 5.390000 2.170000
0.619741 -9.738789 1.938186 -4.690000 7.070000 1.050000
0.619741 -9.738789 1.938186 -4.690000 7.070000 1.050000
0.619741 -9.738789 1.938186 -4.690000 7.070000 1.050000
0.619741 -9.738789 1.938186 -4.690000 7.070000 1.050000
0.619741 -9.738789 1.938186 -4.690000 7.070000 1.050000
0.619741 -9.738789 1.938186 -4.690000 7.070000 1.050000
0.619741 -9.738789 1.938186 -4.690000 7.070000 1.050000
0.516850 -9.528220 2.160719 -4.270000 6.300000 1.680000
0.516850 -9.528220 2.160719 -4.270000 6.300000 1.680000
0.581456 -9.597611 2.141576 -5.040000 3.080000 1.820000
0.672383 -9.695717 2.021935 -7.140000 2.520000 1.400000
0.672383 -9.695717 2.021935 -7.140000 2.520000 1.400000
0.569492 -9.640682 1.916651 -3.150000 3.570000 1.820000
0.586242 -9.645468 1.983650 -3.920000 3.990000 2.170000
0.586242 -9.645468 1.983650 -3.920000 3.990000 2.170000
0.629312 -9.688539 2.017149 -5.810000 4.060000 0.560000
0.698704 -9.695717 2.012364 -5.250000 4.200000 0.630000
0.643669 -9.738789 2.103291 -5.950000 4.970000 1.610000
0.643669 -9.738789 2.103291 -5.950000 4.970000 1.610000
0.679562 -9.494720 2.079363 -5.530000 3.640000 1.960000
0.653241 -9.571291 1.899901 -4.200000 3.710000 1.890000
0.653241 -9.571291 1.899901 -4.200000 3.710000 1.890000
0.674776 -9.487542 2.021935 -3.570000 3.920000 2.660000
0.705883 -9.748360 2.021935 -5.180000 4.480000 2.800000
0.717847 -9.762716 2.086541 -5.040000 6.510000 2.240000
0.636491 -9.784252 2.124826 -5.530000 5.810000 1.540000
0.734596 -9.552148 2.033899 -7.560000 4.830000 2.030000
0.734596 -9.552148 2.033899 -7.560000 4.830000 2.030000
0.612563 -9.547362 2.112862 -5.600000 5.040000 3.010000
0.569492 -9.686146 1.995614 -7.280000 3.990000 2.590000
0.569492 -9.686146 1.995614 -7.280000 3.990000 2.590000
0.811167 -9.836893 2.141576 -7.700000 3.710000 4.130000
0.811167 -9.836893 2.141576 -7.700000 3.710000 4.130000
0.641276 -9.755538 2.081756 -5.250000 4.620000 2.100000
0.736989 -9.753145 2.017149 -4.550000 3.710000 2.800000
0.679562 -9.734003 2.026721 -7.770000 2.870000 2.940000
0.729811 -9.638289 1.904687 -4.410000 3.780000 2.590000
0.729811 -9.638289 1.904687 -4.410000 3.780000 2.590000
0.751346 -9.810574 1.916651 -6.860000 3.850000 2.940000
0.655633 -9.633504 1.966900 -3.500000 5.810000 2.100000
0.674776 -9.667004 2.038685 -5.740000 4.410000 2.660000
0.667598 -9.580862 2.007578 -5.040000 5.110000 3.220000
0.689133 -9.602397 2.091327 -5.460000 4.340000 4.060000
0.689133 -9.602397 2.091327 -5.460000 4.340000 4.060000
0.638884 -9.635897 2.014757 -6.230000 3.990000 4.550000
0.581456 -9.731609 2.045863 -6.650000 3.850000 4.690000
0.586242 -9.650253 1.981257 -4.900000 3.570000 3.920000
0.624527 -9.745967 1.902294 -6.020000 3.640000 3.780000
0.595813 -9.748360 2.031506 -4.900000 4.970000 3.430000
0.646062 -9.647861 2.165504 -5.740000 3.780000 3.710000
0.638884 -9.652647 1.988436 -6.510000 2.940000 3.920000
0.648455 -9.729217 1.993221 -5.460000 2.730000 4.480000
0.648455 -9.729217 1.993221 -5.460000 2.730000 4.480000
0.679562 -9.801002 1.919044 -6.300000 3.430000 2.940000
0.679562 -9.705289 2.007578 -6.020000 3.290000 3.010000
0.598206 -9.812965 1.954936 -6.790000 3.570000 3.080000
0.669990 -9.870394 1.990828 -5.110000 3.710000 2.730000
0.607777 -9.619147 1.914258 -5.250000 3.710000 2.730000
0.607777 -9.638289 1.959722 -4.830000 4.200000 3.290000
0.638884 -9.552148 1.976472 -2.800000 3.640000 3.710000
0.677169 -9.702895 2.033899 -5.950000 3.570000 3.990000
0.677169 -9.702895 2.033899 -5.950000 3.570000 3.990000
