-1.844866 -9.238688 3.172883 -0.280000 -0.140000 0.910000
-1.899901 -9.375079 3.105884 0.560000 -0.490000 0.420000
-1.885544 -9.152546 3.158526 1.470000 -0.560000 -0.350000
-1.871187 -9.255438 3.127419 0.560000 -0.280000 -0.770000
-1.866402 -9.140583 3.005385 0.140000 0.490000 -1.050000
-1.847259 -9.138189 3.079563 -0.280000 0.490000 -0.350000
-1.847259 -9.138189 3.079563 -0.280000 0.490000 -0.350000
-1.847259 -9.138189 3.079563 -0.280000 0.490000 -0.350000
-1.864009 -9.190832 3.125026 0.700000 0.420000 0.140000
-1.859223 -9.262616 3.151347 -0.140000 0.630000 0.210000
-1.859223 -9.262616 3.151347 -0.140000 0.630000 0.210000
-1.749153 -9.250652 3.215954 0.700000 0.210000 0.980000
-1.904687 -9.312866 3.117848 -1.960000 0.770000 0.420000
-1.852045 -9.375079 3.002992 -1.610000 0.700000 -0.630000
-1.852045 -9.375079 3.002992 -1.610000 0.700000 -0.630000
-1.852045 -9.375079 3.002992 -1.610000 0.700000 -0.630000
-1.883151 -9.207582 3.055635 -2.310000 0.700000 0.140000
-1.883151 -9.207582 3.055635 -2.310000 0.700000 0.140000
-1.883151 -9.207582 3.055635 -2.310000 0.700000 0.140000
-1.849652 -9.305687 3.263810 1.470000 1.190000 1.190000
-1.950150 -9.178867 3.206382 -1.050000 0.980000 1.960000
-1.950150 -9.178867 3.206382 -1.050000 0.980000 1.960000
-1.993221 -9.367901 3.208775 -2.660000 -0.840000 -0.980000
-1.804188 -9.174082 3.263810 1.680000 -1.540000 -0.350000
-1.945365 -9.188439 3.201597 -1.470000 0.070000 0.070000
-1.895115 -9.145369 3.215954 -0.140000 -0.490000 -0.070000
-1.962115 -9.176475 3.201597 -0.630000 -0.980000 0.070000
-1.957329 -9.150154 3.079563 0.910000 -0.140000 0.560000
-1.895115 -9.119047 3.110669 -0.140000 0.980000 -0.070000
-1.820938 -9.142976 3.086741 0.910000 1.540000 0.420000
-1.820938 -9.142976 3.086741 0.910000 1.540000 0.420000
-1.820938 -9.142976 3.086741 0.910000 1.540000 0.420000
-1.914258 -9.272188 3.136991 -0.630000 0.140000 1.330000
-1.919044 -9.312866 3.129812 0.210000 0.210000 0.700000
-1.916651 -9.272188 3.158526 -0.980000 0.350000 0.490000
-1.916651 -9.272188 3.158526 -0.980000 0.350000 0.490000
-1.933401 -9.142976 3.175276 1.050000 -0.140000 0.490000
