1.610370 -9.839286 0.011964 2.660000 -0.560000 -0.980000
1.507478 -9.743573 0.052642 1.960000 -0.350000 -0.490000
1.505085 -9.824929 -0.031107 0.140000 -0.070000 0.140000
1.545763 -9.707682 0.016750 0.980000 -0.210000 -0.210000
1.452443 -9.777073 -0.009571 1.050000 0.140000 0.350000
1.452443 -9.777073 -0.009571 1.050000 0.140000 0.350000
1.555335 -9.683753 0.035892 0.140000 0.140000 0.700000
1.488336 -9.939785 0.038285 -2.380000 0.070000 0.630000
1.593620 -9.903893 0.031107 -0.210000 0.280000 0.140000
1.536192 -9.906286 0.141177 -2.310000 0.350000 0.140000
1.536192 -9.906286 0.141177 -2.310000 0.350000 0.140000
1.548156 -9.803394 0.033500 -3.710000 0.420000 0.140000
1.548156 -9.803394 0.033500 -3.710000 0.420000 0.140000
1.564906 -9.934999 0.057428 1.050000 -3.080000 -2.100000
1.564906 -9.934999 0.057428 1.050000 -3.080000 -2.100000
1.679761 -9.889536 0.112463 3.570000 -3.430000 -2.310000
1.538585 -9.712467 -0.028714 -0.420000 -1.260000 -1.120000
1.596013 -9.781858 -0.043071 0.210000 -0.350000 0.280000
1.550549 -9.841680 -0.057428 0.140000 -0.490000 -0.140000
1.550549 -9.841680 -0.057428 0.140000 -0.490000 -0.140000
1.600798 -9.858429 0.002393 -1.260000 -0.280000 0.490000
1.600798 -9.858429 0.002393 -1.260000 -0.280000 0.490000
1.562513 -9.839286 -0.014357 -3.990000 -0.700000 -0.070000
1.552942 -9.729217 0.007178 -3.780000 -0.910000 0.560000
1.533799 -9.848858 -0.047856 0.280000 -0.350000 0.070000
1.533799 -9.848858 -0.047856 0.280000 -0.350000 0.070000
1.564906 -9.717253 0.004786 0.280000 -0.490000 -0.140000
1.569692 -9.791430 -0.069392 1.120000 -1.540000 0.560000
1.600798 -9.829715 -0.014357 0.770000 -2.170000 0.630000
1.600798 -9.829715 -0.014357 0.770000 -2.170000 0.630000
1.488336 -9.815358 -0.059821 -1.470000 -2.800000 0.280000
1.488336 -9.815358 -0.059821 -1.470000 -2.800000 0.280000
1.521835 -9.808180 -0.105284 1.890000 -2.450000 -0.630000
1.576870 -9.805787 -0.066999 1.470000 -2.030000 -0.210000
1.521835 -9.939785 -0.143569 -2.730000 -0.980000 0.140000
1.540978 -9.839286 -0.102891 -5.180000 -1.050000 0.140000
1.540978 -9.911072 -0.102891 4.620000 -0.210000 -1.540000
1.514657 -9.796216 -0.112463 1.260000 0.350000 -0.840000
1.519442 -9.875179 -0.126820 -1.890000 -0.560000 -0.840000
1.509871 -9.781858 -0.102891 4.760000 -0.280000 -1.820000
1.509871 -9.781858 -0.102891 4.760000 -0.280000 -1.820000
1.509871 -9.781858 -0.102891 4.760000 -0.280000 -1.820000
1.557728 -9.750752 -0.064606 0.700000 1.190000 -0.490000
