-0.344566 -10.006784 0.227318 0.980000 -0.700000 1.680000
-0.344566 -10.006784 0.227318 0.980000 -0.700000 1.680000
-0.344566 -10.006784 0.227318 0.980000 -0.700000 1.680000
-0.236889 -9.944571 0.023928 -0.420000 1.050000 0.280000
-0.167498 -9.875179 0.119641 0.070000 -0.420000 0.350000
-0.222532 -9.930215 0.062213 -0.490000 -0.840000 0.700000
-0.251246 -10.009177 -0.023928 -1.330000 0.630000 0.560000
-0.258425 -9.879964 0.122034 -0.560000 1.260000 0.560000
-0.160319 -9.923036 0.105284 -0.490000 -0.210000 0.630000
-0.320638 -9.915856 0.086142 -0.770000 1.050000 0.630000
-0.246461 -10.040283 0.102891 -0.980000 -0.280000 0.350000
-0.203390 -9.942179 0.095713 0.070000 -0.840000 0.980000
-0.203390 -9.942179 0.095713 0.070000 -0.840000 0.980000
-0.222532 -9.939785 0.102891 -0.210000 -0.910000 1.330000
-0.198604 -9.908678 0.045464 -1.610000 0.420000 1.260000
-0.294317 -10.157533 0.026321 1.050000 0.770000 1.330000
-0.294317 -10.157533 0.026321 1.050000 0.770000 1.330000
-0.323031 -10.033106 0.155533 2.030000 -0.280000 1.330000
-0.368495 -10.157533 -0.031107 -0.280000 -1.750000 -0.070000
-0.366102 -10.090532 -0.069392 -0.280000 -1.330000 -0.560000
-0.299103 -10.231709 -0.081356 -0.840000 -0.560000 -0.980000
-0.222532 -9.975677 -0.004786 -0.350000 -0.070000 -2.170000
-0.208176 -9.920642 -0.043071 -0.630000 0.490000 -2.030000
-0.275175 -9.853643 -0.102891 0.980000 0.630000 -1.260000
-0.275175 -9.853643 -0.102891 0.980000 0.630000 -1.260000
-0.133998 -9.846465 -0.023928 -2.170000 0.840000 -0.910000
-0.179462 -9.676575 -0.050249 1.400000 1.680000 0.280000
-0.179462 -9.676575 -0.050249 1.400000 1.680000 0.280000
-0.150748 -9.851252 0.098106 0.350000 2.870000 0.350000
-0.191426 -9.801002 0.122034 -0.350000 2.240000 0.700000
-0.301496 -9.930215 0.038285 -0.910000 1.330000 1.400000
-0.337388 -9.891929 0.069392 0.280000 0.420000 1.470000
-0.337388 -9.891929 0.069392 0.280000 0.420000 1.470000
-0.385244 -10.114462 0.086142 -0.910000 1.750000 0.210000
-0.366102 -9.985250 0.074178 -0.140000 0.210000 -0.770000
-0.301496 -10.040283 -0.026321 -0.840000 0.210000 -1.120000
-0.289532 -9.913465 -0.007178 0.700000 0.210000 -0.630000
-0.289532 -9.913465 -0.007178 0.700000 0.210000 -0.630000
-0.246461 -9.918249 -0.023928 0.770000 0.560000 -0.280000
-0.222532 -9.987641 -0.002393 -0.210000 0.630000 -0.980000
-0.279960 -9.879964 0.028714 -1.470000 0.910000 -0.490000
-0.208176 -9.958927 0.045464 0.490000 0.840000 -0.280000
-0.323031 -9.944571 0.050249 0.140000 0.700000 -0.070000
-0.265603 -9.870394 -0.019143 0.070000 -0.210000 -0.140000
-0.181855 -9.968499 0.014357 0.140000 0.210000 -0.420000
-0.186640 -9.934999 0.011964 -0.980000 0.700000 -0.350000
-0.210568 -9.973285 0.004786 -0.630000 1.120000 -0.350000
-0.191426 -9.690931 0.107677 -0.560000 0.350000 0.280000
-0.191426 -9.690931 0.107677 -0.560000 0.350000 0.280000
-0.150748 -9.961320 -0.045464 -0.490000 0.700000 0.560000
-0.244068 -10.076177 0.136391 0.140000 0.840000 1.120000
