1.753939 -9.504292 1.213161 -1.820000 6.090000 -4.480000
1.670190 -9.544970 1.524228 -2.660000 5.950000 -4.830000
1.847259 -9.322437 2.201397 4.970000 2.660000 -4.270000
1.739582 -9.293723 1.136591 -2.660000 0.910000 -1.680000
1.897508 -9.552148 1.452443 -0.630000 0.910000 -1.120000
1.808974 -9.305687 1.966900 3.850000 -1.610000 -1.400000
1.823331 -9.501899 1.572084 -5.110000 -2.240000 1.260000
1.875973 -9.734003 1.639083 -3.920000 -2.240000 2.590000
1.801795 -9.231510 2.012364 1.960000 -2.730000 0.210000
1.789831 -9.580862 1.488336 1.890000 -1.400000 2.940000
1.837688 -9.932607 1.756332 0.560000 -0.630000 3.220000
1.892723 -9.985250 1.861616 -6.720000 -2.380000 -0.630000
1.694118 -9.817751 2.029114 -27.020000 -3.360000 -3.010000
1.641476 -10.179067 2.237289 -39.900002 -0.840000 -5.040000
1.634298 -9.745967 2.648855 -54.740002 -1.260000 -4.900000
2.060220 -9.195618 0.591027 -54.250000 -0.490000 -0.140000
1.947758 -10.109675 -0.066999 -48.720001 3.780000 -4.060000
2.048256 -11.066804 -0.808774 -31.360001 5.950000 -8.400000
2.048256 -11.066804 -0.808774 -31.360001 5.950000 -8.400000
2.112862 -9.836893 -1.550549 -26.389999 22.330000 -5.530000
1.962115 -10.071390 -0.832702 -53.410000 30.870001 -11.690000
2.043471 -9.879964 -0.507278 -49.770000 40.250000 -12.180000
2.124826 -9.784252 -1.251446 -42.910000 49.209999 -8.820000
2.194218 -10.155140 -1.229911 -45.570000 66.849998 -0.770000
2.926422 -9.126225 -1.186840 -43.470001 73.150002 15.890000
2.998207 -8.659625 -2.053042 -43.259998 75.110001 19.460001
2.998207 -8.659625 -2.053042 -43.259998 75.110001 19.460001
1.804188 -8.705089 -2.098505 -3.150000 51.660000 10.010000
2.974278 -8.499306 0.708275 16.590000 6.930000 1.750000
2.084148 -9.190832 -0.380459 0.350000 -1.050000 7.070000
2.194218 -9.619147 -0.339781 1.680000 -9.450000 5.250000
2.129612 -9.851252 -0.753739 6.020000 -12.110000 4.410000
2.115255 -9.449257 -1.071985 6.650000 -9.940000 5.110000
2.019542 -10.080962 -1.038485 1.750000 -4.900000 5.320000
2.005185 -10.035499 -1.150948 3.640000 -5.670000 5.110000
2.325824 -9.789038 -1.036092 8.540000 -2.100000 3.010000
2.170290 -10.049855 -1.208375 -2.310000 2.170000 3.640000
2.153540 -10.262815 -1.119841 2.030000 2.520000 3.010000
2.103291 -9.489935 -0.842274 -2.030000 2.100000 -0.490000
2.088934 -9.719646 -0.921237 -3.570000 5.110000 0.910000
1.847259 -10.009177 -0.947558 9.380000 3.360000 -0.490000
1.995614 -9.219545 -0.605384 4.830000 0.700000 1.470000
2.342573 -9.633504 -0.533599 0.630000 -0.070000 3.010000
1.907080 -9.930215 -0.818345 7.070000 1.120000 3.850000
1.974079 -9.480364 -0.476172 15.330000 -1.820000 4.410000
1.976472 -9.418150 -0.356531 13.580000 -1.400000 4.340000
