1.880759 -9.181261 1.380659 0.490000 -1.330000 2.450000
2.055435 -9.415757 2.024328 5.670000 1.470000 1.750000
2.084148 -9.611969 1.749153 4.970000 1.540000 3.570000
1.909473 -9.822537 1.387837 -1.260000 2.030000 1.750000
1.916651 -9.848858 2.127219 -1.960000 0.490000 -0.490000
1.916651 -9.848858 2.127219 -1.960000 0.490000 -0.490000
1.739582 -9.894321 2.002793 -1.680000 1.050000 -1.540000
1.864009 -9.956534 1.887937 -9.380000 6.440000 -4.900000
1.864009 -9.956534 1.887937 -9.380000 6.440000 -4.900000
2.158326 -9.832108 1.143769 -26.600000 9.870000 -5.950000
2.158326 -9.832108 1.143769 -26.600000 9.870000 -5.950000
2.158326 -9.832108 1.143769 -26.600000 9.870000 -5.950000
2.213361 -9.736395 1.438086 -44.730000 2.450000 -10.010000
2.213361 -9.736395 1.438086 -44.730000 2.450000 -10.010000
2.282753 -10.372886 -0.892523 -67.550003 11.550000 -1.470000
2.316252 -9.358330 -0.626920 -60.970001 22.680000 -1.330000
2.316252 -9.358330 -0.626920 -60.970001 22.680000 -1.330000
2.234896 -8.807980 -1.481157 -77.489998 23.309999 6.020000
2.234896 -8.807980 -1.481157 -77.489998 23.309999 6.020000
2.474179 -9.595219 -2.541178 -59.290001 39.970001 6.510000
2.277967 -9.181261 -1.373480 -24.710001 48.509998 14.000000
2.277967 -9.181261 -1.373480 -24.710001 48.509998 14.000000
2.321038 -9.013763 -1.292124 -18.830000 44.660000 13.160000
2.321038 -9.013763 -1.292124 -18.830000 44.660000 13.160000
2.321038 -9.013763 -1.292124 -18.830000 44.660000 13.160000
2.321038 -9.013763 -1.292124 -18.830000 44.660000 13.160000
2.151148 -9.473185 -1.016950 -3.850000 33.950001 14.560000
1.785046 -9.080762 -0.672383 17.500000 19.879999 8.750000
1.938186 -9.647861 -0.500100 5.530000 14.490000 8.540000
1.938186 -9.647861 -0.500100 5.530000 14.490000 8.540000
1.938186 -9.647861 -0.500100 5.530000 14.490000 8.540000
1.938186 -9.647861 -0.500100 5.530000 14.490000 8.540000
1.909473 -10.135997 -0.516850 4.270000 11.340000 6.090000
1.952543 -9.485149 -0.720240 0.350000 -1.470000 0.490000
1.904687 -9.693325 -0.837488 2.030000 -1.470000 1.890000
1.904687 -9.693325 -0.837488 2.030000 -1.470000 1.890000
1.904687 -9.693325 -0.837488 2.030000 -1.470000 1.890000
1.993221 -9.576077 -0.918844 2.030000 -1.820000 1.470000
2.074577 -9.485149 -0.543171 7.630000 1.050000 3.010000
1.856830 -9.829715 -0.775275 3.640000 1.330000 4.970000
1.844866 -9.990034 -0.725025 0.560000 1.400000 3.360000
1.715654 -9.870394 -0.600598 -0.490000 1.400000 1.190000
1.811367 -10.061819 -0.782453 -0.490000 -0.630000 2.450000
1.825724 -9.966106 -0.669990 1.120000 -0.840000 1.960000
