1.459622 -9.552148 2.311467 -3.290000 -3.010000 0.560000
1.459622 -9.552148 2.311467 -3.290000 -3.010000 0.560000
1.442872 -9.664611 2.055435 0.840000 0.560000 0.350000
1.442872 -9.664611 2.055435 0.840000 0.560000 0.350000
1.385444 -9.678967 2.505285 -6.090000 -1.750000 -0.980000
1.366302 -9.812965 2.627320 -22.750000 0.630000 -2.170000
1.366302 -9.812965 2.627320 -22.750000 0.630000 -2.170000
1.387837 -9.865608 3.239882 -38.709999 -6.370000 -0.910000
1.272982 -9.707682 0.677169 -44.450001 -2.240000 -1.610000
1.272982 -9.707682 0.677169 -44.450001 -2.240000 -1.610000
1.584049 -9.722038 1.854438 -56.139999 -2.450000 1.610000
1.584049 -9.722038 1.854438 -56.139999 -2.450000 1.610000
1.708475 -10.071390 0.602991 -52.360001 7.770000 -1.190000
1.708475 -10.071390 0.602991 -52.360001 7.770000 -1.190000
1.612763 -9.877571 -0.662812 -69.019997 12.600000 1.470000
1.612763 -9.877571 -0.662812 -69.019997 12.600000 1.470000
1.686940 -9.559326 -2.344966 -44.730000 40.950001 13.090000
1.825724 -9.645468 -2.560320 -33.250000 40.040001 13.300000
1.368695 -9.391829 -1.890330 -1.330000 30.030001 12.040000
1.368695 -9.391829 -1.890330 -1.330000 30.030001 12.040000
1.342373 -9.193225 -1.758725 22.610001 21.000000 5.810000
1.445265 -9.169296 -1.361516 22.540001 15.610000 3.290000
1.588834 -9.382257 -1.131805 9.940000 10.290000 3.920000
1.383051 -9.004191 -1.198804 -1.610000 7.140000 -0.070000
1.392623 -10.262815 -1.373480 -5.110000 7.350000 0.280000
1.328017 -9.789038 -1.330409 4.830000 2.870000 1.330000
1.335195 -9.432507 -1.186840 4.200000 2.240000 1.190000
1.395016 -10.018748 -1.263410 0.980000 1.890000 0.280000
1.497907 -9.595219 -1.136591 0.070000 -0.140000 0.490000
1.325624 -9.836893 -1.292124 0.070000 -0.490000 -0.140000
1.373480 -9.487542 -1.249053 -2.170000 -0.840000 -1.120000
1.373480 -9.487542 -1.249053 -2.170000 -0.840000 -1.120000
1.495514 -9.748360 -1.514657 1.190000 -1.890000 1.190000
1.452443 -9.408579 -1.342373 3.850000 -1.540000 1.820000
1.469193 -9.332008 -1.196411 -0.770000 -0.490000 0.840000
1.562513 -9.870394 -1.421337 -5.600000 1.330000 2.380000
1.287339 -10.059426 -1.548156 4.130000 0.560000 1.750000
1.454836 -9.516255 -1.399801 -0.910000 3.080000 0.490000
1.215554 -9.760324 -1.356731 -2.730000 2.870000 0.770000
1.385444 -10.023535 -1.316052 0.420000 1.890000 1.260000
1.335195 -9.693325 -1.234696 5.460000 -0.840000 2.240000
1.335195 -9.693325 -1.234696 5.460000 -0.840000 2.240000
1.471586 -9.482756 -1.311267 1.120000 -0.910000 1.750000
1.239482 -9.944571 -1.349552 1.050000 0.630000 1.400000
1.227518 -9.556933 -1.411765 5.320000 -1.680000 0.560000
