2.091327 -9.796216 0.909273 8.610000 0.210000 -2.590000
2.091327 -9.796216 0.909273 8.610000 0.210000 -2.590000
1.892723 -9.566505 1.050449 -4.620000 1.120000 0.840000
1.892723 -9.566505 1.050449 -4.620000 1.120000 0.840000
2.026721 -9.710074 1.277767 -2.730000 0.490000 0.840000
2.055435 -9.872787 1.320838 -3.010000 0.280000 1.820000
2.055435 -9.872787 1.320838 -3.010000 0.280000 1.820000
1.897508 -9.707682 0.942772 -1.190000 0.490000 0.770000
1.897508 -9.707682 0.942772 -1.190000 0.490000 0.770000
1.725225 -9.626326 1.942972 -29.049999 -0.770000 3.080000
1.725225 -9.626326 1.942972 -29.049999 -0.770000 3.080000
1.880759 -10.047462 0.466600 -39.759998 4.760000 3.990000
2.148755 -10.597812 -1.725225 -21.000000 8.120000 7.210000
2.148755 -10.597812 -1.725225 -21.000000 8.120000 7.210000
2.043471 -9.006584 -0.564706 -10.920000 23.450001 9.310000
1.806581 -9.530612 0.291924 -27.160000 21.000000 5.460000
1.775474 -9.815358 0.102891 -37.590000 20.090000 4.270000
1.775474 -9.815358 0.102891 -37.590000 20.090000 4.270000
1.667797 -9.839286 -0.229711 -44.170002 19.950001 3.290000
1.579263 -9.918249 -1.009771 -45.430000 22.120001 7.000000
1.421337 -9.882358 -1.060020 -6.230000 14.560000 12.670000
1.584049 -9.913465 -0.801596 16.940001 8.610000 13.300000
1.584049 -9.913465 -0.801596 16.940001 8.610000 13.300000
1.284946 -9.439686 -0.524028 23.030001 6.580000 11.830000
1.502693 -9.186047 -0.145962 14.070000 0.910000 6.020000
1.502693 -9.186047 -0.145962 14.070000 0.910000 6.020000
1.452443 -9.985250 -0.698704 0.560000 -0.630000 3.570000
1.371087 -9.944571 -0.689133 8.470000 -0.630000 1.470000
1.371087 -9.944571 -0.689133 8.470000 -0.630000 1.470000
1.339981 -9.734003 -0.591027 3.850000 2.380000 3.220000
1.339981 -9.734003 -0.591027 3.850000 2.380000 3.220000
1.275374 -10.021141 -0.301496 4.340000 1.890000 -0.140000
1.275374 -10.021141 -0.301496 4.340000 1.890000 -0.140000
1.299303 -10.037891 -0.303888 2.660000 1.260000 -1.470000
1.299303 -10.037891 -0.303888 2.660000 1.260000 -1.470000
1.361516 -9.588040 -0.315853 2.100000 1.330000 0.560000
1.158126 -10.088140 -0.404387 -1.540000 2.450000 0.560000
1.244268 -9.946963 -0.217747 2.940000 0.560000 -0.840000
1.361516 -9.915856 -0.239282 1.190000 -0.980000 1.470000
1.361516 -9.915856 -0.239282 1.190000 -0.980000 1.470000
1.222732 -9.762716 -0.303888 0.140000 -0.630000 1.190000
