1.959722 -9.466006 1.954936 8.400000 -1.540000 1.050000
1.732404 -9.635897 2.060220 -8.960000 0.910000 2.590000
1.725225 -9.949356 2.196611 -11.480000 0.910000 2.590000
1.725225 -9.949356 2.196611 -11.480000 0.910000 2.590000
1.871187 -9.609575 1.749153 2.730000 -0.770000 -0.770000
1.744368 -9.540184 2.088934 -0.630000 2.660000 -0.770000
1.849652 -9.597611 2.187040 -1.400000 1.120000 1.190000
1.679761 -9.736395 1.634298 1.540000 1.820000 -0.350000
1.622334 -9.535398 2.768496 -15.750000 3.780000 -1.610000
1.768296 -9.803394 3.371487 -24.990000 0.910000 -1.680000
1.605584 -9.109475 1.959722 -73.709999 -1.540000 6.720000
1.605584 -9.109475 1.959722 -73.709999 -1.540000 6.720000
1.844866 -10.935200 -0.157926 -90.510002 2.520000 4.410000
1.777867 -10.329816 -0.796810 -26.600000 10.640000 -3.220000
1.811367 -9.434900 0.141177 -31.639999 13.020000 0.700000
1.811367 -9.434900 0.141177 -31.639999 13.020000 0.700000
1.627119 -9.844072 -0.098106 -63.910000 12.880000 3.710000
1.931008 -10.037891 -1.521835 -57.400002 22.820000 9.450000
2.088934 -9.994821 -2.309074 -52.990002 48.650002 19.110001
1.447658 -9.205189 -2.627320 0.210000 45.639999 17.780001
1.103091 -9.564112 -1.395016 25.549999 31.219999 9.730000
1.103091 -9.564112 -1.395016 25.549999 31.219999 9.730000
1.586441 -9.777073 -0.291924 25.059999 24.219999 7.350000
1.586441 -9.777073 -0.291924 25.059999 24.219999 7.350000
1.586441 -9.777073 -0.291924 25.059999 24.219999 7.350000
1.124627 -9.501899 -0.559920 5.740000 10.850000 3.360000
1.265803 -9.705289 -0.732204 0.840000 2.450000 0.280000
1.265803 -9.705289 -0.732204 0.840000 2.450000 0.280000
1.189233 -9.760324 -0.528814 7.700000 1.750000 2.660000
1.117448 -9.621540 -0.866202 6.370000 2.310000 3.150000
1.521835 -9.753145 -0.504886 5.040000 2.030000 2.800000
1.256232 -9.963714 -0.863809 3.710000 1.680000 1.330000
1.385444 -9.576077 -0.535992 0.490000 1.330000 0.560000
1.483550 -9.868000 -0.567099 2.800000 -0.700000 0.350000
1.483550 -9.868000 -0.567099 2.800000 -0.700000 0.350000
1.112662 -9.774680 -0.696311 4.340000 2.520000 1.050000
1.217947 -10.265208 -0.674776 5.110000 3.850000 1.890000
1.270589 -9.765109 -0.291924 5.950000 2.520000 0.140000
1.153341 -9.513863 -0.294317 -2.870000 1.960000 -0.560000
1.153341 -9.513863 -0.294317 -2.870000 1.960000 -0.560000
1.454836 -9.712467 -0.291924 0.980000 -1.680000 0.490000
