2.000400 -9.540184 0.643669 0.980000 1.260000 -2.100000
2.000400 -9.540184 0.643669 0.980000 1.260000 -2.100000
2.086541 -9.863215 1.083949 -7.700000 1.680000 -2.030000
2.014757 -9.537791 0.571885 6.510000 0.770000 -2.730000
2.014757 -9.537791 0.571885 6.510000 0.770000 -2.730000
2.153540 -9.736395 0.717847 -2.660000 2.730000 0.140000
2.153540 -9.736395 0.717847 -2.660000 2.730000 0.140000
1.971686 -9.671788 0.937986 -0.840000 -0.910000 -1.540000
1.969293 -9.750752 0.978664 -3.570000 -1.120000 -1.820000
1.976472 -9.736395 0.966700 -1.470000 -0.770000 -1.120000
1.976472 -9.736395 0.966700 -1.470000 -0.770000 -1.120000
1.861616 -9.678967 1.452443 -8.050000 0.350000 -1.820000
1.887937 -9.822537 1.756332 -10.430000 -0.560000 -1.260000
1.811367 -9.755538 1.677369 -37.310001 -2.520000 -0.700000
2.208575 -10.219746 0.098106 -33.389999 -4.620000 -2.590000
2.153540 -10.030712 -1.091127 -40.320000 17.219999 -0.210000
2.153540 -10.030712 -1.091127 -40.320000 17.219999 -0.210000
2.117648 -10.305886 -0.818345 -44.520000 19.460001 1.890000
2.538785 -9.879964 -0.839881 -22.820000 19.460001 -2.170000
2.009971 -9.339187 -1.478764 -64.820000 33.180000 0.840000
2.356930 -9.463614 -1.931008 -34.439999 41.790001 7.770000
2.242075 -9.305687 -2.002793 -24.150000 43.259998 9.240000
2.175076 -9.619147 -0.957129 2.380000 29.680000 4.200000
2.280360 -9.133404 -0.928415 15.890000 20.510000 7.140000
2.280360 -9.133404 -0.928415 15.890000 20.510000 7.140000
1.995614 -8.994620 -1.119841 18.340000 17.780001 6.720000
1.897508 -9.312866 -0.727418 12.040000 5.250000 6.930000
1.897508 -9.312866 -0.727418 12.040000 5.250000 6.930000
2.002793 -9.698111 -0.892523 1.050000 1.610000 1.330000
2.194218 -9.671788 -1.009771 -1.050000 0.770000 1.610000
2.194218 -9.671788 -1.009771 -1.050000 0.770000 1.610000
1.962115 -9.674182 -1.165305 -1.260000 0.980000 1.400000
2.072184 -9.743573 -1.119841 -1.330000 1.190000 1.400000
2.316252 -9.554541 -0.964308 3.430000 0.910000 2.520000
2.165504 -9.600004 -0.926022 0.700000 1.120000 0.630000
1.995614 -9.420543 -0.959522 -2.450000 0.630000 0.420000
1.995614 -9.420543 -0.959522 -2.450000 0.630000 0.420000
2.210968 -9.566505 -1.026521 -4.060000 1.330000 1.470000
2.175076 -9.968499 -1.115055 -4.270000 1.190000 0.910000
1.952543 -9.970891 -1.222732 4.410000 2.380000 2.030000
2.026721 -9.628718 -0.985843 5.320000 2.310000 1.610000
2.134398 -9.511470 -0.756132 3.150000 2.450000 2.030000
1.725225 -9.879964 -1.026521 2.520000 2.240000 0.140000
