1.629512 -10.011569 0.756132 -4.970000 3.150000 -0.770000
1.646262 -9.497113 1.409373 -1.330000 3.430000 -0.560000
1.646262 -9.497113 1.409373 -1.330000 3.430000 -0.560000
1.560120 -9.700503 0.818345 -11.480000 5.740000 1.120000
1.629512 -9.643075 2.060220 -16.030001 4.480000 1.610000
1.684547 -9.767502 2.096112 -15.820000 1.890000 3.920000
1.605584 -10.497313 0.442672 -25.340000 10.080000 10.640000
1.540978 -10.487741 0.617348 -3.290000 8.610000 7.210000
1.540978 -10.487741 0.617348 -3.290000 8.610000 7.210000
1.684547 -9.602397 0.612563 -1.960000 9.870000 7.210000
1.409373 -9.693325 0.064606 -32.200001 15.190001 19.250000
1.409373 -9.693325 0.064606 -32.200001 15.190001 19.250000
1.433301 -9.927821 -0.543171 -39.410000 17.500000 19.740000
1.354338 -10.068997 -1.289732 -5.740000 27.510000 14.140000
1.308874 -9.561719 0.078963 -16.799999 29.889999 16.520000
1.308874 -9.561719 0.078963 -16.799999 29.889999 16.520000
1.033699 -10.095319 -0.236889 -9.450000 30.799999 22.120001
0.672383 -10.236496 -0.361316 -0.280000 28.070000 16.870001
0.672383 -10.236496 -0.361316 -0.280000 28.070000 16.870001
0.471386 -9.769895 0.045464 22.049999 18.270000 10.710000
0.471386 -9.769895 0.045464 22.049999 18.270000 10.710000
0.497707 -9.432507 0.894916 26.040001 9.730000 6.020000
0.507278 -10.174281 0.777667 -5.250000 3.990000 0.070000
0.507278 -10.174281 0.777667 -5.250000 3.990000 0.070000
0.464208 -9.903893 0.564706 -2.310000 -0.280000 -0.840000
0.449851 -10.100104 0.504886 -2.100000 1.330000 1.400000
0.449851 -10.100104 0.504886 -2.100000 1.330000 1.400000
0.435494 -10.219746 0.452243 0.490000 0.070000 0.910000
0.564706 -9.731609 0.593420 1.400000 -0.490000 0.700000
0.564706 -9.731609 0.593420 1.400000 -0.490000 0.700000
0.528814 -9.870394 0.454636 -1.540000 -1.050000 1.050000
0.492921 -9.968499 0.349352 -2.030000 -0.700000 0.560000
0.492921 -9.968499 0.349352 -2.030000 -0.700000 0.560000
