1.356731 -9.616754 1.797010 -0.210000 -0.490000 1.050000
1.356731 -9.616754 1.797010 -0.210000 -0.490000 1.050000
1.194018 -9.863215 1.605584 -6.440000 2.940000 -2.590000
1.485943 -9.841680 1.789831 -6.580000 3.220000 -2.590000
1.485943 -9.841680 1.789831 -6.580000 3.220000 -2.590000
1.471586 -9.997212 1.914258 1.190000 7.910000 -1.680000
1.414158 -10.018748 2.143969 -3.850000 7.630000 -5.530000
1.414158 -10.018748 2.143969 -3.850000 7.630000 -5.530000
1.509871 -9.683753 2.725425 -8.540000 7.000000 -5.880000
1.442872 -9.659825 2.105684 -29.330000 6.090000 2.730000
1.222732 -9.870394 1.576870 -32.970001 5.880000 9.800000
1.409373 -9.822537 0.540778 -3.500000 14.420000 10.430000
1.409373 -9.822537 0.540778 -3.500000 14.420000 10.430000
1.136591 -9.614362 0.406780 -29.400000 30.730000 11.130000
1.167697 -9.705289 0.112463 -53.130001 31.570000 9.520000
1.229911 -9.810574 0.004786 -67.269997 38.360001 14.350000
1.277767 -9.760324 -0.421137 -66.290001 42.209999 17.710001
1.009771 -9.903893 -1.318445 -44.730000 39.759998 14.630000
1.009771 -9.903893 -1.318445 -44.730000 39.759998 14.630000
1.067199 -10.255639 -0.746561 -2.590000 25.690001 9.870000
0.710668 -10.083356 -0.464208 14.560000 22.190001 6.510000
0.717847 -9.836893 0.162712 12.950000 11.410000 5.250000
0.792024 -9.925428 0.253639 10.640000 10.500000 3.710000
0.588634 -9.801002 0.107677 4.270000 5.880000 1.050000
0.588634 -9.801002 0.107677 4.270000 5.880000 1.050000
0.588634 -9.801002 0.107677 4.270000 5.880000 1.050000
0.526421 -10.016356 0.289532 -5.180000 1.400000 -0.840000
0.693919 -10.085747 -0.038285 1.260000 -1.190000 -0.840000
0.693919 -10.085747 -0.038285 1.260000 -1.190000 -0.840000
0.569492 -9.853643 -0.088534 -2.450000 0.140000 1.190000
0.729811 -10.236496 -0.074178 -0.840000 0.560000 -0.070000
0.701097 -9.856036 -0.011964 1.330000 1.330000 -0.280000
