2.560320 -9.722038 0.961915 -0.490000 2.030000 -1.610000
2.423929 -9.410972 0.875773 -3.500000 5.110000 -1.820000
2.347359 -9.442079 1.194018 -9.870000 7.770000 -1.890000
2.347359 -9.442079 1.194018 -9.870000 7.770000 -1.890000
2.438286 -9.537791 1.337588 -12.810000 7.630000 -1.750000
2.550749 -9.521042 0.988236 -6.090000 7.070000 -0.420000
2.376073 -9.774680 2.304288 -14.770000 6.300000 0.070000
2.510071 -9.399008 -0.524028 -33.250000 0.070000 7.140000
2.510071 -9.399008 -0.524028 -33.250000 0.070000 7.140000
2.411965 -10.784451 0.966700 -22.260000 10.150000 1.540000
2.627320 -9.382257 1.691726 -17.850000 3.150000 7.070000
2.627320 -9.382257 1.691726 -17.850000 3.150000 7.070000
2.177469 -9.626326 -1.036092 -50.049999 17.570000 9.940000
2.177469 -9.626326 -1.036092 -50.049999 17.570000 9.940000
2.210968 -9.722038 -0.713061 -60.830002 20.650000 12.600000
2.266003 -10.095319 -2.608176 -51.730000 39.060001 14.840000
2.100898 -10.064213 -1.770689 -18.200001 34.020000 12.320000
2.100898 -10.064213 -1.770689 -18.200001 34.020000 12.320000
2.368894 -9.860823 -1.746760 19.320000 24.990000 10.500000
2.096112 -9.410972 -0.803988 32.970001 17.990000 10.570000
1.849652 -9.461221 -0.579063 13.720000 15.120000 8.190000
1.907080 -9.750752 -0.454636 2.730000 11.900000 2.100000
2.100898 -9.707682 -0.358923 0.420000 10.290000 2.100000
1.933401 -9.891929 -0.430708 -3.640000 7.420000 -1.470000
1.852045 -9.671788 -0.406780 -1.260000 5.110000 0.210000
1.799403 -9.781858 -0.528814 1.610000 3.920000 1.540000
1.799403 -9.781858 -0.528814 1.610000 3.920000 1.540000
1.739582 -9.908678 -0.466600 3.780000 3.640000 2.940000
1.739582 -9.908678 -0.466600 3.780000 3.640000 2.940000
1.739582 -9.908678 -0.466600 3.780000 3.640000 2.940000
1.739582 -9.908678 -0.466600 3.780000 3.640000 2.940000
