0.528814 0.957129 9.470792 -3.430000 -0.350000 1.610000
0.528814 0.957129 9.470792 -3.430000 -0.350000 1.610000
0.483350 0.557528 9.573684 -1.120000 -1.610000 -6.230000
0.483350 0.557528 9.573684 -1.120000 -1.610000 -6.230000
0.507278 -0.143569 9.659825 -3.780000 -6.020000 -15.260000
0.279960 -1.210768 9.973285 8.750000 -12.670000 -48.790001
0.279960 -1.210768 9.973285 8.750000 -12.670000 -48.790001
-0.033500 -1.282553 9.987641 14.840000 -19.180000 -78.330002
-1.600798 -1.859223 10.183852 30.240000 -36.400002 -194.880005
-1.938186 -1.354338 9.827322 38.779999 -39.340000 -214.199997
-2.227718 -0.990629 9.324830 52.430000 -40.459999 -228.130005
-2.103291 0.727418 9.059227 69.090004 -37.730000 -239.399994
-2.311467 4.204189 7.448857 32.830002 -36.750000 -235.759995
-2.311467 4.204189 7.448857 32.830002 -36.750000 -235.759995
-2.038685 4.893322 7.487142 31.710001 -29.820000 -219.869995
-2.038685 4.893322 7.487142 31.710001 -29.820000 -219.869995
-2.053042 7.276574 7.709675 22.330000 -25.340000 -161.000000
-2.000400 7.915457 7.829315 -10.220000 -19.460001 -86.730003
-2.000400 7.915457 7.829315 -10.220000 -19.460001 -86.730003
-1.976472 7.147361 8.001599 -9.870000 -17.150000 -65.730003
-1.976472 7.147361 8.001599 -9.870000 -17.150000 -65.730003
-2.033899 3.550949 9.044869 1.680000 -7.000000 -8.890000
-2.033899 3.550949 9.044869 1.680000 -7.000000 -8.890000
-1.639083 3.019742 8.398808 -0.350000 -5.250000 -1.190000
-1.002593 3.369094 8.341379 -4.410000 -1.750000 0.910000
-1.002593 3.369094 8.341379 -4.410000 -1.750000 0.910000
-1.002593 3.369094 8.341379 -4.410000 -1.750000 0.910000
-1.138984 3.335595 8.420342 4.830000 1.540000 -0.070000
-1.270589 3.735196 8.628519 -3.080000 5.110000 -0.980000
-1.359123 3.428915 8.628519 -5.600000 2.730000 5.180000
-1.447658 3.266203 8.616554 -1.540000 4.480000 5.110000
