1.902294 -9.389436 1.607977 4.970000 0.140000 0.210000
1.931008 -9.521042 1.450050 0.070000 0.700000 -0.910000
1.931008 -9.521042 1.450050 0.070000 0.700000 -0.910000
1.818545 -9.439686 1.665405 2.940000 0.070000 0.350000
1.940579 -9.494720 1.294517 -7.070000 1.680000 2.660000
1.890330 -9.851252 1.447658 -9.240000 2.240000 1.750000
1.890330 -9.851252 1.447658 -9.240000 2.240000 1.750000
1.715654 -9.590433 2.337788 -7.210000 3.150000 1.190000
1.682154 -9.489935 1.789831 -32.340000 6.160000 13.090000
1.801795 -10.482956 1.395016 -29.820000 4.690000 12.040000
1.880759 -9.540184 0.011964 -23.100000 7.700000 19.389999
1.679761 -10.040283 0.378066 -19.110001 11.760000 17.080000
1.701297 -9.360723 0.057428 -26.110001 13.440001 20.719999
1.605584 -10.040283 -0.906880 -13.790000 28.559999 11.760000
1.658226 -10.176675 0.114855 -31.639999 30.380001 11.200000
1.040878 -9.769895 -0.095713 -36.610001 35.420002 12.670000
1.134198 -10.296316 -0.150748 -31.570000 35.910000 13.370000
1.160519 -10.313066 0.016750 -8.610000 30.170000 11.550000
0.897308 -9.798609 0.098106 0.210000 25.129999 12.390000
0.897308 -9.798609 0.098106 0.210000 25.129999 12.390000
0.799203 -9.810574 0.105284 3.570000 19.040001 12.110000
0.686740 -9.827322 0.378066 15.050000 11.200000 6.160000
0.686740 -9.827322 0.378066 15.050000 11.200000 6.160000
0.665205 -9.741181 0.358923 -1.470000 2.380000 1.330000
0.751346 -9.915856 0.366102 -2.870000 0.840000 0.770000
0.753739 -9.944571 0.196211 -2.590000 -0.350000 0.770000
0.753739 -9.944571 0.196211 -2.590000 -0.350000 0.770000
0.794417 -9.803394 0.076570 -0.210000 0.280000 1.330000
0.780060 -10.155140 0.119641 -0.070000 1.820000 1.610000
0.815953 -9.741181 0.294317 0.420000 0.980000 1.050000
0.729811 -10.107283 0.220140 -3.990000 0.840000 1.750000
0.677169 -10.150353 0.126820 -1.330000 0.140000 1.190000
0.708275 -10.145569 0.110070 0.070000 0.350000 1.050000
0.703490 -10.025927 0.299103 1.190000 -0.980000 0.490000
0.705883 -9.970891 0.179462 2.100000 -0.700000 0.560000
