1.921437 -9.884750 1.734797 -3.570000 1.190000 1.610000
1.954936 -9.607183 1.753939 3.290000 1.050000 -0.420000
2.057827 -9.765109 1.371087 -4.130000 1.820000 -1.260000
1.899901 -9.683753 1.703690 -3.640000 2.940000 -1.540000
1.899901 -9.683753 1.703690 -3.640000 2.940000 -1.540000
2.088934 -9.765109 1.335195 0.910000 2.450000 -1.540000
1.787439 -9.719646 1.469193 -1.050000 6.160000 -2.170000
1.883151 -9.731609 1.962115 -9.310000 6.580000 -4.690000
1.928615 -10.080962 2.244468 -18.690001 7.140000 -7.700000
1.933401 -9.820145 1.588834 -27.090000 5.110000 -11.620000
2.038685 -9.925428 1.785046 -34.860001 5.530000 -12.670000
2.062613 -9.064013 2.986243 -61.810001 0.770000 -9.730000
2.196611 -10.068997 0.009571 -60.060001 1.050000 -3.430000
2.074577 -10.650455 0.619741 -18.620001 3.570000 -12.740000
1.976472 -8.690732 -0.064606 -51.450001 7.490000 0.490000
2.522035 -10.274779 -0.952343 -73.989998 14.210000 -4.550000
2.438286 -10.040283 -0.990629 -68.459999 17.150000 -1.120000
2.572284 -9.470792 -0.832702 -51.240002 20.440001 -1.610000
2.160719 -9.241080 -1.940579 -67.690002 34.720001 7.070000
2.404787 -9.332008 -2.132005 -62.299999 37.660000 14.140000
2.404787 -9.332008 -2.132005 -62.299999 37.660000 14.140000
2.478964 -9.420543 -2.321038 -31.150000 42.000000 14.770000
2.203789 -8.953942 -1.983650 13.580000 34.509998 14.140000
2.275574 -8.633304 -1.351945 24.150000 28.980000 16.940001
2.242075 -9.181261 -0.789631 29.049999 21.280001 14.630000
1.990828 -9.229117 -0.612563 21.559999 15.820000 10.150000
1.945365 -9.425328 -0.507278 10.990000 13.580000 7.700000
2.060220 -9.583255 -0.557528 0.910000 7.140000 3.290000
1.916651 -9.822537 -0.524028 -1.820000 4.760000 1.120000
1.916651 -9.822537 -0.524028 -1.820000 4.760000 1.120000
2.100898 -9.693325 -0.784846 -3.360000 2.450000 2.100000
1.890330 -9.726824 -0.825524 2.310000 0.560000 1.890000
1.940579 -9.494720 -0.758525 4.270000 0.420000 1.680000
2.036292 -9.631111 -0.837488 -0.070000 1.050000 1.190000
2.108077 -9.643075 -0.653241 0.070000 -1.540000 0.140000
2.019542 -9.559326 -0.775275 0.350000 -2.100000 0.700000
2.019542 -9.559326 -0.775275 0.350000 -2.100000 0.700000
1.844866 -9.834501 -1.100698 0.840000 -2.030000 3.640000
1.844866 -9.834501 -1.100698 0.840000 -2.030000 3.640000
2.033899 -9.279366 -0.722632 4.060000 0.630000 2.170000
1.971686 -9.765109 -0.849452 1.260000 3.080000 1.890000
1.875973 -9.887143 -0.672383 1.470000 3.500000 3.430000
1.871187 -9.757930 -0.765703 1.050000 1.260000 2.870000
