1.655833 -9.623933 2.498107 -4.760000 2.730000 3.290000
1.655833 -9.623933 2.498107 -4.760000 2.730000 3.290000
1.899901 -9.571291 2.557927 -3.570000 3.010000 2.520000
1.899901 -9.571291 2.557927 -3.570000 3.010000 2.520000
1.899901 -9.571291 2.557927 -3.570000 3.010000 2.520000
1.899901 -9.571291 2.557927 -3.570000 3.010000 2.520000
1.615155 -9.705289 2.076970 -2.520000 1.750000 0.280000
1.797010 -9.576077 2.617748 -1.820000 1.470000 -0.140000
1.797010 -9.576077 2.617748 -1.820000 1.470000 -0.140000
1.797010 -9.576077 2.617748 -1.820000 1.470000 -0.140000
1.818545 -9.394222 2.857030 18.900000 -0.140000 0.840000
1.421337 -10.061819 3.335595 -41.299999 -0.210000 3.080000
1.421337 -10.061819 3.335595 -41.299999 -0.210000 3.080000
1.725225 -9.489935 1.732404 -52.639999 -4.480000 -4.410000
1.725225 -9.489935 1.732404 -52.639999 -4.480000 -4.410000
1.639083 -10.602598 1.739582 -56.139999 4.480000 -10.990000
1.864009 -9.195618 1.442872 -76.720001 10.850000 -5.740000
2.076970 -10.267602 -0.591027 -58.450001 19.600000 -6.440000
2.076970 -10.267602 -0.591027 -58.450001 19.600000 -6.440000
2.498107 -8.752945 -0.964308 -61.880001 31.080000 -0.280000
2.069792 -10.267602 -2.471786 -65.379997 51.730000 5.110000
2.433501 -9.552148 -1.591227 -5.250000 56.420002 6.790000
2.433501 -9.552148 -1.591227 -5.250000 56.420002 6.790000
2.423929 -8.762517 -0.758525 18.620001 41.160000 10.990000
2.423929 -8.762517 -0.758525 18.620001 41.160000 10.990000
1.830509 -9.894321 -0.198604 17.990000 27.160000 11.550000
1.830509 -9.894321 -0.198604 17.990000 27.160000 11.550000
1.744368 -9.882358 -0.327817 3.150000 1.610000 5.880000
1.744368 -9.882358 -0.327817 3.150000 1.610000 5.880000
1.892723 -9.403792 -0.272782 3.430000 -1.260000 -0.070000
1.885544 -9.511470 -0.399601 -7.280000 1.680000 -0.070000
1.885544 -9.511470 -0.399601 -7.280000 1.680000 -0.070000
2.009971 -9.257831 -0.323031 0.140000 1.190000 -0.490000
2.110470 -9.717253 -0.342174 -2.940000 1.120000 2.100000
1.581656 -10.250853 -0.741775 2.240000 1.260000 1.820000
1.581656 -10.250853 -0.741775 2.240000 1.260000 1.820000
2.021935 -9.494720 -0.189033 -1.820000 2.800000 1.330000
1.957329 -9.585647 -0.208176 -1.120000 4.200000 4.340000
1.957329 -9.585647 -0.208176 -1.120000 4.200000 4.340000
1.761117 -9.870394 -0.186640 11.620000 0.770000 3.080000
1.761117 -9.870394 -0.186640 11.620000 0.770000 3.080000
1.840081 -9.071191 -0.016750 7.490000 -0.700000 4.410000
1.603191 -9.777073 -0.220140 4.550000 -0.980000 2.030000
1.603191 -9.777073 -0.220140 4.550000 -0.980000 2.030000
1.603191 -9.777073 -0.220140 4.550000 -0.980000 2.030000
