2.021935 -9.717253 0.758525 7.000000 -0.280000 -0.560000
2.012364 -9.628718 1.026521 -2.940000 0.490000 0.840000
2.057827 -9.664611 0.990629 2.590000 0.700000 0.840000
1.940579 -9.734003 0.861416 -4.410000 1.330000 0.840000
1.940579 -9.734003 0.861416 -4.410000 1.330000 0.840000
1.887937 -9.683753 1.957329 -0.350000 1.750000 2.730000
1.852045 -9.762716 1.993221 -4.130000 1.050000 3.780000
1.758725 -10.131211 1.148555 -28.420000 5.950000 6.580000
1.974079 -9.997212 -0.181855 -2.520000 5.950000 4.970000
1.976472 -9.834501 0.318245 -3.360000 13.650000 3.780000
1.976472 -9.834501 0.318245 -3.360000 13.650000 3.780000
1.844866 -9.540184 0.574277 -20.930000 14.630000 8.540000
1.730011 -9.497113 0.064606 -28.770000 27.650000 7.280000
1.866402 -9.523434 0.189033 -46.689999 24.570000 9.940000
1.758725 -9.820145 -0.401994 -56.630001 30.100000 11.480000
1.663012 -10.035499 -1.189233 -56.560001 40.250000 21.700001
1.483550 -10.370493 -1.531406 -36.889999 40.459999 17.990000
1.483550 -10.370493 -1.531406 -36.889999 40.459999 17.990000
1.363909 -9.497113 -0.251246 24.570000 14.770000 7.980000
1.363909 -9.497113 -0.251246 24.570000 14.770000 7.980000
1.131805 -9.693325 0.088534 2.100000 6.230000 3.360000
1.234696 -10.057034 -0.043071 -0.490000 4.830000 1.400000
1.313660 -10.004392 -0.133998 4.690000 1.470000 0.350000
1.356731 -9.540184 -0.095713 3.150000 1.120000 0.350000
1.356731 -9.540184 -0.095713 3.150000 1.120000 0.350000
1.253839 -9.805787 -0.208176 -0.770000 2.240000 1.680000
1.189233 -9.755538 -0.186640 5.670000 0.770000 0.840000
1.103091 -9.899107 -0.093320 5.250000 0.840000 1.610000
1.203590 -9.750752 -0.198604 4.410000 -0.210000 0.490000
1.186840 -9.791430 -0.076570 -1.190000 0.070000 -0.350000
1.249053 -9.824929 -0.021535 -2.310000 -0.280000 0.420000
1.213161 -9.839286 -0.296710 0.350000 -0.350000 1.820000
1.275374 -9.918249 0.004786 0.770000 -0.350000 1.190000
1.275374 -9.918249 0.004786 0.770000 -0.350000 1.190000
1.158126 -10.047462 -0.088534 1.050000 -0.490000 0.700000
1.189233 -9.946963 -0.105284 -0.560000 0.140000 0.560000
1.296910 -9.717253 -0.062213 1.890000 -0.420000 -0.140000
1.258625 -9.894321 -0.004786 1.890000 -0.350000 -0.140000
1.205983 -9.882358 -0.217747 2.170000 -1.400000 -0.490000
1.232304 -9.824929 -0.098106 0.140000 0.980000 -0.420000
1.284946 -9.760324 0.057428 0.630000 0.420000 -0.560000
