1.689333 -9.671788 1.397408 0.770000 0.490000 -0.980000
1.679761 -9.726824 0.667598 2.590000 2.240000 0.070000
1.739582 -9.609575 1.497907 2.450000 0.770000 -0.840000
1.698904 -9.848858 0.909273 -7.910000 1.330000 2.380000
1.698904 -9.848858 0.909273 -7.910000 1.330000 2.380000
1.643869 -9.923036 0.736989 -2.660000 2.730000 0.770000
1.643869 -9.923036 0.736989 -2.660000 2.730000 0.770000
1.643869 -9.923036 0.736989 -2.660000 2.730000 0.770000
1.557728 -9.655040 1.777867 0.490000 5.040000 0.770000
1.557728 -9.655040 1.777867 0.490000 5.040000 0.770000
1.500300 -9.901501 2.213361 -15.470000 1.960000 7.770000
1.500300 -9.901501 2.213361 -15.470000 1.960000 7.770000
1.500300 -9.901501 2.213361 -15.470000 1.960000 7.770000
1.545763 -11.126624 -1.591227 -50.820000 -6.580000 25.129999
1.545763 -11.126624 -1.591227 -50.820000 -6.580000 25.129999
1.155733 -9.585647 -0.667598 -56.700001 15.610000 16.520000
1.473979 -10.286745 -0.969093 -46.830002 19.530001 12.320000
1.473979 -10.286745 -0.969093 -46.830002 19.530001 12.320000
0.973879 -9.937392 -0.574277 -12.320000 25.129999 15.470000
0.708275 -9.891929 -0.756132 -7.280000 27.580000 17.990000
0.796810 -10.023535 -0.581456 6.510000 24.780001 18.620001
0.796810 -10.023535 -0.581456 6.510000 24.780001 18.620001
0.320638 -10.124033 -0.562313 22.820000 17.360001 13.860000
0.464208 -9.793823 -0.112463 24.010000 11.900000 7.210000
0.464208 -9.793823 -0.112463 24.010000 11.900000 7.210000
0.464208 -9.793823 -0.112463 24.010000 11.900000 7.210000
0.397209 -9.822537 0.289532 12.810000 5.670000 3.920000
0.404387 -9.796216 0.253639 6.300000 5.810000 2.100000
0.404387 -9.796216 0.253639 6.300000 5.810000 2.100000
0.385244 -9.765109 0.291924 8.540000 1.750000 0.420000
0.385244 -9.765109 0.291924 8.540000 1.750000 0.420000
0.375673 -9.530612 0.392423 9.590000 1.330000 1.400000
0.375673 -9.530612 0.392423 9.590000 1.330000 1.400000
0.256032 -9.731609 0.332602 4.200000 2.940000 2.730000
0.361316 -10.006784 0.454636 1.260000 2.030000 0.700000
0.361316 -10.006784 0.454636 1.260000 2.030000 0.700000
0.361316 -10.006784 0.454636 1.260000 2.030000 0.700000
0.296710 -9.982857 0.550349 3.640000 0.420000 2.030000
