1.909473 -9.824929 0.535992 0.070000 -0.840000 0.210000
1.909473 -9.824929 0.535992 0.070000 -0.840000 0.210000
1.744368 -10.021141 1.119841 -1.190000 1.330000 -0.280000
1.744368 -10.021141 1.119841 -1.190000 1.330000 -0.280000
1.931008 -9.870394 0.949951 0.490000 3.010000 -0.210000
1.710868 -9.772287 1.825724 -23.590000 6.720000 -1.050000
1.708475 -10.375278 0.942772 -24.570000 3.780000 3.290000
1.708475 -10.375278 0.942772 -24.570000 3.780000 3.290000
1.854438 -9.808180 -0.356531 -3.990000 3.360000 1.610000
1.861616 -9.667004 1.718047 -89.320000 5.810000 2.870000
1.861616 -9.667004 1.718047 -89.320000 5.810000 2.870000
1.947758 -10.554741 -0.818345 -42.700001 5.530000 -14.210000
1.990828 -9.882358 -0.811167 -44.310001 5.390000 -6.440000
2.395216 -9.803394 -1.555335 -41.299999 6.790000 -3.360000
2.395216 -9.803394 -1.555335 -41.299999 6.790000 -3.360000
1.818545 -9.262616 -2.758924 -9.380000 20.160000 3.360000
2.122434 -9.377472 -0.760918 7.280000 27.930000 11.130000
1.883151 -9.504292 -0.949951 -14.770000 33.740002 13.090000
1.988436 -8.977871 -0.926022 -25.620001 34.020000 18.200001
1.909473 -9.915856 -1.543371 -21.350000 31.990000 14.000000
1.761117 -9.348758 -0.713061 -3.780000 20.719999 7.700000
1.512264 -9.762716 -0.914058 6.580000 12.460000 7.560000
1.634298 -9.595219 -0.674776 9.310000 3.430000 4.620000
1.481157 -9.781858 -0.643669 7.490000 3.290000 2.940000
1.481157 -9.781858 -0.643669 7.490000 3.290000 2.940000
1.481157 -9.781858 -0.643669 7.490000 3.290000 2.940000
1.433301 -9.592826 -0.890130 -1.190000 1.470000 2.310000
1.584049 -10.102496 -1.203590 -5.320000 -0.350000 0.420000
1.674976 -9.580862 -1.088734 4.270000 -0.070000 1.400000
1.674976 -9.580862 -1.088734 4.270000 -0.070000 1.400000
1.691726 -9.568897 -0.964308 4.130000 -0.280000 1.750000
1.691726 -9.568897 -0.964308 4.130000 -0.280000 1.750000
1.646262 -9.868000 -1.117448 6.230000 0.630000 2.310000
1.473979 -9.848858 -0.827917 1.540000 1.680000 2.870000
1.473979 -9.848858 -0.827917 1.540000 1.680000 2.870000
1.473979 -9.848858 -0.827917 1.540000 1.680000 2.870000
1.610370 -10.025927 -0.784846 1.680000 1.890000 2.520000
1.533799 -9.784252 -0.602991 0.280000 -1.050000 -1.120000
1.533799 -9.784252 -0.602991 0.280000 -1.050000 -1.120000
1.485943 -9.911072 -0.859023 2.730000 -0.420000 -0.350000
1.485943 -9.911072 -0.859023 2.730000 -0.420000 -0.350000
1.485943 -9.911072 -0.859023 2.730000 -0.420000 -0.350000
1.567299 -9.425328 -0.705883 2.170000 -1.470000 1.190000
