1.962115 -10.025927 1.076770 -7.140000 1.960000 1.190000
1.957329 -9.805787 1.509871 1.400000 3.150000 -1.120000
1.835295 -9.269794 1.617548 -20.440001 1.750000 5.110000
1.938186 -10.461421 0.540778 -13.300000 3.430000 2.940000
1.938186 -10.461421 0.540778 -13.300000 3.430000 2.940000
1.933401 -9.724431 0.899701 3.290000 3.990000 0.420000
1.883151 -8.956335 1.016950 -30.100000 7.980000 5.600000
1.715654 -10.033106 1.103091 -21.700001 7.280000 5.040000
1.715654 -10.033106 1.103091 -21.700001 7.280000 5.040000
2.230111 -9.700503 0.629312 -29.120001 5.530000 6.090000
1.624727 -9.832108 -0.136391 -53.549999 9.870000 10.780000
1.624727 -9.832108 -0.136391 -53.549999 9.870000 10.780000
1.624727 -10.387242 -0.686740 -47.110001 11.760000 10.710000
1.698904 -9.346365 -0.583849 -36.330002 18.129999 10.710000
1.529014 -9.753145 -0.509671 -29.820000 26.880001 10.220000
1.529014 -9.753145 -0.509671 -29.820000 26.880001 10.220000
1.871187 -9.970891 -0.923629 -31.010000 28.770000 16.520000
1.473979 -9.731609 -1.682154 -12.040000 29.960001 20.790001
1.203590 -9.681360 -1.447658 3.150000 26.880001 18.760000
1.213161 -9.817751 -0.241675 25.620001 7.840000 8.400000
1.227518 -9.619147 -0.177069 5.740000 2.660000 4.340000
1.227518 -9.619147 -0.177069 5.740000 2.660000 4.340000
1.079163 -10.047462 -0.234497 3.780000 1.610000 1.820000
1.150948 -9.908678 -0.409173 4.130000 -0.140000 1.120000
1.258625 -9.930215 -0.375673 5.740000 -0.350000 1.820000
1.033699 -9.884750 -0.200997 3.710000 1.470000 1.610000
1.153341 -9.808180 -0.153141 2.030000 -0.210000 0.700000
1.122234 -9.901501 -0.287139 2.590000 0.210000 2.170000
1.122234 -9.901501 -0.287139 2.590000 0.210000 2.170000
1.122234 -9.901501 -0.287139 2.590000 0.210000 2.170000
1.170090 -9.820145 -0.320638 6.580000 -0.210000 1.610000
1.170090 -9.820145 -0.320638 6.580000 -0.210000 1.610000
1.170090 -9.820145 -0.320638 6.580000 -0.210000 1.610000
1.064806 -10.068997 -0.205783 -0.840000 1.330000 1.960000
1.057628 -10.191031 -0.141177 9.520000 1.190000 0.770000
1.031307 -9.643075 -0.069392 9.520000 0.350000 1.610000
