2.837888 -9.494720 0.964308 -15.960000 1.400000 0.700000
2.797210 -9.518648 0.806381 -11.690000 2.310000 0.280000
2.804388 -9.427721 1.009771 -1.400000 2.520000 1.470000
2.689533 -9.571291 0.811167 -8.330000 3.850000 1.960000
2.689533 -9.571291 0.811167 -8.330000 3.850000 1.960000
2.780460 -9.556933 1.325624 -1.330000 3.290000 0.140000
2.560320 -9.920642 0.777667 -27.370001 8.680000 0.630000
2.560320 -9.920642 0.777667 -27.370001 8.680000 0.630000
2.502892 -10.078569 0.229711 -24.570000 12.040000 -2.800000
2.634498 -9.944571 0.665205 -28.980000 15.750000 0.700000
2.634498 -9.944571 0.665205 -28.980000 15.750000 0.700000
2.711068 -9.418150 0.509671 -44.939999 18.340000 7.000000
2.502892 -9.724431 -1.299303 -63.770000 27.719999 9.310000
2.864209 -9.269794 -0.236889 -37.590000 33.110001 4.760000
2.380858 -9.564112 -0.921237 -55.299999 37.240002 8.330000
2.560320 -10.207782 -1.366302 -51.310001 38.779999 8.050000
2.730211 -9.863215 -1.375873 -14.560000 41.369999 8.470000
2.514857 -9.688539 -1.342373 3.500000 41.509998 8.120000
2.321038 -9.451650 -1.359123 16.170000 39.130001 10.920000
2.388037 -9.226725 -0.849452 16.870001 36.750000 8.680000
2.388037 -9.226725 -0.849452 16.870001 36.750000 8.680000
2.464607 -9.224331 -0.016750 10.990000 31.920000 9.660000
2.246860 -9.925428 0.184247 -2.800000 20.230000 4.480000
2.431108 -9.683753 0.040678 -9.240000 14.910000 -0.490000
2.280360 -10.001998 -0.014357 -10.710000 13.580000 -1.050000
2.426322 -9.906286 -0.004786 -7.140000 9.100000 -2.030000
2.304288 -9.564112 -0.102891 0.490000 5.530000 -1.470000
2.342573 -9.494720 -0.153141 2.100000 4.900000 -0.280000
2.129612 -9.609575 -0.021535 2.450000 1.470000 1.680000
2.309074 -9.635897 -0.083749 1.610000 0.560000 0.420000
2.213361 -9.552148 -0.122034 2.660000 0.210000 0.770000
2.277967 -9.714860 -0.196211 -0.420000 -1.470000 0.840000
2.318645 -9.760324 -0.220140 0.560000 -1.120000 0.490000
2.383251 -9.375079 -0.284746 4.550000 -2.380000 2.170000
