2.079363 -9.480364 0.768096 3.010000 0.630000 0.630000
1.902294 -9.375079 1.469193 4.130000 -2.100000 -1.540000
2.060220 -9.963714 0.734596 -0.980000 -0.490000 2.450000
2.060220 -9.963714 0.734596 -0.980000 -0.490000 2.450000
2.029114 -9.566505 1.636691 -1.540000 -2.380000 -0.280000
2.029114 -9.566505 1.636691 -1.540000 -2.380000 -0.280000
1.988436 -9.619147 2.629712 -3.570000 -1.050000 4.060000
1.710868 -9.693325 -0.368495 -28.070000 1.190000 7.420000
2.045863 -10.071390 1.127020 -4.200000 5.530000 5.110000
2.045863 -10.071390 1.127020 -4.200000 5.530000 5.110000
2.132005 -9.616754 2.100898 11.550000 2.170000 3.220000
1.976472 -10.401600 -0.370888 -10.220000 8.400000 7.700000
1.976472 -10.401600 -0.370888 -10.220000 8.400000 7.700000
1.971686 -10.064213 0.181855 -12.320000 10.500000 6.090000
1.981257 -9.793823 -0.330210 -36.470001 13.160000 12.250000
1.600798 -9.726824 -0.753739 -35.770000 26.320000 13.160000
1.974079 -10.018748 -0.904487 -48.369999 34.509998 19.180000
1.404587 -10.226924 -1.806581 -16.730000 44.660000 21.770000
0.928415 -10.138390 -1.263410 7.210000 38.570000 17.080000
1.263410 -9.011370 0.169890 17.570000 22.190001 10.150000
1.284946 -10.143176 0.356531 10.150000 15.400000 6.930000
1.167697 -9.990034 0.306281 7.910000 14.000000 7.000000
1.167697 -9.990034 0.306281 7.910000 14.000000 7.000000
0.935594 -9.990034 0.052642 -0.210000 9.870000 3.010000
0.949951 -9.913465 -0.122034 1.890000 4.550000 0.280000
1.045663 -9.990034 -0.110070 4.830000 3.640000 0.910000
1.019342 -9.717253 0.153141 1.820000 1.260000 0.490000
1.019342 -9.717253 0.153141 1.820000 1.260000 0.490000
0.942772 -9.911072 0.043071 0.910000 0.420000 0.560000
1.196411 -9.789038 -0.088534 0.910000 1.190000 -0.210000
1.012164 -9.678967 -0.088534 6.370000 -1.400000 0.490000
1.064806 -10.231709 -0.093320 0.910000 -0.700000 0.700000
1.122234 -9.451650 -0.062213 6.930000 -1.120000 1.960000
1.170090 -9.793823 0.023928 2.170000 -0.490000 2.100000
0.993021 -10.155140 -0.055035 3.990000 -2.590000 0.350000
1.117448 -9.492328 0.009571 -2.590000 -1.050000 0.560000
0.990629 -9.781858 -0.035892 -4.900000 -1.120000 0.350000
