1.823331 -9.683753 1.658226 -3.850000 -3.780000 -2.100000
1.686940 -9.695717 0.672383 -4.270000 -0.490000 1.120000
1.792224 -9.645468 1.617548 2.660000 -1.400000 -1.400000
1.813759 -9.573684 1.842474 1.470000 -1.540000 0.210000
1.813759 -9.573684 1.842474 1.470000 -1.540000 0.210000
1.737189 -9.777073 1.610370 -5.250000 -0.350000 -1.400000
1.775474 -9.755538 1.914258 -6.300000 -1.470000 -0.700000
1.524228 -9.437292 1.923829 -14.980000 -2.800000 3.080000
1.524228 -9.437292 1.923829 -14.980000 -2.800000 3.080000
1.572084 -10.430314 0.550349 -14.910000 4.550000 3.570000
1.634298 -10.430314 1.215554 -9.450000 5.740000 0.280000
1.593620 -9.729217 -0.110070 -62.650002 2.870000 7.350000
1.397408 -11.373087 0.485743 -55.720001 7.910000 -2.800000
1.852045 -8.973085 0.009571 -64.680000 -3.150000 5.040000
1.852045 -8.973085 0.009571 -64.680000 -3.150000 5.040000
1.708475 -9.990034 -1.241875 -54.880001 18.200001 6.300000
1.708475 -9.990034 -1.241875 -54.880001 18.200001 6.300000
1.703690 -9.549755 -2.890530 -36.540001 55.580002 28.559999
1.524228 -9.999605 -2.897708 -12.460000 55.090000 24.010000
1.138984 -9.595219 -1.418944 23.100000 38.779999 7.560000
1.612763 -9.753145 -0.016750 26.600000 23.590000 3.360000
1.457229 -9.600004 -0.181855 23.309999 18.620001 4.340000
1.457229 -9.600004 -0.181855 23.309999 18.620001 4.340000
1.182054 -9.466006 -0.394816 9.310000 14.210000 3.150000
1.182054 -9.466006 -0.394816 9.310000 14.210000 3.150000
1.457229 -9.690931 -0.354138 -6.160000 6.090000 -2.030000
1.325624 -9.724431 -0.648455 -2.870000 4.690000 -0.840000
1.201197 -9.906286 -0.531207 6.020000 3.430000 1.890000
1.172483 -9.932607 -0.495314 3.920000 4.340000 0.630000
1.476372 -9.729217 -0.306281 -5.670000 4.900000 0.140000
1.476372 -9.729217 -0.306281 -5.670000 4.900000 0.140000
1.294517 -9.686146 -0.550349 5.110000 0.420000 1.190000
1.387837 -9.583255 -0.564706 2.100000 0.210000 1.960000
1.275374 -9.731609 -0.643669 -2.310000 2.800000 2.030000
1.258625 -9.973285 -0.820738 -0.700000 3.430000 1.610000
1.414158 -9.853643 -0.531207 6.440000 3.640000 0.770000
1.414158 -9.853643 -0.531207 6.440000 3.640000 0.770000
1.069592 -10.107283 -0.545564 -0.770000 3.710000 2.240000
1.177269 -9.968499 -0.267996 3.500000 0.980000 1.890000
1.177269 -9.968499 -0.267996 3.500000 0.980000 1.890000
1.177269 -9.968499 -0.267996 3.500000 0.980000 1.890000
1.177269 -9.968499 -0.267996 3.500000 0.980000 1.890000
0.976272 -10.114462 -0.334995 5.950000 0.560000 1.260000
0.976272 -10.114462 -0.334995 5.950000 0.560000 1.260000
1.148555 -10.009177 -0.569492 3.080000 0.700000 3.710000
