2.390430 -9.451650 0.990629 3.290000 0.280000 -1.260000
2.390430 -9.451650 0.990629 3.290000 0.280000 -1.260000
2.390430 -9.451650 0.990629 3.290000 0.280000 -1.260000
2.390430 -9.451650 0.990629 3.290000 0.280000 -1.260000
2.206182 -9.583255 0.801596 -3.010000 0.700000 -0.140000
2.206182 -9.583255 0.801596 -3.010000 0.700000 -0.140000
2.206182 -9.583255 0.801596 -3.010000 0.700000 -0.140000
2.270789 -9.743573 0.770489 -0.210000 0.700000 2.730000
2.220540 -9.884750 1.040878 -2.030000 0.280000 -0.140000
2.249253 -9.743573 0.892523 -3.710000 1.330000 -1.750000
2.172683 -9.650253 1.332802 -17.430000 3.220000 -3.080000
2.100898 -10.064213 0.916451 -19.460001 3.780000 -3.360000
2.586641 -9.480364 0.598206 -29.120001 0.350000 -1.890000
2.586641 -9.480364 0.598206 -29.120001 0.350000 -1.890000
2.213361 -9.798609 0.090927 -43.189999 5.110000 3.780000
2.675175 -9.561719 -1.830509 -37.029999 17.010000 6.440000
2.687140 -9.683753 -1.050449 -41.790001 32.200001 4.760000
2.687140 -9.683753 -1.050449 -41.790001 32.200001 4.760000
2.660819 -9.276974 -0.940379 -37.450001 39.340000 11.410000
2.660819 -9.276974 -0.940379 -37.450001 39.340000 11.410000
1.830509 -9.798609 -1.804188 5.670000 35.349998 10.990000
2.246860 -9.355937 -0.124427 25.900000 20.930000 4.690000
2.263610 -9.420543 0.007178 22.960001 16.379999 3.990000
1.847259 -9.494720 -0.289532 7.490000 10.640000 5.040000
1.847259 -9.494720 -0.289532 7.490000 10.640000 5.040000
1.959722 -9.820145 -0.272782 1.400000 1.820000 -0.140000
2.055435 -9.320045 -0.543171 0.280000 -2.450000 -0.140000
2.055435 -9.320045 -0.543171 0.280000 -2.450000 -0.140000
2.009971 -9.796216 -0.703490 -2.170000 -1.470000 0.910000
1.950150 -9.889536 -0.777667 5.810000 -0.560000 1.050000
2.134398 -9.568897 -0.595813 4.130000 -2.100000 2.030000
2.277967 -9.690931 -0.519243 3.640000 -0.770000 2.240000
2.277967 -9.690931 -0.519243 3.640000 -0.770000 2.240000
1.974079 -9.600004 -0.641276 2.870000 -1.540000 1.330000
1.974079 -9.600004 -0.641276 2.870000 -1.540000 1.330000
2.079363 -9.748360 -0.564706 1.610000 1.190000 1.260000
2.215754 -9.877571 -0.564706 4.410000 1.610000 1.750000
1.797010 -9.786645 -0.626920 5.670000 1.470000 1.750000
1.797010 -9.786645 -0.626920 5.670000 1.470000 1.750000
1.911865 -9.690931 -0.512064 -1.820000 1.540000 2.310000
1.911865 -9.690931 -0.512064 -1.820000 1.540000 2.310000
1.928615 -9.987641 -0.433101 3.850000 1.050000 0.630000
1.928615 -9.987641 -0.433101 3.850000 1.050000 0.630000
