-0.177069 0.215354 9.511470 -5.180000 3.850000 1.750000
-0.191426 0.318245 9.494720 -4.830000 3.990000 3.500000
-0.141177 0.184247 9.442079 -4.550000 6.160000 2.940000
-0.141177 0.184247 9.442079 -4.550000 6.160000 2.940000
-0.236889 0.358923 9.492328 -4.900000 5.530000 2.590000
-0.224925 0.138784 9.444471 -5.530000 6.510000 3.290000
0.071785 -0.126820 9.482756 -10.430000 5.180000 2.450000
-0.191426 -0.095713 9.475577 -11.270000 8.260000 2.940000
-0.074178 -0.545564 9.717253 -23.379999 5.600000 3.360000
-0.165105 -1.567299 9.707682 -22.400000 6.020000 -0.910000
-0.301496 -2.048256 10.013963 -10.990000 6.230000 -2.520000
-0.248854 -2.275574 9.724431 -24.780001 2.310000 -13.720000
-0.270389 -3.668197 9.073583 -29.049999 -1.050000 -37.240002
-0.581456 -3.515057 9.054441 -9.240000 2.940000 -51.099998
-0.624527 -2.505285 9.133404 14.770000 5.180000 -68.879997
-0.784846 -1.643869 9.662218 22.330000 6.020000 -81.480003
-1.060020 -1.237089 9.891929 19.530001 5.530000 -80.500000
-0.796810 -1.229911 9.970891 12.950000 2.030000 -85.750000
-0.796810 -1.229911 9.970891 12.950000 2.030000 -85.750000
-1.225125 -0.942772 9.846465 15.960000 4.060000 -87.150002
-1.720440 -0.162712 9.602397 -8.400000 0.700000 -89.879997
-1.837688 -0.205783 9.097511 -10.570000 2.100000 -95.129997
-2.117648 0.636491 8.951550 -16.940001 3.360000 -93.590004
-2.117648 0.636491 8.951550 -16.940001 3.360000 -93.590004
-1.995614 0.701097 8.630912 -32.480000 3.360000 -91.769997
-1.813759 -0.093320 8.556733 -21.559999 9.450000 -93.870003
-2.165504 0.672383 8.480164 -39.200001 16.940001 -84.209999
-2.160719 -1.222732 7.936993 -36.750000 19.250000 -79.449997
-2.067399 0.057428 9.346365 15.400000 26.250000 -91.419998
-2.727818 -0.078963 9.162118 12.250000 30.660000 -97.370003
-2.605784 0.074178 9.377472 10.150000 17.850000 -92.540001
-2.605784 0.074178 9.377472 10.150000 17.850000 -92.540001
-2.311467 1.040878 10.114462 -5.250000 18.900000 -84.699997
-1.990828 0.995414 10.243673 17.639999 12.670000 -67.760002
-2.031506 2.328217 10.731809 31.150000 11.970000 -54.880001
-1.990828 2.928815 10.683953 -0.140000 2.870000 -49.139999
-1.959722 1.483550 10.140782 4.900000 -1.820000 -28.770000
-1.526621 2.045863 9.987641 3.920000 -3.710000 -16.799999
-1.526621 2.045863 9.987641 3.920000 -3.710000 -16.799999
-1.421337 2.014757 9.784252 -10.290000 -3.080000 -9.100000
-1.488336 0.701097 9.430114 -12.880000 -2.660000 6.090000
-1.421337 0.411566 9.221939 -10.500000 -1.680000 15.260000
-1.294517 -0.600598 9.169296 2.450000 -0.210000 17.920000
-1.294517 -0.600598 9.169296 2.450000 -0.210000 17.920000
-1.225125 -0.256032 9.324830 7.560000 -0.980000 15.610000
-1.036092 -0.318245 9.231510 -2.730000 -1.050000 13.300000
