1.842474 -9.573684 1.878366 -0.630000 0.630000 -1.540000
1.777867 -9.781858 1.938186 -0.490000 0.070000 -0.140000
1.725225 -9.554541 1.797010 1.120000 0.490000 -0.560000
1.725225 -9.554541 1.797010 1.120000 0.490000 -0.560000
1.725225 -9.554541 1.797010 1.120000 0.490000 -0.560000
1.725225 -9.554541 1.797010 1.120000 0.490000 -0.560000
1.739582 -9.588040 1.914258 3.150000 -0.490000 -0.490000
1.627119 -9.427721 1.878366 -0.770000 1.050000 1.400000
1.509871 -9.994821 2.136791 -3.780000 1.400000 0.700000
1.509871 -9.994821 2.136791 -3.780000 1.400000 0.700000
1.519442 -9.628718 2.636890 -17.290001 2.940000 -0.910000
1.519442 -9.628718 2.636890 -17.290001 2.940000 -0.910000
1.579263 -10.042676 2.627320 -40.180000 -1.750000 -4.200000
1.715654 -9.418150 2.378466 -42.209999 -7.210000 2.030000
1.715654 -9.418150 2.378466 -42.209999 -7.210000 2.030000
1.596013 -10.389636 -0.184247 -46.619999 7.420000 -0.350000
1.837688 -9.382257 -0.605384 -57.540001 22.049999 2.030000
1.837688 -9.382257 -0.605384 -57.540001 22.049999 2.030000
2.024328 -10.004392 -0.940379 -57.750000 26.600000 4.410000
2.024328 -10.004392 -0.940379 -57.750000 26.600000 4.410000
1.878366 -9.958927 -0.978664 -39.200001 34.509998 12.740000
1.452443 -9.671788 -2.043471 -16.730000 33.320000 13.440001
1.452443 -9.671788 -2.043471 -16.730000 33.320000 13.440001
1.536192 -9.420543 -1.500300 -3.360000 33.040001 3.780000
1.536192 -9.420543 -1.500300 -3.360000 33.040001 3.780000
1.768296 -9.736395 -1.079163 -1.260000 25.969999 2.940000
1.842474 -9.533006 -0.497707 5.460000 19.250000 4.130000
1.655833 -9.719646 -0.543171 4.200000 15.610000 3.500000
1.655833 -9.719646 -0.543171 4.200000 15.610000 3.500000
1.462015 -9.877571 -0.722632 11.970000 5.460000 4.760000
1.462015 -9.877571 -0.722632 11.970000 5.460000 4.760000
1.337588 -9.542577 -0.681954 11.130000 4.480000 4.480000
1.337588 -9.542577 -0.681954 11.130000 4.480000 4.480000
1.337588 -9.542577 -0.681954 11.130000 4.480000 4.480000
1.476372 -10.037891 -0.339781 3.290000 -0.280000 1.960000
1.600798 -9.961320 -0.497707 -1.820000 -2.520000 -0.140000
1.600798 -9.961320 -0.497707 -1.820000 -2.520000 -0.140000
1.385444 -9.750752 -0.835095 2.240000 -0.350000 -0.350000
1.385444 -9.750752 -0.835095 2.240000 -0.350000 -0.350000
1.679761 -9.674182 -0.552742 1.960000 -0.700000 2.240000
1.679761 -9.674182 -0.552742 1.960000 -0.700000 2.240000
1.385444 -10.138390 -0.839881 6.020000 2.730000 4.130000
1.385444 -10.138390 -0.839881 6.020000 2.730000 4.130000
1.323231 -10.224532 -0.547956 7.210000 3.220000 3.290000
