1.892723 -9.561719 1.387837 -0.280000 0.560000 -2.450000
1.892723 -9.561719 1.387837 -0.280000 0.560000 -2.450000
2.007578 -9.492328 1.189233 -0.840000 0.560000 -0.140000
1.883151 -9.659825 1.258625 3.500000 1.330000 -1.120000
1.830509 -9.686146 1.942972 -1.960000 0.980000 -0.420000
1.763510 -9.894321 1.636691 -23.660000 7.000000 -0.980000
1.763510 -9.894321 1.636691 -23.660000 7.000000 -0.980000
1.722832 -9.994821 1.349552 -38.080002 10.990000 0.280000
2.067399 -9.944571 1.732404 -70.840004 9.380000 -4.060000
2.031506 -9.815358 0.531207 -56.770000 10.850000 -1.540000
2.031506 -9.815358 0.531207 -56.770000 10.850000 -1.540000
2.227718 -11.076375 0.227318 2.380000 8.890000 -7.140000
2.153540 -9.712467 -1.686940 -58.099998 21.420000 4.550000
2.462214 -9.645468 -1.055235 -4.830000 26.320000 2.730000
2.462214 -9.645468 -1.055235 -4.830000 26.320000 2.730000
1.871187 -8.664411 -0.619741 -46.970001 34.439999 12.880000
1.861616 -9.889536 -1.368695 -60.689999 37.240002 9.660000
1.861616 -9.889536 -1.368695 -60.689999 37.240002 9.660000
2.182254 -10.205389 -1.596013 -31.290001 37.730000 15.820000
1.808974 -9.901501 -1.631905 -9.240000 33.529999 12.740000
1.782653 -9.815358 -0.964308 19.250000 20.860001 9.380000
1.782653 -9.815358 -0.964308 19.250000 20.860001 9.380000
1.636691 -9.604790 -0.346959 22.190001 12.670000 8.890000
1.450050 -9.827322 -0.224925 10.290000 2.940000 4.970000
1.356731 -9.621540 -0.260818 -2.800000 -1.260000 -0.700000
1.605584 -9.760324 -0.287139 -5.390000 -1.820000 -0.700000
1.543371 -9.903893 -0.662812 1.260000 -4.690000 -0.070000
1.294517 -10.037891 -0.792024 8.750000 -3.220000 2.170000
1.502693 -9.248260 -0.579063 7.210000 -1.050000 1.610000
1.560120 -10.088140 -0.667598 2.450000 0.490000 2.800000
1.560120 -10.088140 -0.667598 2.450000 0.490000 2.800000
1.524228 -9.994821 -0.550349 3.150000 -0.700000 1.260000
1.481157 -9.868000 -0.686740 -1.470000 -0.770000 -0.070000
1.481157 -9.868000 -0.686740 -1.470000 -0.770000 -0.070000
1.718047 -9.619147 -0.576670 -0.840000 -0.350000 -0.140000
1.701297 -9.966106 -0.624527 1.610000 1.890000 1.960000
1.536192 -9.844072 -0.399601 4.620000 1.330000 1.120000
1.462015 -10.104890 -0.504886 5.460000 1.330000 1.120000
1.462015 -10.104890 -0.504886 5.460000 1.330000 1.120000
1.356731 -9.980463 -0.320638 1.610000 -1.050000 0.490000
1.356731 -9.980463 -0.320638 1.610000 -1.050000 0.490000
1.655833 -9.870394 -0.253639 4.830000 -2.870000 0.350000
1.586441 -9.987641 -0.394816 6.230000 -3.710000 1.680000
1.375873 -9.700503 -0.490529 9.170000 -2.170000 -0.420000
