1.710868 -9.951750 1.404587 -18.969999 0.630000 1.680000
1.710868 -9.951750 1.404587 -18.969999 0.630000 1.680000
2.009971 -9.375079 1.119841 8.820000 1.680000 -1.890000
1.995614 -9.681360 1.253839 -16.520000 0.910000 1.260000
1.909473 -9.848858 1.241875 -11.550000 0.840000 1.050000
1.871187 -9.568897 1.387837 6.440000 2.380000 -0.840000
1.871187 -9.568897 1.387837 6.440000 2.380000 -0.840000
1.806581 -9.789038 1.646262 -8.400000 2.730000 1.680000
1.890330 -9.592826 1.730011 -11.270000 2.730000 2.590000
1.842474 -9.521042 0.765703 -5.180000 6.510000 0.280000
2.038685 -10.372886 1.071985 -2.520000 8.050000 -3.780000
2.060220 -9.425328 1.476372 -18.480000 7.910000 2.380000
2.060220 -9.425328 1.476372 -18.480000 7.910000 2.380000
1.842474 -9.870394 1.182054 -48.509998 7.700000 15.050000
2.050649 -9.597611 0.220140 -47.250000 6.720000 14.980000
1.631905 -9.456435 -0.634098 -49.910000 15.540000 17.010000
1.926222 -9.954143 -0.792024 -41.230000 17.290001 14.700000
1.926222 -9.954143 -0.792024 -41.230000 17.290001 14.700000
1.543371 -9.832108 -0.787239 -38.430000 28.000000 17.010000
1.648655 -10.191031 -1.418944 -26.389999 37.450001 23.520000
1.026521 -9.511470 -0.880559 20.790001 29.400000 24.219999
0.832702 -9.446864 -0.172283 24.360001 21.280001 13.510000
1.014557 -10.009177 0.327817 23.660000 16.520000 10.220000
0.981057 -9.868000 0.299103 17.219999 10.150000 6.860000
0.885344 -9.702895 0.466600 9.100000 6.090000 2.450000
0.736989 -9.958927 0.203390 2.240000 3.010000 0.210000
0.942772 -9.769895 0.289532 0.770000 1.330000 0.490000
0.940379 -10.085747 0.210568 0.420000 1.750000 0.280000
0.940379 -10.085747 0.210568 0.420000 1.750000 0.280000
0.887737 -10.061819 0.172283 0.350000 0.840000 1.540000
1.040878 -9.705289 0.308674 0.980000 -1.680000 1.120000
1.160519 -9.810574 0.169890 -1.960000 -1.260000 0.560000
0.729811 -9.767502 -0.114855 2.940000 -1.190000 0.630000
0.997807 -9.927821 -0.007178 3.430000 -0.070000 1.120000
0.997807 -9.927821 -0.007178 3.430000 -0.070000 1.120000
1.100698 -9.856036 0.157926 0.140000 -0.280000 0.490000
0.954736 -9.951750 0.016750 0.210000 -0.280000 1.330000
0.856631 -10.234102 0.033500 1.400000 0.070000 1.610000
1.014557 -10.080962 0.043071 1.190000 0.910000 0.560000
