2.356930 -9.611969 1.079163 -4.130000 -0.700000 0.420000
2.373680 -9.583255 0.959522 -13.160000 -1.120000 2.590000
2.340181 -9.858429 0.770489 -6.930000 0.490000 2.660000
2.340181 -9.858429 0.770489 -6.930000 0.490000 2.660000
2.421536 -9.442079 1.172483 6.230000 1.330000 0.560000
2.316252 -9.757930 1.117448 -9.310000 1.610000 1.540000
2.318645 -9.930215 1.306481 -17.010000 3.430000 1.750000
2.340181 -9.576077 1.263410 -27.090000 3.850000 0.560000
2.340181 -9.576077 1.263410 -27.090000 3.850000 0.560000
2.088934 -9.966106 2.232504 -47.180000 3.500000 0.140000
2.328217 -10.080962 -0.330210 -51.869999 3.920000 0.840000
2.455036 -9.994821 -1.100698 -36.820000 6.650000 0.210000
2.455036 -9.994821 -1.100698 -36.820000 6.650000 0.210000
2.447858 -9.750752 -1.277767 -27.090000 10.220000 -0.350000
2.646462 -9.320045 -1.256232 -38.920002 24.570000 6.370000
2.646462 -9.320045 -1.256232 -38.920002 24.570000 6.370000
2.548356 -9.597611 -0.981057 -45.500000 30.380001 7.420000
2.548356 -9.597611 -0.981057 -45.500000 30.380001 7.420000
2.385644 -9.269794 -1.947758 -55.790001 45.500000 17.990000
1.797010 -9.365508 -2.313859 2.590000 39.200001 20.090000
2.239682 -9.236296 -0.351745 29.889999 17.360001 4.550000
2.088934 -9.425328 -0.270389 14.700000 7.910000 4.970000
1.782653 -9.521042 -0.703490 0.350000 4.760000 2.520000
1.782653 -9.521042 -0.703490 0.350000 4.760000 2.520000
1.880759 -9.923036 -0.744168 0.280000 1.960000 0.630000
2.055435 -9.585647 -0.878166 4.060000 -2.170000 0.140000
1.813759 -10.054641 -1.162912 -7.280000 0.070000 2.240000
2.038685 -9.516255 -1.009771 3.990000 -1.190000 1.540000
1.799403 -9.346365 -1.179662 1.400000 -1.680000 1.960000
1.799403 -9.346365 -1.179662 1.400000 -1.680000 1.960000
2.055435 -9.674182 -1.095913 -3.570000 -1.190000 2.520000
2.225325 -9.757930 -1.117448 4.690000 0.070000 3.920000
2.225325 -9.757930 -1.117448 4.690000 0.070000 3.920000
1.935793 -9.372685 -0.921237 9.940000 2.240000 3.710000
2.012364 -10.214959 -1.002593 5.670000 4.690000 4.340000
2.012364 -10.214959 -1.002593 5.670000 4.690000 4.340000
1.993221 -10.011569 -0.899701 10.430000 4.060000 3.710000
1.828116 -9.688539 -0.648455 7.140000 2.590000 3.360000
1.825724 -10.152746 -0.672383 -0.630000 3.010000 2.100000
