1.730011 -9.449257 1.861616 1.960000 1.400000 -1.120000
1.538585 -9.908678 0.806381 -3.080000 3.710000 -0.560000
1.696511 -9.444471 1.617548 -0.140000 2.590000 0.770000
1.624727 -9.863215 0.861416 -5.110000 4.060000 0.700000
1.430908 -9.908678 1.555335 -10.500000 5.110000 0.070000
1.430908 -9.908678 1.555335 -10.500000 5.110000 0.070000
1.789831 -9.717253 1.954936 -8.680000 -0.560000 2.310000
1.552942 -9.403792 1.301696 -33.180000 3.290000 9.100000
1.552942 -9.403792 1.301696 -33.180000 3.290000 9.100000
1.550549 -10.126426 1.483550 -52.009998 1.750000 12.460000
1.397408 -10.037891 0.318245 -30.100000 5.460000 10.850000
1.418944 -9.554541 0.361316 -43.189999 4.200000 19.389999
1.462015 -10.047462 -2.007578 -40.040001 14.630000 16.799999
1.462015 -10.047462 -2.007578 -40.040001 14.630000 16.799999
1.284946 -10.083356 -1.179662 -18.410000 27.370001 15.470000
1.284946 -10.083356 -1.179662 -18.410000 27.370001 15.470000
1.095913 -9.537791 -0.722632 -11.410000 30.309999 17.360001
0.904487 -10.145569 -0.452243 -11.340000 28.840000 19.389999
0.445065 -9.927821 -0.892523 14.280000 19.180000 13.580000
0.468993 -9.611969 -0.157926 22.049999 11.970000 6.090000
0.624527 -9.889536 0.196211 16.799999 8.120000 6.370000
0.624527 -9.889536 0.196211 16.799999 8.120000 6.370000
0.543171 -9.755538 -0.009571 7.420000 5.180000 1.120000
0.543171 -9.755538 -0.009571 7.420000 5.180000 1.120000
0.497707 -10.009177 0.045464 3.290000 2.590000 -0.140000
0.457029 -9.889536 -0.184247 1.960000 2.800000 0.280000
0.457029 -9.889536 -0.184247 1.960000 2.800000 0.280000
0.401994 -9.958927 -0.093320 0.350000 0.770000 -0.210000
0.401994 -9.958927 -0.093320 0.350000 0.770000 -0.210000
0.519243 -10.131211 -0.272782 2.450000 1.680000 0.910000
0.519243 -10.131211 -0.272782 2.450000 1.680000 0.910000
0.571885 -9.784252 0.177069 -1.120000 0.210000 1.050000
0.380459 -10.045070 0.023928 -0.910000 -1.190000 0.140000
0.478565 -9.901501 0.007178 0.140000 -1.400000 0.350000
0.576670 -9.903893 -0.050249 -0.070000 -2.030000 -0.140000
0.435494 -9.918249 -0.126820 0.630000 -0.560000 -0.630000
