1.725225 -9.616754 1.373480 3.220000 0.490000 -0.420000
1.576870 -9.592826 1.004985 1.330000 3.220000 -1.190000
1.684547 -9.561719 1.373480 1.820000 3.640000 0.280000
1.694118 -9.702895 1.349552 -2.870000 2.870000 1.540000
1.694118 -9.702895 1.349552 -2.870000 2.870000 1.540000
1.672583 -9.882358 1.253839 -1.120000 1.330000 -0.700000
1.672583 -9.882358 1.253839 -1.120000 1.330000 -0.700000
1.746760 -9.678967 1.296910 -0.770000 0.420000 0.490000
1.667797 -9.590433 1.880759 -4.830000 1.050000 -0.420000
1.667797 -9.590433 1.880759 -4.830000 1.050000 -0.420000
1.667797 -9.590433 1.880759 -4.830000 1.050000 -0.420000
1.567299 -9.631111 2.108077 -9.450000 1.750000 2.030000
1.586441 -9.896714 1.038485 -17.780001 4.690000 9.030000
1.586441 -10.222138 0.713061 -7.070000 6.090000 10.290000
1.586441 -10.222138 0.713061 -7.070000 6.090000 10.290000
1.531406 -9.887143 -0.002393 0.840000 12.880000 11.410000
1.567299 -9.430114 -0.215354 -19.320000 22.750000 12.880000
1.529014 -9.628718 0.047856 -15.540000 24.010000 8.890000
1.337588 -9.511470 1.052842 -24.570000 20.930000 9.380000
1.337588 -9.511470 1.052842 -24.570000 20.930000 9.380000
1.359123 -9.714860 0.775275 -36.189999 17.920000 10.360000
1.359123 -9.714860 0.775275 -36.189999 17.920000 10.360000
1.031307 -9.848858 0.153141 -8.400000 27.930000 21.980000
0.643669 -10.028319 -0.361316 -1.680000 25.549999 19.460001
0.643669 -10.028319 -0.361316 -1.680000 25.549999 19.460001
0.653241 -9.999605 -0.155533 12.320000 17.150000 13.160000
0.490529 -9.769895 0.399601 17.430000 10.430000 9.520000
0.492921 -9.944571 0.385244 2.380000 1.680000 2.380000
0.492921 -9.944571 0.385244 2.380000 1.680000 2.380000
0.492921 -9.944571 0.385244 2.380000 1.680000 2.380000
0.641276 -9.860823 0.392423 2.170000 0.840000 0.070000
0.641276 -9.860823 0.392423 2.170000 0.840000 0.070000
0.641276 -9.860823 0.392423 2.170000 0.840000 0.070000
0.641276 -9.860823 0.392423 2.170000 0.840000 0.070000
0.641276 -9.860823 0.392423 2.170000 0.840000 0.070000
0.641276 -9.860823 0.392423 2.170000 0.840000 0.070000
0.540778 -10.186246 0.378066 5.110000 1.610000 1.050000
0.540778 -10.186246 0.378066 5.110000 1.610000 1.050000
0.641276 -10.061819 0.461815 6.090000 1.120000 1.540000
