2.533999 -9.341579 1.122234 3.080000 1.190000 -0.700000
2.526821 -9.578469 1.232304 -8.750000 1.820000 -0.210000
2.526821 -9.578469 1.232304 -8.750000 1.820000 -0.210000
2.636890 -9.487542 1.258625 3.710000 -0.070000 -0.630000
2.636890 -9.487542 1.258625 3.710000 -0.070000 -0.630000
2.495714 -9.322437 0.935594 -7.280000 1.330000 -0.280000
2.383251 -9.504292 1.323231 -11.760000 3.360000 -0.070000
2.328217 -10.090532 2.373680 -9.940000 6.370000 -0.700000
2.328217 -10.090532 2.373680 -9.940000 6.370000 -0.700000
2.684747 -9.145369 1.342373 -46.340000 -1.260000 11.760000
2.445465 -9.640682 -0.416351 -80.360001 6.930000 18.969999
2.500499 -9.468399 -2.036292 -55.090000 13.230000 18.129999
2.254039 -9.722038 -2.318645 -53.410000 24.080000 14.840000
2.254039 -9.722038 -2.318645 -53.410000 24.080000 14.840000
2.423929 -9.987641 -1.655833 -43.259998 31.710001 7.070000
2.380858 -9.884750 -0.954736 -30.309999 34.509998 6.370000
2.120041 -9.482756 -1.201197 -18.200001 33.110001 7.420000
2.294717 -9.748360 -1.148555 -12.880000 32.060001 10.150000
2.220540 -10.135997 -1.464408 -5.390000 31.150000 9.520000
2.220540 -10.135997 -1.464408 -5.390000 31.150000 9.520000
1.981257 -9.087940 -0.827917 13.230000 25.549999 8.820000
1.988436 -9.205189 -0.495314 10.010000 19.460001 9.660000
1.868794 -9.678967 -0.564706 10.570000 16.100000 9.520000
1.919044 -9.351151 -0.189033 6.720000 10.290000 4.900000
1.909473 -9.789038 -0.574277 -3.290000 5.740000 1.750000
1.909473 -9.789038 -0.574277 -3.290000 5.740000 1.750000
2.108077 -9.913465 -0.617348 1.400000 2.380000 -0.140000
1.933401 -9.635897 -0.689133 2.100000 3.150000 2.100000
2.103291 -9.961320 -0.526421 2.030000 2.520000 -0.700000
2.103291 -9.961320 -0.526421 2.030000 2.520000 -0.700000
1.897508 -9.568897 -0.531207 2.240000 2.660000 0.210000
1.844866 -9.626326 -0.547956 0.420000 3.430000 0.140000
1.954936 -9.779467 -0.535992 0.910000 2.310000 -1.190000
1.942972 -9.619147 -0.445065 1.890000 1.750000 -0.910000
1.942972 -9.738789 -0.512064 4.130000 2.100000 1.190000
1.942972 -9.738789 -0.512064 4.130000 2.100000 1.190000
1.873580 -9.827322 -0.315853 3.710000 1.680000 1.330000
1.761117 -9.650253 -0.464208 3.920000 0.910000 1.260000
