1.931008 -9.702895 1.770689 -9.450000 -0.630000 0.280000
2.017149 -9.552148 1.227518 6.020000 -0.280000 -0.980000
1.928615 -9.777073 1.639083 -3.990000 -0.210000 1.400000
1.799403 -9.714860 1.816152 -2.310000 0.490000 -0.560000
1.799403 -9.714860 1.816152 -2.310000 0.490000 -0.560000
1.696511 -9.693325 2.328217 -11.480000 0.070000 -1.820000
1.914258 -9.669396 2.036292 -32.130001 -3.290000 -2.100000
1.914258 -9.535398 0.689133 -23.660000 0.140000 -0.700000
2.036292 -9.738789 0.564706 -19.740000 2.870000 1.610000
2.146362 -10.202995 -0.083749 -11.200000 8.400000 1.960000
2.146362 -10.202995 -0.083749 -11.200000 8.400000 1.960000
2.014757 -10.076177 0.346959 -2.660000 9.030000 0.210000
2.098505 -9.710074 0.284746 -39.060001 7.840000 5.740000
2.043471 -9.846465 0.198604 -22.750000 10.080000 1.400000
2.043471 -9.846465 0.198604 -22.750000 10.080000 1.400000
2.043471 -9.846465 0.198604 -22.750000 10.080000 1.400000
1.947758 -9.497113 -0.145962 -55.930000 15.960000 6.090000
2.045863 -9.525827 -0.617348 -49.980000 30.940001 18.690001
1.469193 -9.894321 -2.038685 21.070000 32.759998 14.000000
1.835295 -9.583255 -0.887737 37.590000 26.040001 7.700000
1.584049 -9.052048 0.241675 28.770000 15.330000 9.170000
1.526621 -9.607183 0.220140 14.350000 6.650000 5.390000
1.457229 -9.767502 0.236889 10.640000 3.990000 4.200000
1.457229 -9.767502 0.236889 10.640000 3.990000 4.200000
1.189233 -9.363115 0.069392 0.140000 0.840000 0.700000
1.600798 -9.839286 -0.143569 -2.730000 -1.120000 0.490000
1.531406 -9.757930 0.016750 4.060000 0.420000 1.820000
1.531406 -9.757930 0.016750 4.060000 0.420000 1.820000
1.397408 -10.040283 -0.112463 0.140000 -0.210000 1.890000
1.332802 -9.774680 -0.133998 2.800000 -2.450000 1.540000
1.426122 -9.963714 -0.380459 -1.540000 -0.840000 0.630000
1.497907 -9.815358 -0.356531 0.630000 -0.560000 0.630000
1.349552 -9.394222 -0.246461 2.240000 -1.610000 1.820000
1.313660 -9.932607 -0.368495 4.340000 -0.210000 2.730000
1.430908 -9.824929 -0.196211 5.040000 -0.140000 1.470000
1.354338 -9.614362 0.059821 1.960000 -0.700000 0.770000
1.174876 -9.896714 -0.153141 -0.140000 -0.700000 1.540000
