2.065006 -9.422935 0.923629 -0.210000 1.260000 0.840000
1.907080 -9.863215 1.191626 -1.750000 0.770000 2.100000
1.907080 -9.863215 1.191626 -1.750000 0.770000 2.100000
1.907080 -9.863215 1.191626 -1.750000 0.770000 2.100000
1.907080 -9.863215 1.191626 -1.750000 0.770000 2.100000
1.897508 -9.580862 0.768096 -9.660000 1.050000 0.630000
1.899901 -9.549755 1.162912 -24.219999 -0.070000 6.930000
1.899901 -10.076177 0.691526 -25.969999 2.030000 8.960000
1.899901 -10.076177 0.691526 -25.969999 2.030000 8.960000
1.820938 -10.061819 1.153341 -19.740000 2.730000 7.070000
2.033899 -9.774680 -0.655633 -24.710001 5.810000 11.410000
2.057827 -9.609575 -0.342174 -22.960001 14.490000 11.130000
2.057827 -9.609575 -0.342174 -22.960001 14.490000 11.130000
1.964507 -9.647861 -0.200997 -23.100000 17.780001 10.290000
1.536192 -9.820145 -0.043071 -39.759998 18.830000 11.900000
1.473979 -10.502099 -1.473979 -28.280001 39.480000 23.660000
1.473979 -10.502099 -1.473979 -28.280001 39.480000 23.660000
0.959522 -9.592826 -1.071985 16.940001 34.439999 22.610001
0.959522 -9.592826 -1.071985 16.940001 34.439999 22.610001
1.043271 -9.860823 0.361316 10.430000 9.240000 5.460000
0.964308 -9.870394 0.102891 0.280000 3.850000 0.770000
0.964308 -9.870394 0.102891 0.280000 3.850000 0.770000
0.964308 -9.870394 0.102891 0.280000 3.850000 0.770000
0.849452 -9.951750 -0.126820 4.270000 0.840000 0.980000
0.849452 -9.951750 -0.126820 4.270000 0.840000 0.980000
1.021735 -9.789038 -0.014357 2.660000 -0.210000 1.050000
0.856631 -10.202995 -0.148355 4.620000 -1.400000 0.770000
1.038485 -9.860823 -0.033500 5.040000 0.140000 0.070000
1.038485 -9.860823 -0.033500 5.040000 0.140000 0.070000
0.875773 -9.607183 -0.066999 2.940000 -0.490000 0.770000
0.909273 -9.858429 0.002393 1.470000 -0.070000 1.820000
0.909273 -9.858429 0.002393 1.470000 -0.070000 1.820000
0.875773 -9.705289 0.181855 5.740000 -0.910000 1.470000
