2.108077 -9.221939 2.165504 1.610000 -1.890000 -1.330000
2.191825 -9.698111 1.732404 -16.030001 1.610000 2.170000
2.191825 -9.698111 1.732404 -16.030001 1.610000 2.170000
2.309074 -9.592826 2.081756 -3.780000 1.400000 1.890000
2.086541 -9.667004 1.875973 -2.380000 2.450000 0.630000
2.282753 -9.982857 1.603191 -12.320000 2.170000 1.120000
2.282753 -9.982857 1.603191 -12.320000 2.170000 1.120000
2.282753 -9.982857 1.603191 -12.320000 2.170000 1.120000
2.062613 -9.851252 2.852244 -40.250000 -2.100000 -1.190000
2.112862 -10.195816 1.275374 -55.020000 -0.420000 -0.910000
2.112862 -10.195816 1.275374 -55.020000 -0.420000 -0.910000
2.361716 -9.633504 -0.117248 -26.880001 -0.210000 -0.420000
2.361716 -9.633504 -0.117248 -26.880001 -0.210000 -0.420000
2.435893 -9.678967 -0.114855 -17.010000 8.050000 -1.120000
2.361716 -9.564112 0.066999 -58.029999 10.640000 5.810000
2.234896 -9.595219 -0.102891 -55.020000 15.260000 0.770000
2.266003 -9.315259 -1.091127 -100.449997 26.809999 24.010000
1.883151 -9.801002 -3.156133 -53.270000 44.099998 17.990000
1.883151 -9.801002 -3.156133 -53.270000 44.099998 17.990000
2.438286 -9.463614 -0.696311 20.860001 18.969999 1.050000
2.438286 -9.463614 -0.696311 20.860001 18.969999 1.050000
2.151148 -8.920443 -0.665205 21.559999 14.140000 5.460000
2.151148 -8.920443 -0.665205 21.559999 14.140000 5.460000
1.957329 -9.293723 -0.638884 0.700000 0.630000 -0.140000
1.957329 -9.293723 -0.638884 0.700000 0.630000 -0.140000
1.909473 -9.626326 -1.165305 -0.700000 -1.820000 1.680000
1.868794 -9.734003 -1.146162 3.010000 -0.980000 2.100000
1.868794 -9.734003 -1.146162 3.010000 -0.980000 2.100000
1.964507 -10.076177 -1.033699 12.110000 -1.120000 3.990000
1.986043 -9.296116 -0.856631 10.290000 -1.610000 3.220000
1.909473 -9.932607 -0.870987 0.420000 0.210000 2.450000
1.895115 -9.664611 -1.014557 0.280000 1.400000 1.960000
1.895115 -9.664611 -1.014557 0.280000 1.400000 1.960000
2.079363 -9.564112 -0.921237 2.170000 1.820000 1.540000
2.225325 -9.504292 -0.705883 6.720000 1.260000 3.360000
2.225325 -9.504292 -0.705883 6.720000 1.260000 3.360000
1.868794 -9.963714 -0.930808 3.990000 2.450000 3.080000
1.854438 -9.734003 -0.729811 2.380000 2.940000 0.630000
1.854438 -9.734003 -0.729811 2.380000 2.940000 0.630000
