-0.516850 1.208375 9.451650 -11.130000 1.820000 -0.210000
-0.516850 0.559920 9.353544 -4.620000 3.710000 0.700000
-0.610170 0.416351 9.705289 1.470000 3.220000 -0.910000
-0.820738 -0.509671 10.406385 -0.490000 0.560000 -3.150000
-0.334995 -1.521835 9.815358 -15.960000 -6.930000 -23.520000
-0.949951 -2.301895 9.528220 -12.040000 -10.080000 -41.090000
-0.346959 -2.254039 9.817751 -7.980000 -12.320000 -54.459999
-0.346959 -2.254039 9.817751 -7.980000 -12.320000 -54.459999
-0.976272 -1.323231 9.415757 2.870000 -14.070000 -94.570000
-0.976272 -1.323231 9.415757 2.870000 -14.070000 -94.570000
-1.588834 -0.138784 9.525827 10.290000 -17.570000 -118.160004
-1.727618 0.382852 9.803394 30.870001 -20.650000 -118.020004
-1.622334 0.885344 9.868000 35.700001 -21.910000 -114.940002
-1.622334 0.885344 9.868000 35.700001 -21.910000 -114.940002
-2.017149 1.055235 9.339187 -10.500000 -20.299999 -118.160004
-2.091327 0.521635 9.281759 13.300000 -17.780001 -122.709999
-2.091327 0.521635 9.281759 13.300000 -17.780001 -122.709999
-2.270789 1.507478 9.293723 6.860000 -24.150000 -127.190002
-2.311467 1.835295 8.968300 -7.000000 -26.600000 -124.879997
-2.108077 1.574477 8.650054 -45.500000 -24.500000 -115.290001
-2.148755 1.110270 8.353344 -24.080000 -19.879999 -114.099998
-2.108077 1.485943 8.528020 -2.660000 -15.470000 -117.110001
-3.237489 2.146362 8.922836 19.809999 -13.370000 -121.449997
-3.237489 2.146362 8.922836 19.809999 -13.370000 -121.449997
-2.993421 3.158526 8.762517 26.880001 -19.250000 -119.070000
-1.909473 3.519842 9.159724 41.230000 -22.750000 -114.870003
-2.220540 5.331209 8.516055 28.630001 -20.160000 -97.650002
-1.349552 5.513064 8.953942 10.150000 -21.280001 -90.650002
-0.844666 4.575077 8.520842 -17.920000 -3.010000 -40.740002
-0.562313 4.340580 8.858230 -10.850000 3.780000 -28.840000
-0.562313 4.340580 8.858230 -10.850000 3.780000 -28.840000
-1.007378 4.091727 9.284152 8.610000 11.410000 -11.900000
-0.990629 3.316452 9.621540 -20.299999 10.290000 1.120000
-0.990629 2.794817 9.451650 -0.350000 7.630000 12.390000
-0.990629 2.794817 9.451650 -0.350000 7.630000 12.390000
-0.533599 2.373680 9.284152 18.969999 8.820000 15.960000
-1.100698 2.553142 9.676575 -8.750000 10.850000 17.219999
-0.952343 2.249253 9.552148 -24.570000 6.720000 18.200001
