2.742175 -9.123833 1.079163 4.340000 0.630000 -0.980000
2.677568 -9.724431 0.464208 -8.610000 0.700000 1.540000
2.682354 -9.379865 0.291924 -6.020000 1.820000 1.750000
2.703890 -9.506684 0.928415 6.930000 1.050000 1.120000
2.593820 -9.564112 0.617348 -9.380000 0.980000 0.910000
2.593820 -9.564112 0.617348 -9.380000 0.980000 0.910000
2.639283 -9.525827 1.249053 -9.450000 0.350000 0.910000
2.639283 -9.525827 1.249053 -9.450000 0.350000 0.910000
2.323431 -9.762716 1.564906 -15.400000 -0.770000 3.360000
2.304288 -9.597611 0.818345 -26.530001 -1.960000 5.250000
2.548356 -10.191031 0.162712 -22.680000 3.220000 7.350000
2.624927 -9.267403 -1.581656 -20.860001 13.230000 14.840000
2.378466 -9.958927 -0.212961 -16.030001 17.430000 8.330000
2.378466 -9.958927 -0.212961 -16.030001 17.430000 8.330000
2.849852 -9.611969 -0.334995 -19.250000 12.390000 8.050000
2.263610 -9.073583 -0.483350 -34.509998 23.170000 16.240000
2.478964 -9.868000 -0.660419 -46.759998 27.860001 15.820000
2.275574 -9.607183 -1.038485 -41.369999 30.799999 15.890000
2.074577 -9.590433 -1.229911 -33.880001 30.100000 18.549999
1.598405 -9.824929 -1.306481 11.760000 18.410000 13.580000
1.598405 -9.824929 -1.306481 11.760000 18.410000 13.580000
1.950150 -9.430114 -0.363709 28.630001 9.520000 10.850000
1.572084 -9.674182 -0.512064 20.860001 6.020000 8.960000
1.780260 -9.542577 -0.064606 8.680000 3.710000 4.760000
1.780260 -9.542577 -0.064606 8.680000 3.710000 4.760000
1.631905 -9.772287 -0.327817 1.820000 0.490000 2.170000
1.780260 -9.994821 -0.232104 0.910000 -1.050000 -0.490000
1.770689 -9.805787 -0.538385 -0.420000 -1.120000 -2.100000
1.808974 -9.903893 -0.500100 -0.420000 -0.490000 -2.240000
1.777867 -9.710074 -0.524028 1.120000 -0.280000 -0.350000
1.797010 -9.757930 -0.409173 3.080000 0.210000 0.630000
1.720440 -9.753145 -0.430708 3.290000 0.910000 0.490000
1.734797 -9.848858 -0.401994 0.840000 0.420000 0.770000
