1.954936 -9.580862 1.093520 3.290000 1.680000 -0.140000
2.017149 -9.190832 1.797010 3.710000 1.680000 0.350000
2.230111 -9.523434 1.349552 -0.560000 0.630000 0.350000
2.230111 -9.523434 1.349552 -0.560000 0.630000 0.350000
1.983650 -9.513863 1.311267 -0.210000 1.050000 2.520000
1.966900 -9.494720 1.672583 2.240000 -0.490000 -0.210000
2.024328 -9.853643 1.234696 -6.790000 0.980000 2.100000
2.024328 -9.853643 1.234696 -6.790000 0.980000 2.100000
1.875973 -9.889536 1.292124 -4.550000 2.380000 0.980000
1.916651 -9.602397 1.457229 23.379999 1.540000 2.520000
1.916651 -9.602397 1.457229 23.379999 1.540000 2.520000
1.916651 -9.602397 1.457229 23.379999 1.540000 2.520000
1.744368 -9.645468 1.435694 17.080000 4.480000 0.490000
1.744368 -9.645468 1.435694 17.080000 4.480000 0.490000
1.744368 -9.645468 1.435694 17.080000 4.480000 0.490000
1.744368 -9.645468 1.435694 17.080000 4.480000 0.490000
1.744368 -9.645468 1.435694 17.080000 4.480000 0.490000
2.225325 -9.265009 -0.071785 -62.090000 17.430000 2.870000
2.268396 -10.035499 -2.309074 -89.320000 33.180000 9.030000
2.230111 -9.494720 -3.290131 -73.290001 59.360001 14.070000
2.021935 -9.425328 -3.093920 -51.029999 62.369999 14.490000
1.849652 -9.078369 -0.825524 -7.350000 43.750000 3.640000
2.294717 -9.568897 -0.112463 -0.420000 26.880001 -0.700000
2.294717 -9.568897 -0.112463 -0.420000 26.880001 -0.700000
2.304288 -9.394222 -0.401994 -6.090000 18.760000 2.520000
1.919044 -9.456435 -0.796810 -3.080000 10.710000 4.130000
1.909473 -9.753145 -1.332802 1.260000 7.280000 2.800000
2.029114 -9.253045 -1.026521 -1.330000 4.480000 1.540000
2.043471 -9.896714 -1.215554 -0.560000 5.320000 4.550000
1.768296 -9.810574 -1.071985 7.420000 3.990000 3.990000
1.938186 -9.927821 -1.095913 8.610000 1.120000 2.660000
1.911865 -9.784252 -1.162912 -2.380000 1.820000 0.980000
1.909473 -9.133404 -0.796810 -7.840000 1.820000 2.380000
1.806581 -9.939785 -1.308874 -14.140000 0.980000 2.800000
1.966900 -9.882358 -1.339981 -7.000000 1.680000 1.540000
2.043471 -9.963714 -1.069592 2.310000 0.350000 2.940000
1.928615 -9.860823 -1.182054 3.570000 -0.980000 2.030000
1.765903 -9.920642 -1.201197 4.410000 -0.770000 1.960000
1.758725 -9.968499 -1.112662 7.770000 -0.420000 0.980000
1.868794 -9.710074 -0.961915 7.700000 -4.200000 0.910000
