1.741975 -9.745967 1.275374 8.120000 0.210000 -2.450000
1.665405 -9.932607 1.203590 -6.300000 -0.210000 -0.140000
1.555335 -9.611969 1.452443 1.190000 1.610000 -0.490000
1.634298 -9.815358 1.323231 -1.330000 2.800000 1.190000
1.634298 -9.815358 1.323231 -1.330000 2.800000 1.190000
1.572084 -9.650253 2.340181 -3.570000 3.570000 1.190000
1.548156 -9.310472 2.687140 -13.160000 1.050000 5.110000
1.497907 -10.660025 0.437887 -12.600000 7.280000 8.120000
1.622334 -10.415956 0.294317 -1.120000 7.490000 5.320000
1.450050 -8.903693 -0.141177 -39.970001 19.320000 14.630000
1.450050 -8.903693 -0.141177 -39.970001 19.320000 14.630000
1.540978 -10.126426 0.028714 -49.139999 22.540001 15.120000
1.418944 -9.568897 -0.289532 -50.959999 25.760000 19.740000
1.153341 -10.406385 -1.055235 -36.330002 37.869999 22.400000
1.153341 -10.406385 -1.055235 -36.330002 37.869999 22.400000
1.043271 -10.107283 -1.033699 -17.010000 34.299999 22.750000
0.763310 -9.566505 -0.593420 5.390000 25.129999 18.690001
0.459422 -9.920642 -0.409173 14.350000 17.990000 9.100000
0.533599 -9.097511 -0.009571 16.870001 11.130000 7.280000
0.641276 -10.585848 -0.212961 6.790000 1.820000 2.310000
0.409173 -9.889536 -0.224925 4.900000 1.540000 2.030000
0.409173 -9.889536 -0.224925 4.900000 1.540000 2.030000
0.366102 -10.298709 -0.296710 3.430000 2.450000 1.540000
0.636491 -10.255639 -0.100499 4.970000 -0.210000 -0.140000
0.672383 -9.588040 0.050249 2.520000 1.400000 0.770000
0.531207 -9.939785 -0.136391 -0.420000 0.350000 0.420000
0.873380 -9.796216 -0.021535 0.910000 1.050000 1.680000
0.873380 -9.796216 -0.021535 0.910000 1.050000 1.680000
0.677169 -9.908678 -0.260818 9.520000 0.210000 1.960000
0.380459 -9.664611 -0.138784 11.060000 -0.210000 2.380000
0.380459 -9.664611 -0.138784 11.060000 -0.210000 2.380000
0.380459 -9.664611 -0.138784 11.060000 -0.210000 2.380000
0.445065 -9.992428 0.016750 0.350000 0.980000 2.170000
0.445065 -9.992428 0.016750 0.350000 0.980000 2.170000
0.445065 -9.992428 0.016750 0.350000 0.980000 2.170000
