0.713061 0.435494 9.540184 -0.560000 -1.190000 -3.920000
0.684347 0.409173 9.571291 -2.170000 -1.330000 -4.200000
0.624527 0.236889 9.540184 -3.430000 -1.890000 -6.580000
0.720240 0.303888 9.492328 -4.270000 -2.170000 -9.800000
0.373280 -0.433101 9.731609 -3.640000 -6.650000 -19.040001
0.373280 -0.433101 9.731609 -3.640000 -6.650000 -19.040001
-0.303888 -2.428715 10.291530 12.670000 -22.889999 -74.410004
-0.686740 -2.883351 10.779665 10.290000 -32.549999 -128.800003
-0.686740 -2.883351 10.779665 10.290000 -32.549999 -128.800003
-0.758525 -2.758924 10.143176 -5.040000 -34.790001 -175.979996
-0.758525 -2.758924 10.143176 -5.040000 -34.790001 -175.979996
-0.918844 -2.134398 9.705289 35.700001 -27.370001 -217.770004
-1.550549 0.471386 9.107083 69.930000 -29.610001 -230.790009
-2.447858 2.041078 8.133204 44.730000 -32.619999 -239.540009
-2.376073 2.543570 7.759924 41.160000 -32.549999 -238.350006
-2.842674 3.479164 7.482357 41.580002 -28.210001 -234.220001
-3.022135 4.201797 7.334002 40.389999 -27.160000 -230.160004
-3.022135 4.201797 7.334002 40.389999 -27.160000 -230.160004
-2.565106 7.214360 7.250252 13.090000 -25.270000 -190.050003
-2.794817 8.298308 7.798209 10.010000 -19.809999 -139.369995
-2.536392 8.894121 8.324631 -8.050000 -16.379999 -89.110001
-2.536392 8.894121 8.324631 -8.050000 -16.379999 -89.110001
-2.715853 7.640282 8.003991 -0.420000 -16.590000 -64.120003
-2.187040 6.520442 8.678767 -3.360000 -6.090000 -19.670000
-2.344966 5.228317 8.642875 -19.320000 -8.050000 7.280000
-1.225125 2.682354 9.080762 7.280000 3.010000 10.360000
-1.332802 2.060220 8.985049 -7.280000 -0.980000 7.070000
-1.332802 2.060220 8.985049 -7.280000 -0.980000 7.070000
-1.332802 2.060220 8.985049 -7.280000 -0.980000 7.070000
-1.332802 2.060220 8.985049 -7.280000 -0.980000 7.070000
-1.057628 3.062813 8.714661 -3.360000 -2.380000 -1.610000
-1.057628 3.062813 8.714661 -3.360000 -2.380000 -1.610000
-1.268196 3.065206 8.614161 -5.880000 -0.210000 0.630000
-1.268196 3.065206 8.614161 -5.880000 -0.210000 0.630000
-1.215554 3.029313 8.769694 -1.820000 -1.330000 0.700000
