2.081756 -9.449257 1.741975 4.760000 -1.050000 -2.170000
2.002793 -9.609575 1.596013 -7.420000 -0.210000 -0.280000
2.129612 -9.664611 1.672583 2.170000 0.630000 1.120000
1.938186 -9.707682 1.928615 -7.770000 -0.420000 -0.210000
2.026721 -9.473185 1.751546 -11.340000 0.280000 0.280000
2.038685 -9.549755 1.653440 -11.200000 0.350000 1.610000
1.933401 -9.628718 2.364109 -17.639999 0.490000 1.610000
1.804188 -9.470792 1.268196 -45.080002 -0.350000 3.220000
1.804188 -9.470792 1.268196 -45.080002 -0.350000 3.220000
1.904687 -9.899107 0.725025 -39.410000 1.260000 1.400000
2.031506 -9.288938 -0.138784 -24.290001 6.860000 5.950000
2.110470 -10.600205 -0.122034 -25.549999 9.310000 1.120000
2.110470 -10.600205 -0.122034 -25.549999 9.310000 1.120000
2.115255 -9.927821 1.040878 -8.120000 11.200000 0.210000
2.112862 -9.631111 0.361316 -31.570000 10.150000 4.410000
2.105684 -9.678967 0.696311 -21.350000 13.650000 4.410000
2.100898 -9.375079 -0.253639 -49.700001 19.460001 10.220000
2.000400 -9.772287 -0.425922 -55.580002 22.889999 14.910000
2.036292 -9.884750 -1.062413 -46.900002 35.279999 20.510000
1.665405 -10.073784 -1.643869 -19.389999 28.630001 15.120000
1.665405 -10.073784 -1.643869 -19.389999 28.630001 15.120000
1.928615 -9.736395 -1.124627 4.830000 22.820000 12.040000
1.612763 -9.482756 -0.038285 22.820000 11.130000 6.580000
1.387837 -9.578469 0.019143 12.320000 8.330000 3.570000
1.387837 -9.578469 0.019143 12.320000 8.330000 3.570000
1.387837 -9.578469 0.019143 12.320000 8.330000 3.570000
1.371087 -9.913465 0.004786 5.040000 5.530000 2.450000
1.371087 -9.913465 0.004786 5.040000 5.530000 2.450000
1.371087 -9.913465 0.004786 5.040000 5.530000 2.450000
1.371087 -9.913465 0.004786 5.040000 5.530000 2.450000
1.371087 -9.913465 0.004786 5.040000 5.530000 2.450000
1.371087 -9.913465 0.004786 5.040000 5.530000 2.450000
1.507478 -9.549755 -0.059821 -1.190000 -0.840000 0.910000
1.507478 -9.549755 -0.059821 -1.190000 -0.840000 0.910000
1.457229 -9.844072 -0.244068 -1.960000 -1.050000 2.940000
1.457229 -9.844072 -0.244068 -1.960000 -1.050000 2.940000
1.466800 -9.578469 -0.177069 -6.440000 1.260000 1.400000
1.466800 -9.578469 -0.177069 -6.440000 1.260000 1.400000
1.581656 -9.822537 -0.320638 -0.140000 -0.700000 -0.070000
1.399801 -9.714860 -0.337388 1.540000 1.610000 0.770000
1.423729 -9.753145 -0.303888 0.490000 1.820000 1.540000
1.423729 -9.753145 -0.303888 0.490000 1.820000 1.540000
1.184447 -9.932607 -0.282353 5.250000 2.170000 1.750000
1.184447 -9.932607 -0.282353 5.250000 2.170000 1.750000
1.418944 -10.100104 -0.107677 -0.910000 -0.210000 0.420000
