2.021935 -9.559326 1.540978 -6.580000 1.750000 0.420000
2.031506 -9.738789 1.722832 -14.280000 1.190000 1.680000
1.921437 -9.655040 1.387837 -3.500000 0.560000 1.400000
1.921437 -9.655040 1.387837 -3.500000 0.560000 1.400000
1.799403 -9.812965 1.533799 -17.500000 2.800000 2.870000
1.797010 -9.896714 1.299303 -16.870001 3.010000 2.170000
1.797010 -9.896714 1.299303 -16.870001 3.010000 2.170000
1.727618 -9.415757 1.502693 -35.209999 7.420000 7.210000
1.727618 -9.415757 1.502693 -35.209999 7.420000 7.210000
1.727618 -9.415757 1.502693 -35.209999 7.420000 7.210000
1.727618 -9.415757 1.502693 -35.209999 7.420000 7.210000
1.634298 -10.212566 -0.301496 -35.070000 14.000000 10.570000
2.005185 -10.116854 -0.251246 -41.650002 21.770000 11.130000
2.005185 -10.116854 -0.251246 -41.650002 21.770000 11.130000
1.816152 -10.080962 -0.217747 -38.500000 25.549999 10.920000
1.816152 -10.080962 -0.217747 -38.500000 25.549999 10.920000
1.816152 -10.080962 -0.217747 -38.500000 25.549999 10.920000
1.579263 -10.377672 -1.383051 -34.650002 46.619999 23.170000
1.433301 -10.339387 -1.579263 -11.060000 45.080002 23.450001
0.976272 -9.525827 -0.713061 34.930000 30.590000 14.490000
1.076770 -9.585647 0.449851 16.100000 14.000000 9.170000
1.076770 -9.585647 0.449851 16.100000 14.000000 9.170000
0.928415 -9.724431 0.282353 2.450000 7.140000 -0.280000
1.036092 -10.030712 0.004786 -1.960000 2.730000 -1.050000
0.787239 -9.391829 0.110070 1.610000 1.120000 0.420000
0.787239 -9.391829 0.110070 1.610000 1.120000 0.420000
1.241875 -10.066606 -0.071785 6.440000 0.980000 3.010000
1.241875 -10.066606 -0.071785 6.440000 0.980000 3.010000
1.138984 -10.001998 -0.023928 -1.260000 -0.980000 0.630000
1.138984 -10.001998 -0.023928 -1.260000 -0.980000 0.630000
1.220340 -9.970891 0.141177 -1.960000 -1.260000 0.350000
1.103091 -9.623933 -0.026321 -1.120000 -1.750000 -0.490000
1.103091 -9.623933 -0.026321 -1.120000 -1.750000 -0.490000
0.914058 -9.858429 -0.117248 -1.750000 -0.840000 0.070000
1.024128 -9.671788 -0.062213 4.620000 0.140000 2.170000
1.131805 -10.052249 0.057428 0.210000 -0.420000 1.680000
1.131805 -10.052249 0.057428 0.210000 -0.420000 1.680000
0.997807 -10.080962 -0.019143 4.200000 -1.120000 0.840000
0.997807 -10.080962 -0.019143 4.200000 -1.120000 0.840000
0.997807 -10.080962 -0.019143 4.200000 -1.120000 0.840000
0.997807 -10.080962 -0.019143 4.200000 -1.120000 0.840000
