1.490728 0.653241 9.291330 7.140000 5.180000 2.030000
1.368695 0.851845 9.324830 18.620001 5.530000 2.310000
1.368695 0.851845 9.324830 18.620001 5.530000 2.310000
1.292124 0.708275 9.300901 21.280001 4.410000 0.420000
1.603191 0.488136 8.786445 61.599998 6.650000 -2.870000
1.225125 2.660819 9.334401 49.490002 7.840000 -5.460000
1.215554 2.002793 8.657232 48.439999 5.880000 -5.180000
1.215554 2.002793 8.657232 48.439999 5.880000 -5.180000
1.787439 2.397608 7.834101 149.729996 10.990000 -5.180000
0.985843 5.070391 8.092526 167.160004 9.450000 -7.210000
1.485943 5.754738 6.771688 217.490005 13.160000 -6.090000
1.485943 5.754738 6.771688 217.490005 13.160000 -6.090000
1.138984 8.559127 4.134798 203.910004 15.120000 -10.920000
0.811167 9.970891 4.347759 196.559998 20.299999 -11.410000
0.299103 9.829715 4.106083 153.160004 15.890000 -9.730000
0.533599 8.788837 2.672783 115.290001 13.720000 -7.350000
0.533599 8.788837 2.672783 115.290001 13.720000 -7.350000
0.248854 9.288938 1.615155 119.840004 12.530000 -19.530001
0.248854 9.288938 1.615155 119.840004 12.530000 -19.530001
0.248854 9.288938 1.615155 119.840004 12.530000 -19.530001
0.055035 9.521042 -0.375673 97.790001 15.750000 -28.280001
-0.208176 9.616754 -1.268196 79.169998 18.270000 -24.710001
-0.208176 9.616754 -1.268196 79.169998 18.270000 -24.710001
-0.208176 9.616754 -1.268196 79.169998 18.270000 -24.710001
-0.504886 9.693325 -2.079363 33.110001 13.090000 -10.710000
-0.299103 10.540384 -1.674976 22.889999 11.060000 -8.540000
-0.861416 9.107083 -1.976472 16.730000 5.950000 -5.740000
-0.727418 9.741181 -2.210968 5.250000 4.200000 -1.470000
-0.921237 8.774480 -2.612962 9.310000 1.820000 -0.420000
-0.921237 8.774480 -2.612962 9.310000 1.820000 -0.420000
-0.478565 10.107283 -2.060220 7.420000 4.060000 -3.640000
-0.614955 9.726824 -2.507678 0.070000 3.430000 1.820000
-0.799203 9.298509 -2.888137 3.430000 5.320000 1.820000
-0.799203 9.298509 -2.888137 3.430000 5.320000 1.820000
-0.827917 9.662218 -2.656033 -25.059999 -0.210000 4.200000
-0.827917 9.662218 -2.656033 -25.059999 -0.210000 4.200000
-0.827917 9.662218 -2.656033 -25.059999 -0.210000 4.200000
-0.827917 9.662218 -2.656033 -25.059999 -0.210000 4.200000
-0.646062 9.552148 -2.392823 -17.710001 4.410000 2.380000
-0.646062 9.552148 -2.392823 -17.710001 4.410000 2.380000
-0.646062 9.552148 -2.392823 -17.710001 4.410000 2.380000
-0.646062 9.552148 -2.392823 -17.710001 4.410000 2.380000
-0.646062 9.552148 -2.392823 -17.710001 4.410000 2.380000
-0.729811 11.097912 -0.667598 -59.360001 -5.600000 16.379999
