-1.416551 2.170290 9.267403 -8.190000 7.350000 3.710000
-1.416551 2.170290 9.267403 -8.190000 7.350000 3.710000
-1.411765 2.301895 9.499505 -13.160000 4.760000 3.150000
-1.253839 2.014757 9.499505 -26.530001 0.070000 3.920000
-1.253839 2.014757 9.499505 -26.530001 0.070000 3.920000
-1.634298 1.686940 9.887143 -16.660000 -2.240000 2.590000
-1.615155 1.533799 9.796216 -8.750000 -9.450000 2.940000
-1.081556 2.414358 10.456635 -31.080000 -20.020000 -2.520000
-1.634298 1.313660 11.444871 -17.990000 -32.270000 -3.430000
-1.634298 1.313660 11.444871 -17.990000 -32.270000 -3.430000
-1.634298 1.313660 11.444871 -17.990000 -32.270000 -3.430000
-0.780060 1.806581 12.538391 -38.779999 -153.580002 3.430000
0.423530 0.638884 10.487741 -33.740002 -178.500000 1.750000
2.136791 1.249053 9.607183 -29.750000 -184.100006 7.840000
2.134398 0.940379 9.171689 -41.580002 -179.479996 9.170000
2.134398 0.940379 9.171689 -41.580002 -179.479996 9.170000
2.134398 0.940379 9.171689 -41.580002 -179.479996 9.170000
4.366901 0.598206 6.077770 -8.960000 -175.699997 0.490000
4.366901 0.598206 6.077770 -8.960000 -175.699997 0.490000
5.266603 0.540778 5.809773 -21.350000 -167.440002 4.550000
5.680561 0.727418 4.852644 -13.090000 -173.880005 9.240000
5.781059 0.576670 4.424329 -22.469999 -170.029999 11.900000
6.695118 0.117248 3.012564 -9.520000 -174.440002 11.550000
6.695118 0.117248 3.012564 -9.520000 -174.440002 11.550000
6.695118 0.117248 3.012564 -9.520000 -174.440002 11.550000
6.817152 0.105284 2.981457 -11.620000 -167.229996 11.620000
6.817152 0.105284 2.981457 -11.620000 -167.229996 11.620000
8.090133 -0.634098 -1.751546 4.760000 -145.809998 -2.520000
8.090133 -0.634098 -1.751546 4.760000 -145.809998 -2.520000
8.090133 -0.634098 -1.751546 4.760000 -145.809998 -2.520000
8.090133 -0.634098 -1.751546 4.760000 -145.809998 -2.520000
8.090133 -0.634098 -1.751546 4.760000 -145.809998 -2.520000
9.439686 1.136591 -3.809374 -21.980000 -2.380000 -5.670000
9.544970 1.031307 -2.718246 -11.270000 7.630000 4.410000
9.389436 0.806381 -2.541178 -12.950000 8.190000 3.920000
