0.784846 1.785046 9.463614 0.770000 2.380000 5.530000
0.782453 1.782653 9.485149 -3.290000 -0.560000 4.550000
0.782453 1.782653 9.485149 -3.290000 -0.560000 4.550000
0.782453 1.782653 9.485149 -3.290000 -0.560000 4.550000
0.705883 1.746760 9.348758 -2.100000 0.420000 6.020000
0.760918 1.605584 9.140583 -2.170000 0.560000 5.530000
0.792024 1.806581 9.193225 0.980000 1.680000 5.250000
0.792024 1.806581 9.193225 0.980000 1.680000 5.250000
0.758525 1.909473 9.109475 13.300000 4.340000 3.290000
0.758525 1.909473 9.109475 13.300000 4.340000 3.290000
-0.279960 5.525027 9.631111 28.910000 5.810000 44.029999
-0.311067 6.046663 9.561719 21.139999 5.320000 64.120003
-0.509671 5.714060 9.408579 15.960000 2.520000 73.150002
-0.311067 5.477170 9.683753 19.460001 3.290000 81.550003
-0.847059 5.517848 9.580862 24.080000 6.440000 102.410004
-0.847059 5.517848 9.580862 24.080000 6.440000 102.410004
-1.174876 5.249853 8.941978 -0.350000 0.140000 113.190002
-0.916451 4.630112 9.047262 -0.350000 1.330000 119.489998
-1.529014 3.854837 8.973085 19.670000 12.600000 139.300003
-0.959522 1.387837 8.611769 -33.670002 8.890000 153.789993
-0.787239 -0.423530 9.068797 -5.670000 7.210000 156.449997
-0.787239 -0.423530 9.068797 -5.670000 7.210000 156.449997
-0.409173 -0.229711 9.320045 29.610001 15.890000 153.229996
-0.409173 -0.229711 9.320045 29.610001 15.890000 153.229996
-0.768096 0.914058 9.597611 15.260000 7.980000 143.289993
-0.038285 -3.036492 10.418350 27.440001 30.240000 145.669998
0.337388 -3.960121 9.609575 -12.740000 21.910000 126.910004
0.337388 -3.960121 9.609575 -12.740000 21.910000 126.910004
1.385444 -5.374279 9.494720 -38.570000 10.360000 77.279999
1.385444 -5.374279 9.494720 -38.570000 10.360000 77.279999
1.385444 -5.374279 9.494720 -38.570000 10.360000 77.279999
1.385444 -5.374279 9.494720 -38.570000 10.360000 77.279999
1.385444 -5.374279 9.494720 -38.570000 10.360000 77.279999
1.385444 -5.374279 9.494720 -38.570000 10.360000 77.279999
1.385444 -5.374279 9.494720 -38.570000 10.360000 77.279999
1.385444 -5.374279 9.494720 -38.570000 10.360000 77.279999
1.385444 -5.374279 9.494720 -38.570000 10.360000 77.279999
1.385444 -5.374279 9.494720 -38.570000 10.360000 77.279999
1.890330 -0.239282 9.518648 8.540000 1.330000 -17.639999
1.519442 1.184447 9.513863 -16.730000 0.350000 -3.430000
1.519442 1.184447 9.513863 -16.730000 0.350000 -3.430000
1.543371 0.701097 9.248260 -21.490000 -2.030000 -1.260000
1.837688 0.495314 9.214760 2.030000 6.090000 0.070000
1.641476 0.100499 9.489935 -4.900000 2.100000 -2.240000
1.347159 -0.088534 9.726824 -5.460000 -1.330000 -3.220000
1.347159 -0.088534 9.726824 -5.460000 -1.330000 -3.220000
1.591227 -0.320638 9.578469 -5.950000 -0.910000 -5.600000
1.488336 -0.492921 9.485149 -2.240000 0.770000 -8.190000
1.560120 -0.976272 9.626326 -2.730000 -0.630000 -11.060000
