0.806381 2.120041 9.224331 2.520000 2.450000 2.310000
0.713061 2.232504 9.320045 1.540000 2.380000 3.150000
0.732204 2.208575 9.193225 -0.560000 1.680000 3.850000
0.732204 2.208575 9.193225 -0.560000 1.680000 3.850000
0.763310 2.313859 9.171689 0.770000 2.870000 5.600000
0.746561 2.254039 9.114261 3.430000 4.760000 8.750000
0.574277 2.289931 9.221939 0.490000 3.360000 8.890000
0.593420 2.366502 9.241080 -1.540000 2.800000 9.940000
0.480957 3.546163 9.353544 0.350000 4.200000 16.379999
0.002393 4.110869 9.420543 5.460000 3.010000 23.660000
0.002393 4.110869 9.420543 5.460000 3.010000 23.660000
-0.016750 4.654040 9.355937 17.990000 6.860000 28.070000
-0.016750 4.654040 9.355937 17.990000 6.860000 28.070000
-0.016750 4.654040 9.355937 17.990000 6.860000 28.070000
-0.643669 5.802595 8.776874 22.120001 12.320000 69.720001
-0.681954 5.426922 9.116654 32.619999 17.010000 85.959999
-1.222732 5.728417 9.126225 33.250000 19.809999 101.150002
-1.323231 5.335995 9.166903 22.540001 18.969999 109.900002
-1.555335 4.713861 9.226725 4.760000 17.290001 128.309998
-1.555335 4.713861 9.226725 4.760000 17.290001 128.309998
-1.591227 3.661019 8.965906 -14.490000 12.810000 143.500000
-1.591227 3.661019 8.965906 -14.490000 12.810000 143.500000
-1.591227 3.661019 8.965906 -14.490000 12.810000 143.500000
-1.591227 3.661019 8.965906 -14.490000 12.810000 143.500000
-1.459622 3.058028 8.566305 -24.360001 11.410000 148.750000
-1.459622 3.058028 8.566305 -24.360001 11.410000 148.750000
-1.459622 3.058028 8.566305 -24.360001 11.410000 148.750000
-0.313460 -0.641276 9.894321 16.870001 33.320000 144.479996
0.066999 -0.832702 9.906286 12.950000 31.219999 129.220001
0.148355 -0.952343 9.549755 -11.480000 22.889999 108.430000
0.148355 -0.952343 9.549755 -11.480000 22.889999 108.430000
0.579063 -0.665205 9.693325 -27.580000 19.460001 97.160004
0.827917 -1.507478 9.104690 -42.209999 7.630000 86.870003
0.914058 -0.725025 9.662218 25.620001 22.260000 75.250000
0.830309 -1.351945 9.674182 15.260000 12.670000 66.430000
0.830309 -1.351945 9.674182 15.260000 12.670000 66.430000
0.981057 -0.564706 9.513863 6.860000 14.420000 55.299999
0.981057 -0.564706 9.513863 6.860000 14.420000 55.299999
1.411765 -0.942772 9.568897 11.690000 14.910000 17.500000
1.205983 -0.425922 9.925428 -0.630000 10.360000 13.790000
1.119841 -0.631705 10.009177 0.700000 8.680000 8.610000
1.244268 -0.172283 10.073784 3.640000 7.840000 3.850000
1.244268 -0.172283 10.073784 3.640000 7.840000 3.850000
1.014557 -0.081356 10.135997 -2.450000 3.080000 1.890000
1.014557 -0.081356 10.135997 -2.450000 3.080000 1.890000
1.124627 0.071785 9.877571 -2.800000 1.470000 0.630000
1.019342 -0.124427 9.580862 -18.410000 -2.030000 -1.470000
1.050449 0.055035 9.353544 2.310000 -1.890000 -6.510000
1.057628 0.363709 9.530612 -0.350000 -0.140000 -8.540000
1.057628 0.363709 9.530612 -0.350000 -0.140000 -8.540000
1.043271 0.332602 9.341579 -4.970000 -0.280000 -8.190000
0.957129 0.291924 9.473185 -4.830000 0.140000 -6.790000
0.957129 0.291924 9.473185 -4.830000 0.140000 -6.790000
1.119841 0.157926 9.446864 -6.580000 -0.560000 -8.540000
1.012164 -0.157926 10.037891 -1.890000 -0.350000 -11.340000
0.976272 -0.591027 9.985250 -8.190000 -5.390000 -16.940001
0.976272 -0.591027 9.985250 -8.190000 -5.390000 -16.940001
