-0.720240 1.234696 9.430114 -2.310000 5.110000 3.920000
-0.631705 1.438086 9.676575 -7.700000 3.430000 3.290000
-0.650848 1.217947 9.470792 -10.430000 2.590000 3.780000
-0.595813 1.416551 9.698111 -10.220000 -2.800000 0.700000
-0.595813 1.416551 9.698111 -10.220000 -2.800000 0.700000
-0.586242 1.272982 9.714860 -15.260000 -4.200000 0.070000
-0.973879 0.875773 9.549755 -15.050000 -13.020000 -2.310000
-0.753739 0.859023 9.320045 -13.860000 -14.770000 -9.170000
-0.753739 0.859023 9.320045 -13.860000 -14.770000 -9.170000
-0.385244 0.823131 9.334401 -8.540000 -19.320000 -12.180000
-0.301496 1.777867 10.906486 1.190000 -30.170000 -6.300000
0.289532 2.005185 12.844672 -11.410000 -54.950001 -5.670000
0.045464 1.648655 12.995420 -27.090000 -83.860001 -5.040000
0.045464 1.648655 12.995420 -27.090000 -83.860001 -5.040000
-0.440279 1.689333 13.521841 -30.590000 -102.199997 -5.110000
0.220140 0.263210 12.713067 -21.000000 -159.389999 -8.890000
0.220140 0.263210 12.713067 -21.000000 -159.389999 -8.890000
0.220140 0.263210 12.713067 -21.000000 -159.389999 -8.890000
1.512264 -0.066999 9.198010 -14.980000 -219.240005 -7.140000
2.715853 0.021535 8.671589 -8.540000 -232.610001 -11.480000
3.634698 0.425922 6.534799 -11.130000 -233.449997 -9.450000
4.914857 0.492921 4.613362 -11.900000 -232.750000 -6.790000
6.118448 1.012164 3.299703 -14.420000 -206.500000 1.050000
6.118448 1.012164 3.299703 -14.420000 -206.500000 1.050000
6.118448 1.012164 3.299703 -14.420000 -206.500000 1.050000
6.118448 1.012164 3.299703 -14.420000 -206.500000 1.050000
6.685547 0.294317 1.227518 -1.890000 -166.880005 11.830000
6.685547 0.294317 1.227518 -1.890000 -166.880005 11.830000
6.685547 0.294317 1.227518 -1.890000 -166.880005 11.830000
6.685547 0.294317 1.227518 -1.890000 -166.880005 11.830000
6.685547 0.294317 1.227518 -1.890000 -166.880005 11.830000
6.685547 0.294317 1.227518 -1.890000 -166.880005 11.830000
6.685547 0.294317 1.227518 -1.890000 -166.880005 11.830000
6.685547 0.294317 1.227518 -1.890000 -166.880005 11.830000
9.698111 0.638884 -4.608576 -12.810000 -18.900000 -6.020000
9.568897 0.796810 -3.895515 -11.830000 -1.050000 -7.280000
9.568897 0.796810 -3.895515 -11.830000 -1.050000 -7.280000
9.710074 1.110270 -3.737589 -14.280000 0.560000 -7.070000
9.422935 1.040878 -2.995814 -12.670000 7.490000 -3.850000
9.473185 1.253839 -2.691926 -9.520000 11.760000 -1.190000
9.403792 1.210768 -2.691926 -9.940000 10.290000 -0.490000
9.384650 1.158126 -2.256432 -9.310000 7.980000 0.490000
9.461221 1.045663 -2.196611 -9.940000 8.470000 1.470000
