-3.086741 -0.191426 9.116654 -7.280000 5.810000 2.100000
-3.369094 -0.370888 9.343972 -7.000000 1.960000 0.280000
-3.402594 -0.289532 9.767502 -4.830000 3.640000 0.980000
-3.402594 -0.289532 9.767502 -4.830000 3.640000 0.980000
-3.469593 -0.358923 10.109675 -9.100000 0.560000 -0.210000
-3.469593 -0.358923 10.109675 -9.100000 0.560000 -0.210000
-3.582055 1.194018 15.318851 7.630000 -31.710001 1.610000
-4.103691 -1.124627 14.160725 -10.360000 -82.669998 -6.300000
-3.270989 1.124627 14.849857 22.820000 -103.879997 -7.630000
-3.608376 0.803988 14.603395 -1.190000 -111.300003 -5.110000
-3.486342 1.002593 13.847265 -28.350000 -122.150002 -1.750000
-2.538785 -1.603191 12.186646 42.000000 -143.220001 -0.070000
-2.538785 -1.603191 12.186646 42.000000 -143.220001 -0.070000
-2.538785 -1.603191 12.186646 42.000000 -143.220001 -0.070000
-1.921437 0.241675 11.885150 76.720001 -135.380005 5.740000
-1.921437 0.241675 11.885150 76.720001 -135.380005 5.740000
-0.957129 1.172483 9.461221 13.580000 -152.880005 21.139999
-0.646062 0.500100 8.573483 9.590000 -157.360001 21.840000
-0.646062 0.500100 8.573483 9.590000 -157.360001 21.840000
2.364109 1.512264 5.965307 -19.250000 -150.710007 34.160000
2.364109 1.512264 5.965307 -19.250000 -150.710007 34.160000
4.709075 0.854238 3.926622 2.940000 -127.190002 39.970001
5.410172 -0.646062 2.464607 -39.200001 -122.779999 33.950001
6.329016 -1.462015 1.548156 -16.309999 -111.020004 19.670000
6.329016 -1.462015 1.548156 -16.309999 -111.020004 19.670000
6.329016 -1.462015 1.548156 -16.309999 -111.020004 19.670000
6.329016 -1.462015 1.548156 -16.309999 -111.020004 19.670000
6.329016 -1.462015 1.548156 -16.309999 -111.020004 19.670000
6.329016 -1.462015 1.548156 -16.309999 -111.020004 19.670000
6.611369 -1.339981 1.591227 -4.270000 -100.519997 13.510000
7.874779 -0.803988 0.234497 25.129999 -75.669998 -22.960001
9.542577 1.215554 -1.485943 -4.690000 -12.670000 -10.990000
9.454042 1.284946 -1.442872 -4.620000 6.860000 -6.160000
9.454042 1.284946 -1.442872 -4.620000 6.860000 -6.160000
9.504292 1.330409 -0.937986 3.150000 17.570000 -3.080000
9.403792 1.481157 0.083749 11.760000 29.540001 0.280000
9.300901 1.672583 0.567099 9.590000 32.130001 -0.070000
9.420543 1.651048 2.474179 6.160000 30.030001 4.550000
9.420543 1.651048 2.474179 6.160000 30.030001 4.550000
9.262616 1.749153 2.416751 3.710000 28.490000 5.740000
