1.325624 2.304288 9.198010 0.700000 0.560000 0.350000
1.337588 2.292324 9.198010 1.330000 0.210000 0.280000
1.337588 2.292324 9.198010 1.330000 0.210000 0.280000
1.337588 2.292324 9.198010 1.330000 0.210000 0.280000
1.337588 2.292324 9.198010 1.330000 0.210000 0.280000
1.337588 2.292324 9.198010 1.330000 0.210000 0.280000
1.375873 2.289931 8.997013 -2.660000 -1.960000 0.140000
1.505085 2.277967 8.970692 9.310000 0.630000 -0.420000
1.416551 2.744568 9.018548 -8.750000 1.400000 0.980000
1.416551 2.744568 9.018548 -8.750000 1.400000 0.980000
1.416551 2.744568 9.018548 -8.750000 1.400000 0.980000
1.055235 3.661019 10.016356 -178.990005 2.800000 8.260000
0.832702 1.076770 9.427721 -403.200012 -11.760000 17.010000
1.423729 -2.938386 6.817152 -462.910004 -23.450001 16.799999
1.423729 -2.938386 6.817152 -462.910004 -23.450001 16.799999
1.167697 -5.376673 4.981857 -479.220001 -24.920000 8.750000
1.359123 -7.298109 3.024528 -465.779999 -25.480000 0.630000
1.359123 -7.298109 3.024528 -465.779999 -25.480000 0.630000
1.359123 -7.298109 3.024528 -465.779999 -25.480000 0.630000
1.359123 -7.298109 3.024528 -465.779999 -25.480000 0.630000
1.359123 -7.298109 3.024528 -465.779999 -25.480000 0.630000
1.359123 -7.298109 3.024528 -465.779999 -25.480000 0.630000
1.359123 -7.298109 3.024528 -465.779999 -25.480000 0.630000
1.359123 -7.298109 3.024528 -465.779999 -25.480000 0.630000
1.359123 -7.298109 3.024528 -465.779999 -25.480000 0.630000
1.359123 -7.298109 3.024528 -465.779999 -25.480000 0.630000
1.359123 -7.298109 3.024528 -465.779999 -25.480000 0.630000
1.359123 -7.298109 3.024528 -465.779999 -25.480000 0.630000
1.359123 -7.298109 3.024528 -465.779999 -25.480000 0.630000
1.359123 -7.298109 3.024528 -465.779999 -25.480000 0.630000
2.294717 -4.488935 -8.975478 -151.830002 -15.610000 -27.160000
2.416751 -3.945765 -9.406186 -97.440002 -7.000000 -15.540000
2.416751 -3.945765 -9.406186 -97.440002 -7.000000 -15.540000
2.175076 -3.857230 -9.190832 -68.180000 -4.970000 -10.920000
2.203789 -3.546163 -9.439686 -52.709999 -4.200000 -7.630000
2.151148 -3.510271 -9.396614 -37.730000 -3.570000 -4.550000
2.194218 -3.146562 -9.255438 -0.700000 -0.560000 1.820000
2.258825 -3.543770 -9.126225 2.800000 -1.050000 2.170000
2.000400 -3.448057 -8.970692 18.760000 -3.010000 1.260000
2.000400 -3.448057 -8.970692 18.760000 -3.010000 1.260000
2.218147 -3.254239 -9.162118 10.850000 -3.640000 1.050000
2.218147 -3.254239 -9.162118 10.850000 -3.640000 1.050000
1.945365 -3.347559 -9.044869 10.290000 -2.660000 0.070000
