1.323231 3.187240 9.176475 -19.879999 -1.330000 2.590000
1.387837 2.289931 9.939785 -96.459999 4.130000 5.880000
1.387837 2.289931 9.939785 -96.459999 4.130000 5.880000
1.387837 2.289931 9.939785 -96.459999 4.130000 5.880000
1.607977 -0.342174 9.147761 -154.770004 -16.170000 3.990000
1.607977 -0.342174 9.147761 -154.770004 -16.170000 3.990000
1.395016 -1.574477 9.554541 -250.600006 -5.180000 7.350000
1.395016 -1.574477 9.554541 -250.600006 -5.180000 7.350000
1.395016 -1.574477 9.554541 -250.600006 -5.180000 7.350000
1.842474 -7.678568 3.649055 -320.529999 -20.790001 -2.030000
1.842474 -7.678568 3.649055 -320.529999 -20.790001 -2.030000
1.797010 -7.642675 2.416751 -322.630005 -24.360001 -4.970000
2.311467 -9.544970 -0.564706 -261.309998 -25.200001 -6.090000
2.311467 -9.544970 -0.564706 -261.309998 -25.200001 -6.090000
2.311467 -9.544970 -0.564706 -261.309998 -25.200001 -6.090000
2.311467 -9.544970 -0.564706 -261.309998 -25.200001 -6.090000
2.311467 -9.544970 -0.564706 -261.309998 -25.200001 -6.090000
2.311467 -9.544970 -0.564706 -261.309998 -25.200001 -6.090000
2.311467 -9.544970 -0.564706 -261.309998 -25.200001 -6.090000
2.311467 -9.544970 -0.564706 -261.309998 -25.200001 -6.090000
2.311467 -9.544970 -0.564706 -261.309998 -25.200001 -6.090000
2.464607 -6.905686 -7.503892 -100.800003 -22.190001 -19.809999
2.562713 -6.479764 -7.709675 -86.379997 -19.950001 -18.830000
2.498107 -5.615955 -7.984849 -67.760002 -13.930000 -17.360001
2.498107 -5.615955 -7.984849 -67.760002 -13.930000 -17.360001
2.423929 -5.656632 -8.111670 -73.010002 -10.570000 -16.799999
2.423929 -5.656632 -8.111670 -73.010002 -10.570000 -16.799999
2.423929 -5.656632 -8.111670 -73.010002 -10.570000 -16.799999
2.361716 -5.465207 -8.365308 -30.730000 -6.790000 -6.440000
2.344966 -5.280960 -8.305488 4.900000 -2.380000 1.750000
2.344966 -5.280960 -8.305488 4.900000 -2.380000 1.750000
2.337788 -5.268995 -8.398808 -1.120000 -0.350000 0.560000
2.337788 -5.268995 -8.398808 -1.120000 -0.350000 0.560000
2.323431 -5.388636 -8.039884 5.810000 -1.540000 0.140000
2.404787 -5.505885 -8.283953 -2.380000 -2.030000 -1.050000
2.414358 -5.312066 -8.149954 -0.490000 -1.190000 -2.730000
