2.275574 -10.348958 3.017349 0.770000 2.030000 -12.810000
2.455036 -10.973484 2.926422 -15.540000 -0.210000 -28.139999
2.579463 -11.633904 3.019742 -10.990000 -6.510000 -71.889999
2.490928 -12.129218 2.988636 -34.090000 -8.820000 -99.610001
3.400201 -11.650653 2.440679 -21.070000 -8.960000 -134.119995
3.658626 -11.265409 2.746960 -16.030001 -7.490000 -145.110001
3.658626 -11.265409 2.746960 -16.030001 -7.490000 -145.110001
4.319045 -10.181459 2.076970 -11.270000 -6.160000 -162.820007
5.402994 -8.745767 1.832902 4.550000 -5.110000 -173.039993
5.824130 -6.592227 1.931008 3.220000 -6.790000 -182.350006
6.513263 -5.127820 1.598405 -11.620000 -10.710000 -184.940002
6.029913 -5.201996 1.737189 9.940000 -12.110000 -185.850006
6.223732 -3.122634 1.761117 44.660000 -22.680000 -193.479996
6.223732 -3.122634 1.761117 44.660000 -22.680000 -193.479996
7.077969 -0.904487 1.225125 33.250000 -31.639999 -184.729996
7.202396 0.023928 1.306481 25.549999 -32.060001 -178.570007
7.161718 1.138984 1.284946 6.020000 -31.710001 -164.710007
7.834101 2.550749 0.622134 23.100000 -26.530001 -148.399994
8.274381 5.833702 0.325424 24.850000 -14.140000 -107.239998
8.563912 6.092126 0.437887 3.640000 -1.680000 -56.630001
8.432307 5.790630 0.526421 10.080000 3.780000 -23.940001
8.999406 5.280960 0.591027 -10.710000 5.460000 -0.700000
8.999406 5.280960 0.591027 -10.710000 5.460000 -0.700000
8.953942 4.572684 0.870987 -5.250000 5.460000 6.580000
8.683553 3.699304 0.902094 -0.140000 3.430000 14.560000
9.384650 3.280560 0.947558 -14.840000 0.350000 15.890000
8.927622 2.766103 1.127020 -10.640000 -2.310000 10.430000
9.145369 2.478964 1.000200 -8.260000 -2.590000 4.760000
9.145369 2.478964 1.000200 -8.260000 -2.590000 4.760000
9.214760 3.019742 1.275374 0.280000 -0.630000 1.820000
9.327222 2.751746 1.095913 -4.970000 2.450000 4.480000
9.327222 2.751746 1.095913 -4.970000 2.450000 4.480000
9.080762 2.957529 1.201197 11.060000 3.780000 4.900000
9.408579 3.010171 1.213161 -1.890000 3.430000 4.620000
9.253045 2.885744 1.124627 -2.240000 3.850000 4.970000
9.193225 3.227918 1.071985 6.440000 5.600000 7.700000
9.068797 4.000800 1.220340 13.160000 5.950000 15.960000
