2.261217 -10.600205 2.356930 -20.370001 2.520000 -21.280001
2.691926 -12.306287 2.134398 -39.270000 1.890000 -72.940002
2.706282 -12.933208 2.593820 -30.240000 0.140000 -88.900002
3.017349 -12.370893 2.153540 -31.639999 -2.520000 -125.650002
3.235096 -12.588640 1.368695 -10.010000 2.030000 -156.940002
3.235096 -12.588640 1.368695 -10.010000 2.030000 -156.940002
3.326023 -11.382657 2.009971 -0.210000 1.540000 -175.210007
4.618148 -9.707682 1.275374 2.520000 -2.730000 -199.430008
4.749753 -7.915457 1.933401 26.180000 -3.990000 -211.960007
6.130411 -4.216154 1.418944 7.910000 -11.270000 -210.699997
6.489335 -3.352344 1.107877 25.200001 -17.570000 -204.960007
6.486942 -2.679961 1.225125 45.709999 -16.170000 -202.160004
6.381658 -0.430708 1.387837 30.240000 -24.360001 -195.860001
6.381658 -0.430708 1.387837 30.240000 -24.360001 -195.860001
7.188039 0.638884 0.399601 18.200001 -25.549999 -185.149994
7.487142 1.957329 0.464208 40.389999 -20.510000 -178.009995
7.424929 4.426722 0.291924 63.560001 -12.110000 -155.470001
7.678568 6.508478 0.105284 33.529999 -11.130000 -120.400002
8.236095 6.975078 0.074178 7.490000 -10.430000 -98.000000
7.994420 6.896115 0.409173 -16.590000 -1.610000 -60.060001
8.630912 6.508478 0.440279 5.390000 6.720000 -14.910000
8.745767 5.180461 1.103091 -24.080000 4.130000 7.070000
8.810372 3.964907 0.926022 -31.010000 2.170000 16.030001
8.810372 3.964907 0.926022 -31.010000 2.170000 16.030001
8.733803 3.359523 1.076770 -19.110001 1.190000 17.360001
9.104690 3.352344 1.284946 -12.110000 -0.140000 11.270000
9.109475 3.105884 1.215554 -4.060000 -0.210000 7.980000
8.956335 3.139383 1.119841 -1.820000 -0.350000 5.950000
8.898908 3.431308 1.296910 -7.700000 0.140000 7.070000
9.095119 3.184847 1.143769 -9.520000 0.560000 6.510000
9.087940 3.445665 1.165305 -0.560000 4.340000 6.650000
9.142976 3.404987 1.452443 -4.900000 6.090000 7.700000
9.142976 3.404987 1.452443 -4.900000 6.090000 7.700000
9.037691 3.524628 1.292124 -1.680000 8.750000 8.400000
9.186047 3.792624 1.294517 -0.910000 8.260000 10.360000
