2.043471 -9.990034 3.055635 -13.300000 -1.540000 -12.460000
2.371287 -10.681561 3.069991 -17.290001 -3.850000 -41.299999
2.371287 -10.681561 3.069991 -17.290001 -3.850000 -41.299999
3.093920 -11.475977 2.653640 -40.320000 -14.420000 -79.660004
3.605984 -11.401800 2.440679 -42.700001 -13.580000 -88.199997
3.337988 -11.794223 2.055435 -19.460001 -11.900000 -113.820000
3.701697 -11.234302 1.598405 -27.020000 -8.820000 -142.240005
3.701697 -11.234302 1.598405 -27.020000 -8.820000 -142.240005
3.988836 -11.217552 1.423729 -21.420000 -7.560000 -156.520004
5.699703 -8.020741 1.016950 7.630000 -4.690000 -192.149994
6.178268 -6.967900 1.172483 17.010000 -2.660000 -195.020004
6.178268 -6.967900 1.172483 17.010000 -2.660000 -195.020004
6.905686 -4.888536 1.380659 12.180000 0.420000 -192.080002
6.970293 -3.378666 1.268196 48.650002 -1.960000 -181.229996
7.343572 -0.952343 1.840081 11.060000 -10.080000 -163.309998
7.080362 -0.717847 1.397408 15.890000 -11.970000 -156.869995
6.994221 -0.325424 1.447658 17.290001 -16.030001 -156.869995
6.994221 -0.325424 1.447658 17.290001 -16.030001 -156.869995
7.274181 3.115455 0.787239 56.349998 -18.059999 -137.479996
7.274181 3.115455 0.787239 56.349998 -18.059999 -137.479996
8.238488 5.924629 0.349352 7.000000 -17.219999 -99.260002
7.992027 6.398407 0.430708 -6.650000 -11.410000 -65.800003
8.274381 6.687939 0.337388 -6.650000 -9.170000 -50.049999
8.391629 6.199803 0.579063 -1.820000 1.120000 -21.980000
8.657232 5.137390 0.792024 -27.020000 -0.490000 -0.840000
8.700303 4.481757 0.641276 -14.140000 -0.280000 6.370000
8.501699 3.976871 0.904487 0.070000 3.360000 7.980000
9.054441 3.359523 0.837488 -15.610000 -2.940000 9.240000
8.937192 3.866802 1.100698 3.080000 -0.140000 4.270000
9.207582 3.244668 1.119841 -10.430000 -1.820000 4.690000
8.860621 3.512664 1.304088 -7.140000 -0.280000 5.880000
8.944371 3.644269 1.447658 -2.730000 2.520000 5.600000
8.944371 3.644269 1.447658 -2.730000 2.520000 5.600000
8.934800 3.706482 1.232304 -7.910000 1.680000 5.950000
8.946764 3.462414 1.184447 -8.330000 2.730000 7.140000
9.181261 3.672983 1.296910 0.350000 2.450000 6.790000
