2.026721 -10.578669 2.342573 4.690000 2.940000 -20.580000
2.091327 -10.542776 2.404787 -6.230000 2.170000 -29.820000
2.349752 -12.134004 2.287539 -26.180000 -0.210000 -49.560001
2.713461 -12.631711 2.261217 -26.530001 -5.390000 -109.620003
2.790031 -12.636496 1.438086 -10.570000 -7.350000 -144.619995
3.550949 -11.868401 1.998007 7.350000 -4.130000 -170.589996
3.550949 -11.868401 1.998007 7.350000 -4.130000 -170.589996
5.639884 -8.714661 1.203590 -0.280000 -1.960000 -195.930008
5.639884 -8.714661 1.203590 -0.280000 -1.960000 -195.930008
5.941379 -5.917450 1.517050 18.760000 -2.170000 -202.160004
6.111269 -4.651647 1.689333 16.660000 -7.630000 -203.770004
6.453443 -2.945565 1.426122 23.799999 -10.430000 -203.350006
6.333801 -2.392823 1.036092 27.650000 -7.700000 -202.509995
6.582655 -0.528814 1.069592 60.689999 -8.820000 -201.110001
6.582655 -0.528814 1.069592 60.689999 -8.820000 -201.110001
7.183254 2.368894 1.497907 33.599998 -10.710000 -183.960007
7.183254 2.368894 1.497907 33.599998 -10.710000 -183.960007
7.372287 6.589834 0.842274 19.740000 -6.510000 -128.449997
7.372287 6.589834 0.842274 19.740000 -6.510000 -128.449997
8.114061 7.831708 1.012164 -3.500000 3.710000 -31.920000
8.114061 7.831708 1.012164 -3.500000 3.710000 -31.920000
7.800602 7.221539 1.124627 -12.880000 5.110000 -17.010000
8.212167 6.326623 1.579263 -26.389999 2.170000 5.600000
8.145168 4.651647 1.526621 -12.530000 -1.260000 19.460001
8.425128 4.529613 1.596013 -14.700000 -1.960000 19.740000
8.743374 3.651447 1.737189 4.480000 -3.990000 12.670000
8.827123 3.622734 1.904687 -10.080000 -3.920000 10.710000
8.846266 3.462414 1.808974 -15.260000 0.210000 10.570000
8.851050 3.641876 1.660619 -11.410000 2.310000 11.130000
8.693125 3.732803 1.808974 2.660000 5.530000 10.570000
8.836694 4.089334 1.978864 4.690000 3.570000 12.740000
