2.696711 -11.708081 1.655833 -8.820000 3.080000 -58.590000
2.696711 -11.708081 1.655833 -8.820000 3.080000 -58.590000
2.955136 -11.636297 1.727618 -12.810000 0.350000 -111.440002
3.646662 -11.318050 1.686940 -2.170000 4.200000 -133.419998
4.192225 -10.298709 2.227718 31.990000 3.290000 -152.529999
4.192225 -10.298709 2.227718 31.990000 3.290000 -152.529999
4.486543 -9.710074 2.282753 42.000000 0.910000 -157.990005
6.039484 -7.633104 2.120041 23.379999 -6.930000 -174.720001
6.458229 -6.364908 2.151148 31.570000 -9.240000 -179.899994
6.912865 -4.922036 1.942972 44.099998 -13.510000 -184.380005
6.912865 -4.922036 1.942972 44.099998 -13.510000 -184.380005
7.649854 -2.732604 1.904687 2.520000 -18.969999 -179.970001
7.649854 -2.732604 1.904687 2.520000 -18.969999 -179.970001
7.625926 -0.949951 1.507478 29.960001 -16.240000 -173.180008
7.948956 1.859223 1.421337 6.020000 -15.820000 -152.949997
7.573284 2.667997 1.471586 32.060001 -13.160000 -129.570007
8.063812 5.099105 1.543371 17.710001 -11.060000 -107.730003
8.190632 4.874180 1.387837 -12.180000 -11.830000 -92.959999
8.190632 4.874180 1.387837 -12.180000 -11.830000 -92.959999
8.317451 4.843073 1.433301 -14.840000 -2.590000 -36.259998
8.317451 4.843073 1.433301 -14.840000 -2.590000 -36.259998
8.798409 4.309474 1.323231 4.970000 -0.210000 -12.950000
8.798409 4.309474 1.323231 4.970000 -0.210000 -12.950000
8.484949 3.809374 1.655833 -5.880000 1.960000 -1.540000
8.767302 3.704089 1.596013 -8.120000 1.960000 1.680000
8.994620 3.361916 1.495514 -6.930000 -1.190000 7.700000
9.195618 3.058028 1.670190 -11.130000 -1.190000 6.300000
9.042477 2.734996 1.696511 -17.570000 -1.260000 6.860000
9.128618 2.682354 1.512264 -7.840000 0.490000 4.270000
9.183653 3.065206 1.756332 -1.610000 3.290000 1.610000
8.965906 3.000600 1.727618 -8.890000 2.520000 3.150000
9.085547 3.134598 1.890330 -2.940000 3.990000 4.830000
9.037691 2.971886 1.789831 -0.350000 3.360000 5.810000
8.776874 2.981457 2.141576 1.750000 3.920000 7.280000
