2.445465 -10.001998 2.249253 -10.080000 3.990000 -21.070000
2.299503 -11.286944 2.091327 -2.520000 3.430000 -37.869999
2.500499 -11.832507 2.914458 -16.309999 -0.560000 -79.730003
3.084348 -12.497713 2.146362 -18.410000 -12.320000 -129.009995
3.084348 -12.497713 2.146362 -18.410000 -12.320000 -129.009995
3.680161 -12.117253 1.993221 -17.430000 -10.360000 -147.979996
3.716053 -11.688939 1.837688 5.530000 -5.810000 -171.990005
5.084748 -9.243474 1.562513 15.470000 -10.150000 -203.350006
5.084748 -9.243474 1.562513 15.470000 -10.150000 -203.350006
5.623133 -7.623533 1.854438 21.139999 -10.570000 -215.180008
5.833702 -5.381458 1.361516 37.730000 -13.790000 -222.180008
5.903094 -4.539185 1.119841 53.130001 -13.580000 -222.040009
6.463014 -0.236889 1.103091 33.599998 -20.160000 -205.800003
6.271588 0.686740 0.945165 43.959999 -21.910000 -200.759995
6.699903 3.132205 1.124627 51.099998 -24.010000 -184.309998
6.960721 5.484349 0.540778 19.110001 -22.400000 -153.440002
7.147361 5.977271 0.313460 7.910000 -19.250000 -133.839996
7.877172 7.403394 0.736989 -3.360000 -12.530000 -97.230003
7.877172 7.403394 0.736989 -3.360000 -12.530000 -97.230003
8.114061 7.164111 0.574277 1.330000 -3.850000 -61.110001
7.953743 7.135397 0.748954 12.390000 0.700000 -36.610001
8.551948 5.271388 1.339981 -25.270000 1.680000 13.440001
8.551948 5.271388 1.339981 -25.270000 1.680000 13.440001
8.513663 4.457829 1.225125 -24.850000 0.770000 19.460001
8.858230 3.936193 1.203590 -8.330000 0.700000 18.410000
8.858230 3.936193 1.203590 -8.330000 0.700000 18.410000
8.803195 3.024528 1.318445 -8.400000 -1.190000 4.690000
8.803195 3.586841 1.320838 -4.830000 -0.070000 -0.350000
8.819944 3.529413 1.385444 -9.240000 1.050000 0.840000
8.633304 3.924229 1.390230 -4.830000 4.410000 3.010000
8.803195 3.895515 1.567299 1.540000 5.390000 4.620000
8.906086 3.931407 1.447658 0.280000 5.110000 5.600000
8.932407 3.924229 1.536192 -8.960000 3.640000 11.550000
8.879765 3.804588 1.591227 -8.890000 4.410000 13.580000
8.946764 3.713661 1.629512 -1.260000 6.720000 18.410000
9.159724 3.369094 1.741975 -6.510000 5.250000 18.830000
9.298509 3.328416 1.785046 -5.320000 5.110000 18.760000
