2.304288 -9.202796 3.084348 -6.860000 -1.330000 -0.700000
2.380858 -9.547362 3.110669 -12.880000 -0.980000 -5.110000
2.316252 -10.674382 3.342773 -13.930000 -2.800000 -30.170000
2.483750 -11.772687 2.833102 -62.020000 -13.930000 -63.980000
2.483750 -11.772687 2.833102 -62.020000 -13.930000 -63.980000
2.746960 -12.835101 2.199004 -73.360001 -14.210000 -83.510002
3.156133 -13.028918 2.335395 -46.970001 -0.210000 -122.010002
3.809374 -10.930414 2.096112 -10.850000 2.870000 -161.070007
4.419543 -9.913465 2.127219 -11.970000 -2.170000 -176.050003
5.261817 -8.377272 1.852045 -1.050000 -5.530000 -186.550003
5.261817 -8.377272 1.852045 -1.050000 -5.530000 -186.550003
5.441278 -7.523034 1.983650 -3.780000 -5.600000 -189.070007
5.441278 -7.523034 1.983650 -3.780000 -5.600000 -189.070007
6.206983 -4.307081 1.119841 27.299999 -11.690000 -203.699997
6.345766 -3.491128 1.612763 32.549999 -12.810000 -204.190002
7.034898 -1.430908 1.284946 22.330000 -13.160000 -200.339996
6.946364 -0.380459 1.131805 36.750000 -14.490000 -191.380005
7.075576 0.660419 1.141376 50.470001 -16.030001 -187.529999
7.075576 0.660419 1.141376 50.470001 -16.030001 -187.529999
7.379465 2.739782 1.127020 34.860001 -20.299999 -170.449997
8.090133 6.391229 0.382852 15.330000 -20.020000 -124.459999
7.558927 7.377072 0.380459 10.010000 -10.220000 -83.930000
7.558927 7.377072 0.380459 10.010000 -10.220000 -83.930000
8.140383 7.154540 0.550349 -16.520000 -4.480000 -46.619999
8.322237 6.702296 0.409173 -24.290001 -1.960000 -31.290001
8.566305 5.206782 0.727418 -19.950001 3.920000 8.540000
8.896514 4.599005 0.859023 -37.380001 0.910000 11.480000
8.877372 3.534199 1.052842 -17.710001 0.490000 13.790000
9.198010 3.629912 1.284946 3.150000 -1.190000 8.190000
9.071191 3.278167 1.296910 -4.900000 -1.960000 6.860000
9.023334 3.292524 1.313660 -6.300000 0.140000 6.090000
9.016156 3.383451 1.263410 -1.330000 1.960000 4.270000
9.073583 3.479164 1.395016 -2.800000 2.100000 3.920000
8.836694 3.498307 1.512264 -0.210000 5.670000 5.250000
8.939585 3.637090 1.497907 -9.940000 5.600000 4.690000
