2.268396 -11.318050 2.892922 -16.660000 -1.190000 -48.230000
3.163311 -12.416357 2.902494 -18.760000 -3.220000 -121.660004
3.163311 -12.416357 2.902494 -18.760000 -3.220000 -121.660004
3.366701 -12.602997 2.553142 -13.370000 -4.200000 -136.990005
3.890730 -11.598011 2.577070 6.930000 -5.040000 -164.710007
4.838287 -9.375079 2.333002 2.940000 -8.890000 -201.110001
4.838287 -9.375079 2.333002 2.940000 -8.890000 -201.110001
5.010571 -7.884350 2.237289 26.040001 -11.480000 -217.979996
6.001199 -4.948357 2.187040 38.709999 -19.740000 -227.990005
6.218946 -3.818945 2.057827 38.639999 -23.450001 -224.770004
6.218946 -3.818945 2.057827 38.639999 -23.450001 -224.770004
6.664011 -0.105284 1.445265 56.910000 -32.549999 -204.750000
6.424729 0.686740 1.674976 52.709999 -34.020000 -196.770004
6.955935 4.192225 0.583849 11.130000 -35.630001 -150.779999
6.955935 4.192225 0.583849 11.130000 -35.630001 -150.779999
7.030113 4.620540 0.392423 15.400000 -31.290001 -137.479996
7.477571 6.281159 0.325424 9.240000 -22.469999 -112.279999
7.886744 7.336394 0.191426 6.930000 -16.030001 -78.610001
8.056634 7.566105 0.217747 9.520000 -12.250000 -54.810001
8.054241 7.305287 0.488136 2.030000 -6.300000 -22.960001
8.319844 6.276374 0.437887 -9.590000 -5.670000 2.940000
8.697910 4.622933 0.600598 -3.500000 -2.520000 18.549999
8.910872 3.814159 0.497707 -20.719999 -0.630000 17.430000
8.910872 3.814159 0.497707 -20.719999 -0.630000 17.430000
8.702696 3.527020 0.586242 -21.980000 0.630000 16.590000
8.805587 3.483950 0.782453 -2.520000 5.390000 12.250000
8.894121 3.632305 0.988236 -4.550000 4.200000 7.560000
8.965906 3.816552 0.863809 -11.480000 5.530000 9.030000
8.965906 3.816552 0.863809 -11.480000 5.530000 9.030000
8.965906 3.816552 0.863809 -11.480000 5.530000 9.030000
8.965906 3.816552 0.863809 -11.480000 5.530000 9.030000
