1.548156 -10.415956 2.545963 -7.280000 -0.140000 -3.360000
1.634298 -10.882557 2.500499 -8.610000 2.730000 -12.950000
1.878366 -11.062018 2.708675 -28.559999 8.610000 -37.310001
1.739582 -11.863614 2.907279 -56.070000 10.920000 -62.510002
1.763510 -11.973685 2.612962 -61.950001 8.680000 -76.790001
1.763510 -11.973685 2.612962 -61.950001 8.680000 -76.790001
2.467000 -11.473583 2.012364 -58.450001 1.890000 -94.849998
3.189633 -10.794022 1.466800 -60.760002 -1.330000 -102.340004
3.591627 -10.382458 0.851845 -27.020000 3.990000 -119.910004
4.268795 -9.365508 0.653241 -16.379999 6.790000 -133.770004
4.268795 -9.365508 0.653241 -16.379999 6.790000 -133.770004
3.984050 -9.777073 0.617348 -13.090000 8.190000 -141.259995
5.245068 -7.771888 0.114855 -23.450001 2.730000 -181.160004
5.245068 -7.771888 0.114855 -23.450001 2.730000 -181.160004
6.539584 -5.204390 0.191426 7.350000 -0.490000 -200.339996
6.821937 -3.589234 0.251246 15.190001 0.490000 -195.440002
7.094719 -3.036492 0.490529 17.500000 -3.500000 -193.619995
7.783852 -0.813560 0.370888 27.299999 -11.620000 -189.000000
7.494320 -0.193819 0.710668 8.190000 -15.400000 -177.309998
7.267002 0.332602 0.574277 8.260000 -17.219999 -174.649994
7.267002 0.332602 0.574277 8.260000 -17.219999 -174.649994
7.755138 4.345366 -0.220140 41.580002 -14.770000 -154.979996
7.580462 5.288138 -0.459422 30.660000 -12.740000 -141.889999
8.003991 6.702296 -0.581456 -0.840000 -9.730000 -115.570000
8.003991 6.702296 -0.581456 -0.840000 -9.730000 -115.570000
7.759924 7.125826 -0.382852 -9.660000 1.960000 -79.169998
7.494320 7.137790 -0.713061 -13.790000 7.210000 -60.410000
7.958528 7.207181 -0.217747 -8.890000 12.320000 -35.840000
7.776673 6.453443 -0.076570 -5.530000 12.250000 -16.379999
7.850852 6.204589 0.009571 -6.720000 10.150000 -11.690000
8.068598 5.824130 0.181855 -5.250000 7.840000 -2.800000
8.176274 5.615955 0.344566 -1.330000 3.780000 1.470000
8.260024 5.544170 0.311067 -2.310000 2.730000 3.080000
8.181061 4.871787 0.370888 -6.370000 -1.050000 9.240000
8.181061 4.871787 0.370888 -6.370000 -1.050000 9.240000
8.185846 4.914857 0.260818 -8.750000 -0.910000 9.520000
8.338986 4.747360 0.241675 -7.560000 -0.700000 8.960000
