2.134398 -11.286944 2.048256 -20.580000 0.350000 -43.119999
2.277967 -12.653246 1.660619 -32.759998 1.960000 -68.110001
2.639283 -12.380465 1.344766 -17.570000 9.170000 -120.610001
3.251846 -11.535798 0.997807 -15.470000 12.460000 -151.059998
3.436093 -10.975878 1.332802 -0.910000 15.820000 -172.690002
3.632305 -10.001998 1.423729 1.960000 15.190001 -182.839996
3.632305 -10.001998 1.423729 1.960000 15.190001 -182.839996
4.823930 -8.606983 1.624727 22.750000 16.940001 -199.570007
5.465207 -6.522834 2.029114 30.590000 6.300000 -209.580002
6.216553 -3.692125 2.129612 21.490000 -4.130000 -209.860001
6.216553 -3.692125 2.129612 21.490000 -4.130000 -209.860001
6.506085 -2.388037 1.404587 42.420002 -11.970000 -203.490005
6.436693 -1.557728 1.639083 43.259998 -13.720000 -200.970001
7.077969 1.808974 1.067199 5.180000 -14.840000 -171.919998
7.077969 1.808974 1.067199 5.180000 -14.840000 -171.919998
7.178468 3.471986 1.083949 16.730000 -8.750000 -160.860001
7.527820 5.804988 1.249053 32.270000 0.840000 -129.360001
8.260024 6.563512 1.129412 12.110000 0.420000 -91.910004
8.461020 6.936793 1.438086 1.470000 2.310000 -72.870003
8.461020 6.936793 1.438086 1.470000 2.310000 -72.870003
8.652447 5.051248 1.536192 -13.370000 4.760000 0.070000
8.784052 4.426722 1.674976 -21.000000 3.360000 9.730000
9.028119 3.287738 1.885544 -28.210001 -1.330000 11.620000
8.951550 3.139383 1.691726 -19.460001 0.490000 13.020000
8.796017 3.165704 1.856830 0.840000 -0.630000 13.020000
8.989835 3.031706 1.859223 -10.360000 -0.070000 12.390000
8.874979 2.866602 1.954936 -10.360000 1.750000 13.580000
8.961121 2.892922 2.098505 2.030000 4.410000 10.710000
8.961121 2.892922 2.098505 2.030000 4.410000 10.710000
8.963513 2.943172 2.203789 2.800000 4.550000 11.830000
9.193225 3.646662 2.230111 -2.520000 3.220000 15.680000
