2.742175 -11.318050 2.785245 -0.770000 -1.330000 -52.430000
2.742175 -11.318050 2.785245 -0.770000 -1.330000 -52.430000
2.742175 -11.318050 2.785245 -0.770000 -1.330000 -52.430000
2.821138 -11.557333 2.983850 -30.100000 -7.980000 -91.840004
3.699304 -11.710474 2.294717 -25.969999 -8.260000 -117.599998
3.699304 -11.710474 2.294717 -25.969999 -8.260000 -117.599998
3.699304 -11.710474 2.294717 -25.969999 -8.260000 -117.599998
5.005785 -9.712467 2.074577 3.500000 -8.120000 -169.539993
5.517848 -7.879565 2.287539 22.750000 -8.330000 -182.279999
5.544170 -7.121039 2.050649 12.600000 -9.870000 -190.190002
6.161518 -5.776274 1.562513 17.219999 -7.490000 -193.759995
6.161518 -5.776274 1.562513 17.219999 -7.490000 -193.759995
6.463014 -3.883551 1.550549 55.930000 -8.540000 -193.339996
6.987042 -1.095913 1.734797 25.410000 -14.210000 -179.759995
7.154540 0.969093 1.605584 40.880001 -16.100000 -167.649994
7.223931 1.785046 1.493121 38.080002 -17.290001 -159.320007
7.831708 3.799802 1.189233 29.330000 -14.350000 -138.039993
7.805387 4.694718 0.983450 32.970001 -10.430000 -102.480003
7.805387 4.694718 0.983450 32.970001 -10.430000 -102.480003
8.035098 5.398208 1.282553 -7.840000 -7.980000 -59.570000
8.035098 5.398208 1.282553 -7.840000 -7.980000 -59.570000
8.642875 4.706682 1.397408 -19.320000 -0.630000 -24.430000
8.573483 4.180261 1.435694 -21.350000 4.970000 -8.330000
8.855836 3.859623 1.550549 -4.130000 6.230000 1.610000
9.061620 3.828516 1.813759 -1.610000 5.670000 5.040000
9.422935 3.342773 2.139183 -23.379999 2.800000 10.570000
9.200402 2.828316 2.299503 -20.650000 0.210000 10.780000
