1.978864 -11.468799 1.995614 -2.100000 2.800000 -32.270000
2.220540 -12.760924 1.773082 -31.500000 1.610000 -77.559998
2.557927 -12.784851 1.715654 -20.860001 2.870000 -109.129997
2.864209 -12.662818 1.268196 -14.980000 0.770000 -127.680000
2.864209 -12.662818 1.268196 -14.980000 0.770000 -127.680000
3.952943 -10.844273 1.258625 -7.630000 6.440000 -183.960007
4.386044 -10.231709 1.043271 12.950000 7.140000 -192.430008
5.199604 -7.652246 1.519442 36.470001 5.880000 -201.809998
5.199604 -7.652246 1.519442 36.470001 5.880000 -201.809998
5.745167 -5.639884 1.572084 11.620000 2.730000 -200.270004
5.682954 -5.300103 1.392623 9.940000 -0.490000 -198.660004
5.943772 -4.137190 1.457229 15.050000 -5.040000 -203.419998
6.577869 -2.543570 1.502693 28.630001 -10.360000 -208.740005
6.802795 -1.734797 1.641476 30.870001 -12.320000 -207.690002
6.917650 -0.710668 1.713261 35.349998 -16.379999 -206.080002
6.917650 -0.710668 1.713261 35.349998 -16.379999 -206.080002
7.130611 3.115455 1.000200 59.430000 -21.000000 -184.869995
6.943972 6.608976 0.385244 81.900002 -11.270000 -148.259995
7.484749 8.906086 0.153141 42.770000 -9.170000 -103.459999
7.587641 8.836694 0.205783 9.380000 -5.600000 -79.309998
7.587641 8.836694 0.205783 9.380000 -5.600000 -79.309998
7.652246 6.300302 0.509671 -15.120000 5.740000 -3.780000
7.652246 6.300302 0.509671 -15.120000 5.740000 -3.780000
8.164310 5.848059 0.669990 -8.540000 4.760000 2.520000
8.630912 4.316652 1.162912 -22.750000 -5.670000 13.160000
8.915657 3.749553 0.990629 -13.510000 -4.270000 10.920000
8.831908 4.012764 1.356731 -3.150000 -2.800000 7.280000
8.910872 3.893122 1.306481 -12.670000 -2.310000 6.300000
8.729016 3.991228 1.107877 -13.650000 0.420000 6.930000
8.729016 3.991228 1.107877 -13.650000 0.420000 6.930000
8.784052 4.115655 0.906880 -7.420000 6.090000 7.770000
8.748159 4.455436 1.232304 -0.980000 8.890000 11.550000
8.595018 4.520042 1.462015 -2.310000 7.980000 13.930000
