1.971686 -9.736395 2.199004 -6.580000 4.620000 -12.880000
2.254039 -12.110075 2.249253 -25.480000 10.990000 -47.810001
2.304288 -12.342178 2.366502 -23.660000 12.670000 -63.910000
2.641676 -12.689137 2.572284 -34.720001 10.920000 -98.559998
2.935993 -12.296716 1.952543 -46.410000 6.300000 -129.009995
2.935993 -12.296716 1.952543 -46.410000 6.300000 -129.009995
3.682554 -11.540584 1.529014 -17.639999 11.830000 -170.449997
3.682554 -11.540584 1.529014 -17.639999 11.830000 -170.449997
4.098906 -9.903893 1.261017 -11.970000 11.130000 -195.509995
4.594220 -9.303294 0.985843 -10.710000 10.220000 -205.240005
5.922236 -5.505885 1.493121 22.049999 6.860000 -229.600006
5.922236 -5.505885 1.493121 22.049999 6.860000 -229.600006
5.706882 -5.185246 1.447658 37.310001 4.060000 -231.490005
6.209375 -2.380858 1.799403 31.639999 -12.390000 -241.360001
6.537192 0.708275 1.466800 55.720001 -25.760000 -225.119995
6.549156 4.749753 0.744168 27.370001 -29.820000 -198.100006
6.640083 6.183054 0.480957 -0.420000 -27.020000 -154.070007
6.862615 6.833901 0.545564 6.300000 -21.629999 -131.320007
7.209574 7.609176 0.478565 7.070000 -10.640000 -87.360001
7.147361 7.290931 0.454636 0.210000 -1.680000 -41.160000
7.982457 6.068198 0.715454 -19.950001 1.260000 1.750000
8.673983 5.125426 0.689133 -7.700000 -2.240000 14.210000
8.673983 5.125426 0.689133 -7.700000 -2.240000 14.210000
8.784052 4.642076 0.681954 -2.940000 -2.380000 16.520000
9.178867 4.266403 0.777667 -15.890000 -4.690000 16.240000
9.174082 3.610770 0.777667 -23.170000 -5.740000 13.020000
9.174082 3.610770 0.777667 -23.170000 -5.740000 13.020000
9.174082 3.610770 0.777667 -23.170000 -5.740000 13.020000
9.001799 3.486342 0.602991 3.430000 -1.050000 7.280000
9.001799 3.486342 0.602991 3.430000 -1.050000 7.280000
9.001799 3.486342 0.602991 3.430000 -1.050000 7.280000
