2.122434 -10.947165 3.103491 -31.080000 -7.140000 -51.029999
2.364109 -11.887544 2.754139 -28.350000 -7.070000 -77.000000
2.739782 -11.253445 2.194218 -36.259998 -7.490000 -110.949997
2.739782 -11.253445 2.194218 -36.259998 -7.490000 -110.949997
2.797210 -11.753544 1.753939 -43.750000 -5.810000 -122.500000
2.797210 -11.753544 1.753939 -43.750000 -5.810000 -122.500000
4.670790 -9.975677 2.364109 5.180000 3.850000 -158.550003
4.670790 -9.975677 2.364109 5.180000 3.850000 -158.550003
5.139783 -9.164511 2.148755 -7.350000 -1.050000 -164.220001
5.649454 -8.920443 2.019542 -10.080000 -6.230000 -180.039993
5.898308 -7.092326 2.328217 -1.470000 -4.550000 -190.820007
5.898308 -7.092326 2.328217 -1.470000 -4.550000 -190.820007
6.276374 -4.953143 1.715654 19.530001 -5.180000 -202.649994
6.494121 -3.110669 1.816152 46.200001 -11.060000 -208.250000
6.508478 -1.940579 1.947758 39.549999 -15.400000 -207.479996
6.857830 -0.157926 1.596013 39.480000 -20.440001 -201.389999
7.123433 2.457429 1.581656 53.689999 -25.200001 -185.080002
7.123433 2.457429 1.581656 53.689999 -25.200001 -185.080002
7.384251 4.917251 0.691526 33.180000 -29.469999 -153.160004
7.384251 4.917251 0.691526 33.180000 -29.469999 -153.160004
7.769495 7.022934 0.504886 31.710001 -24.990000 -121.940002
7.556533 7.532606 0.244068 14.980000 -21.840000 -102.550003
8.193025 7.255038 0.327817 7.980000 -5.390000 -29.610001
7.960921 6.666404 0.169890 -3.150000 -4.760000 -16.940001
8.621340 5.517848 0.181855 -4.060000 -4.970000 0.490000
8.518449 4.785645 0.468993 3.360000 -1.470000 5.810000
8.566305 4.608576 0.509671 -7.770000 -2.030000 6.930000
8.566305 4.608576 0.509671 -7.770000 -2.030000 6.930000
8.834301 3.854837 0.346959 -13.370000 -5.880000 5.390000
8.683553 3.711268 0.600598 7.140000 -2.590000 3.990000
8.638089 4.342973 0.622134 -6.860000 -3.220000 -1.190000
8.796017 4.118048 0.689133 -16.940001 -0.770000 0.490000
8.429914 4.388437 0.677169 11.900000 4.760000 0.490000
8.645268 4.934000 0.708275 -1.610000 3.150000 1.050000
8.504091 4.354938 0.626920 3.220000 3.780000 4.270000
8.472985 4.627719 0.885344 -2.380000 2.380000 3.850000
8.788837 4.285545 0.681954 -12.670000 2.100000 4.970000
8.915657 4.488935 0.744168 -8.190000 2.870000 5.600000
8.779266 4.649254 0.820738 -0.770000 4.200000 7.560000
