1.493121 -11.081161 2.275574 -21.629999 3.080000 -14.630000
1.674976 -12.014362 2.581856 -13.720000 8.400000 -48.930000
1.674976 -12.014362 2.581856 -13.720000 8.400000 -48.930000
1.840081 -12.808779 2.639283 -36.540001 6.020000 -75.320000
2.691926 -12.167502 2.053042 -20.650000 5.950000 -116.129997
2.691926 -12.167502 2.053042 -20.650000 5.950000 -116.129997
3.553342 -11.160125 1.287339 -30.590000 0.070000 -166.389999
3.605984 -10.868200 1.658226 -9.170000 1.750000 -182.910004
4.225725 -9.068797 1.627119 0.140000 0.210000 -202.160004
4.225725 -9.068797 1.627119 0.140000 0.210000 -202.160004
5.395815 -6.800402 1.294517 21.629999 -3.220000 -216.229996
5.395815 -6.800402 1.294517 21.629999 -3.220000 -216.229996
5.395815 -6.800402 1.294517 21.629999 -3.220000 -216.229996
6.613762 -2.076970 1.270589 10.500000 -25.270000 -219.660004
6.613762 -2.076970 1.270589 10.500000 -25.270000 -219.660004
7.066005 0.435494 1.150948 -0.280000 -36.259998 -206.360001
6.561120 3.680161 0.277567 72.029999 -27.020000 -177.660004
7.118648 5.111069 0.129212 27.160000 -29.680000 -146.789993
7.111469 6.204589 -0.100499 -1.260000 -24.850000 -105.139999
7.432107 6.482157 -0.485743 0.630000 -21.420000 -83.440002
7.697710 6.994221 -0.447458 2.800000 -9.030000 -49.420002
7.697710 6.994221 -0.447458 2.800000 -9.030000 -49.420002
8.446664 6.642475 -0.311067 -14.420000 -3.570000 -16.940001
9.099905 5.175675 -0.047856 -8.470000 2.730000 10.430000
9.044869 4.192225 0.337388 -11.200000 3.290000 19.250000
8.784052 3.943372 0.327817 -14.000000 3.080000 21.210001
9.138189 3.244668 0.323031 -25.830000 0.140000 16.170000
9.138189 3.244668 0.323031 -25.830000 0.140000 16.170000
9.061620 3.110669 0.457029 2.730000 2.240000 10.010000
8.913264 3.263810 0.509671 -0.840000 2.380000 7.630000
9.430114 3.445665 0.588634 -26.530001 2.940000 6.930000
