1.696511 -9.808180 2.043471 -1.540000 2.100000 -4.620000
1.715654 -10.045070 2.270789 -1.750000 0.420000 -10.780000
1.715654 -10.045070 2.270789 -1.750000 0.420000 -10.780000
1.847259 -10.750952 2.440679 -12.390000 0.280000 -19.250000
1.854438 -11.105090 2.483750 -9.870000 0.560000 -26.670000
2.060220 -11.327622 2.110470 -8.890000 -1.120000 -47.670002
2.665605 -12.351749 2.344966 -33.880001 -0.280000 -88.269997
3.055635 -12.500106 1.356731 -43.330002 -1.190000 -114.099998
3.055635 -12.500106 1.356731 -43.330002 -1.190000 -114.099998
3.254239 -12.564712 1.272982 -31.780001 8.820000 -140.490005
3.720839 -11.772687 0.940379 -4.340000 11.270000 -157.149994
4.122833 -10.152746 1.040878 -2.240000 8.540000 -181.160004
4.847858 -8.987441 1.380659 8.540000 10.710000 -195.720001
4.847858 -8.987441 1.380659 8.540000 10.710000 -195.720001
5.257031 -6.398407 1.177269 21.490000 3.850000 -211.539993
5.257031 -6.398407 1.177269 21.490000 3.850000 -211.539993
5.257031 -6.398407 1.177269 21.490000 3.850000 -211.539993
5.812167 -3.577270 1.950150 42.630001 -5.600000 -211.050003
6.561120 0.294317 1.406980 38.920002 -13.650000 -194.880005
6.745367 0.837488 1.378266 54.880001 -16.799999 -189.279999
6.745367 0.837488 1.378266 54.880001 -16.799999 -189.279999
6.869793 3.433701 0.691526 82.669998 -15.190001 -171.289993
7.501499 6.419943 0.643669 47.670002 -16.730000 -141.259995
7.913064 7.472785 0.366102 1.820000 -4.550000 -75.459999
8.070991 6.747760 0.698704 -14.980000 -2.240000 -39.130001
8.118847 6.324231 0.373280 -9.170000 -2.100000 -24.360001
8.118847 6.324231 0.373280 -9.170000 -2.100000 -24.360001
8.200203 5.505885 0.796810 -9.520000 1.260000 -2.450000
8.913264 4.445865 1.064806 -33.250000 -3.640000 8.050000
8.886944 4.063013 0.870987 -32.340000 -4.550000 10.780000
8.965906 3.474378 1.342373 -11.270000 -4.410000 9.450000
9.217153 3.062813 1.330409 -12.600000 -3.430000 9.170000
8.908479 3.333202 1.464408 -8.260000 0.980000 8.260000
8.781659 3.333202 1.550549 1.540000 3.920000 9.030000
8.886944 3.457629 1.318445 -1.680000 4.480000 9.590000
