1.928615 -10.590633 3.335595 -13.300000 -3.220000 -36.470001
2.177469 -12.071791 3.340380 -0.840000 -9.240000 -67.129997
1.986043 -12.241680 3.448057 -22.120001 -15.540000 -100.309998
1.986043 -12.241680 3.448057 -22.120001 -15.540000 -100.309998
2.981457 -12.732209 2.560320 -20.860001 -17.010000 -154.630005
2.981457 -12.732209 2.560320 -20.860001 -17.010000 -154.630005
3.589234 -10.518847 2.636890 3.010000 -18.690001 -187.740005
4.637290 -9.248260 2.208575 -1.190000 -16.379999 -208.110001
5.580062 -6.891330 2.045863 35.420002 -18.270000 -216.089996
5.580062 -6.891330 2.045863 35.420002 -18.270000 -216.089996
5.996413 -3.314059 1.538585 7.280000 -35.840000 -208.600006
5.996413 -3.314059 1.538585 7.280000 -35.840000 -208.600006
6.451050 -0.387637 1.344766 0.770000 -33.389999 -195.229996
6.678369 -0.009571 0.820738 -3.990000 -32.689999 -186.550003
7.661818 2.189433 0.471386 47.599998 -27.090000 -175.699997
7.439285 3.172883 0.715454 40.880001 -26.040001 -165.199997
7.633104 5.247460 0.339781 28.280001 -19.250000 -135.660004
7.633104 5.247460 0.339781 28.280001 -19.250000 -135.660004
8.401200 7.063612 0.323031 -1.190000 -5.740000 -75.669998
8.329416 7.030113 0.629312 -6.160000 2.310000 -39.900002
8.362915 5.953342 0.579063 -13.580000 6.650000 -11.690000
8.602197 5.649454 0.502493 -19.110001 7.070000 0.630000
8.559127 4.737789 0.753739 -16.450001 5.390000 12.600000
8.532805 4.051049 1.036092 -15.540000 0.980000 16.379999
8.743374 3.220739 0.890130 -18.270000 -0.910000 15.540000
8.743374 3.220739 0.890130 -18.270000 -0.910000 15.540000
8.743374 3.220739 0.890130 -18.270000 -0.910000 15.540000
9.123833 3.002992 1.153341 -18.760000 -2.590000 10.080000
9.123833 3.002992 1.153341 -18.760000 -2.590000 10.080000
9.164511 2.852244 1.172483 -8.120000 -0.420000 6.020000
9.164511 2.852244 1.172483 -8.120000 -0.420000 6.020000
9.164511 2.852244 1.172483 -8.120000 -0.420000 6.020000
8.973085 3.771089 1.328017 4.200000 8.400000 8.750000
8.973085 3.771089 1.328017 4.200000 8.400000 8.750000
9.157332 4.096512 1.426122 8.750000 6.930000 11.480000
