1.768296 -10.698310 2.715853 -5.040000 2.310000 -24.150000
1.844866 -12.401999 2.258825 -23.309999 -2.730000 -70.419998
2.203789 -12.485749 2.773281 -15.050000 -1.960000 -104.440002
2.203789 -12.485749 2.773281 -15.050000 -1.960000 -104.440002
2.660819 -12.433105 2.050649 -21.559999 -4.900000 -134.750000
2.660819 -12.433105 2.050649 -21.559999 -4.900000 -134.750000
2.840281 -12.186646 1.914258 -3.150000 -4.620000 -151.690002
4.352544 -9.884750 1.600798 16.870001 -8.470000 -198.589996
4.352544 -9.884750 1.600798 16.870001 -8.470000 -198.589996
5.252246 -8.571091 1.746760 31.780001 -7.000000 -203.070007
5.266603 -6.805188 2.024328 6.720000 -10.220000 -209.580002
5.697310 -5.307281 1.227518 18.620001 -9.170000 -215.040009
6.340980 -2.129612 1.576870 32.480000 -11.480000 -216.509995
6.532406 -0.320638 1.117448 51.939999 -14.770000 -203.630005
6.532406 -0.320638 1.117448 51.939999 -14.770000 -203.630005
6.546762 0.734596 1.122234 69.160004 -18.200001 -196.630005
7.546963 4.615755 1.093520 19.740000 -19.389999 -141.889999
7.623533 5.960521 0.784846 39.480000 -14.000000 -120.889999
7.927422 6.989435 1.596013 -9.310000 -16.100000 -82.669998
8.597411 6.575477 0.890130 3.150000 -11.900000 -44.240002
8.874979 5.615955 0.947558 -26.670000 -6.650000 0.350000
8.874979 5.615955 0.947558 -26.670000 -6.650000 0.350000
8.937192 4.106083 0.708275 -3.990000 -1.680000 16.379999
8.937192 4.106083 0.708275 -3.990000 -1.680000 16.379999
8.937192 4.106083 0.708275 -3.990000 -1.680000 16.379999
8.937192 4.106083 0.708275 -3.990000 -1.680000 16.379999
9.059227 3.306881 1.213161 -33.459999 1.890000 17.920000
9.104690 2.833102 1.540978 12.810000 5.810000 8.890000
9.104690 2.833102 1.540978 12.810000 5.810000 8.890000
9.229117 2.971886 1.665405 -11.970000 -0.420000 8.540000
9.150154 3.065206 1.797010 4.340000 -0.140000 8.680000
