1.880759 -10.033106 2.414358 0.490000 1.610000 -10.010000
1.938186 -10.547562 2.761317 -6.860000 2.380000 -21.840000
1.976472 -11.459228 2.562713 -10.640000 -2.870000 -39.689999
1.976472 -11.459228 2.562713 -10.640000 -2.870000 -39.689999
2.184647 -12.361321 2.983850 -47.670002 -9.450000 -87.360001
2.184647 -12.361321 2.983850 -47.670002 -9.450000 -87.360001
2.821138 -12.897314 1.533799 -38.150002 -8.680000 -122.010002
3.048456 -11.609976 1.684547 -11.620000 2.310000 -154.910004
3.345166 -11.306087 1.660619 -9.800000 0.770000 -170.309998
4.333402 -9.592826 1.392623 -4.410000 2.660000 -188.789993
4.929214 -8.760124 1.990828 28.350000 -0.770000 -199.990005
5.505885 -5.740381 2.050649 2.730000 -15.890000 -204.539993
5.505885 -5.740381 2.050649 2.730000 -15.890000 -204.539993
6.262017 -3.945765 1.615155 7.420000 -18.760000 -203.279999
6.106483 -3.783052 1.521835 17.639999 -18.270000 -200.479996
6.106483 -3.783052 1.521835 17.639999 -18.270000 -200.479996
7.360322 -0.189033 1.105484 56.840000 -22.190001 -189.630005
7.551748 1.332802 1.347159 60.830002 -24.500000 -183.470001
7.408179 3.034099 0.792024 43.959999 -27.790001 -162.259995
7.817351 4.730610 0.550349 15.960000 -24.990000 -143.710007
7.829315 5.197211 0.265603 2.030000 -22.820000 -125.510002
7.858029 6.936793 0.126820 -7.630000 -15.960000 -91.000000
7.805387 7.130611 -0.043071 -9.660000 -4.060000 -54.040001
7.805387 7.130611 -0.043071 -9.660000 -4.060000 -54.040001
7.805387 7.130611 -0.043071 -9.660000 -4.060000 -54.040001
7.805387 7.130611 -0.043071 -9.660000 -4.060000 -54.040001
8.051848 6.017949 0.406780 -18.059999 5.880000 -3.080000
8.772088 4.522435 0.612563 -14.700000 1.960000 14.700000
8.772088 4.522435 0.612563 -14.700000 1.960000 14.700000
8.798409 3.340380 1.239482 -20.860001 -3.150000 15.540000
9.008978 3.029313 1.110270 -15.260000 -4.410000 12.950000
9.310472 3.342773 0.878166 5.740000 -2.100000 8.330000
9.061620 3.294917 1.284946 -12.320000 -1.680000 5.810000
9.061620 3.294917 1.284946 -12.320000 -1.680000 5.810000
9.071191 3.682554 0.930808 4.480000 3.570000 3.570000
