1.773082 -12.078968 2.488536 -77.910004 -4.550000 -70.279999
2.478964 -13.490734 1.414158 -51.730000 -2.380000 -108.430000
2.734996 -12.346965 1.761117 -29.049999 2.450000 -138.809998
2.945565 -11.978470 1.191626 -40.389999 2.170000 -156.940002
2.945565 -11.978470 1.191626 -40.389999 2.170000 -156.940002
3.830909 -10.779665 0.801596 -19.110001 4.410000 -179.059998
4.577469 -8.219346 1.406980 -10.780000 7.280000 -198.449997
5.230711 -7.494320 0.440279 -9.310000 4.480000 -208.949997
5.778666 -5.185246 1.079163 42.279999 5.530000 -219.449997
6.525227 -3.354738 1.127020 42.279999 1.680000 -217.770004
6.525227 -3.354738 1.127020 42.279999 1.680000 -217.770004
6.235696 -2.189433 0.926022 5.250000 1.680000 -204.820007
7.348359 -0.796810 0.464208 49.349998 0.840000 -193.830002
6.977471 0.533599 0.949951 79.169998 2.170000 -189.419998
7.795816 3.125026 0.902094 12.600000 -7.140000 -175.839996
7.259824 3.091527 0.349352 18.900000 -2.730000 -153.020004
7.757531 4.567898 0.275175 57.400002 0.350000 -143.779999
7.757531 4.567898 0.275175 57.400002 0.350000 -143.779999
8.102098 8.245667 1.390230 22.540001 2.100000 -103.180000
8.415558 7.458428 0.835095 -3.150000 -1.540000 -52.290001
8.360522 7.807780 1.055235 -4.620000 0.560000 -30.660000
8.642875 4.723432 0.928415 -23.730000 3.710000 19.530001
8.652447 2.361716 0.902094 10.570000 3.290000 18.340000
8.652447 2.361716 0.902094 10.570000 3.290000 18.340000
9.186047 3.462414 1.531406 -30.240000 -1.890000 9.520000
9.370294 2.691926 1.088734 -34.509998 -1.820000 8.750000
9.066404 3.215954 1.172483 22.680000 4.900000 6.370000
9.296116 4.072584 1.722832 -19.879999 0.420000 10.150000
9.296116 4.072584 1.722832 -19.879999 0.420000 10.150000
