1.237089 -9.954143 2.474179 -6.860000 1.960000 -9.800000
1.237089 -9.954143 2.474179 -6.860000 1.960000 -9.800000
1.237089 -9.954143 2.474179 -6.860000 1.960000 -9.800000
1.512264 -12.660425 2.105684 -32.619999 0.630000 -53.200001
1.512264 -12.660425 2.105684 -32.619999 0.630000 -53.200001
1.885544 -12.313466 1.852045 -30.590000 10.640000 -108.080002
2.687140 -11.473583 1.550549 -29.400000 17.360001 -142.029999
3.393023 -10.887343 1.610370 -20.860001 16.450001 -162.119995
4.046263 -9.853643 1.421337 -8.820000 12.810000 -174.160004
4.046263 -9.853643 1.421337 -8.820000 12.810000 -174.160004
5.367101 -8.145168 1.765903 -0.070000 3.360000 -187.529999
5.367101 -8.145168 1.765903 -0.070000 3.360000 -187.529999
6.034698 -5.546563 1.722832 20.510000 -14.210000 -196.910004
6.515656 -3.443272 1.660619 3.990000 -28.280001 -197.399994
6.963113 -2.007578 0.964308 -6.440000 -30.170000 -189.770004
7.008578 -1.447658 0.997807 -4.270000 -29.680000 -184.449997
7.125826 -0.179462 0.875773 -1.680000 -28.000000 -177.660004
7.125826 -0.179462 0.875773 -1.680000 -28.000000 -177.660004
7.791030 2.069792 0.416351 -6.580000 -26.809999 -160.860001
7.791030 2.069792 0.416351 -6.580000 -26.809999 -160.860001
7.829315 5.465207 -0.098106 14.630000 -16.450001 -110.809998
7.829315 5.465207 -0.098106 14.630000 -16.450001 -110.809998
8.011170 6.259624 0.007178 -7.140000 -6.230000 -58.380001
8.257630 6.123233 -0.224925 -5.880000 1.050000 -26.670000
8.324631 5.852845 -0.160319 -5.670000 3.430000 -14.420000
8.324631 5.852845 -0.160319 -5.670000 3.430000 -14.420000
8.767302 5.326423 0.004786 7.700000 7.140000 3.290000
8.791230 4.658825 0.425922 -16.940001 2.940000 14.490000
8.968300 4.041477 0.373280 -21.840000 -0.210000 16.940001
8.989835 3.438486 0.229711 -3.850000 -2.940000 15.750000
8.939585 3.337988 0.452243 -1.890000 -2.590000 10.710000
