2.677568 -12.227324 3.215954 -27.020000 -4.830000 -46.340000
2.773281 -13.060026 2.833102 -34.369999 -7.280000 -63.349998
3.225525 -13.737194 2.455036 -27.510000 -5.390000 -104.090004
3.196811 -13.194024 2.084148 -8.750000 0.350000 -147.839996
3.196811 -13.194024 2.084148 -8.750000 0.350000 -147.839996
3.196811 -13.194024 2.084148 -8.750000 0.350000 -147.839996
3.988836 -11.693724 2.225325 21.350000 1.540000 -196.070007
4.256832 -9.688539 2.531606 16.870001 -0.770000 -217.770004
4.256832 -9.688539 2.531606 16.870001 -0.770000 -217.770004
4.256832 -9.688539 2.531606 16.870001 -0.770000 -217.770004
5.010571 -3.230310 2.275574 22.820000 -30.660000 -265.089996
5.615955 -1.110270 1.447658 14.490000 -36.540001 -264.459991
4.883751 0.863809 0.892523 54.389999 -33.040001 -257.459991
4.931608 7.025328 0.277567 40.110001 -21.070000 -215.110001
5.151747 9.279366 -0.224925 8.330000 -14.280000 -164.990005
5.151747 9.279366 -0.224925 8.330000 -14.280000 -164.990005
5.489135 10.612168 0.509671 -2.590000 1.750000 -77.139999
5.931807 9.099905 0.545564 -16.799999 1.540000 -28.559999
6.180661 8.664411 0.660419 -3.570000 3.360000 -8.680000
6.735795 7.676175 1.148555 -13.440001 0.350000 17.290001
7.226324 5.972485 1.366302 -9.590000 -4.480000 28.070000
7.226324 5.972485 1.366302 -9.590000 -4.480000 28.070000
7.534998 5.606383 1.296910 -12.040000 -6.230000 28.350000
8.303094 4.584648 1.354338 -2.870000 -4.830000 17.010000
8.341379 4.733003 1.371087 -7.490000 -4.200000 12.530000
8.341379 4.733003 1.371087 -7.490000 -4.200000 12.530000
8.154739 4.862216 1.332802 -2.590000 3.570000 5.740000
8.154739 4.862216 1.332802 -2.590000 3.570000 5.740000
8.245667 5.056034 1.478764 -11.760000 4.480000 3.290000
8.118847 5.446064 1.703690 -2.730000 5.390000 4.410000
