2.196611 -10.188639 2.380858 -1.190000 4.130000 -22.049999
2.373680 -9.796216 2.091327 -1.470000 6.650000 -31.850000
2.493321 -9.820145 2.615355 -6.790000 9.590000 -36.540001
2.756532 -9.920642 2.457429 -3.850000 8.540000 -46.130001
2.756532 -9.920642 2.457429 -3.850000 8.540000 -46.130001
2.873780 -9.939785 2.749353 -3.500000 7.770000 -50.540001
2.967100 -11.928220 2.411965 -19.809999 -10.080000 -105.000000
3.333202 -11.643474 2.589034 -9.030000 -11.480000 -121.309998
3.871587 -11.155338 2.543570 -10.850000 -16.170000 -150.639999
3.871587 -11.155338 2.543570 -10.850000 -16.170000 -150.639999
5.029713 -9.714860 1.469193 -12.250000 -18.549999 -186.339996
5.029713 -9.714860 1.469193 -12.250000 -18.549999 -186.339996
5.709275 -7.848458 1.950150 20.299999 -11.620000 -200.130005
5.709275 -7.848458 1.950150 20.299999 -11.620000 -200.130005
6.460621 -5.137390 1.811367 48.860001 -17.990000 -215.460007
6.668797 -1.265803 1.203590 53.410000 -32.830002 -214.619995
6.742974 0.354138 1.258625 56.700001 -35.209999 -210.210007
7.113862 4.646862 0.122034 50.680000 -31.360001 -161.070007
7.113862 4.646862 0.122034 50.680000 -31.360001 -161.070007
7.664211 7.491928 0.064606 -6.790000 -17.780001 -97.510002
7.664211 7.491928 0.064606 -6.790000 -17.780001 -97.510002
8.121240 6.324231 -0.172283 -18.969999 -2.030000 -33.950001
8.372486 6.008378 0.500100 -6.230000 4.130000 -8.820000
8.372486 6.008378 0.500100 -6.230000 4.130000 -8.820000
8.817552 5.012963 0.579063 -34.790001 0.700000 8.960000
8.822337 4.170690 0.612563 -31.219999 -1.260000 14.140000
9.159724 3.273381 0.937986 -8.470000 -2.940000 11.270000
9.276974 3.309274 0.753739 -16.520000 -2.520000 11.480000
9.119047 2.835495 0.782453 -17.430000 -0.490000 7.350000
8.987441 3.194418 0.933201 13.790000 5.110000 2.940000
8.987441 3.194418 0.933201 13.790000 5.110000 2.940000
9.090333 3.457629 1.205983 9.660000 5.320000 2.730000
9.073583 3.613162 1.268196 -17.219999 3.150000 5.530000
8.922836 3.519842 1.052842 -0.700000 6.230000 7.840000
