2.787638 -12.363714 2.864209 -35.910000 -16.870001 -99.680000
3.787838 -12.186646 2.179861 -11.550000 -14.350000 -151.970001
3.787838 -12.186646 2.179861 -11.550000 -14.350000 -151.970001
4.579862 -10.657632 1.643869 -5.040000 -12.180000 -177.100006
4.706682 -10.499706 1.660619 -5.390000 -9.590000 -189.139999
5.575277 -8.396415 1.466800 16.730000 -6.370000 -199.850006
6.206983 -5.034499 1.502693 20.650000 -7.560000 -210.839996
6.458229 -2.868994 1.351945 43.750000 -10.360000 -206.500000
6.458229 -2.868994 1.351945 43.750000 -10.360000 -206.500000
6.793223 -1.308874 1.770689 30.870001 -17.080000 -200.130005
7.077969 -0.490529 1.643869 21.210001 -18.549999 -193.479996
6.917650 0.361316 1.110270 13.090000 -20.790001 -186.970001
6.369694 1.634298 0.806381 35.560001 -17.780001 -175.559998
7.767102 5.536992 0.294317 49.700001 -16.520000 -165.059998
7.767102 5.536992 0.294317 49.700001 -16.520000 -165.059998
6.659225 7.793423 0.586242 22.400000 -16.240000 -135.520004
7.101898 8.709875 0.306281 12.810000 -12.460000 -115.290001
7.202396 9.286544 0.495314 -13.860000 -4.690000 -64.889999
7.372287 7.630712 0.538385 -11.340000 -0.490000 -1.890000
7.814958 5.955735 0.440279 -24.219999 1.050000 17.219999
8.147561 4.747360 0.437887 -10.010000 -1.750000 19.879999
8.458629 4.543970 0.995414 -1.260000 0.700000 18.900000
8.444271 3.996014 1.136591 -8.120000 1.890000 12.670000
8.721838 4.524827 1.272982 -8.470000 1.750000 9.310000
8.628519 4.046263 1.234696 -7.770000 3.710000 7.980000
8.628519 4.046263 1.234696 -7.770000 3.710000 7.980000
8.549555 4.668397 1.442872 -0.630000 6.580000 6.230000
8.489735 4.630112 1.646262 -7.630000 5.180000 9.310000
