1.926222 -10.554741 2.230111 -8.190000 1.260000 -17.710001
2.359323 -11.461621 2.507678 -25.549999 -3.430000 -52.639999
2.414358 -11.837293 2.488536 -27.580000 -2.730000 -62.650002
2.706282 -11.703296 2.122434 -29.750000 -7.140000 -87.779999
2.967100 -11.968900 1.720440 -28.700001 -5.950000 -123.340004
3.388237 -11.650653 1.572084 -22.680000 -5.250000 -135.100006
3.388237 -11.650653 1.572084 -22.680000 -5.250000 -135.100006
3.735196 -10.987842 1.088734 -11.970000 0.770000 -153.649994
4.869394 -9.111869 1.466800 16.660000 5.810000 -187.250000
5.254639 -7.697710 1.808974 -1.680000 0.490000 -201.529999
6.077770 -6.003592 1.469193 5.950000 -3.220000 -207.550003
6.077770 -6.003592 1.469193 5.950000 -3.220000 -207.550003
6.587440 -2.122434 1.964507 20.790001 -13.580000 -200.270004
6.587440 -2.122434 1.964507 20.790001 -13.580000 -200.270004
6.613762 -1.502693 1.009771 8.470000 -22.750000 -182.419998
7.135397 0.595813 1.167697 29.680000 -25.830000 -186.970001
7.664211 2.026721 0.545564 59.709999 -30.240000 -175.770004
7.611568 3.739982 0.337388 98.699997 -26.809999 -158.899994
8.128418 8.011170 0.289532 27.790001 -26.250000 -124.529999
7.984849 6.836295 -0.378066 -32.970001 -21.559999 -73.919998
8.329416 6.384050 -0.076570 -6.650000 -1.120000 -25.059999
8.243275 5.283352 0.035892 -31.150000 4.480000 3.360000
8.243275 5.283352 0.035892 -31.150000 4.480000 3.360000
8.353344 4.737789 -0.100499 -17.430000 5.390000 10.570000
8.353344 4.737789 -0.100499 -17.430000 5.390000 10.570000
8.953942 3.546163 0.703490 -19.670000 2.450000 17.010000
9.233903 3.309274 0.674776 -18.900000 1.260000 16.590000
9.226725 2.969493 0.868595 -0.630000 4.410000 13.440001
9.229117 2.928815 1.033699 -8.750000 1.820000 7.840000
9.229117 2.928815 1.033699 -8.750000 1.820000 7.840000
9.322437 2.782853 0.784846 -11.480000 2.870000 5.880000
9.205189 2.945565 0.818345 -4.200000 4.690000 3.990000
9.186047 3.414558 1.019342 6.160000 7.980000 2.450000
