2.608176 -9.619147 2.689533 -20.370001 0.630000 -17.219999
2.888137 -10.530812 2.687140 -18.549999 1.820000 -26.040001
3.184847 -11.519048 2.615355 -23.870001 -7.700000 -59.849998
3.184847 -11.519048 2.615355 -23.870001 -7.700000 -59.849998
3.515057 -12.095718 2.651247 -22.469999 -13.790000 -83.790001
3.905087 -11.708081 1.770689 -32.830002 -11.130000 -134.820007
3.905087 -11.708081 1.770689 -32.830002 -11.130000 -134.820007
4.965107 -10.389636 1.512264 17.150000 -4.900000 -172.759995
4.965107 -10.389636 1.512264 17.150000 -4.900000 -172.759995
5.479564 -8.193025 1.495514 19.040001 -0.420000 -186.270004
5.871986 -5.802595 1.268196 9.730000 -3.500000 -191.520004
6.671190 -3.924229 1.433301 47.880001 -8.120000 -194.180008
7.176075 -1.799403 1.801795 17.710001 -14.210000 -187.949997
7.176075 -1.799403 1.801795 17.710001 -14.210000 -187.949997
7.391429 -0.145962 1.220340 14.770000 -13.300000 -170.100006
7.391429 -0.145962 1.220340 14.770000 -13.300000 -170.100006
7.176075 1.983650 1.715654 36.680000 -17.219999 -152.389999
7.444071 3.538985 1.127020 12.320000 -21.840000 -132.649994
7.819745 4.469792 0.708275 4.760000 -20.860001 -116.340004
8.068598 5.094319 0.557528 16.520000 -19.110001 -105.559998
8.049455 6.113662 0.732204 5.810000 -10.150000 -77.419998
8.049455 6.113662 0.732204 5.810000 -10.150000 -77.419998
8.401200 6.628119 0.650848 2.660000 -2.030000 -33.180000
8.740981 6.123233 0.693919 -13.720000 1.750000 -8.960000
8.654840 5.099105 0.880559 -17.430000 0.630000 5.460000
8.788837 4.577469 0.897308 -10.570000 1.050000 8.960000
8.501699 4.173083 1.179662 -5.460000 2.100000 13.090000
8.501699 4.173083 1.179662 -5.460000 2.100000 13.090000
8.836694 3.471986 0.981057 -10.710000 0.770000 11.970000
8.836694 3.471986 0.981057 -10.710000 0.770000 11.970000
8.836694 3.471986 0.981057 -10.710000 0.770000 11.970000
8.776874 3.452843 1.083949 -4.480000 0.140000 9.170000
8.776874 3.452843 1.083949 -4.480000 0.140000 9.170000
