2.155933 -9.671788 2.608176 -7.000000 1.820000 -8.050000
2.124826 -9.750752 2.687140 -4.550000 1.960000 -10.360000
2.124826 -9.750752 2.687140 -4.550000 1.960000 -10.360000
2.124826 -9.750752 2.687140 -4.550000 1.960000 -10.360000
2.232504 -10.253245 2.895315 -12.320000 -1.750000 -23.450001
2.124826 -11.698510 2.658426 -20.510000 -10.570000 -56.420002
2.895315 -11.882757 2.842674 -23.870001 -12.810000 -83.790001
2.943172 -11.885150 1.926222 -33.529999 -17.010000 -114.730003
3.696911 -12.045469 1.875973 -15.540000 -15.190001 -128.660004
4.051049 -10.552348 1.739582 2.310000 -12.950000 -151.970001
4.051049 -10.552348 1.739582 2.310000 -12.950000 -151.970001
4.615755 -10.033106 1.083949 -10.710000 -13.650000 -168.350006
4.615755 -10.033106 1.083949 -10.710000 -13.650000 -168.350006
5.977271 -7.345965 1.526621 28.490000 -15.820000 -191.240005
6.570691 -5.630312 1.696511 -1.820000 -18.549999 -189.839996
6.764510 -4.814359 1.378266 1.820000 -17.639999 -187.320007
6.853044 -3.510271 1.402194 30.100000 -15.400000 -181.649994
6.853044 -3.510271 1.402194 30.100000 -15.400000 -181.649994
7.286145 -1.572084 1.605584 3.360000 -18.200001 -173.600006
7.393822 -1.098306 1.433301 0.560000 -18.410000 -166.949997
7.393822 -1.098306 1.433301 0.560000 -18.410000 -166.949997
7.676175 1.428515 1.012164 28.350000 -24.710001 -152.460007
7.635497 3.330809 0.399601 50.750000 -25.760000 -139.440002
7.953743 5.383851 0.105284 26.880001 -23.309999 -115.010002
7.953743 5.383851 0.105284 26.880001 -23.309999 -115.010002
7.963314 5.757132 0.361316 11.900000 -17.290001 -99.680000
8.353344 6.120840 -0.045464 4.340000 -1.050000 -33.740002
8.453842 6.116055 0.035892 2.450000 1.820000 -22.400000
8.539984 5.441278 0.150748 -13.580000 4.830000 -2.800000
8.793623 4.589434 0.445065 -15.190001 3.850000 8.680000
8.712267 4.252046 0.595813 -9.590000 3.570000 9.940000
8.788837 3.890730 0.514457 -2.870000 1.400000 10.500000
8.788837 3.890730 0.514457 -2.870000 1.400000 10.500000
8.915657 3.538985 0.650848 -10.290000 0.350000 10.290000
8.913264 3.189633 0.705883 -9.660000 0.350000 9.240000
