1.871187 -9.741181 2.301895 -3.290000 2.660000 -9.590000
1.959722 -10.119246 2.335395 -9.170000 3.290000 -14.840000
2.036292 -10.222138 2.416751 1.820000 3.990000 -28.139999
2.117648 -10.707881 2.543570 -25.969999 3.990000 -45.500000
2.117648 -10.707881 2.543570 -25.969999 3.990000 -45.500000
2.598605 -11.351551 2.562713 3.290000 2.800000 -82.320000
2.598605 -11.351551 2.562713 3.290000 2.800000 -82.320000
3.357130 -12.691531 2.249253 -13.510000 -12.670000 -157.639999
3.857230 -11.741580 2.048256 10.640000 -10.500000 -171.500000
4.666004 -10.047462 2.318645 5.390000 -10.640000 -189.559998
5.900701 -8.286345 1.524228 1.610000 -9.590000 -200.130005
5.900701 -8.286345 1.524228 1.610000 -9.590000 -200.130005
6.405586 -5.345565 1.835295 44.240002 -10.850000 -202.789993
6.405586 -5.345565 1.835295 44.240002 -10.850000 -202.789993
6.630512 -3.175276 1.732404 4.410000 -18.480000 -194.320007
6.630512 -3.175276 1.732404 4.410000 -18.480000 -194.320007
7.032506 -1.820938 1.605584 20.370001 -23.030001 -193.339996
6.793223 2.026721 0.949951 65.590004 -41.650002 -182.139999
7.137790 4.957928 0.016750 46.200001 -36.959999 -158.479996
7.149754 6.321837 -0.191426 22.330000 -31.360001 -140.630005
7.149754 6.321837 -0.191426 22.330000 -31.360001 -140.630005
7.508677 7.817351 -0.679562 5.460000 -17.219999 -98.980003
7.570890 8.116454 -0.428315 -1.050000 3.850000 -57.610001
7.578069 7.769495 -0.172283 -5.600000 9.660000 -38.990002
7.994420 6.439085 0.311067 -6.300000 16.170000 -4.480000
8.752945 4.122833 1.031307 -15.470000 5.670000 17.920000
8.714661 3.706482 1.095913 -3.710000 3.360000 12.460000
8.910872 3.778267 1.134198 -3.990000 3.150000 9.520000
8.896514 3.562913 1.225125 -11.690000 3.920000 7.490000
8.709875 3.656233 1.478764 -2.800000 7.350000 7.000000
8.807980 4.015156 1.605584 0.560000 6.300000 5.600000
8.872586 4.307081 1.670190 -20.930000 3.080000 7.420000
