2.711068 -9.769895 3.419343 -8.050000 -2.240000 -12.390000
2.761317 -11.559726 2.895315 -35.000000 -12.670000 -60.900002
2.761317 -11.559726 2.895315 -35.000000 -12.670000 -60.900002
3.055635 -11.949757 2.730211 -40.740002 -15.050000 -79.800003
3.677768 -12.512069 2.627320 -45.150002 -14.140000 -116.620003
3.677768 -12.512069 2.627320 -45.150002 -14.140000 -116.620003
4.412365 -11.150554 2.153540 -13.090000 -9.520000 -152.809998
4.412365 -11.150554 2.153540 -13.090000 -9.520000 -152.809998
4.412365 -11.150554 2.153540 -13.090000 -9.520000 -152.809998
5.347959 -8.760124 1.636691 23.940001 -6.020000 -194.320007
5.347959 -8.760124 1.636691 23.940001 -6.020000 -194.320007
5.546563 -6.077770 1.947758 28.210001 -14.210000 -220.149994
6.197411 -2.342573 1.732404 68.110001 -21.000000 -231.839996
6.319445 -0.332602 0.887737 45.849998 -30.940001 -228.339996
6.319445 -0.332602 0.887737 45.849998 -30.940001 -228.339996
6.465407 1.495514 1.012164 60.619999 -38.990002 -215.250000
6.465407 1.495514 1.012164 60.619999 -38.990002 -215.250000
6.211767 6.556334 0.449851 45.009998 -31.990000 -188.160004
6.932007 9.111869 -0.272782 9.520000 -16.240000 -113.610001
7.010970 9.035298 0.413958 -27.650000 -7.560000 -65.870003
7.386643 7.345965 0.028714 -22.889999 2.030000 -24.710001
7.499106 7.111469 0.167498 0.420000 7.210000 -6.300000
7.499106 7.111469 0.167498 0.420000 7.210000 -6.300000
7.984849 4.752146 0.622134 -20.580000 -1.260000 24.010000
7.984849 4.752146 0.622134 -20.580000 -1.260000 24.010000
8.408379 4.790431 0.739382 0.910000 -0.140000 24.360001
8.772088 3.433701 0.827917 -12.740000 -2.450000 22.889999
8.772088 3.433701 0.827917 -12.740000 -2.450000 22.889999
8.953942 3.469593 0.878166 6.580000 0.840000 19.110001
8.937192 4.278367 1.509871 -8.050000 1.400000 15.470000
8.724231 3.560520 1.028914 -16.940001 1.050000 16.870001
