1.864009 -9.695717 1.990828 -0.140000 -3.990000 -3.430000
1.691726 -9.808180 1.825724 -3.360000 -3.570000 -6.510000
1.691726 -9.808180 1.825724 -3.360000 -3.570000 -6.510000
1.651048 -11.327622 2.086541 -0.350000 -4.130000 -29.820000
1.639083 -12.655639 1.890330 -23.520000 -5.110000 -63.700001
1.639083 -12.655639 1.890330 -23.520000 -5.110000 -63.700001
1.718047 -13.249060 1.734797 -34.720001 -6.300000 -83.440002
2.124826 -13.409377 1.296910 -29.260000 -0.980000 -129.500000
2.124826 -13.409377 1.296910 -29.260000 -0.980000 -129.500000
2.311467 -12.220145 1.505085 1.330000 9.380000 -186.619995
4.811966 -8.894121 1.799403 26.600000 6.230000 -227.290009
4.811966 -8.894121 1.799403 26.600000 6.230000 -227.290009
6.252446 -4.656433 1.787439 35.840000 -5.740000 -229.389999
5.611169 -3.259024 1.844866 40.320000 -12.670000 -225.889999
6.285945 -1.931008 1.622334 45.920002 -18.900000 -223.440002
6.266802 0.339781 1.639083 45.849998 -25.129999 -211.330002
6.424729 1.268196 1.241875 41.790001 -33.110001 -199.289993
6.836295 2.730211 1.026521 61.740002 -31.010000 -186.759995
6.836295 2.730211 1.026521 61.740002 -31.010000 -186.759995
7.647461 6.704689 0.351745 1.470000 -24.780001 -114.029999
7.731210 7.044470 0.165105 10.220000 -17.920000 -94.150002
8.032705 7.221539 -0.186640 16.240000 -9.170000 -55.230000
8.322237 6.783652 0.378066 6.440000 -2.730000 -22.260000
8.597411 6.312266 0.476172 -8.190000 -1.400000 -9.310000
8.597411 6.312266 0.476172 -8.190000 -1.400000 -9.310000
8.963513 4.735396 0.792024 -6.790000 5.950000 15.050000
9.030513 4.316652 0.933201 -15.540000 4.480000 16.520000
9.140583 3.342773 0.856631 -21.980000 4.480000 13.160000
8.968300 3.409772 1.016950 -0.700000 5.600000 7.980000
8.786445 3.261417 1.244268 -0.420000 4.620000 4.760000
8.786445 3.261417 1.244268 -0.420000 4.620000 4.760000
8.920443 3.704089 1.299303 -3.010000 3.290000 1.470000
8.949157 3.790231 1.208375 -2.940000 4.270000 1.750000
8.874979 3.866802 1.433301 -3.290000 5.320000 5.110000
8.870193 3.962514 1.416551 -2.030000 6.370000 7.770000
8.951550 4.125226 1.442872 -2.240000 6.300000 9.800000
