2.055435 -10.456635 2.859423 -18.690001 -0.490000 -19.670000
2.024328 -11.416157 2.297110 -32.619999 -3.500000 -31.710001
2.134398 -12.732209 2.739782 -16.450001 0.490000 -66.080002
2.739782 -12.593425 2.227718 -25.480000 2.450000 -104.720001
2.739782 -12.593425 2.227718 -25.480000 2.450000 -104.720001
2.739782 -12.593425 2.227718 -25.480000 2.450000 -104.720001
3.093920 -12.598210 1.923829 -4.060000 8.820000 -161.000000
3.093920 -12.598210 1.923829 -4.060000 8.820000 -161.000000
3.093920 -12.598210 1.923829 -4.060000 8.820000 -161.000000
3.838088 -10.849058 2.385644 12.460000 5.180000 -182.979996
5.467600 -5.199604 1.753939 22.960001 -15.610000 -221.759995
6.312266 -3.232704 1.416551 23.450001 -17.990000 -218.820007
6.764510 -0.631705 1.103091 24.219999 -19.809999 -206.779999
6.764510 -0.631705 1.103091 24.219999 -19.809999 -206.779999
6.833901 1.241875 1.208375 23.730000 -15.610000 -191.029999
7.546963 4.055835 1.081556 58.099998 -10.850000 -164.710007
7.389036 6.728617 1.112662 18.900000 -20.020000 -127.889999
7.831708 7.109076 0.823131 -4.410000 -16.870001 -86.730003
7.831708 7.109076 0.823131 -4.410000 -16.870001 -86.730003
7.817351 7.209574 0.973879 -4.410000 -12.110000 -68.180000
8.051848 6.790830 0.409173 0.210000 -5.460000 -34.230000
8.386844 5.592027 0.732204 -20.719999 2.100000 8.260000
8.807980 3.962514 1.339981 -18.760000 1.540000 17.639999
8.807980 3.962514 1.339981 -18.760000 1.540000 17.639999
9.044869 3.361916 1.383051 -9.800000 -0.210000 16.309999
8.958728 3.361916 1.627119 2.310000 -1.120000 11.480000
9.080762 3.292524 1.349552 -14.980000 -1.820000 8.680000
9.080762 3.292524 1.349552 -14.980000 -1.820000 8.680000
8.970692 3.058028 1.426122 -7.490000 0.980000 8.050000
9.008978 3.527020 1.433301 0.630000 3.500000 7.350000
