2.172683 -10.430314 2.555535 4.200000 5.250000 -23.520000
2.392823 -10.985448 2.790031 -7.700000 3.080000 -49.000000
2.349752 -11.251052 3.043670 -26.460001 -1.820000 -73.919998
2.447858 -12.418750 1.612763 -34.790001 -6.580000 -110.389999
2.632105 -12.729815 1.744368 -11.060000 -4.270000 -128.940002
3.510271 -11.593226 2.072184 18.760000 -1.610000 -165.550003
3.510271 -11.593226 2.072184 18.760000 -1.610000 -165.550003
5.029713 -9.018548 1.871187 31.430000 -3.850000 -191.380005
5.029713 -9.018548 1.871187 31.430000 -3.850000 -191.380005
5.414958 -7.412964 2.452643 31.990000 -6.790000 -197.750000
5.912664 -4.917251 2.455036 31.639999 -15.400000 -203.279999
6.367301 -3.952943 2.263610 31.360001 -20.650000 -210.070007
6.171089 -2.009971 2.127219 35.490002 -26.250000 -215.880005
7.039684 -0.605384 2.287539 21.420000 -31.430000 -215.809998
6.747760 0.677169 1.502693 28.280001 -33.110001 -203.770004
6.508478 2.593820 1.079163 23.520000 -28.910000 -199.220001
6.824330 3.194418 0.928415 20.790001 -28.490000 -193.410004
6.317052 8.501699 0.193819 35.560001 -6.370000 -146.649994
6.317052 8.501699 0.193819 35.560001 -6.370000 -146.649994
6.412765 9.387043 0.533599 -1.680000 2.870000 -85.750000
6.412765 9.387043 0.533599 -1.680000 2.870000 -85.750000
6.795617 8.891729 1.129412 -12.320000 5.180000 -31.500000
6.795617 8.891729 1.129412 -12.320000 5.180000 -31.500000
7.202396 6.515656 1.538585 -16.660000 -2.170000 3.360000
7.202396 6.515656 1.538585 -16.660000 -2.170000 3.360000
7.513463 6.058627 1.471586 -11.900000 -3.290000 6.370000
7.491928 6.139983 1.574477 -10.290000 0.140000 5.530000
7.247860 5.891129 1.959722 -8.540000 3.500000 9.310000
