2.318645 -9.815358 2.696711 -3.360000 2.240000 -16.450001
2.517249 -10.255639 2.778067 -8.890000 2.100000 -25.690001
2.677568 -11.227123 3.022135 -11.620000 -0.980000 -57.750000
2.677568 -11.227123 3.022135 -11.620000 -0.980000 -57.750000
2.713461 -12.236896 2.938386 -7.840000 -1.610000 -85.959999
3.462414 -12.047862 2.976671 -10.500000 -3.640000 -130.899994
3.462414 -12.047862 2.976671 -10.500000 -3.640000 -130.899994
4.677969 -9.808180 2.608176 -0.840000 -16.240000 -190.750000
4.677969 -9.808180 2.608176 -0.840000 -16.240000 -190.750000
4.831109 -9.188439 2.746960 7.420000 -17.639999 -198.800003
5.647062 -6.975078 2.177469 24.219999 -21.490000 -209.089996
5.603990 -4.996214 2.139183 20.020000 -24.710001 -210.490005
6.032306 -4.211368 1.988436 14.210000 -26.740000 -211.539993
6.032306 -4.211368 1.988436 14.210000 -26.740000 -211.539993
5.974878 -3.515057 1.402194 19.180000 -28.070000 -215.740005
5.974878 -3.515057 1.402194 19.180000 -28.070000 -215.740005
6.233303 -1.201197 1.435694 48.650002 -32.340000 -217.770004
6.486942 0.454636 1.332802 63.070000 -36.189999 -213.990005
6.920043 6.513263 0.468993 65.099998 -33.529999 -168.139999
6.874579 7.712067 0.323031 30.660000 -31.430000 -145.600006
6.874579 7.712067 0.323031 30.660000 -31.430000 -145.600006
7.707282 7.829315 -0.251246 -10.360000 -21.070000 -93.940002
7.491928 7.645068 -0.107677 -4.270000 -9.450000 -52.639999
7.855636 7.534998 0.076570 -0.840000 -4.830000 -34.090000
8.350951 4.601398 0.445065 -18.340000 -0.490000 10.710000
8.561519 3.936193 0.502493 -15.190001 -0.140000 10.290000
8.561519 3.936193 0.502493 -15.190001 -0.140000 10.290000
9.056834 3.979264 0.751346 -2.520000 0.490000 6.930000
9.131011 4.036692 0.940379 -10.920000 -0.420000 6.650000
9.131011 4.036692 0.940379 -10.920000 -0.420000 6.650000
8.898908 4.218546 1.103091 1.750000 2.940000 6.090000
8.973085 4.137190 1.000200 -14.560000 3.290000 7.630000
