1.971686 -10.313066 3.067599 -3.570000 -2.310000 -23.660000
2.098505 -11.760723 2.507678 -35.980000 -9.940000 -58.520000
2.098505 -11.760723 2.507678 -35.980000 -9.940000 -58.520000
2.304288 -12.177074 2.505285 -14.000000 -8.260000 -93.099998
3.125026 -12.437892 1.844866 -28.280001 -8.610000 -140.839996
3.125026 -12.437892 1.844866 -28.280001 -8.610000 -140.839996
4.005585 -11.095518 1.966900 0.560000 -3.010000 -167.369995
4.005585 -11.095518 1.966900 0.560000 -3.010000 -167.369995
4.658825 -9.401401 1.631905 -6.230000 -1.540000 -198.169998
4.847858 -8.135597 1.414158 4.200000 -3.010000 -214.410004
4.847858 -8.135597 1.414158 4.200000 -3.010000 -214.410004
5.613562 -2.309074 1.122234 37.660000 -9.730000 -238.910004
6.336195 -0.868595 1.165305 41.230000 -14.700000 -239.119995
6.812366 1.105484 1.153341 54.459999 -20.090000 -225.050003
6.812366 1.105484 1.153341 54.459999 -20.090000 -225.050003
6.745367 7.197611 0.727418 34.299999 -18.200001 -173.880005
7.487142 7.015756 0.631705 -26.250000 -14.560000 -119.489998
7.479963 8.286345 0.538385 17.080000 -0.980000 -71.889999
7.439285 8.276773 0.844666 7.700000 1.680000 -49.279999
8.183454 6.776474 0.945165 -23.590000 2.730000 -10.150000
8.183454 6.776474 0.945165 -23.590000 2.730000 -10.150000
8.386844 4.591826 0.990629 -12.950000 0.420000 22.750000
8.386844 4.591826 0.990629 -12.950000 0.420000 22.750000
9.001799 3.292524 1.076770 -27.719999 -0.840000 25.690001
9.066404 2.344966 1.148555 -3.150000 -3.150000 19.879999
9.303294 2.665605 1.150948 2.590000 -0.210000 13.930000
9.391829 2.797210 1.493121 -16.309999 0.350000 9.730000
9.410972 2.644069 1.483550 -6.510000 2.940000 6.020000
9.238688 2.964707 1.751546 3.150000 3.710000 5.040000
9.119047 3.395415 1.782653 0.840000 3.290000 5.810000
