2.270789 -9.600004 2.689533 -1.960000 3.920000 -8.960000
2.232504 -9.882358 2.591427 -12.460000 1.890000 -15.960000
2.395216 -10.707881 2.684747 3.850000 3.220000 -32.830002
2.395216 -10.707881 2.684747 3.850000 3.220000 -32.830002
2.431108 -10.715059 2.672783 -7.490000 2.310000 -54.180000
2.608176 -11.598011 2.723032 -31.010000 -3.010000 -74.970001
3.089134 -11.609976 2.514857 -28.280001 -3.990000 -90.019997
3.072384 -12.000006 2.737389 -12.740000 -1.960000 -119.209999
4.536791 -10.849058 1.926222 -28.559999 -3.570000 -159.740005
4.965107 -9.645468 2.062613 13.440001 -2.170000 -180.669998
4.965107 -9.645468 2.062613 13.440001 -2.170000 -180.669998
6.142376 -7.403394 1.978864 21.070000 -3.010000 -189.139999
6.259624 -4.878965 2.108077 25.340000 -8.330000 -186.970001
6.570691 -3.172883 1.823331 27.930000 -11.830000 -183.680008
6.570691 -3.172883 1.823331 27.930000 -11.830000 -183.680008
6.774081 -2.208575 1.773082 25.200001 -12.320000 -181.369995
7.159326 -0.990629 1.691726 36.470001 -14.000000 -169.889999
7.125826 0.275175 1.710868 28.559999 -19.879999 -159.389999
7.944171 2.361716 1.306481 31.430000 -16.590000 -135.100006
8.271988 4.031906 0.715454 22.260000 -12.950000 -110.669998
8.389235 4.558327 1.021735 15.820000 -9.590000 -98.910004
8.171489 4.919643 0.815953 10.990000 -1.400000 -71.750000
8.453842 5.754738 1.304088 -7.700000 3.500000 -45.430000
8.453842 5.754738 1.304088 -7.700000 3.500000 -45.430000
8.786445 5.477170 1.232304 -18.480000 3.080000 -30.940001
8.532805 4.644469 1.320838 0.770000 5.250000 -11.060000
8.951550 4.441079 1.557728 -3.220000 2.240000 1.050000
8.951550 4.441079 1.557728 -3.220000 2.240000 1.050000
8.908479 3.103491 1.698904 -10.500000 0.280000 10.780000
9.138189 2.897708 1.677369 -3.080000 0.210000 10.220000
9.138189 2.897708 1.677369 -3.080000 0.210000 10.220000
9.145369 2.778067 1.749153 -10.150000 1.120000 10.780000
9.085547 2.498107 1.782653 -3.080000 2.450000 8.750000
9.166903 2.794817 1.713261 -0.350000 3.990000 8.260000
9.166903 2.794817 1.713261 -0.350000 3.990000 8.260000
8.946764 2.773281 1.909473 -3.360000 2.730000 9.660000
