1.596013 -10.889735 3.254239 -18.059999 -2.450000 -24.850000
1.596013 -10.889735 3.254239 -18.059999 -2.450000 -24.850000
1.777867 -12.074183 3.103491 -15.960000 -6.580000 -64.820000
2.201397 -12.169895 2.912065 -47.389999 -13.370000 -112.629997
2.933600 -12.349358 2.026721 -32.970001 -17.639999 -144.619995
2.873780 -11.801401 2.251646 -29.820000 -16.940001 -174.930008
3.201597 -11.626726 1.079163 -21.770000 -21.700001 -189.630005
5.182854 -8.587841 1.567299 18.549999 -16.309999 -209.089996
6.022735 -5.424529 1.189233 10.640000 -14.280000 -209.300003
6.027520 -4.163511 1.294517 9.310000 -12.600000 -199.710007
6.027520 -4.163511 1.294517 9.310000 -12.600000 -199.710007
6.120840 -3.074777 1.404587 15.680000 -12.040000 -199.990005
6.486942 -2.167897 1.050449 20.299999 -12.740000 -199.500000
6.388836 -1.253839 1.060020 28.980000 -12.600000 -195.789993
6.312266 0.045464 0.911665 26.460001 -12.180000 -195.649994
7.164111 1.584049 0.739382 39.410000 -11.760000 -188.509995
7.164111 1.584049 0.739382 39.410000 -11.760000 -188.509995
7.609176 5.297709 0.189033 40.389999 -9.170000 -169.330002
7.716853 8.035098 0.416351 26.250000 -3.430000 -129.360001
7.716853 8.035098 0.416351 26.250000 -3.430000 -129.360001
8.250452 7.475177 0.748954 -26.530001 -0.840000 -43.119999
8.147561 6.422336 1.033699 -33.389999 0.700000 -13.650000
8.185846 5.474778 1.117448 -25.129999 -0.140000 2.310000
8.673983 4.541577 0.981057 -23.170000 0.350000 5.530000
8.673983 4.541577 0.981057 -23.170000 0.350000 5.530000
8.516055 4.019942 1.390230 -3.500000 1.540000 7.770000
8.590233 4.168297 1.660619 6.370000 0.280000 8.330000
8.662018 3.833302 1.459622 -10.430000 -1.470000 9.170000
8.709875 3.680161 1.282553 -10.220000 1.960000 7.140000
8.860621 3.641876 1.368695 -5.670000 1.750000 5.320000
8.853443 3.893122 1.579263 0.490000 5.600000 4.620000
8.870193 4.268795 1.818545 -1.190000 5.880000 4.970000
8.898908 4.211368 1.694118 -3.570000 5.740000 6.300000
8.898908 4.211368 1.694118 -3.570000 5.740000 6.300000
8.784052 3.873980 1.641476 -3.710000 0.420000 8.960000
8.784052 3.873980 1.641476 -3.710000 0.420000 8.960000
8.805587 3.768696 1.718047 -3.500000 -0.630000 8.960000
8.843873 3.737589 1.663012 -7.840000 0.140000 7.840000
