2.502892 -10.585848 2.974278 -4.550000 -2.100000 -25.129999
2.502892 -10.585848 2.974278 -4.550000 -2.100000 -25.129999
2.502892 -10.585848 2.974278 -4.550000 -2.100000 -25.129999
2.687140 -11.705689 2.916851 -28.700001 -8.120000 -51.590000
2.687140 -11.705689 2.916851 -28.700001 -8.120000 -51.590000
3.261417 -11.916256 1.375873 -32.410000 -9.310000 -101.500000
4.048656 -10.554741 1.325624 31.290001 5.600000 -154.350006
4.493721 -9.891929 1.476372 11.130000 4.060000 -162.399994
4.493721 -9.891929 1.476372 11.130000 4.060000 -162.399994
5.682954 -8.142776 1.674976 31.219999 -4.900000 -204.050003
5.761917 -7.027720 2.026721 26.670000 -5.180000 -210.279999
5.431707 -5.525027 1.744368 34.650002 -10.780000 -216.509995
5.431707 -5.525027 1.744368 34.650002 -10.780000 -216.509995
6.415157 -1.287339 1.548156 61.880001 -19.600000 -213.500000
6.415157 -1.287339 1.548156 61.880001 -19.600000 -213.500000
6.666404 2.653640 1.301696 49.349998 -27.370001 -169.259995
7.324430 4.754539 1.552942 47.670002 -26.530001 -155.330002
8.075776 5.572884 0.727418 -17.500000 -16.660000 -83.160004
8.260024 5.608776 0.579063 8.260000 -14.000000 -68.949997
8.571091 6.396015 0.873380 17.290001 -7.490000 -40.670002
8.571091 6.396015 0.873380 17.290001 -7.490000 -40.670002
8.769694 5.496314 0.983450 -21.420000 -3.080000 -9.030000
8.939585 5.156533 0.722632 -24.780001 -1.680000 0.840000
8.927622 3.165704 1.217947 -10.220000 2.100000 15.540000
8.968300 2.974278 1.127020 -11.830000 0.980000 16.030001
9.030513 2.584249 1.402194 -11.480000 1.260000 14.560000
9.030513 2.584249 1.402194 -11.480000 1.260000 14.560000
9.040084 2.543570 1.509871 -1.750000 2.030000 10.780000
9.198010 2.495714 1.576870 -1.190000 1.330000 8.890000
9.272188 2.868994 1.658226 -7.700000 1.960000 7.630000
9.276974 3.017349 1.564906 -3.220000 3.570000 7.420000
