2.081756 -9.097511 3.665804 1.960000 1.470000 -4.970000
2.213361 -9.954143 3.515057 -11.900000 -1.120000 -13.370000
2.103291 -10.238889 3.677768 -12.180000 -1.120000 -22.330000
2.103291 -10.238889 3.677768 -12.180000 -1.120000 -22.330000
2.323431 -12.346965 4.022335 -41.930000 -17.290001 -86.239998
2.323431 -12.346965 4.022335 -41.930000 -17.290001 -86.239998
3.263810 -11.779866 3.254239 -31.150000 -19.600000 -132.229996
3.885944 -10.882557 2.804388 -17.990000 -20.790001 -155.190002
4.197011 -10.609775 2.746960 -11.900000 -22.190001 -165.970001
4.197011 -10.609775 2.746960 -11.900000 -22.190001 -165.970001
5.000999 -7.989635 2.007578 7.630000 -29.120001 -201.250000
5.000999 -7.989635 2.007578 7.630000 -29.120001 -201.250000
5.146961 -7.501499 1.885544 21.700001 -30.799999 -207.550003
6.147161 -4.764110 2.206182 31.219999 -32.340000 -212.100006
6.711867 -2.017149 1.019342 42.420002 -39.270000 -206.080002
6.922436 1.399801 0.457029 7.140000 -43.820000 -183.960007
6.922436 1.399801 0.457029 7.140000 -43.820000 -183.960007
7.226324 4.555934 0.040678 54.670002 -25.480000 -150.149994
7.226324 4.555934 0.040678 54.670002 -25.480000 -150.149994
8.090133 7.271788 -0.107677 -20.160000 -21.350000 -97.650002
8.056634 6.661618 -0.136391 3.570000 -11.340000 -64.680000
8.425128 6.754939 0.232104 -7.000000 -7.070000 -32.200001
8.520842 6.204589 0.102891 -18.340000 -6.370000 -18.830000
8.432307 5.139783 0.133998 -13.510000 -4.340000 0.420000
8.822337 4.713861 0.229711 -14.770000 -2.660000 6.790000
8.822337 3.684947 0.179462 -0.490000 -0.560000 8.120000
8.822337 3.684947 0.179462 -0.490000 -0.560000 8.120000
8.791230 3.907479 0.521635 -7.210000 0.420000 7.140000
8.882158 3.696911 0.454636 -11.550000 1.260000 7.700000
8.839087 3.948158 0.485743 -1.610000 2.660000 9.450000
