2.589034 -12.997812 2.194218 -21.490000 -4.690000 -109.830002
3.010171 -12.758532 2.074577 -7.350000 0.350000 -175.279999
3.010171 -12.758532 2.074577 -7.350000 0.350000 -175.279999
3.495914 -11.258230 1.538585 0.350000 -0.210000 -206.500000
3.737589 -10.681561 1.698904 8.190000 -2.310000 -219.520004
4.232903 -9.324830 1.911865 15.680000 -6.650000 -250.110001
5.096712 -6.242875 1.789831 45.990002 -8.890000 -264.809998
5.778666 -1.021735 1.696511 72.169998 -24.360001 -252.559998
5.778666 -1.021735 1.696511 72.169998 -24.360001 -252.559998
5.833702 1.548156 1.165305 66.570000 -31.150000 -219.240005
5.589634 2.945565 0.806381 61.599998 -30.450001 -205.100006
5.876772 4.173083 1.074377 23.730000 -29.049999 -183.330002
6.642475 4.981857 -0.016750 -0.630000 -19.600000 -158.270004
6.637690 8.298308 0.327817 3.570000 -4.480000 -98.139999
7.456036 8.123632 1.031307 -16.240000 3.220000 -29.820000
7.456036 8.123632 1.031307 -16.240000 3.220000 -29.820000
7.951349 6.544370 1.191626 -28.490000 1.050000 3.010000
8.051848 5.132604 1.605584 -29.960001 -0.560000 19.040001
8.441878 4.759324 1.471586 -26.880001 -0.350000 23.100000
8.664411 4.010371 1.399801 -11.760000 -0.770000 23.379999
8.745767 3.665804 1.873580 -6.860000 -1.540000 19.389999
