2.455036 -9.016156 3.412165 -6.160000 1.190000 -4.410000
2.474179 -9.446864 3.412165 -12.880000 1.610000 -8.610000
2.464607 -10.669596 3.357130 -23.870001 7.420000 -29.469999
2.830709 -11.444871 3.519842 -27.299999 7.770000 -50.750000
3.134598 -11.588440 3.113062 -21.139999 4.830000 -62.860001
3.134598 -11.588440 3.113062 -21.139999 4.830000 -62.860001
3.471986 -11.540584 3.354738 -20.860001 0.350000 -85.750000
3.979264 -11.320443 3.010171 -34.930000 -6.720000 -103.739998
4.661219 -10.403993 2.912065 -6.300000 -7.000000 -127.120003
5.096712 -9.320045 2.471786 -19.460001 -15.610000 -141.259995
5.333601 -9.008978 2.352145 -18.620001 -14.210000 -145.880005
5.333601 -9.008978 2.352145 -18.620001 -14.210000 -145.880005
5.752346 -7.829315 2.591427 -15.960000 -12.880000 -154.839996
6.065805 -6.745367 2.273181 -7.630000 -13.090000 -161.279999
6.094519 -6.293124 1.988436 -7.700000 -14.280000 -164.289993
6.235696 -4.261617 1.794617 6.160000 -12.950000 -182.630005
6.238089 -3.529413 1.552942 11.480000 -13.370000 -187.529999
6.714260 -1.734797 1.423729 38.849998 -11.760000 -189.070007
6.599405 0.579063 1.579263 51.240002 -14.910000 -183.259995
6.544370 1.404587 1.514657 44.450001 -17.150000 -176.750000
6.530013 2.962314 0.875773 34.790001 -15.260000 -161.000000
6.530013 2.962314 0.875773 34.790001 -15.260000 -161.000000
7.063612 4.055835 0.978664 20.370001 -14.420000 -151.270004
7.061220 4.649254 0.978664 13.440001 -10.010000 -144.550003
7.061220 4.649254 0.978664 13.440001 -10.010000 -144.550003
7.061220 4.649254 0.978664 13.440001 -10.010000 -144.550003
7.283752 7.817351 0.550349 15.190001 -2.380000 -96.320000
7.415358 8.257630 0.717847 -0.630000 4.900000 -48.790001
7.415358 8.257630 0.717847 -0.630000 4.900000 -48.790001
7.664211 7.570890 1.170090 -11.200000 9.030000 -7.840000
7.822137 6.836295 1.213161 -10.780000 7.420000 10.220000
7.843673 5.874380 1.454836 -8.400000 6.090000 17.990000
