2.900101 -10.368099 3.955336 -15.120000 -7.000000 -24.990000
2.847459 -12.047862 3.424129 -40.040001 -20.930000 -70.559998
3.529413 -11.918649 2.579463 -21.559999 -19.950001 -101.849998
3.806981 -11.583653 2.170290 -9.170000 -16.660000 -130.059998
3.806981 -11.583653 2.170290 -9.170000 -16.660000 -130.059998
4.065405 -10.951948 2.201397 -6.020000 -15.680000 -143.919998
4.637290 -9.611969 1.773082 23.450001 -8.190000 -182.770004
4.637290 -9.611969 1.773082 23.450001 -8.190000 -182.770004
4.972286 -8.149954 2.017149 20.650000 -8.820000 -194.600006
6.120840 -6.793223 1.689333 16.100000 -9.870000 -207.339996
6.187840 -4.261617 1.730011 81.410004 -9.170000 -215.949997
6.867401 -1.043271 1.761117 35.980000 -18.969999 -218.680008
6.867401 -1.043271 1.761117 35.980000 -18.969999 -218.680008
6.551548 1.349552 0.775275 43.400002 -10.920000 -200.479996
6.817152 8.647661 1.416551 -2.940000 -6.230000 -132.580002
7.496714 8.063812 1.227518 -5.320000 -2.730000 -105.629997
7.137790 8.642875 1.962115 1.960000 5.320000 -51.730000
7.137790 8.642875 1.962115 1.960000 5.320000 -51.730000
7.676175 6.824330 1.871187 -16.450001 1.820000 -12.670000
7.676175 6.824330 1.871187 -16.450001 1.820000 -12.670000
8.166703 3.656233 2.088934 -18.900000 -4.970000 25.410000
8.166703 3.656233 2.088934 -18.900000 -4.970000 25.410000
8.779266 2.679961 2.014757 -1.890000 -6.020000 18.270000
8.779266 2.679961 2.014757 -1.890000 -6.020000 18.270000
9.209974 2.897708 2.201397 -6.370000 -3.290000 11.270000
9.209974 2.897708 2.201397 -6.370000 -3.290000 11.270000
9.221939 3.115455 2.450250 5.040000 1.050000 10.080000
9.078369 3.110669 2.577070 -7.560000 3.220000 9.310000
