1.684547 -11.815758 2.201397 -36.959999 -6.230000 -44.730000
2.065006 -12.818351 2.313859 -10.640000 -2.030000 -94.570000
2.309074 -12.294323 1.847259 -18.760000 -0.070000 -129.779999
2.309074 -12.294323 1.847259 -18.760000 -0.070000 -129.779999
3.141776 -11.578869 1.471586 8.260000 -0.070000 -171.990005
3.342773 -10.310673 1.569692 20.090000 -0.630000 -196.630005
4.096512 -9.518648 1.588834 24.150000 -3.780000 -205.869995
4.967500 -7.834101 1.806581 13.370000 -10.990000 -217.279999
4.967500 -7.834101 1.806581 13.370000 -10.990000 -217.279999
5.699703 -5.742774 1.596013 27.860001 -12.460000 -225.119995
6.065805 -2.904887 1.311267 31.990000 -13.160000 -228.410004
6.374479 -0.780060 0.990629 22.610001 -12.600000 -220.710007
6.891330 -0.016750 1.124627 20.440001 -13.860000 -218.190002
6.690332 1.856830 0.813560 48.580002 -13.720000 -207.899994
6.704689 5.647062 0.739382 53.689999 -9.730000 -179.339996
7.764710 7.934600 0.023928 0.770000 -7.630000 -110.040001
7.764710 7.934600 0.023928 0.770000 -7.630000 -110.040001
7.556533 7.456036 0.870987 5.250000 2.100000 -38.360001
7.965706 6.242875 0.959522 -14.700000 1.680000 -0.910000
8.286345 3.993621 1.093520 -23.590000 1.470000 17.850000
8.286345 3.993621 1.093520 -23.590000 1.470000 17.850000
8.597411 3.337988 1.280160 -10.150000 0.070000 13.720000
9.032906 3.302095 1.610370 -2.590000 -0.980000 5.250000
8.968300 3.663411 1.481157 -2.590000 -1.750000 2.590000
8.992228 3.809374 1.447658 -1.470000 1.750000 6.440000
8.992228 3.809374 1.447658 -1.470000 1.750000 6.440000
8.992228 3.809374 1.447658 -1.470000 1.750000 6.440000
8.987441 3.574877 1.406980 -7.140000 5.670000 3.710000
8.757731 3.680161 1.643869 -0.700000 6.510000 4.690000
8.939585 3.919443 1.686940 -5.950000 4.830000 4.480000
8.779266 3.998406 1.718047 2.450000 4.830000 6.090000
