2.598605 -12.119646 2.825923 -9.310000 -5.740000 -48.160000
3.069991 -12.473784 2.450250 -29.820000 -7.210000 -111.440002
3.189633 -12.547962 2.364109 -19.250000 -6.300000 -127.540001
3.577270 -11.641083 2.182254 -19.320000 -3.430000 -163.380005
4.158726 -11.227123 1.782653 6.020000 -3.150000 -193.759995
4.158726 -11.227123 1.782653 6.020000 -3.150000 -193.759995
4.651647 -10.176675 1.799403 33.950001 -0.910000 -206.990005
5.690133 -5.982057 1.904687 41.020000 -12.950000 -228.479996
6.166305 -4.342973 2.134398 63.840000 -14.280000 -227.220001
6.132804 -2.400001 2.112862 42.770000 -21.770000 -222.250000
6.235696 -0.933201 1.557728 35.700001 -24.639999 -216.790009
6.235696 -0.933201 1.557728 35.700001 -24.639999 -216.790009
6.355337 0.373280 1.629512 44.939999 -25.760000 -213.710007
6.204589 4.244867 0.557528 54.250000 -25.340000 -194.180008
6.147161 6.037091 -0.064606 66.220001 -17.920000 -176.190002
6.173482 10.305886 0.471386 23.940001 -9.800000 -124.040001
7.147361 9.561719 0.557528 -41.160000 -3.500000 -68.809998
6.924829 8.566305 0.313460 -17.990000 3.990000 -42.000000
6.924829 8.566305 0.313460 -17.990000 3.990000 -42.000000
7.082755 8.085347 1.466800 -8.470000 7.910000 -8.960000
7.628319 5.254639 1.533799 -50.750000 0.420000 17.290001
8.181061 4.809574 1.698904 -16.799999 -2.100000 17.850000
8.549555 3.720839 1.497907 -26.460001 -3.920000 12.880000
8.484949 3.783052 1.878366 -9.310000 -2.590000 11.830000
8.484949 3.783052 1.878366 -9.310000 -2.590000 11.830000
8.568698 4.134798 1.935793 -6.440000 -1.540000 6.300000
8.738588 4.290331 1.852045 -7.000000 2.520000 4.760000
