2.014757 -10.461421 3.316452 -1.400000 1.680000 -24.990000
2.273181 -12.035898 3.340380 -7.350000 -4.130000 -55.160000
2.273181 -12.035898 3.340380 -7.350000 -4.130000 -55.160000
2.529213 -11.088341 3.584448 -19.950001 -7.840000 -80.849998
2.388037 -11.803794 3.448057 -34.369999 -13.510000 -93.449997
2.813959 -11.753544 2.512464 -14.560000 -16.240000 -125.790001
3.615555 -10.205389 2.639283 -11.830000 -15.820000 -159.529999
4.960321 -8.717053 1.603191 -1.890000 -16.100000 -175.419998
4.960321 -8.717053 1.603191 -1.890000 -16.100000 -175.419998
5.694918 -7.666604 2.388037 -8.470000 -12.250000 -178.850006
6.051448 -7.338787 1.995614 -10.360000 -13.930000 -180.949997
6.506085 -4.646862 1.720440 -0.280000 -14.770000 -191.520004
6.506085 -4.646862 1.720440 -0.280000 -14.770000 -191.520004
6.838687 -3.840480 1.698904 9.520000 -13.650000 -192.080002
6.623333 -1.978864 1.445265 27.580000 -16.240000 -192.500000
6.793223 -0.117248 1.136591 32.970001 -18.620001 -185.570007
7.412964 2.416751 1.177269 23.870001 -20.160000 -167.580002
7.764710 4.476971 0.799203 42.000000 -16.799999 -145.740005
7.764710 4.476971 0.799203 42.000000 -16.799999 -145.740005
7.649854 5.539384 0.734596 43.119999 -19.180000 -130.690002
8.109276 6.678369 0.693919 -0.770000 -12.950000 -76.300003
8.142776 6.608976 0.507278 -5.810000 -6.790000 -41.439999
8.305488 6.080163 0.533599 -9.450000 -1.190000 -12.460000
8.255238 4.991428 0.636491 -9.730000 3.010000 6.090000
8.353344 4.625326 0.559920 -10.500000 2.100000 10.850000
8.951550 4.024727 0.789631 -13.510000 1.960000 14.910000
8.951550 4.024727 0.789631 -13.510000 1.960000 14.910000
9.114261 3.414558 1.215554 -9.870000 1.050000 14.140000
8.946764 3.074777 1.167697 -5.600000 0.210000 12.670000
8.946764 3.074777 1.167697 -5.600000 0.210000 12.670000
9.351151 3.091527 1.112662 -4.060000 0.700000 10.640000
9.040084 3.426522 1.062413 -1.330000 3.640000 9.730000
