1.957329 -11.791830 2.488536 -26.600000 -1.470000 -44.869999
2.256432 -12.287145 3.022135 -13.930000 -0.840000 -92.260002
2.830709 -12.691531 1.964507 -27.510000 -1.820000 -124.250000
3.034099 -12.478570 2.699104 -25.129999 -1.820000 -140.279999
3.637090 -12.375679 2.067399 -17.920000 -4.620000 -176.750000
4.328616 -10.571491 2.163112 -11.620000 -3.990000 -204.889999
4.328616 -10.571491 2.163112 -11.620000 -3.990000 -204.889999
4.675575 -9.370294 2.055435 -8.610000 -3.570000 -215.529999
5.852845 -4.493721 1.596013 34.930000 -2.730000 -226.940002
5.589634 -3.519842 1.548156 31.219999 -6.230000 -224.630005
5.589634 -3.519842 1.548156 31.219999 -6.230000 -224.630005
5.996413 -2.014757 1.548156 42.279999 -14.490000 -218.470001
6.082555 -0.363709 1.062413 40.250000 -22.260000 -212.380005
6.285945 2.428715 0.598206 45.779999 -28.280001 -194.529999
6.285945 2.428715 0.598206 45.779999 -28.280001 -194.529999
6.549156 5.534599 -0.150748 70.489998 -23.100000 -161.210007
6.807580 6.934400 -0.227318 78.889999 -19.250000 -144.550003
7.434500 8.252845 0.574277 13.090000 -16.450001 -104.090004
7.499106 7.666604 0.346959 -31.500000 -8.400000 -58.869999
7.999206 6.812366 0.634098 -10.850000 -0.770000 -8.890000
8.408379 5.718846 0.940379 -25.059999 -2.940000 9.660000
8.118847 4.845466 0.811167 -22.820000 -4.480000 14.910000
8.118847 4.845466 0.811167 -22.820000 -4.480000 14.910000
8.731410 4.206582 0.629312 -18.270000 -7.980000 15.400000
8.606983 4.110869 1.064806 -18.760000 -5.530000 15.260000
9.008978 3.393023 0.933201 -3.220000 -2.940000 12.040000
9.008978 3.393023 0.933201 -3.220000 -2.940000 12.040000
8.731410 3.969693 1.141376 2.380000 1.260000 11.270000
8.865408 4.153940 0.949951 -7.490000 3.010000 16.940001
8.697910 4.675575 1.019342 1.190000 4.270000 22.820000
