2.416751 -7.855636 1.959722 -1.120000 0.980000 4.060000
1.880759 -6.352944 1.485943 -2.870000 6.020000 8.190000
1.806581 -5.355137 1.349552 -6.720000 11.130000 26.180000
1.806581 -5.355137 1.349552 -6.720000 11.130000 26.180000
1.481157 -4.914857 1.272982 -1.960000 14.910000 37.240002
0.583849 -4.383651 0.880559 2.800000 22.049999 65.940002
0.703490 -5.795416 1.629512 19.320000 27.650000 95.690002
-0.083749 -6.077770 1.667797 23.170000 31.010000 101.220001
-1.555335 -7.286145 1.856830 -5.460000 34.299999 113.330002
-2.210968 -8.338986 2.206182 -8.960000 32.759998 119.770004
-2.806781 -8.391629 1.866402 -6.370000 37.660000 119.980003
-4.742575 -9.229117 2.270789 -6.510000 44.170002 127.330002
-4.742575 -9.229117 2.270789 -6.510000 44.170002 127.330002
-5.417351 -8.913264 1.875973 -1.610000 49.840000 127.470001
-6.350551 -8.776874 2.459821 -2.310000 50.889999 127.400002
-8.853443 -9.037691 2.337788 -0.700000 41.160000 137.550003
-8.934800 -8.042276 1.789831 -44.520000 25.969999 135.869995
-8.934800 -8.042276 1.789831 -44.520000 25.969999 135.869995
-9.430114 -9.298509 0.899701 -56.139999 16.100000 144.759995
-9.238688 -9.810574 1.591227 -19.600000 14.910000 153.160004
-9.566505 -9.568897 1.256232 -15.190001 17.010000 129.080002
-9.717253 -10.162319 1.335195 36.330002 27.860001 120.400002
-10.052249 -6.891330 1.258625 28.559999 30.520000 89.739998
-9.243474 -8.149954 1.538585 -18.549999 21.070000 80.709999
-9.351151 -7.396214 1.665405 12.670000 24.639999 64.959999
-8.657232 -6.340980 1.318445 -47.040001 -0.910000 45.570000
-8.877372 -6.381658 1.296910 -22.960001 -0.910000 36.330002
-9.487542 -5.178068 0.942772 -10.710000 3.220000 24.219999
-9.487542 -5.178068 0.942772 -10.710000 3.220000 24.219999
-9.178867 -4.689932 1.093520 -22.820000 0.350000 12.390000
-9.142976 -4.426722 0.859023 -22.330000 0.840000 7.140000
-9.226725 -3.254239 0.722632 -5.670000 0.560000 -3.780000
-9.274581 -3.251846 0.662812 -6.440000 -0.770000 -5.320000
-9.274581 -3.251846 0.662812 -6.440000 -0.770000 -5.320000
-9.477970 -2.581856 0.710668 8.890000 -2.940000 -4.200000
-9.477970 -2.581856 0.710668 8.890000 -2.940000 -4.200000
-9.432507 -2.452643 0.571885 1.190000 -4.410000 -4.200000
