0.990629 -9.509077 2.165504 -0.560000 3.010000 1.750000
0.902094 -9.454042 2.093720 4.550000 4.480000 3.990000
0.827917 -9.542577 2.177469 4.130000 4.550000 4.340000
0.739382 -9.475577 2.258825 0.280000 3.990000 3.850000
0.739382 -9.475577 2.258825 0.280000 3.990000 3.850000
0.725025 -9.372685 2.172683 2.030000 4.270000 4.830000
0.643669 -9.013763 2.110470 2.660000 4.410000 5.250000
0.277567 -7.726424 1.887937 0.910000 7.000000 16.450001
0.344566 -7.568498 1.981257 1.050000 8.680000 20.790001
-0.184247 -7.173682 1.572084 4.690000 10.850000 32.480000
-0.184247 -7.173682 1.572084 4.690000 10.850000 32.480000
-0.634098 -7.214360 1.969293 11.410000 15.120000 46.970001
-0.713061 -7.276574 1.880759 8.540000 15.750000 52.500000
-2.062613 -7.582855 2.053042 4.620000 27.650000 68.180000
-2.428715 -7.747960 1.785046 3.850000 27.230000 73.220001
-2.801995 -7.659425 2.438286 2.590000 28.770000 83.860001
-3.804588 -8.102098 1.873580 -7.770000 30.380001 90.370003
-3.804588 -8.102098 1.873580 -7.770000 30.380001 90.370003
-4.417150 -8.190632 1.914258 4.970000 30.730000 99.260002
-4.417150 -8.190632 1.914258 4.970000 30.730000 99.260002
-5.953342 -9.226725 1.588834 -28.000000 27.719999 115.290001
-6.817152 -7.968100 1.957329 -51.380001 11.340000 95.199997
-6.817152 -7.968100 1.957329 -51.380001 11.340000 95.199997
-6.728617 -10.205389 1.655833 -50.680000 -10.500000 110.669998
-7.166504 -9.262616 1.619941 -16.309999 -6.790000 111.020004
-8.592626 -8.238488 1.440479 -27.090000 -12.600000 92.050003
-8.573483 -7.853244 0.906880 -37.730000 -14.910000 93.449997
-8.362915 -8.468199 1.098306 11.900000 -2.520000 94.080002
-8.362915 -8.468199 1.098306 11.900000 -2.520000 94.080002
-9.559326 -6.568298 0.756132 -7.140000 -1.260000 74.199997
-8.932407 -6.599405 0.208176 -26.600000 -4.970000 76.790001
-9.174082 -6.441479 0.351745 25.690001 13.020000 65.239998
-8.941978 -7.068398 0.385244 19.740000 12.390000 61.810001
-8.812766 -6.709475 1.088734 9.520000 15.610000 45.920002
-8.922836 -5.915058 0.507278 -26.389999 13.580000 26.600000
-8.554340 -5.998806 0.535992 -33.320000 14.280000 22.960001
-8.932407 -4.910072 0.401994 -12.250000 21.910000 5.320000
-8.760124 -4.773681 0.497707 -8.820000 21.350000 6.230000
-8.812766 -4.761717 0.918844 14.560000 22.190001 4.270000
-8.812766 -4.761717 0.918844 14.560000 22.190001 4.270000
-9.138189 -4.455436 0.942772 11.550000 19.110001 0.840000
-9.150154 -4.302295 0.830309 4.830000 9.940000 1.120000
-9.138189 -3.967300 0.885344 5.390000 4.690000 -0.770000
-9.231510 -3.821337 0.636491 -0.840000 2.380000 -0.910000
-9.183653 -3.694518 0.473779 -0.980000 -0.140000 1.120000
-9.190832 -3.668197 0.366102 5.250000 -1.610000 2.100000
