2.840281 -9.078369 2.505285 1.330000 0.280000 3.220000
2.359323 -8.762517 2.277967 1.680000 0.560000 3.430000
2.318645 -8.202596 2.048256 4.690000 1.260000 4.830000
2.318645 -8.202596 2.048256 4.690000 1.260000 4.830000
1.213161 -6.049056 1.416551 -4.200000 12.040000 18.270000
1.213161 -6.049056 1.416551 -4.200000 12.040000 18.270000
1.450050 -5.608776 1.251446 -6.580000 13.300000 24.290001
0.358923 -5.393422 1.464408 0.420000 29.540001 56.490002
0.358923 -5.393422 1.464408 0.420000 29.540001 56.490002
0.330210 -5.807381 1.395016 -7.980000 29.750000 65.449997
-0.361316 -7.664211 2.464607 20.790001 32.970001 86.029999
-1.308874 -6.829116 2.031506 -6.440000 34.160000 92.750000
-2.943172 -8.738588 2.055435 -16.240000 29.330000 107.730003
-3.113062 -9.028119 1.871187 -56.000000 17.290001 116.830002
-3.113062 -9.028119 1.871187 -56.000000 17.290001 116.830002
-3.345166 -10.090532 1.952543 -38.920002 20.650000 122.290001
-5.072784 -9.052048 1.337588 -21.980000 18.690001 118.790001
-5.912664 -10.396815 1.153341 -36.680000 14.630000 124.389999
-6.128019 -10.461421 1.610370 -28.420000 4.270000 117.459999
-7.544570 -9.511470 0.669990 -38.849998 10.780000 109.900002
-7.953743 -9.310472 0.519243 -46.130001 7.350000 106.820000
-7.489535 -9.848858 0.849452 -26.809999 0.980000 108.919998
-7.489535 -9.848858 0.849452 -26.809999 0.980000 108.919998
-7.891530 -8.554340 0.480957 -18.480000 3.570000 94.290001
-8.592626 -9.032906 0.799203 13.720000 -0.210000 95.410004
-7.539784 -8.427521 1.172483 19.600000 -9.870000 90.860001
-8.398808 -8.171489 0.926022 14.700000 -5.460000 85.750000
-8.815158 -6.936793 0.689133 -11.410000 -14.910000 79.590004
-8.815158 -6.936793 0.689133 -11.410000 -14.910000 79.590004
-8.298308 -7.999206 0.768096 -35.209999 -21.700001 74.620003
-8.432307 -7.645068 0.794417 -28.700001 -16.730000 60.830002
-8.099705 -8.018349 0.033500 -37.240002 -8.540000 21.490000
-8.463413 -6.367301 0.344566 10.570000 4.200000 2.310000
-8.554340 -5.716454 0.488136 -6.160000 3.290000 -7.560000
-8.628519 -5.422136 0.480957 -10.290000 3.360000 -11.550000
-8.628519 -5.422136 0.480957 -10.290000 3.360000 -11.550000
-8.386844 -5.005785 0.425922 -6.930000 2.240000 -12.810000
-8.683553 -4.441079 0.669990 2.870000 0.560000 -7.560000
