1.677369 -8.932407 2.074577 -5.390000 -1.120000 2.870000
1.763510 -8.997013 2.146362 -2.590000 0.700000 5.950000
1.438086 -8.171489 1.808974 -1.680000 1.400000 11.690000
1.189233 -7.341179 1.856830 -2.030000 3.780000 18.690001
1.012164 -7.099504 1.749153 -6.370000 5.880000 21.910000
1.012164 -7.099504 1.749153 -6.370000 5.880000 21.910000
0.301496 -6.872187 1.895115 -8.120000 11.060000 49.209999
0.301496 -6.872187 1.895115 -8.120000 11.060000 49.209999
-0.672383 -7.463214 1.959722 -0.280000 11.410000 70.489998
-1.016950 -8.202596 2.287539 3.780000 11.480000 81.830002
-1.651048 -8.087741 2.045863 -2.870000 12.670000 84.629997
-2.407180 -8.836694 1.852045 -15.470000 8.330000 94.080002
-3.287738 -8.915657 1.952543 5.670000 15.120000 93.239998
-3.287738 -8.915657 1.952543 5.670000 15.120000 93.239998
-4.127619 -9.678967 1.605584 -16.799999 15.960000 99.820000
-4.474578 -9.346365 1.540978 -0.350000 20.650000 97.930000
-5.647062 -10.442278 1.749153 -7.630000 18.549999 103.739998
-6.020342 -9.071191 1.397408 -7.490000 17.150000 92.610001
-6.585048 -8.539984 0.729811 -19.809999 17.639999 93.099998
-7.063612 -9.116654 1.466800 -9.590000 18.480000 96.459999
-7.329216 -7.738388 0.734596 -29.400000 16.240000 90.019997
-7.436893 -8.729016 1.043271 -39.689999 13.160000 95.620003
-8.386844 -8.657232 1.732404 3.290000 18.760000 88.480003
-8.377272 -7.822137 1.127020 -17.780001 11.550000 82.669998
-8.470592 -8.494520 1.330409 -24.219999 7.000000 86.029999
-8.470592 -8.494520 1.330409 -24.219999 7.000000 86.029999
-8.812766 -7.513463 1.426122 -2.030000 3.500000 78.889999
-8.475377 -8.070991 0.500100 13.090000 0.630000 81.269997
-7.965706 -7.372287 1.033699 -28.840000 -3.850000 55.580002
-7.965706 -7.372287 1.033699 -28.840000 -3.850000 55.580002
-8.647661 -7.594819 0.973879 -10.570000 -1.400000 48.509998
-9.169296 -6.017949 1.040878 -0.420000 -3.150000 33.810001
-8.578269 -5.922236 0.514457 -33.740002 -8.120000 26.180000
-8.578269 -5.922236 0.514457 -33.740002 -8.120000 26.180000
-8.140383 -6.106483 0.693919 -19.879999 -5.530000 23.590000
-8.824730 -5.072784 0.746561 6.020000 -1.820000 14.980000
-8.906086 -4.596612 0.636491 -2.520000 -4.410000 12.320000
-8.614161 -4.515256 0.873380 -0.490000 -5.600000 11.200000
-9.020942 -4.055835 0.729811 -1.190000 -3.780000 3.290000
-9.020942 -4.055835 0.729811 -1.190000 -3.780000 3.290000
-9.257831 -3.921836 0.713061 -0.840000 -2.590000 2.310000
-9.257831 -3.921836 0.713061 -0.840000 -2.590000 2.310000
