1.521835 -9.123833 2.014757 -0.560000 -3.080000 5.460000
1.509871 -8.697910 1.873580 -2.730000 -2.660000 6.020000
1.057628 -6.989435 1.483550 9.030000 2.450000 22.330000
1.057628 -6.989435 1.483550 9.030000 2.450000 22.330000
0.866202 -6.573084 1.409373 -0.840000 3.360000 28.350000
0.454636 -6.436693 1.335195 -14.420000 6.300000 41.439999
-0.191426 -6.946364 1.375873 3.080000 14.910000 54.389999
-1.048056 -6.812366 1.639083 -9.450000 21.280001 69.230003
-1.954936 -7.726424 1.928615 -25.129999 24.080000 80.639999
-1.954936 -7.726424 1.928615 -25.129999 24.080000 80.639999
-1.873580 -8.542377 2.120041 -21.980000 20.230000 84.980003
-2.964707 -7.695317 1.426122 -12.180000 27.790001 90.790001
-4.278367 -8.250452 1.471586 -28.210001 22.260000 105.070000
-4.859823 -8.743374 1.268196 -9.380000 23.520000 115.849998
-6.230910 -9.123833 1.383051 -19.250000 11.060000 123.550003
-6.348158 -8.721838 0.799203 -27.650000 8.330000 125.510002
-6.786045 -10.872985 1.895115 -22.190001 3.360000 133.559998
-7.623533 -10.059426 1.911865 -7.910000 1.120000 114.660004
-7.623533 -10.059426 1.911865 -7.910000 1.120000 114.660004
-8.039884 -8.925228 0.756132 -32.830002 -1.120000 109.410004
-8.516055 -8.283953 0.823131 -19.040001 -3.360000 91.070000
-8.312666 -8.015956 0.181855 -36.540001 -7.280000 90.860001
-8.731410 -8.331808 0.794417 -8.190000 -0.700000 86.379997
-8.731410 -8.331808 0.794417 -8.190000 -0.700000 86.379997
-8.444271 -7.403394 0.519243 -13.440001 -2.730000 76.019997
-8.245667 -7.841280 0.464208 -17.080000 -5.180000 75.599998
-8.992228 -7.118648 0.559920 14.910000 -3.360000 70.559998
-7.994420 -6.798009 0.557528 -19.740000 -14.840000 62.790001
-9.061620 -5.675776 0.519243 -7.490000 -11.830000 38.570000
-9.061620 -5.675776 0.519243 -7.490000 -11.830000 38.570000
-8.573483 -5.989235 0.691526 -16.940001 -11.060000 32.480000
-8.573483 -5.989235 0.691526 -16.940001 -11.060000 32.480000
-8.760124 -4.914857 0.634098 -3.920000 -4.900000 11.060000
-8.879765 -4.395615 0.602991 -1.890000 -3.850000 6.090000
-8.903693 -4.211368 0.660419 -2.380000 -0.770000 3.220000
-8.903693 -4.211368 0.660419 -2.380000 -0.770000 3.220000
-9.008978 -4.118048 0.619741 1.470000 2.310000 -0.490000
-9.111869 -3.924229 0.533599 1.260000 4.690000 -4.270000
-9.085547 -3.699304 0.854238 5.950000 6.230000 -3.710000
