1.225125 -7.824530 1.799403 14.910000 5.950000 14.140000
1.225125 -7.824530 1.799403 14.910000 5.950000 14.140000
0.818345 -7.176075 1.521835 -8.050000 4.410000 28.210001
0.385244 -6.644868 1.454836 -2.940000 7.980000 38.009998
0.021535 -6.424729 1.490728 -2.170000 10.080000 45.080002
-0.662812 -6.388836 1.277767 -6.090000 14.770000 59.080002
-1.141376 -7.087541 1.643869 8.960000 12.810000 79.590004
-1.596013 -6.970293 1.581656 5.320000 12.530000 86.449997
-2.641676 -7.661818 1.234696 -15.330000 14.280000 96.250000
-3.318845 -7.908278 1.545763 -6.790000 14.070000 112.000000
-3.318845 -7.908278 1.545763 -6.790000 14.070000 112.000000
-3.390630 -8.161918 1.430908 -13.090000 17.639999 115.919998
-4.804788 -9.166903 1.251446 -7.280000 23.379999 119.419998
-5.582455 -9.755538 2.383251 7.350000 18.830000 128.309998
-7.130611 -9.894321 1.861616 14.700000 16.379999 129.289993
-7.140182 -9.915856 2.682354 50.680000 8.400000 141.259995
-7.262216 -9.382257 2.823531 44.450001 10.570000 133.490005
-8.654840 -8.965906 2.222932 -7.770000 11.270000 124.809998
-8.654840 -8.965906 2.222932 -7.770000 11.270000 124.809998
-8.193025 -9.032906 2.155933 17.500000 14.490000 105.000000
-8.193025 -9.032906 2.155933 17.500000 14.490000 105.000000
-8.197811 -9.028119 1.768296 50.820000 19.600000 94.709999
-8.951550 -6.836295 2.167897 71.540001 26.880001 82.320000
-8.819944 -6.154340 2.208575 -6.650000 18.480000 62.650002
-8.819944 -6.154340 2.208575 -6.650000 18.480000 62.650002
-9.020942 -7.200003 2.246860 -30.870001 7.350000 56.490002
-8.824730 -6.716653 2.038685 -19.460001 6.160000 53.480000
-8.894121 -5.692525 2.076970 -31.150000 0.910000 25.620001
-8.894121 -5.692525 2.076970 -31.150000 0.910000 25.620001
-8.918050 -5.295317 1.840081 -47.880001 -1.890000 21.139999
-8.578269 -5.601598 1.509871 -53.480000 -0.980000 11.270000
-8.956335 -5.245068 1.375873 -2.870000 7.630000 -0.910000
-9.059227 -4.520042 1.361516 1.610000 8.680000 -1.960000
-8.934800 -4.096512 1.349552 1.750000 3.920000 -4.620000
-8.934800 -4.096512 1.349552 1.750000 3.920000 -4.620000
-9.023334 -3.924229 1.253839 3.430000 2.450000 -3.290000
-8.970692 -3.795017 1.225125 0.210000 0.350000 -2.380000
-9.011370 -3.591627 1.205983 5.600000 1.470000 -1.050000
-8.982656 -3.419343 1.205983 1.400000 1.680000 0.560000
-9.025726 -3.445665 0.942772 -14.490000 -0.490000 2.730000
-9.068797 -3.828516 1.062413 -11.340000 0.280000 5.250000
