2.474179 -8.630912 1.674976 -7.350000 -2.940000 6.510000
2.404787 -8.429914 1.691726 -5.950000 -2.730000 9.590000
2.404787 -8.429914 1.691726 -5.950000 -2.730000 9.590000
1.284946 -6.513263 1.339981 5.670000 3.080000 27.580000
1.284946 -6.513263 1.339981 5.670000 3.080000 27.580000
1.287339 -6.063413 1.131805 0.350000 3.710000 33.810001
1.002593 -6.398407 1.177269 -6.650000 9.240000 51.380001
0.468993 -6.013163 1.052842 -7.560000 10.150000 66.919998
-0.708275 -7.343572 1.177269 -4.620000 16.170000 84.559998
-1.277767 -7.611568 1.153341 -15.960000 16.940001 98.699997
-1.277767 -7.611568 1.153341 -15.960000 16.940001 98.699997
-1.464408 -8.444271 1.612763 -14.420000 19.740000 103.529999
-3.024528 -8.346166 0.921237 -8.820000 29.120001 107.800003
-4.115655 -9.992428 1.636691 -3.010000 22.330000 120.330002
-4.115655 -9.992428 1.636691 -3.010000 22.330000 120.330002
-4.924429 -8.992228 1.160519 0.350000 25.620001 121.309998
-5.895915 -10.059426 1.653440 -4.690000 23.590000 124.320000
-6.230910 -10.107283 1.911865 4.200000 16.940001 128.309998
-6.472585 -8.920443 1.562513 -21.000000 12.040000 122.220001
-7.958528 -10.305886 2.275574 22.469999 10.220000 118.720001
-7.925028 -7.549356 0.863809 -19.879999 9.520000 101.989998
-9.131011 -10.360922 0.528814 -41.509998 3.220000 101.570000
-8.975478 -9.676575 0.839881 -3.850000 7.350000 97.160004
-8.092526 -8.535198 1.040878 -11.760000 8.330000 80.570000
-8.863015 -8.618947 0.476172 -38.849998 -1.750000 70.209999
-8.200203 -8.341379 0.251246 -44.029999 -5.320000 66.080002
-8.489735 -6.745367 0.770489 18.129999 4.270000 40.810001
-8.712267 -6.376873 0.610170 4.900000 5.530000 36.889999
-8.362915 -6.302694 0.457029 -23.799999 -6.510000 35.139999
-8.362915 -6.302694 0.457029 -23.799999 -6.510000 35.139999
-8.609376 -5.972485 0.579063 -0.210000 -6.720000 27.580000
-8.788837 -5.632704 0.516850 4.760000 -7.000000 23.450001
-8.685946 -5.027320 0.591027 -25.480000 -10.290000 20.020000
-8.853443 -5.292924 0.196211 -32.340000 -7.980000 10.430000
-8.853443 -5.292924 0.196211 -32.340000 -7.980000 10.430000
-8.676375 -5.151747 0.306281 -17.780001 -2.730000 5.880000
-8.537591 -4.881358 0.413958 -5.950000 1.050000 4.130000
-8.566305 -4.914857 0.323031 -2.660000 2.380000 2.870000
-8.886944 -4.867002 0.356531 5.110000 3.500000 0.210000
