2.012364 -7.549356 2.256432 6.510000 2.310000 12.250000
1.701297 -7.180861 1.998007 0.420000 2.100000 16.870001
1.210768 -6.015556 1.567299 -13.720000 0.840000 30.590000
0.949951 -6.003592 0.988236 -20.299999 12.040000 46.200001
0.241675 -5.560920 0.921237 -20.230000 17.360001 54.810001
0.241675 -5.560920 0.921237 -20.230000 17.360001 54.810001
0.555135 -7.707282 1.588834 -12.950000 16.520000 74.269997
0.555135 -7.707282 1.588834 -12.950000 16.520000 74.269997
0.555135 -7.707282 1.588834 -12.950000 16.520000 74.269997
0.555135 -7.707282 1.588834 -12.950000 16.520000 74.269997
0.555135 -7.707282 1.588834 -12.950000 16.520000 74.269997
-0.669990 -7.477571 1.643869 11.690000 21.280001 80.639999
-0.964308 -8.030313 1.560120 -3.080000 17.080000 87.080002
-0.964308 -8.030313 1.560120 -3.080000 17.080000 87.080002
-2.711068 -9.748360 1.543371 -13.930000 12.740000 91.910004
-2.711068 -9.748360 1.543371 -13.930000 12.740000 91.910004
-4.520042 -10.164711 1.629512 -7.560000 21.350000 95.059998
-4.651647 -8.480164 1.828116 4.830000 17.500000 91.489998
-4.651647 -8.480164 1.828116 4.830000 17.500000 91.489998
-5.840880 -9.710074 1.215554 -34.230000 8.680000 106.190002
-5.929415 -7.712067 1.816152 33.599998 22.610001 104.090004
-8.051848 -8.317451 0.440279 -50.820000 6.510000 126.070000
-7.862815 -8.061419 1.062413 3.710000 8.330000 128.869995
-9.370294 -8.147561 0.184247 -8.330000 16.030001 117.599998
-9.755538 -9.480364 0.239282 -13.860000 13.160000 121.660004
-9.123833 -8.918050 1.923829 20.020000 7.560000 105.349998
-9.123833 -8.918050 1.923829 20.020000 7.560000 105.349998
-9.068797 -8.425128 1.244268 -45.709999 -1.610000 86.870003
-8.958728 -8.370094 1.177269 21.280001 3.430000 64.820000
-8.817552 -6.606583 0.959522 10.640000 2.800000 47.810001
-8.472985 -6.920043 0.918844 -2.030000 -0.420000 42.630001
-8.886944 -6.154340 0.961915 3.080000 -2.030000 28.700001
-8.829515 -5.785845 0.253639 -17.150000 -10.290000 21.280001
-8.496914 -5.702096 0.502493 -18.129999 -12.460000 19.110001
-9.097511 -4.790431 0.437887 -14.560000 -5.880000 6.020000
-8.946764 -4.524827 0.457029 -11.760000 -6.020000 4.340000
-8.743374 -4.113262 0.605384 1.050000 -0.140000 2.240000
-9.099905 -3.670590 0.916451 8.050000 3.150000 2.240000
-9.135797 -3.730411 0.732204 3.150000 2.240000 2.520000
