2.605784 -9.142976 1.361516 -5.530000 3.290000 3.640000
2.409572 -8.520842 1.359123 -0.070000 5.950000 7.840000
1.694118 -7.621140 1.024128 0.350000 8.120000 9.170000
1.330409 -6.652047 0.825524 0.490000 9.870000 11.760000
1.330409 -6.652047 0.825524 0.490000 9.870000 11.760000
1.493121 -5.826523 0.720240 -3.360000 12.600000 25.059999
0.820738 -5.675776 0.837488 11.060000 18.690001 49.630001
0.435494 -5.180461 0.859023 -3.010000 17.500000 60.830002
0.923629 -7.563712 1.098306 -14.420000 14.980000 79.800003
-0.799203 -7.769495 1.464408 12.740000 21.000000 85.610001
-1.203590 -8.008778 1.225125 2.170000 17.150000 93.519997
-1.715654 -8.800802 1.634298 -2.660000 18.900000 104.300003
-3.103491 -8.271988 1.016950 -0.070000 29.469999 98.769997
-3.570091 -8.822337 1.354338 -10.500000 24.710001 107.309998
-3.613162 -9.011370 1.854438 -10.920000 18.760000 117.110001
-3.613162 -9.011370 1.854438 -10.920000 18.760000 117.110001
-4.936393 -9.243474 0.617348 -30.660000 24.219999 112.349998
-5.479564 -10.657632 1.574477 -20.440001 17.850000 123.760002
-7.180861 -10.770095 1.122234 -5.250000 16.170000 121.169998
-7.465607 -11.349157 2.263610 11.620000 11.130000 125.580002
-6.606583 -9.657433 1.739582 5.320000 7.770000 107.169998
-8.350951 -10.183852 1.591227 -6.020000 6.440000 98.209999
-8.315059 -10.073784 1.674976 0.700000 -0.840000 96.879997
-8.025528 -8.212167 1.289732 -25.410000 -5.600000 82.040001
-8.025528 -8.212167 1.289732 -25.410000 -5.600000 82.040001
-7.960921 -8.492127 -0.009571 -15.120000 -9.100000 81.830002
-8.092526 -6.678369 0.598206 -7.910000 -3.710000 71.820000
-8.092526 -6.678369 0.598206 -7.910000 -3.710000 71.820000
-8.346166 -7.456036 0.014357 -40.670002 -4.760000 54.459999
-8.334201 -7.216753 0.284746 -16.240000 -3.850000 49.420002
-8.248059 -6.958328 0.689133 -3.920000 -0.630000 40.459999
-8.248059 -6.958328 0.689133 -3.920000 -0.630000 40.459999
-8.664411 -6.766902 0.708275 -10.780000 0.420000 34.439999
-8.353344 -6.721439 0.552742 -20.650000 -3.360000 17.780001
-8.353344 -6.721439 0.552742 -20.650000 -3.360000 17.780001
-8.343772 -5.316852 0.392423 -30.590000 -5.950000 6.440000
-8.513663 -5.659025 0.385244 -19.670000 -3.850000 2.800000
-8.513663 -5.659025 0.385244 -19.670000 -3.850000 2.800000
-8.647661 -5.101498 0.344566 -9.660000 -2.380000 1.470000
