3.333202 -8.626125 2.419144 0.140000 6.440000 3.850000
3.455236 -8.551948 2.313859 -3.500000 5.110000 6.580000
2.699104 -7.680960 2.122434 1.680000 2.310000 14.700000
2.589034 -7.302894 2.132005 -1.610000 0.280000 19.040001
2.356930 -6.719046 1.773082 -11.340000 0.630000 24.150000
2.356930 -6.719046 1.773082 -11.340000 0.630000 24.150000
1.383051 -5.900701 1.447658 -1.470000 6.370000 37.380001
1.031307 -5.474778 1.399801 0.910000 7.840000 44.240002
0.988236 -5.577669 1.079163 -22.469999 9.520000 68.739998
0.988236 -5.577669 1.079163 -22.469999 9.520000 68.739998
0.057428 -7.008578 0.744168 -25.690001 16.730000 89.599998
0.057428 -7.008578 0.744168 -25.690001 16.730000 89.599998
0.057428 -7.008578 0.744168 -25.690001 16.730000 89.599998
0.057428 -7.008578 0.744168 -25.690001 16.730000 89.599998
0.057428 -7.008578 0.744168 -25.690001 16.730000 89.599998
-4.328616 -8.645268 1.416551 11.130000 33.880001 114.029999
-5.044070 -10.011569 2.067399 -19.950001 17.990000 126.699997
-6.929615 -8.398808 0.174676 -0.420000 26.180000 122.500000
-6.929615 -8.398808 0.174676 -0.420000 26.180000 122.500000
-7.479963 -8.525627 0.421137 -6.230000 20.930000 125.860001
-6.920043 -9.523434 1.998007 26.460001 22.610001 132.789993
-8.657232 -9.662218 2.385644 -8.890000 25.480000 127.889999
-9.209974 -8.477771 2.263610 9.100000 28.770000 110.599998
-9.786645 -8.518449 0.995414 -21.840000 15.400000 120.400002
-8.774480 -9.836893 2.859423 -10.220000 0.070000 122.080002
-9.437292 -7.822137 2.201397 36.400002 19.530001 89.320000
-9.310472 -8.250452 1.631905 -27.580000 -0.420000 89.809998
-9.310472 -8.250452 1.631905 -27.580000 -0.420000 89.809998
-8.267202 -9.482756 2.175076 -6.020000 -7.840000 76.230003
-9.410972 -7.087541 1.622334 23.660000 0.070000 57.889999
-8.367701 -6.769295 1.667797 -26.950001 -11.550000 47.950001
-8.654840 -7.109076 1.351945 -25.059999 -8.820000 41.439999
-8.271988 -5.264209 0.835095 -33.529999 -11.900000 26.460001
-8.877372 -5.024928 0.969093 -12.740000 -5.460000 11.550000
-8.877372 -5.024928 0.969093 -12.740000 -5.460000 11.550000
-8.970692 -4.555934 0.892523 -1.330000 1.190000 5.250000
-8.827123 -4.412365 1.229911 3.920000 4.620000 0.560000
-9.147761 -3.811767 1.244268 2.380000 7.000000 -5.670000
-8.932407 -3.974478 1.251446 -5.600000 3.220000 -6.720000
-8.705089 -4.094120 1.375873 -1.750000 2.940000 -7.350000
-8.705089 -4.094120 1.375873 -1.750000 2.940000 -7.350000
