1.974079 -9.693325 2.333002 -1.610000 -3.500000 6.020000
1.978864 -9.260223 2.237289 -0.630000 -3.290000 5.810000
1.591227 -8.465806 1.916651 -4.130000 -0.910000 6.370000
1.591227 -8.465806 1.916651 -4.130000 -0.910000 6.370000
1.325624 -7.470392 1.579263 -13.580000 3.920000 10.850000
1.074377 -6.967900 1.710868 3.430000 10.290000 20.650000
0.535992 -6.376873 1.263410 -4.130000 21.280001 45.779999
0.535992 -6.376873 1.263410 -4.130000 21.280001 45.779999
-0.062213 -6.750153 1.497907 18.410000 25.690001 60.480000
-0.524028 -6.541977 1.756332 28.559999 26.530001 67.480003
-2.012364 -7.592427 2.282753 -18.059999 17.850000 95.620003
-2.012364 -7.592427 2.282753 -18.059999 17.850000 95.620003
-2.498107 -7.645068 2.074577 -29.260000 17.010000 101.220001
-3.139383 -8.721838 2.000400 -27.090000 15.330000 106.470001
-4.692325 -9.202796 1.313660 -23.520000 16.450001 120.610001
-5.350351 -8.920443 1.995614 -10.360000 19.389999 118.790001
-6.453443 -8.886944 0.540778 -29.889999 21.210001 119.980003
-6.857830 -10.310673 1.543371 -26.880001 19.320000 124.809998
-6.752545 -9.982857 2.991028 5.390000 11.620000 110.250000
-7.300502 -8.796017 1.428515 -41.369999 10.220000 106.610001
-8.437093 -9.104690 2.201397 2.240000 -0.560000 98.070000
-8.075776 -7.846066 1.189233 -20.580000 -4.340000 93.519997
-8.537591 -9.032906 0.196211 -71.470001 -6.020000 93.730003
-8.537591 -9.032906 0.196211 -71.470001 -6.020000 93.730003
-8.149954 -8.544770 0.497707 4.550000 0.770000 84.840004
-8.231310 -7.692925 0.552742 24.360001 3.990000 77.629997
-8.221739 -7.889136 1.205983 -21.490000 -3.710000 37.240002
-8.394022 -7.826923 1.138984 -38.639999 -8.260000 28.770000
-8.331808 -6.793223 0.516850 -48.230000 -10.850000 11.550000
-8.209774 -6.329016 0.445065 -53.200001 -13.020000 7.350000
-8.181061 -5.723632 0.177069 -52.360001 -12.740000 1.470000
-8.128418 -5.525027 -0.057428 -38.849998 -11.060000 2.940000
-8.504091 -5.041678 0.265603 1.820000 -2.520000 8.050000
-8.504091 -5.041678 0.265603 1.820000 -2.520000 8.050000
-8.647661 -4.766503 0.361316 5.530000 -0.840000 9.380000
-8.640482 -4.893322 0.430708 6.370000 0.070000 9.030000
-8.697910 -4.807181 0.579063 10.850000 2.310000 7.560000
-8.740981 -4.991428 0.543171 7.910000 4.830000 4.970000
