1.753939 -8.221739 2.122434 2.310000 2.450000 7.210000
1.672583 -7.934600 2.057827 1.960000 3.290000 10.500000
0.909273 -6.269196 1.538585 -2.590000 13.650000 26.389999
0.758525 -6.094519 1.734797 -6.650000 17.010000 35.630001
0.758525 -6.094519 1.734797 -6.650000 17.010000 35.630001
0.138784 -5.974878 1.852045 -3.990000 22.889999 49.980000
-0.842274 -6.975078 1.923829 -4.200000 25.830000 81.059998
-1.385444 -7.980063 2.553142 6.930000 30.030001 91.070000
-1.828116 -8.898908 2.483750 -1.680000 26.880001 99.610001
-1.828116 -8.898908 2.483750 -1.680000 26.880001 99.610001
-3.309274 -8.822337 2.639283 -9.310000 27.230000 99.889999
-3.309274 -8.822337 2.639283 -9.310000 27.230000 99.889999
-3.601198 -9.796216 2.660819 -11.270000 16.799999 111.300003
-5.608776 -8.358130 1.368695 -32.480000 24.710001 103.459999
-5.331209 -9.748360 2.249253 -9.450000 15.470000 120.889999
-5.783452 -8.793623 2.294717 -2.100000 20.230000 110.320000
-7.305287 -8.097312 0.722632 -42.490002 19.180000 118.300003
-7.558927 -9.602397 2.289931 23.030001 24.430000 122.639999
-7.558927 -9.602397 2.289931 23.030001 24.430000 122.639999
-7.757531 -8.109276 2.289931 19.530001 26.110001 108.639999
-8.956335 -7.946564 1.868794 6.300000 32.970001 99.120003
-8.956335 -7.946564 1.868794 6.300000 32.970001 99.120003
-9.087940 -7.130611 1.655833 8.960000 33.670002 96.320000
-9.243474 -7.975278 1.146162 -5.320000 27.160000 97.370003
-9.391829 -7.365108 1.220340 -10.570000 22.400000 89.180000
-9.391829 -7.365108 1.220340 -10.570000 22.400000 89.180000
-9.068797 -7.642675 0.940379 -6.300000 14.770000 70.349998
-9.068797 -7.642675 0.940379 -6.300000 14.770000 70.349998
-9.068797 -7.642675 0.940379 -6.300000 14.770000 70.349998
-8.898908 -5.283352 0.516850 -23.170000 -8.610000 28.350000
-9.025726 -5.063213 0.478565 -11.060000 -3.150000 20.370001
-9.142976 -4.438686 0.626920 3.500000 1.820000 12.250000
-9.162118 -4.137190 0.629312 -0.560000 2.730000 8.890000
-9.075976 -4.199404 0.638884 -2.870000 3.640000 3.780000
-9.207582 -3.577270 0.667598 4.200000 3.640000 -0.490000
-9.140583 -3.385844 0.684347 0.560000 2.030000 -2.800000
-9.135797 -3.591627 0.461815 1.260000 -1.120000 0.420000
-9.214760 -3.594020 0.562313 2.380000 -0.910000 -1.470000
