1.959722 -9.408579 2.167897 -0.840000 -2.870000 3.990000
2.076970 -9.348758 2.263610 -0.280000 -1.820000 5.880000
1.758725 -8.578269 1.962115 0.560000 0.350000 5.320000
1.428515 -7.714460 1.854438 6.790000 3.780000 8.540000
1.428515 -7.714460 1.854438 6.790000 3.780000 8.540000
1.184447 -6.544370 1.629512 16.940001 5.670000 19.110001
0.875773 -5.759524 1.715654 9.660000 9.240000 27.930000
-0.452243 -5.534599 1.117448 -0.840000 23.730000 65.590004
-0.873380 -5.685347 1.318445 8.890000 24.780001 77.840004
-0.873380 -5.685347 1.318445 8.890000 24.780001 77.840004
-1.514657 -6.003592 1.665405 -1.610000 28.280001 95.340004
-2.711068 -7.515855 1.399801 9.240000 37.380001 113.680000
-4.022335 -8.137990 2.268396 -3.780000 37.730000 129.360001
-5.869594 -8.506484 2.093720 2.450000 50.470001 132.860001
-6.577869 -8.714661 2.524428 -5.530000 45.360001 133.279999
-6.817152 -9.375079 1.911865 -21.629999 38.080002 134.119995
-8.781659 -9.556933 2.199004 -11.130000 42.279999 143.220001
-8.781659 -9.556933 2.199004 -11.130000 42.279999 143.220001
-8.903693 -8.700303 1.454836 -8.610000 27.860001 141.680008
-9.466006 -10.382458 2.495714 -2.870000 21.070000 144.410004
-9.162118 -10.236496 2.797210 26.950001 18.760000 133.210007
-9.162118 -10.236496 2.797210 26.950001 18.760000 133.210007
-9.844072 -7.180861 1.787439 8.540000 10.500000 119.000000
-9.054441 -9.765109 2.347359 -21.490000 -2.100000 123.199997
-9.372685 -9.310472 2.510071 25.900000 4.480000 109.550003
-9.104690 -7.561320 2.639283 -4.130000 -1.820000 70.279999
-8.994620 -5.694918 1.677369 -75.599998 -8.610000 39.900002
-8.994620 -5.694918 1.677369 -75.599998 -8.610000 39.900002
-8.920443 -5.670990 1.438086 -75.529999 -10.640000 25.059999
-8.762517 -5.192425 1.198804 -57.330002 -6.790000 19.250000
-8.906086 -4.386044 1.103091 -42.279999 -2.100000 16.170000
-8.922836 -4.388437 1.268196 -12.180000 1.540000 13.300000
-9.193225 -3.696911 1.311267 -4.480000 4.060000 10.710000
-9.257831 -3.716053 1.280160 -12.320000 2.240000 4.480000
-9.248260 -3.553342 1.282553 2.590000 4.690000 1.610000
-9.178867 -3.220739 1.313660 -1.680000 2.310000 -0.070000
-9.178867 -3.220739 1.313660 -1.680000 2.310000 -0.070000
-9.133404 -3.292524 1.330409 -3.570000 1.260000 0.420000
-9.109475 -3.601198 1.170090 1.680000 0.840000 -0.700000
