1.629512 -9.631111 2.280360 -6.720000 -5.180000 6.020000
1.392623 -8.975478 2.160719 -2.800000 0.420000 5.390000
1.392623 -8.975478 2.160719 -2.800000 0.420000 5.390000
1.174876 -8.575876 2.076970 0.420000 3.430000 6.860000
0.772882 -7.762317 1.758725 -7.770000 6.160000 10.710000
0.306281 -7.207181 1.560120 -2.730000 10.430000 18.549999
0.306281 -7.207181 1.560120 -2.730000 10.430000 18.549999
0.306281 -7.207181 1.560120 -2.730000 10.430000 18.549999
-0.126820 -5.965307 1.433301 -16.799999 12.180000 39.759998
-0.126820 -5.965307 1.433301 -16.799999 12.180000 39.759998
-0.509671 -6.920043 2.105684 11.340000 19.180000 65.590004
-0.509671 -6.920043 2.105684 11.340000 19.180000 65.590004
-2.239682 -8.724231 2.096112 4.340000 18.200001 97.510002
-3.637090 -8.319844 1.770689 -2.660000 22.260000 100.029999
-3.637090 -8.319844 1.770689 -2.660000 22.260000 100.029999
-4.527221 -8.874979 1.981257 17.010000 27.230000 104.860001
-4.527221 -8.874979 1.981257 17.010000 27.230000 104.860001
-5.958128 -8.918050 1.942972 -19.040001 23.309999 110.669998
-6.647261 -8.465806 1.284946 -21.910000 25.900000 108.849998
-7.228717 -8.719445 1.899901 -12.320000 16.870001 123.199997
-7.255038 -8.226524 1.246661 -45.920002 10.500000 117.949997
-7.872386 -9.028119 0.851845 -47.810001 9.240000 119.489998
-7.872386 -9.028119 0.851845 -47.810001 9.240000 119.489998
-8.769694 -9.059227 1.296910 13.650000 8.400000 126.279999
-8.494520 -8.173882 1.380659 -3.570000 9.100000 111.440002
-9.202796 -8.482556 1.272982 -22.330000 8.470000 104.440002
-8.767302 -8.985049 1.227518 -21.210001 9.590000 90.790001
-9.358330 -7.692925 1.208375 -9.590000 24.080000 63.980000
-9.075976 -7.465607 0.914058 -17.990000 22.889999 55.160000
-8.477771 -7.355537 0.890130 -15.050000 18.760000 49.700001
-8.994620 -5.948557 0.964308 -4.060000 14.770000 36.259998
-8.492127 -5.302495 0.325424 -51.450001 -4.760000 35.349998
-8.401200 -5.692525 0.421137 -17.080000 -3.710000 34.299999
-8.793623 -5.331209 0.394816 -0.350000 -1.400000 29.330000
-8.793623 -5.331209 0.394816 -0.350000 -1.400000 29.330000
-9.188439 -5.108676 0.299103 -14.070000 -3.780000 23.799999
-8.956335 -5.027320 0.507278 -4.200000 -4.200000 17.710001
-9.032906 -4.833502 0.567099 -3.290000 -2.590000 12.950000
-9.183653 -4.766503 0.339781 -4.620000 -1.190000 5.250000
-9.064013 -4.536791 0.392423 1.540000 -0.490000 -0.630000
