1.964507 -9.291330 2.246860 -0.630000 -1.680000 2.940000
1.964507 -9.291330 2.246860 -0.630000 -1.680000 2.940000
1.749153 -8.484949 2.129612 0.280000 2.030000 6.510000
1.373480 -7.345965 1.789831 -0.210000 4.410000 10.710000
1.098306 -6.652047 1.519442 -4.970000 6.930000 14.700000
1.098306 -6.652047 1.519442 -4.970000 6.930000 14.700000
0.887737 -6.120840 1.189233 -4.060000 10.290000 28.490000
0.564706 -5.335995 1.165305 -4.200000 19.950001 45.150002
0.421137 -6.116055 1.299303 -11.340000 25.480000 56.840000
-0.830309 -7.680960 2.036292 -0.630000 27.860001 78.959999
-1.194018 -7.972885 2.096112 0.420000 28.280001 84.139999
-2.445465 -8.372486 1.969293 -19.740000 30.309999 94.220001
-3.426522 -8.374879 1.150948 -8.820000 35.700001 101.220001
-3.426522 -8.374879 1.150948 -8.820000 35.700001 101.220001
-4.010371 -8.894121 1.600798 0.140000 38.009998 110.669998
-4.733003 -8.623734 1.808974 -4.480000 41.020000 114.520004
-5.812167 -9.954143 2.172683 -9.940000 35.209999 134.820007
-6.427122 -9.415757 2.373680 -17.990000 26.460001 123.480003
-6.427122 -9.415757 2.373680 -17.990000 26.460001 123.480003
-7.267002 -9.571291 1.263410 -42.420002 16.590000 132.509995
-7.834101 -10.499706 2.423929 -25.830000 14.420000 130.830002
-8.367701 -9.162118 1.942972 -34.650002 14.700000 104.230003
-8.721838 -9.298509 1.062413 -46.970001 9.870000 102.199997
-8.561519 -9.372685 1.227518 -21.420000 13.440001 102.269997
-8.827123 -8.118847 1.062413 20.440001 13.510000 97.860001
-8.973085 -7.372287 1.064806 38.220001 13.510000 98.000000
-8.630912 -6.374479 1.036092 9.520000 5.880000 90.930000
-9.018548 -6.917650 1.189233 27.860001 10.920000 77.629997
-9.638289 -6.221339 1.155733 24.219999 8.890000 69.860001
-9.035298 -5.912664 0.892523 -22.049999 -0.420000 57.540001
-9.341579 -5.000999 1.062413 -27.719999 -2.660000 34.580002
-9.008978 -4.977071 0.411566 -55.439999 -7.770000 25.059999
-8.709875 -4.771288 0.488136 -27.790001 -2.870000 21.980000
-8.429914 -4.809574 0.684347 -8.750000 1.260000 17.850000
-9.535398 -4.106083 0.792024 -3.500000 4.760000 13.300000
-9.272188 -4.354938 0.780060 -4.830000 2.310000 6.370000
-9.444471 -3.649055 0.796810 -5.530000 1.120000 -0.280000
-9.339187 -3.622734 0.729811 -9.170000 -1.610000 -2.660000
-9.339187 -3.622734 0.729811 -9.170000 -1.610000 -2.660000
-9.343972 -3.637090 0.579063 -3.010000 -1.400000 -2.870000
-9.212367 -3.292524 0.859023 2.100000 -3.150000 -2.100000
-9.269794 -3.318845 0.646062 2.380000 -3.640000 -2.380000
