1.928615 -9.408579 2.505285 1.680000 -5.040000 6.720000
1.440479 -8.291130 1.986043 -3.010000 -1.820000 8.610000
1.440479 -8.291130 1.986043 -3.010000 -1.820000 8.610000
1.103091 -7.025328 1.354338 -2.240000 2.100000 13.440001
1.021735 -6.001199 1.359123 -2.590000 7.420000 27.650000
0.502493 -5.749953 1.237089 -1.050000 10.780000 37.099998
-0.311067 -6.360123 2.007578 -7.000000 23.240000 74.760002
-0.710668 -6.534799 2.014757 -18.549999 25.059999 79.449997
-0.710668 -6.534799 2.014757 -18.549999 25.059999 79.449997
-1.852045 -7.144968 0.993021 -24.010000 28.490000 88.760002
-2.790031 -7.683353 1.663012 20.790001 29.750000 100.309998
-3.156133 -7.049256 1.332802 16.030001 29.330000 103.879997
-5.134997 -9.475577 2.187040 16.660000 31.430000 128.729996
-5.946165 -9.123833 2.038685 6.510000 29.400000 124.110001
-5.946165 -9.123833 2.038685 6.510000 29.400000 124.110001
-6.869793 -9.906286 2.129612 -21.420000 17.360001 130.410004
-7.133004 -9.891929 2.352145 -35.700001 11.760000 128.660004
-8.549555 -8.879765 0.488136 -33.529999 16.379999 122.290001
-8.525627 -8.946764 0.940379 5.180000 20.370001 125.020004
-9.054441 -8.116454 1.208375 19.320000 24.920000 122.919998
-9.150154 -7.920243 0.500100 -12.530000 21.070000 120.050003
-9.150154 -7.920243 0.500100 -12.530000 21.070000 120.050003
-9.616754 -8.898908 0.914058 13.860000 19.320000 120.610001
-9.509077 -8.329416 0.930808 22.889999 20.790001 112.349998
-8.886944 -8.233703 0.600598 7.980000 17.850000 103.459999
-9.317651 -7.281359 1.923829 30.590000 22.049999 62.580002
-8.676375 -7.362715 1.342373 -58.380001 5.250000 46.410000
-9.044869 -6.702296 1.789831 -19.320000 2.730000 14.280000
-8.839087 -5.405386 1.028914 -53.900002 -17.360001 9.940000
-8.839087 -5.405386 1.028914 -53.900002 -17.360001 9.940000
-8.683553 -5.115855 0.698704 -28.210001 -14.280000 5.670000
-8.843873 -4.488935 0.744168 -10.010000 -10.150000 3.220000
-9.162118 -3.981657 0.526421 5.530000 -4.760000 -1.050000
-9.248260 -3.369094 0.497707 11.480000 -0.490000 -2.240000
-9.248260 -3.369094 0.497707 11.480000 -0.490000 -2.240000
-9.312866 -3.247060 0.588634 10.430000 -0.210000 -2.590000
