1.536192 -8.930015 1.818545 -2.940000 3.640000 4.830000
1.423729 -8.618947 1.806581 3.850000 6.440000 9.170000
0.875773 -7.963314 1.727618 2.870000 8.400000 17.290001
0.875773 -7.963314 1.727618 2.870000 8.400000 17.290001
0.748954 -7.456036 1.653440 2.590000 7.630000 27.230000
0.586242 -7.341179 1.641476 0.140000 7.910000 31.990000
-0.038285 -6.747760 1.507478 -8.960000 9.730000 44.520000
-0.074178 -7.489535 1.725225 -6.370000 8.050000 59.220001
-0.404387 -7.518249 1.823331 6.510000 11.060000 64.400002
-1.232304 -7.250252 1.720440 6.790000 13.510000 71.820000
-1.799403 -8.398808 2.146362 -4.480000 8.750000 90.650002
-3.495914 -8.267202 1.540978 -7.000000 18.900000 94.779999
-3.632305 -9.310472 2.471786 10.500000 17.010000 107.029999
-4.347759 -8.729016 2.124826 21.629999 21.980000 100.730003
-4.347759 -8.729016 2.124826 21.629999 21.980000 100.730003
-5.903094 -8.781659 2.289931 -3.640000 25.620001 116.199997
-6.419943 -7.893922 1.852045 -18.340000 25.410000 110.809998
-7.506285 -9.099905 1.311267 -47.950001 27.719999 119.770004
-7.891530 -9.157332 2.230111 6.720000 17.010000 122.779999
-7.934600 -7.867601 1.648655 -1.400000 15.190001 116.059998
-7.934600 -7.867601 1.648655 -1.400000 15.190001 116.059998
-8.829515 -8.788837 0.978664 -55.930000 6.020000 120.820000
-8.982656 -8.291130 1.119841 6.090000 14.560000 111.580002
-9.061620 -7.903493 1.117448 3.640000 16.379999 103.180000
-9.229117 -8.487342 2.105684 -3.710000 7.980000 91.559998
-9.229117 -8.487342 2.105684 -3.710000 7.980000 91.559998
-9.511470 -7.695317 2.261217 -15.750000 1.890000 80.779999
-8.561519 -6.927221 0.763310 -88.620003 -21.910000 71.470001
-9.116654 -6.652047 0.911665 7.070000 -17.780001 58.660000
-8.769694 -5.678168 0.636491 -10.990000 -20.090000 48.509998
-8.700303 -6.338587 0.933201 -0.700000 -13.580000 33.389999
-9.054441 -5.659025 0.916451 14.980000 -9.170000 23.450001
-9.126225 -4.460221 0.859023 -3.010000 -8.960000 12.110000
-8.908479 -4.247260 0.748954 1.330000 -5.390000 5.600000
-9.097511 -3.735196 0.859023 3.430000 -3.150000 2.870000
-9.186047 -3.443272 0.736989 -0.350000 -1.050000 0.770000
-9.207582 -3.215954 0.744168 1.680000 0.700000 0.070000
-9.310472 -3.235096 0.811167 2.310000 4.900000 -1.400000
-9.202796 -3.132205 1.182054 12.670000 8.330000 -1.470000
