3.828516 -8.920443 3.433701 -7.490000 10.570000 6.930000
3.737589 -9.006584 3.605984 -0.770000 8.610000 5.040000
3.641876 -8.348558 3.206382 0.140000 9.100000 3.990000
3.617948 -8.082954 3.266203 -3.570000 9.870000 6.160000
3.617948 -8.082954 3.266203 -3.570000 9.870000 6.160000
3.342773 -7.561320 3.134598 -14.140000 15.190001 19.950001
2.768496 -7.293324 2.739782 -11.760000 23.730000 34.509998
2.378466 -7.379465 2.849852 -13.300000 28.770000 42.420002
1.641476 -7.458428 2.904887 -21.420000 36.470001 58.310001
0.653241 -7.405786 2.316252 -29.540001 58.730000 92.959999
-0.354138 -7.530212 2.675175 -2.100000 73.080002 120.750000
-0.354138 -7.530212 2.675175 -2.100000 73.080002 120.750000
-1.313660 -8.262416 2.744568 14.280000 77.279999 134.259995
-1.885544 -8.006385 2.344966 9.380000 76.440002 137.339996
-3.519842 -8.231310 2.569891 -5.110000 67.269997 143.710007
-4.441079 -8.171489 2.227718 -21.139999 70.419998 139.649994
-5.958128 -8.260024 2.206182 -44.799999 65.029999 133.979996
-5.958128 -8.260024 2.206182 -44.799999 65.029999 133.979996
-5.958128 -8.260024 2.206182 -44.799999 65.029999 133.979996
-8.250452 -6.862615 0.902094 -74.830002 51.590000 128.800003
-9.099905 -6.970293 0.837488 -79.029999 45.150002 127.260002
-9.044869 -7.058826 -0.782453 -82.949997 30.520000 111.930000
-9.434900 -6.281159 -0.705883 -72.309998 23.240000 107.800003
-9.592826 -6.647261 -1.349552 -72.800003 19.250000 96.879997
-9.942179 -6.783652 -1.892723 -70.000000 17.850000 85.959999
-9.576077 -5.938986 -1.466800 -63.490002 14.560000 76.930000
-8.597411 -5.513064 -1.971686 -38.990002 7.490000 48.580002
-8.616554 -6.120840 -2.084148 -34.509998 1.750000 12.460000
-8.616554 -6.120840 -2.084148 -34.509998 1.750000 12.460000
-8.731410 -4.529613 -2.110470 -15.050000 1.960000 5.600000
-9.164511 -4.412365 -1.923829 -23.520000 2.030000 1.890000
-8.690732 -3.979264 -2.313859 -16.799999 0.630000 0.280000
-8.910872 -3.943372 -1.641476 8.540000 1.260000 4.200000
-9.028119 -3.625126 -2.225325 -12.530000 -0.140000 4.130000
-9.054441 -3.785445 -2.361716 -3.920000 0.770000 4.480000
-9.145369 -3.838088 -2.139183 5.670000 3.010000 3.500000
-9.169296 -3.617948 -2.208575 -3.220000 1.890000 -1.890000
-9.169296 -3.617948 -2.208575 -3.220000 1.890000 -1.890000
-8.915657 -3.519842 -2.569891 -3.080000 2.100000 -2.380000
