1.490728 -9.245867 2.510071 3.990000 -0.140000 11.760000
1.258625 -9.011370 2.129612 -8.260000 -3.150000 12.670000
1.258625 -9.011370 2.129612 -8.260000 -3.150000 12.670000
1.074377 -8.506484 1.911865 -2.730000 -1.400000 17.639999
0.497707 -7.446464 1.758725 4.900000 3.220000 20.440001
0.825524 -6.972685 1.607977 -15.190001 8.330000 40.950001
0.825524 -6.972685 1.607977 -15.190001 8.330000 40.950001
-0.014357 -7.269395 1.931008 16.030001 15.330000 55.439999
-0.332602 -7.140182 1.808974 13.370000 14.000000 58.799999
-1.328017 -7.518249 2.055435 3.430000 14.630000 70.349998
-2.912065 -6.374479 1.033699 -27.440001 27.580000 78.400002
-3.763910 -7.520642 1.464408 -13.790000 35.700001 97.510002
-3.763910 -7.520642 1.464408 -13.790000 35.700001 97.510002
-4.029513 -7.348359 1.555335 -2.590000 42.630001 101.360001
-4.950750 -8.044669 1.105484 -13.020000 42.139999 107.239998
-6.484549 -8.693125 1.548156 -30.450001 29.540001 120.610001
-7.015756 -9.731609 1.060020 -37.310001 22.190001 129.009995
-7.477571 -9.896714 2.251646 -6.440000 15.400000 132.720001
-7.477571 -9.896714 2.251646 -6.440000 15.400000 132.720001
-8.152347 -8.891729 0.691526 -41.930000 12.040000 120.750000
-8.815158 -9.631111 0.562313 -41.509998 4.620000 133.070007
-8.549555 -8.355737 0.923629 -27.790001 -2.730000 117.250000
-8.549555 -8.355737 0.923629 -27.790001 -2.730000 117.250000
-9.054441 -8.865408 0.918844 -26.250000 -2.170000 113.750000
-9.403792 -7.649854 1.165305 6.230000 4.130000 102.970001
-9.032906 -8.262416 1.557728 24.780001 10.500000 89.809998
-9.241080 -7.829315 1.703690 36.889999 18.129999 77.070000
-8.913264 -6.833901 1.124627 -51.380001 -7.070000 46.270000
-8.867801 -6.659225 1.052842 -34.439999 -7.910000 41.299999
-8.999406 -5.357530 0.614955 -29.680000 -10.430000 30.240000
-8.999406 -5.357530 0.614955 -29.680000 -10.430000 30.240000
-8.669197 -5.094319 0.516850 -14.700000 -8.190000 22.820000
-9.016156 -4.709075 0.401994 -11.900000 -0.700000 12.740000
-9.016156 -4.709075 0.401994 -11.900000 -0.700000 12.740000
-9.145369 -4.622933 0.591027 6.230000 4.130000 5.250000
-9.047262 -3.914658 0.777667 -0.210000 3.780000 -1.890000
-9.140583 -3.725625 0.736989 1.120000 2.800000 -4.830000
-9.140583 -3.725625 0.736989 1.120000 2.800000 -4.830000
-9.209974 -3.771089 0.729811 1.470000 2.940000 -6.160000
-9.090333 -3.696911 0.887737 5.530000 2.450000 -5.950000
