2.361716 -7.700103 2.325824 -4.340000 3.080000 17.920000
1.380659 -5.697310 1.428515 -25.059999 9.380000 45.080002
1.380659 -5.697310 1.428515 -25.059999 9.380000 45.080002
0.349352 -5.350351 1.170090 -3.080000 18.620001 61.459999
-0.059821 -5.271388 1.158126 -3.710000 22.469999 67.760002
-0.413958 -6.711867 1.794617 -6.090000 23.660000 86.870003
-1.861616 -6.905686 1.521835 -10.990000 30.940001 102.269997
-2.493321 -8.786445 2.045863 -13.300000 29.469999 118.720001
-2.904887 -9.114261 2.431108 0.980000 30.590000 122.080002
-4.417150 -8.786445 1.586441 -7.700000 39.340000 123.059998
-4.417150 -8.786445 1.586441 -7.700000 39.340000 123.059998
-5.003392 -10.640882 2.708675 10.570000 32.340000 134.889999
-5.326423 -9.956534 2.541178 12.320000 34.930000 129.430008
-6.865008 -9.219545 1.213161 -6.720000 43.189999 121.870003
-6.443871 -10.734202 2.849852 13.720000 35.420002 122.150002
-6.745367 -9.456435 2.596212 4.480000 36.750000 112.209999
-8.032705 -9.288938 0.868595 -35.279999 32.830002 120.330002
-7.798209 -10.061819 2.423929 7.490000 21.420000 115.849998
-8.398808 -9.958927 0.945165 -48.439999 6.370000 110.739998
-8.819944 -7.566105 1.294517 26.950001 26.460001 100.940002
-8.819944 -7.566105 1.294517 26.950001 26.460001 100.940002
-8.997013 -7.240681 1.016950 10.920000 25.549999 91.559998
-8.700303 -8.360522 1.332802 -8.680000 19.110001 91.279999
-8.843873 -6.807580 1.849652 -18.549999 14.980000 66.989998
-8.717053 -8.164310 1.540978 -20.370001 4.480000 59.290001
-8.717053 -8.164310 1.540978 -20.370001 4.480000 59.290001
-9.119047 -6.573084 1.684547 3.430000 5.740000 44.869999
-9.023334 -5.955735 1.375873 -27.160000 1.050000 35.630001
-9.221939 -5.699703 0.969093 -54.389999 -9.590000 22.190001
-8.913264 -4.902894 0.758525 -15.890000 -8.750000 17.710001
-8.997013 -4.314260 0.811167 -2.100000 -5.250000 12.250000
-8.843873 -4.177868 0.911665 2.380000 -3.220000 8.120000
-8.843873 -4.177868 0.911665 2.380000 -3.220000 8.120000
-8.977871 -4.060620 0.873380 1.750000 -2.030000 5.390000
