2.809174 -8.939585 2.600998 5.460000 -2.940000 3.500000
2.560320 -8.417950 2.361716 -9.030000 -2.660000 3.920000
2.368894 -7.621140 1.828116 -5.600000 2.660000 8.680000
2.196611 -7.027720 1.682154 5.390000 7.420000 18.480000
2.196611 -7.027720 1.682154 5.390000 7.420000 18.480000
1.947758 -6.611369 1.720440 3.990000 9.800000 23.520000
1.806581 -6.812366 1.636691 -2.730000 14.350000 38.220001
1.246661 -6.934400 1.808974 12.040000 19.670000 50.119999
1.246661 -6.934400 1.808974 12.040000 19.670000 50.119999
0.279960 -7.262216 2.117648 -2.940000 22.610001 61.529999
0.279960 -7.262216 2.117648 -2.940000 22.610001 61.529999
-0.076570 -8.173882 1.928615 -2.310000 22.750000 77.209999
-1.390230 -7.491928 1.572084 -9.170000 34.090000 81.900002
-2.440679 -8.697910 2.191825 -6.440000 27.790001 97.300003
-2.533999 -8.853443 2.507678 1.120000 24.570000 104.090004
-3.371487 -8.664411 1.902294 -9.380000 29.120001 101.779999
-4.438686 -9.499505 2.600998 -21.139999 21.770000 111.020004
-4.539185 -9.499505 2.565106 -18.059999 14.000000 114.870003
-5.536992 -8.796017 1.002593 -39.900002 17.219999 114.239998
-5.536992 -8.796017 1.002593 -39.900002 17.219999 114.239998
-5.790630 -10.478169 2.596212 -21.559999 5.880000 117.669998
-7.240681 -8.059027 -0.222532 -77.419998 2.730000 109.410004
-7.034898 -10.315458 2.000400 -16.590000 -10.990000 115.989998
-7.412964 -8.817552 1.040878 9.030000 -2.380000 102.690002
-7.412964 -8.817552 1.040878 9.030000 -2.380000 102.690002
-7.862815 -9.288938 1.426122 -38.500000 -0.980000 106.610001
-8.360522 -9.688539 1.253839 5.390000 -4.900000 95.550003
-8.839087 -7.776673 0.689133 15.610000 -7.210000 88.690002
-8.932407 -8.374879 1.459622 0.490000 -0.070000 65.940002
-9.568897 -6.898508 0.430708 -22.260000 -5.040000 58.170002
-9.568897 -6.898508 0.430708 -22.260000 -5.040000 58.170002
-7.982457 -8.901299 1.112662 -45.150002 -12.460000 60.900002
-8.642875 -7.061220 0.351745 25.900000 -3.710000 41.930000
-8.642875 -7.061220 0.351745 25.900000 -3.710000 41.930000
-8.291130 -5.702096 0.681954 -19.879999 -12.460000 39.410000
-8.528020 -5.472386 0.473779 3.780000 -4.200000 27.580000
-8.528020 -5.472386 0.473779 3.780000 -4.200000 27.580000
-8.757731 -5.359922 0.861416 4.340000 -2.240000 24.850000
-8.592626 -4.876573 0.878166 3.710000 -0.770000 14.210000
-8.798409 -4.871787 0.813560 -7.490000 -0.280000 13.090000
-8.922836 -4.740182 0.921237 -6.580000 -0.070000 7.840000
-8.731410 -4.706682 0.808774 -7.210000 -0.770000 4.550000
-8.640482 -4.792823 0.794417 -2.800000 0.560000 2.730000
