3.079563 -8.561519 2.404787 -1.820000 -1.820000 6.160000
2.725425 -7.822137 2.112862 -2.310000 1.680000 8.890000
2.622534 -7.233503 2.014757 -8.190000 4.410000 14.070000
2.342573 -6.910471 1.890330 -9.660000 6.370000 17.150000
2.067399 -6.541977 1.761117 -6.860000 9.520000 28.420000
2.067399 -6.541977 1.761117 -6.860000 9.520000 28.420000
1.433301 -5.955735 1.399801 -22.120001 11.060000 50.189999
1.280160 -7.207181 1.569692 -3.780000 13.230000 70.699997
-0.090927 -6.611369 1.500300 7.350000 17.570000 79.169998
-0.090927 -6.611369 1.500300 7.350000 17.570000 79.169998
-0.811167 -8.463413 1.806581 -15.890000 18.480000 100.870003
-0.811167 -8.463413 1.806581 -15.890000 18.480000 100.870003
-2.368894 -8.985049 1.411765 -25.620001 21.490000 105.489998
-2.778067 -10.358529 1.383051 -4.480000 22.190001 112.629997
-2.778067 -10.358529 1.383051 -4.480000 22.190001 112.629997
-4.213760 -9.396614 1.806581 -0.420000 26.809999 108.150002
-4.991428 -10.116854 1.483550 2.240000 24.639999 108.919998
-6.082555 -8.709875 1.392623 -9.170000 19.110001 108.290001
-5.793024 -9.856036 1.610370 -24.920000 7.770000 113.050003
-5.793024 -9.856036 1.610370 -24.920000 7.770000 113.050003
-6.943972 -9.365508 0.232104 -46.759998 12.040000 110.180000
-6.943972 -9.365508 0.232104 -46.759998 12.040000 110.180000
-7.374680 -11.045268 1.229911 -21.000000 2.170000 118.930000
-8.099705 -9.265009 0.174676 -26.389999 12.180000 101.290001
-8.707481 -10.030712 1.057628 -0.840000 13.930000 99.540001
-8.707481 -10.030712 1.057628 -0.840000 13.930000 99.540001
-7.929814 -7.891530 0.837488 20.230000 16.660000 84.209999
-8.293523 -8.721838 0.983450 -5.040000 12.810000 73.150002
-8.348558 -8.571091 1.442872 -1.190000 10.150000 65.309998
-8.384450 -8.035098 1.191626 -27.510000 1.400000 35.700001
-8.200203 -7.616355 1.196411 -28.630001 0.140000 25.830000
-8.200203 -7.616355 1.196411 -28.630001 0.140000 25.830000
-8.358130 -7.204789 0.923629 -16.240000 1.330000 15.050000
-8.358130 -7.204789 0.923629 -16.240000 1.330000 15.050000
-7.975278 -6.061020 0.588634 -13.230000 -2.310000 5.950000
-8.334201 -5.020142 0.390030 -5.180000 -7.910000 7.000000
-8.317451 -5.211568 0.478565 -6.790000 -9.730000 8.400000
-8.317451 -5.211568 0.478565 -6.790000 -9.730000 8.400000
-8.525627 -5.032106 0.452243 -1.050000 -9.310000 8.470000
-8.511270 -5.039285 0.397209 -7.630000 -8.120000 5.880000
