2.608176 -8.374879 2.132005 -13.230000 -2.450000 12.880000
2.450250 -8.410772 1.823331 -11.060000 -0.490000 14.000000
1.261017 -5.804988 1.562513 10.080000 6.440000 35.139999
0.947558 -5.185246 1.201197 7.700000 8.120000 43.189999
0.947558 -5.185246 1.201197 7.700000 8.120000 43.189999
0.308674 -4.838287 1.045663 -9.030000 10.360000 65.519997
-0.102891 -5.919843 1.509871 1.330000 16.100000 87.220001
-1.636691 -6.953543 1.519442 -4.340000 23.520000 112.070000
-1.636691 -6.953543 1.519442 -4.340000 23.520000 112.070000
-2.830709 -7.889136 1.890330 24.430000 30.309999 117.389999
-3.450450 -7.755138 1.873580 7.420000 35.279999 119.489998
-4.761717 -9.600004 2.053042 -17.850000 28.490000 134.119995
-5.278566 -9.944571 2.167897 -4.060000 33.250000 129.220001
-6.951149 -10.083356 2.533999 8.190000 31.010000 134.610001
-6.951149 -10.083356 2.533999 8.190000 31.010000 134.610001
-6.967900 -9.458827 2.194218 -23.030001 29.820000 121.239998
-7.578069 -9.647861 1.540978 -28.350000 28.420000 121.520004
-8.133204 -10.296316 2.517249 12.670000 19.809999 129.149994
-8.585447 -8.355737 0.466600 -65.169998 12.600000 111.440002
-8.898908 -9.458827 1.356731 18.270000 24.990000 110.809998
-9.690931 -7.463214 1.241875 46.130001 35.000000 100.940002
-9.286544 -6.857830 0.954736 -26.180000 27.020000 92.889999
-9.286544 -6.857830 0.954736 -26.180000 27.020000 92.889999
-9.102298 -8.475377 1.354338 5.320000 22.889999 93.730003
-9.367901 -7.570890 1.251446 18.620001 24.920000 84.910004
-9.367901 -7.570890 1.251446 18.620001 24.920000 84.910004
-8.851050 -7.166504 0.770489 -25.129999 -3.920000 61.810001
-8.851050 -7.166504 0.770489 -25.129999 -3.920000 61.810001
-9.087940 -5.391029 0.768096 -19.670000 -11.900000 36.189999
-9.087940 -5.391029 0.768096 -19.670000 -11.900000 36.189999
-9.241080 -4.934000 0.890130 -35.000000 -12.950000 21.840000
-9.262616 -4.089334 1.141376 -30.100000 -6.370000 10.500000
-9.284152 -3.474378 1.146162 -3.220000 0.770000 -1.190000
-9.463614 -2.775674 1.009771 0.700000 -1.400000 -2.660000
-9.494720 -3.062813 0.837488 -1.890000 -3.290000 -1.470000
-9.418150 -2.878566 0.851845 5.950000 -3.990000 0.350000
-9.418150 -2.878566 0.851845 5.950000 -3.990000 0.350000
-9.375079 -2.763710 0.638884 -0.280000 -8.680000 7.000000
-9.375079 -2.763710 0.638884 -0.280000 -8.680000 7.000000
-9.281759 -3.237489 0.445065 1.820000 -6.720000 5.810000
