2.053042 -7.779066 2.390430 -3.990000 0.700000 12.740000
1.289732 -6.233303 1.892723 -9.800000 3.500000 17.500000
1.189233 -5.314459 1.402194 -33.320000 4.900000 35.420002
1.308874 -5.654240 1.514657 -29.889999 8.960000 47.670002
0.497707 -5.264209 1.270589 -1.960000 16.030001 65.730003
0.497707 -5.264209 1.270589 -1.960000 16.030001 65.730003
-0.047856 -6.539584 1.521835 -5.040000 17.430000 92.050003
-2.210968 -7.298109 1.423729 10.990000 30.380001 106.750000
-2.210968 -7.298109 1.423729 10.990000 30.380001 106.750000
-3.328416 -8.721838 1.849652 12.600000 39.130001 113.610001
-4.319045 -8.896514 1.363909 -3.710000 44.029999 114.449997
-4.711468 -9.600004 2.469393 7.630000 46.480000 116.199997
-4.711468 -9.600004 2.469393 7.630000 46.480000 116.199997
-6.379266 -9.473185 1.210768 -6.160000 48.020000 124.110001
-6.379266 -9.473185 1.210768 -6.160000 48.020000 124.110001
-6.857830 -7.334002 1.380659 -24.290001 33.250000 114.730003
-8.377272 -10.334601 1.342373 -41.650002 32.689999 130.619995
-9.083155 -6.625726 1.519442 5.110000 35.139999 115.220001
-9.396614 -9.052048 1.277767 -41.439999 18.690001 132.789993
-9.399008 -8.003991 3.034099 -6.510000 14.210000 121.379997
-9.399008 -8.003991 3.034099 -6.510000 14.210000 121.379997
-9.308081 -10.621738 1.842474 -29.120001 -10.360000 117.809998
-9.257831 -7.745567 2.057827 47.810001 9.940000 86.169998
-9.372685 -6.802795 1.648655 24.219999 13.090000 67.269997
-8.413164 -6.455836 0.734596 -44.029999 11.830000 22.469999
-8.413164 -6.455836 0.734596 -44.029999 11.830000 22.469999
-8.401200 -6.053841 0.973879 -27.230000 14.210000 17.010000
-9.159724 -4.857430 0.830309 -9.940000 9.380000 17.150000
-9.159724 -4.857430 0.830309 -9.940000 9.380000 17.150000
-9.013763 -4.182654 0.985843 -16.309999 -4.200000 13.300000
-9.348758 -3.964907 0.825524 -16.450001 -3.500000 8.890000
-9.348758 -3.964907 0.825524 -16.450001 -3.500000 8.890000
-9.408579 -3.684947 0.521635 -14.420000 -4.690000 4.550000
-9.367901 -3.443272 0.646062 -13.090000 -2.870000 1.820000
-9.449257 -3.488736 0.540778 -6.090000 -0.280000 -0.980000
-9.353544 -3.153740 0.483350 5.530000 0.420000 0.840000
