2.553142 -7.534998 2.333002 -5.250000 0.630000 16.379999
2.230111 -7.338787 2.187040 2.940000 5.600000 26.600000
1.797010 -7.503892 2.191825 2.170000 7.140000 35.000000
1.488336 -7.434500 2.316252 2.310000 10.080000 40.810001
1.488336 -7.434500 2.316252 2.310000 10.080000 40.810001
0.392423 -6.324231 1.928615 2.660000 17.639999 51.450001
0.392423 -6.324231 1.928615 2.660000 17.639999 51.450001
0.086142 -7.161718 2.132005 -18.620001 13.790000 79.519997
-1.538585 -6.865008 1.761117 -0.420000 26.950001 86.099998
-1.538585 -6.865008 1.761117 -0.420000 26.950001 86.099998
-2.663212 -7.731210 2.065006 -10.920000 34.090000 102.830002
-3.522235 -8.669197 2.165504 -11.060000 35.630001 112.349998
-4.587041 -9.109475 2.234896 -9.800000 34.580002 121.800003
-4.587041 -9.109475 2.234896 -9.800000 34.580002 121.800003
-5.788238 -8.970692 1.564906 -14.420000 32.549999 120.260002
-5.788238 -8.970692 1.564906 -14.420000 32.549999 120.260002
-6.367301 -11.121840 3.199204 1.330000 22.400000 118.790001
-7.262216 -7.728817 0.681954 -33.320000 23.240000 106.889999
-8.073383 -10.121639 2.007578 6.790000 24.219999 118.720001
-7.999206 -8.370094 2.371287 23.590000 24.990000 112.629997
-8.073383 -7.573284 0.937986 -24.639999 20.160000 107.520004
-8.073383 -7.573284 0.937986 -24.639999 20.160000 107.520004
-8.822337 -8.985049 1.483550 -21.210001 17.570000 106.680000
-9.044869 -8.094919 1.507478 -3.080000 19.530001 98.489998
-8.872586 -8.102098 1.584049 2.730000 15.050000 84.070000
-9.205189 -7.037291 1.878366 1.050000 13.720000 75.110001
-9.205189 -7.037291 1.878366 1.050000 13.720000 75.110001
-8.848659 -7.003791 0.911665 -40.740002 2.870000 66.709999
-9.152546 -6.520442 1.064806 -10.080000 -1.680000 58.450001
-9.229117 -5.467600 1.060020 -6.720000 -3.570000 52.220001
-8.913264 -5.642276 0.760918 -10.710000 -5.950000 38.500000
-9.183653 -4.589434 0.904487 -10.150000 -6.440000 26.460001
-9.052048 -4.515256 0.875773 -17.500000 -5.530000 17.710001
-9.052048 -4.515256 0.875773 -17.500000 -5.530000 17.710001
-9.255438 -4.472186 0.983450 -11.130000 -3.430000 13.720000
-9.355937 -3.893122 0.985843 -3.570000 -2.520000 6.860000
-9.116654 -3.936193 0.930808 -8.330000 -5.460000 3.150000
-9.121440 -3.883551 0.942772 -2.660000 -4.620000 1.680000
-9.260223 -3.352344 0.887737 -2.310000 -7.000000 1.190000
