2.897708 -9.312866 1.954936 4.760000 -0.140000 5.040000
2.900101 -9.360723 1.627119 1.190000 0.840000 3.150000
2.694318 -9.379865 1.612763 7.420000 -0.490000 4.620000
2.553142 -8.889337 1.698904 6.020000 -1.540000 4.200000
2.392823 -8.070991 1.469193 0.210000 -2.100000 4.620000
1.526621 -5.793024 1.162912 -4.410000 1.400000 23.240000
1.526621 -5.793024 1.162912 -4.410000 1.400000 23.240000
1.249053 -5.434100 0.882952 -8.400000 4.200000 36.959999
0.485743 -5.455636 0.875773 0.140000 12.250000 57.889999
0.031107 -5.402994 1.002593 -1.680000 15.540000 65.169998
0.031107 -5.402994 1.002593 -1.680000 15.540000 65.169998
-1.232304 -7.104291 1.411765 -1.610000 22.750000 94.080002
-1.588834 -7.527820 1.210768 -12.600000 19.670000 99.260002
-1.787439 -9.444471 1.466800 -9.800000 15.400000 111.440002
-1.787439 -9.444471 1.466800 -9.800000 15.400000 111.440002
-3.742374 -9.008978 0.985843 -30.170000 14.770000 114.590004
-5.436492 -9.379865 0.449851 -30.170000 15.330000 111.440002
-5.436492 -9.379865 0.449851 -30.170000 15.330000 111.440002
-5.510671 -10.954341 0.521635 -34.160000 -1.400000 122.849998
-6.147161 -9.894321 0.868595 -6.580000 1.680000 115.220001
-6.841080 -11.133803 0.681954 -25.270000 3.290000 123.760002
-7.420143 -9.250652 0.165105 13.090000 2.660000 110.459999
-7.420143 -9.250652 0.165105 13.090000 2.660000 110.459999
-7.659425 -9.492328 -0.169890 -32.060001 2.030000 111.300003
-7.982457 -10.557133 0.227318 -26.250000 1.120000 111.440002
-7.901100 -9.315259 0.629312 19.040001 -0.350000 106.260002
-7.901100 -8.827123 0.423530 -2.240000 -8.190000 95.900002
-8.092526 -8.879765 0.512064 -11.340000 -9.870000 89.459999
-8.401200 -8.757731 0.820738 -17.150000 -10.570000 75.459999
-8.157133 -8.408379 0.624527 8.190000 -3.920000 50.750000
-8.355737 -7.836494 0.612563 4.200000 1.680000 38.779999
-8.879765 -5.623133 0.904487 -4.970000 4.270000 8.470000
-8.499306 -5.515456 0.595813 -28.420000 -1.190000 5.670000
-8.468199 -5.398208 0.392423 -27.020000 -7.700000 6.230000
-8.468199 -5.398208 0.392423 -27.020000 -7.700000 6.230000
-8.468199 -5.398208 0.392423 -27.020000 -7.700000 6.230000
-8.468199 -5.398208 0.392423 -27.020000 -7.700000 6.230000
-8.595018 -5.103891 0.327817 3.010000 -6.580000 13.300000
-8.595018 -5.103891 0.327817 3.010000 -6.580000 13.300000
-8.595018 -5.103891 0.327817 3.010000 -6.580000 13.300000
-8.595018 -5.103891 0.327817 3.010000 -6.580000 13.300000
