2.589034 -9.631111 2.445465 -0.840000 -2.240000 12.250000
2.268396 -9.413363 2.189433 -1.540000 -1.190000 6.230000
2.268396 -9.413363 2.189433 -1.540000 -1.190000 6.230000
1.993221 -8.360522 2.000400 4.830000 -1.330000 7.770000
1.852045 -7.858029 1.780260 6.510000 -0.420000 9.310000
1.201197 -6.455836 1.648655 9.450000 1.470000 19.320000
0.626920 -5.235496 1.067199 -15.190001 9.030000 45.220001
0.148355 -5.237889 0.602991 -1.120000 19.600000 65.099998
0.148355 -5.237889 0.602991 -1.120000 19.600000 65.099998
-1.141376 -6.585048 1.119841 -8.960000 38.080002 92.610001
-2.359323 -7.173682 1.131805 -2.030000 46.549999 104.510002
-2.359323 -7.173682 1.131805 -2.030000 46.549999 104.510002
-3.536592 -9.193225 1.543371 -3.080000 43.680000 129.360001
-4.438686 -9.329616 1.928615 9.660000 48.090000 133.979996
-6.218946 -9.987641 1.756332 -3.570000 40.950001 136.639999
-6.230910 -11.191232 2.122434 -0.980000 35.630001 138.949997
-6.230910 -11.191232 2.122434 -0.980000 35.630001 138.949997
-7.587641 -8.580662 1.674976 -23.379999 32.130001 121.870003
-7.889136 -8.429914 0.631705 -61.950001 28.070000 123.340004
-8.274381 -11.511869 1.852045 -46.480000 13.020000 146.020004
-9.018548 -9.621540 0.825524 -46.410000 0.070000 132.860001
-9.346365 -9.769895 0.844666 -8.120000 3.290000 133.000000
-9.600004 -7.597212 0.504886 15.680000 14.630000 113.959999
-9.037691 -7.927422 0.282353 5.670000 17.219999 111.300003
-9.657433 -8.303094 1.878366 42.700001 25.969999 103.529999
-9.942179 -6.338587 1.440479 37.869999 18.270000 80.709999
-8.867801 -6.178268 1.454836 2.170000 13.370000 82.250000
-9.202796 -5.673382 1.282553 -24.780001 -14.280000 53.549999
-8.803195 -6.206983 1.100698 -38.009998 -15.890000 38.920002
-9.109475 -5.551349 0.725025 -22.680000 -13.580000 19.040001
-8.973085 -4.996214 0.725025 -25.059999 -11.900000 12.110000
-8.973085 -4.996214 0.725025 -25.059999 -11.900000 12.110000
-9.102298 -4.376472 0.547956 -18.270000 -6.510000 -1.190000
-9.075976 -3.969693 0.619741 -3.150000 1.120000 -8.960000
-9.255438 -3.558127 0.689133 6.930000 2.730000 -11.270000
-9.415757 -3.122634 0.823131 10.990000 2.100000 -10.640000
-9.432507 -2.792424 0.686740 8.960000 0.350000 -7.910000
-9.477970 -2.768496 0.748954 10.080000 0.280000 -7.210000
