1.347159 -8.097312 1.823331 9.660000 4.340000 6.790000
0.631705 -6.898508 1.282553 -4.760000 13.020000 9.030000
0.354138 -5.405386 1.079163 17.780001 21.700001 34.230000
0.354138 -5.405386 1.079163 17.780001 21.700001 34.230000
-0.423530 -5.017749 0.875773 2.520000 29.960001 58.799999
-0.504886 -5.367101 0.966700 11.060000 31.290001 75.879997
-1.591227 -5.661418 1.526621 25.410000 33.040001 97.790001
-3.156133 -6.879365 1.696511 2.940000 41.299999 111.370003
-3.883551 -8.068598 2.385644 -5.530000 42.349998 125.860001
-3.883551 -8.068598 2.385644 -5.530000 42.349998 125.860001
-4.998606 -8.315059 2.206182 -15.750000 48.020000 122.779999
-5.895915 -8.901299 1.794617 -26.180000 45.570000 127.330002
-6.716653 -10.011569 2.481357 -2.100000 37.520000 140.070007
-8.082954 -9.358330 1.356731 -45.430000 33.599998 127.680000
-8.054241 -11.330014 3.579663 -24.850000 10.920000 137.619995
-8.506484 -8.324631 0.540778 -84.139999 -4.620000 112.980003
-8.116454 -9.908678 1.119841 -99.610001 -16.870001 127.190002
-8.116454 -9.908678 1.119841 -99.610001 -16.870001 127.190002
-8.606983 -9.329616 1.823331 2.030000 -11.130000 124.879997
-8.764909 -7.659425 0.803988 1.750000 -0.140000 106.959999
-9.332008 -7.458428 1.246661 22.400000 15.540000 87.220001
-9.389436 -6.771688 0.815953 -5.460000 14.910000 77.840004
-9.511470 -5.534599 1.055235 11.130000 22.680000 50.400002
-8.918050 -6.259624 1.000200 -19.530001 11.620000 47.459999
-8.525627 -6.625726 1.328017 -5.040000 8.750000 45.430000
-8.525627 -6.625726 1.328017 -5.040000 8.750000 45.430000
-8.525627 -6.625726 1.328017 -5.040000 8.750000 45.430000
-8.525627 -6.625726 1.328017 -5.040000 8.750000 45.430000
-9.214760 -5.319244 1.387837 -24.219999 -8.120000 24.990000
-9.085547 -4.759324 0.851845 -26.530001 -8.120000 9.660000
-9.085547 -4.759324 0.851845 -26.530001 -8.120000 9.660000
-9.217153 -4.029513 0.758525 -1.120000 -4.130000 2.660000
-9.269794 -3.471986 0.655633 1.680000 -1.190000 -3.290000
-9.308081 -3.321238 0.751346 7.000000 0.210000 -3.920000
-9.296116 -3.048456 0.844666 8.890000 0.210000 -4.550000
-9.296116 -2.835495 0.729811 -1.260000 -0.490000 -3.570000
-9.353544 -3.034099 0.691526 4.130000 -1.890000 -0.700000
