2.342573 -8.836694 2.553142 -3.500000 0.980000 7.140000
2.182254 -8.336594 2.053042 3.850000 3.850000 13.790000
2.182254 -8.336594 2.053042 3.850000 3.850000 13.790000
2.182254 -8.336594 2.053042 3.850000 3.850000 13.790000
2.182254 -8.336594 2.053042 3.850000 3.850000 13.790000
1.785046 -8.092526 2.292324 3.290000 5.180000 23.450001
1.785046 -8.092526 2.292324 3.290000 5.180000 23.450001
1.785046 -8.092526 2.292324 3.290000 5.180000 23.450001
0.691526 -8.102098 2.155933 -22.260000 5.880000 35.139999
0.165105 -7.764710 1.844866 -16.240000 8.540000 37.660000
0.052642 -7.353144 1.751546 -17.500000 5.810000 50.119999
0.052642 -7.353144 1.751546 -17.500000 5.810000 50.119999
-0.445065 -6.941578 1.505085 -18.480000 16.170000 60.130001
-1.447658 -8.310273 1.526621 4.690000 15.680000 83.440002
-2.270789 -7.372287 1.765903 -15.260000 19.180000 91.279999
-2.596212 -8.432307 1.433301 -36.259998 14.000000 97.930000
-3.605984 -8.968300 1.383051 -12.250000 16.799999 107.660004
-3.605984 -8.968300 1.383051 -12.250000 16.799999 107.660004
-3.768696 -9.489935 1.631905 -16.940001 10.850000 112.279999
-5.422136 -9.176475 0.593420 -16.170000 18.410000 117.599998
-6.498906 -9.025726 0.562313 -14.980000 19.040001 108.500000
-6.498906 -9.025726 0.562313 -14.980000 19.040001 108.500000
-6.733403 -9.355937 1.428515 -8.120000 2.800000 120.120003
-7.592427 -8.647661 0.119641 -18.200001 8.820000 112.980003
-7.592427 -8.647661 0.119641 -18.200001 8.820000 112.980003
-8.283953 -8.958728 0.356531 -25.620001 10.150000 115.919998
-8.528020 -8.456236 0.602991 -38.639999 -6.300000 98.209999
-8.690732 -8.877372 0.059821 -38.709999 -6.440000 98.209999
-8.690732 -8.877372 0.059821 -38.709999 -6.440000 98.209999
-8.587841 -7.269395 0.796810 -8.890000 0.210000 63.910000
-8.401200 -7.673782 0.636491 -22.120001 -0.140000 61.740002
-8.401200 -7.673782 0.636491 -22.120001 -0.140000 61.740002
-8.776874 -7.365108 0.689133 19.389999 2.170000 52.080002
-8.444271 -6.451050 1.067199 22.400000 3.710000 41.299999
-9.001799 -6.108876 0.734596 19.320000 0.980000 28.000000
-8.889337 -4.989035 0.753739 0.070000 -2.310000 21.700001
-8.889337 -4.989035 0.753739 0.070000 -2.310000 21.700001
-8.858230 -5.029713 0.600598 -11.200000 -1.820000 19.670000
-8.882158 -4.615755 0.617348 -5.320000 3.640000 12.460000
-8.769694 -4.295116 0.488136 -14.490000 2.030000 11.270000
-8.743374 -4.551149 0.629312 -9.590000 -1.330000 12.460000
-8.851050 -3.952943 0.756132 -0.770000 -2.870000 12.320000
-8.987441 -4.256832 0.602991 -8.750000 -2.450000 11.550000
