2.364109 -9.119047 1.610370 2.590000 0.560000 2.450000
2.215754 -8.898908 1.663012 3.570000 2.100000 3.150000
2.179861 -8.568698 1.674976 2.870000 2.870000 6.230000
1.722832 -7.786245 1.684547 13.370000 6.790000 11.480000
1.533799 -7.235896 1.538585 23.940001 5.320000 24.150000
1.533799 -7.235896 1.538585 23.940001 5.320000 24.150000
0.875773 -6.472585 1.387837 -10.080000 7.210000 37.310001
0.014357 -6.884151 1.045663 10.290000 23.030001 54.880001
-0.698704 -5.699703 1.450050 22.540001 30.309999 66.570000
-0.698704 -5.699703 1.450050 22.540001 30.309999 66.570000
-1.055235 -5.824130 1.213161 -5.460000 33.740002 75.250000
-1.725225 -7.654640 1.088734 -10.010000 35.420002 95.550003
-3.065206 -6.223732 0.866202 10.290000 42.420002 109.760002
-4.335794 -8.489735 1.538585 6.720000 37.660000 134.820007
-4.335794 -8.489735 1.538585 6.720000 37.660000 134.820007
-5.984450 -7.903493 1.074377 -19.460001 40.599998 140.910004
-6.331409 -9.932607 1.782653 -32.759998 29.820000 147.139999
-7.393822 -10.698310 2.493321 25.549999 26.250000 144.830002
-8.611769 -10.990234 2.928815 -38.570000 -6.090000 131.110001
-8.793623 -8.126025 0.330210 -57.119999 -4.340000 125.720001
-9.056834 -10.516455 0.667598 -53.410000 -3.010000 132.860001
-9.056834 -10.516455 0.667598 -53.410000 -3.010000 132.860001
-9.312866 -8.398808 2.287539 34.720001 -0.350000 107.449997
-8.836694 -7.022934 1.040878 -34.509998 -6.160000 99.959999
-8.927622 -8.307880 1.177269 -59.290001 -19.180000 101.570000
-9.750752 -7.274181 1.284946 21.629999 -4.760000 79.309998
-8.264810 -6.977471 1.409373 -9.520000 -15.260000 74.970001
-8.264810 -6.977471 1.409373 -9.520000 -15.260000 74.970001
-9.332008 -5.225924 0.854238 -6.860000 -7.420000 47.180000
-8.882158 -5.496314 1.064806 -21.840000 -9.380000 40.880001
-8.824730 -5.067998 0.863809 -24.780001 -3.500000 24.850000
-8.824730 -5.067998 0.863809 -24.780001 -3.500000 24.850000
-9.030513 -4.354938 0.854238 -16.799999 0.210000 10.780000
-9.241080 -3.684947 1.033699 -8.610000 5.460000 -1.890000
-9.241080 -3.684947 1.033699 -8.610000 5.460000 -1.890000
-9.281759 -2.998207 1.414158 6.230000 7.490000 -3.360000
-9.281759 -2.998207 1.414158 6.230000 7.490000 -3.360000
-9.346365 -2.935993 1.414158 4.620000 4.060000 -2.870000
-9.427721 -2.883351 1.457229 4.480000 3.010000 -2.380000
