2.277967 -8.946764 2.371287 -5.670000 1.610000 8.960000
1.868794 -7.934600 2.316252 3.150000 7.420000 14.280000
1.868794 -7.934600 2.316252 3.150000 7.420000 14.280000
1.619941 -7.171289 1.844866 0.210000 10.570000 21.770000
1.619941 -7.171289 1.844866 0.210000 10.570000 21.770000
1.117448 -6.587440 2.172683 11.410000 15.820000 42.209999
0.775275 -6.242875 1.854438 -2.730000 15.050000 55.090000
0.212961 -6.742974 1.550549 -6.020000 15.120000 65.590004
-0.665205 -6.707082 2.244468 -3.710000 18.760000 77.980003
-0.665205 -6.707082 2.244468 -3.710000 18.760000 77.980003
-1.328017 -7.068398 1.488336 -20.650000 19.600000 85.750000
-1.564906 -7.968100 1.753939 -15.540000 22.610001 96.599998
-3.259024 -8.721838 1.952543 -11.970000 30.730000 108.010002
-3.259024 -8.721838 1.952543 -11.970000 30.730000 108.010002
-3.680161 -9.511470 2.354537 -11.200000 30.730000 113.820000
-4.438686 -9.324830 2.646462 -6.790000 34.580002 105.000000
-5.599205 -10.451849 3.218346 -7.840000 23.170000 112.980003
-5.599205 -10.451849 3.218346 -7.840000 23.170000 112.980003
-6.230910 -8.092526 1.373480 -28.630001 21.770000 97.440002
-6.654440 -10.133603 1.859223 -36.540001 12.950000 114.449997
-6.853044 -10.006784 2.383251 1.820000 12.110000 123.199997
-7.956135 -8.391629 0.698704 -13.230000 13.860000 122.080002
-8.353344 -8.709875 1.859223 15.610000 23.660000 117.879997
-8.860621 -6.276374 1.454836 -2.870000 24.570000 102.129997
-9.078369 -8.461020 1.672583 -36.889999 17.150000 98.419998
-9.432507 -8.226524 1.572084 -12.390000 21.770000 91.070000
-9.473185 -7.453642 1.366302 -4.410000 20.440001 81.480003
-9.181261 -7.176075 1.258625 17.290001 23.030001 63.139999
-9.068797 -6.262017 1.497907 -20.160000 7.560000 31.990000
-9.068797 -6.262017 1.497907 -20.160000 7.560000 31.990000
-9.188439 -5.745167 1.244268 -35.209999 0.560000 28.350000
-8.587841 -5.491528 0.863809 -69.650002 -12.530000 24.500000
-8.712267 -5.462814 0.256032 -29.540001 -9.940000 24.500000
-8.831908 -4.984250 0.634098 -3.080000 -6.510000 22.190001
-9.217153 -4.252046 0.803988 15.540000 -0.630000 17.780001
-9.444471 -4.041477 0.969093 1.680000 -1.260000 12.250000
-9.317651 -3.988836 0.859023 1.260000 -1.400000 10.080000
