1.655833 -9.111869 2.261217 0.700000 3.850000 1.120000
1.820938 -8.599805 2.074577 0.490000 2.520000 6.790000
1.411765 -7.934600 1.971686 -0.630000 5.530000 11.550000
1.411765 -7.934600 1.971686 -0.630000 5.530000 11.550000
1.067199 -7.731210 1.787439 10.500000 7.840000 21.280001
1.067199 -7.731210 1.787439 10.500000 7.840000 21.280001
1.067199 -7.731210 1.787439 10.500000 7.840000 21.280001
0.193819 -6.063413 1.607977 -2.170000 8.190000 35.209999
-0.801596 -6.556334 1.730011 14.980000 14.630000 71.470001
-0.801596 -6.556334 1.730011 14.980000 14.630000 71.470001
-1.818545 -8.240881 2.292324 -8.750000 15.120000 96.739998
-2.758924 -8.444271 1.854438 7.210000 15.890000 98.070000
-3.220739 -8.334201 1.383051 -5.040000 19.040001 96.040001
-3.921836 -9.097511 1.899901 -12.040000 21.070000 110.599998
-3.921836 -9.097511 1.899901 -12.040000 21.070000 110.599998
-4.546363 -9.099905 1.459622 -21.000000 27.790001 104.720001
-5.146961 -8.731410 0.885344 -26.950001 31.430000 103.180000
-5.879165 -9.693325 1.591227 -5.180000 32.900002 117.529999
-7.173682 -8.070991 0.964308 -27.090000 33.389999 107.029999
-7.891530 -9.066404 1.363909 -23.240000 24.010000 128.100006
-8.264810 -8.116454 1.014557 -17.500000 16.940001 121.590004
-8.535198 -8.130811 0.655633 -32.549999 16.100000 122.849998
-9.312866 -8.829515 1.079163 -6.090000 18.129999 134.610001
-9.312866 -8.829515 1.079163 -6.090000 18.129999 134.610001
-9.243474 -8.257630 1.490728 23.240000 24.150000 117.669998
-9.064013 -8.317451 1.485943 13.580000 24.780001 110.949997
-9.906286 -8.982656 1.849652 22.469999 21.980000 101.639999
-9.016156 -8.372486 1.481157 23.799999 14.350000 90.440002
-9.162118 -7.436893 1.634298 30.799999 12.180000 60.970001
-9.200402 -6.441479 1.442872 -10.080000 0.560000 39.200001
-8.733803 -6.333801 1.495514 -33.529999 -6.020000 31.500000
-8.621340 -5.979663 1.265803 -31.080000 -9.030000 16.520000
-8.650054 -5.271388 0.727418 -33.880001 -12.670000 9.870000
-8.745767 -5.199604 0.825524 -27.440001 -11.970000 7.210000
-9.174082 -4.331009 0.672383 -11.900000 -8.540000 0.630000
-9.023334 -3.649055 0.610170 0.280000 -0.280000 -5.460000
-9.190832 -3.323631 0.717847 17.920000 4.410000 -7.560000
-9.121440 -3.098706 0.942772 14.280000 4.340000 -5.810000
-9.236296 -3.079563 0.916451 8.540000 2.940000 -5.180000
-9.236296 -3.079563 0.916451 8.540000 2.940000 -5.180000
-9.181261 -3.273381 0.873380 5.810000 -1.540000 -0.910000
