1.636691 -8.729016 1.856830 -4.200000 0.070000 6.370000
1.241875 -7.073184 1.672583 9.380000 4.620000 19.460001
1.241875 -7.073184 1.672583 9.380000 4.620000 19.460001
0.952343 -6.608976 1.531406 -2.380000 4.690000 28.280001
0.442672 -6.786045 1.395016 -8.120000 9.450000 42.910000
0.112463 -7.188039 1.438086 6.370000 16.240000 54.599998
-1.201197 -7.503892 1.854438 -9.590000 21.280001 66.779999
-1.799403 -7.322037 1.701297 -12.390000 18.969999 75.389999
-1.627119 -7.554141 1.808974 -11.340000 17.570000 81.059998
-1.627119 -7.554141 1.808974 -11.340000 17.570000 81.059998
-2.478964 -7.728817 1.787439 -3.290000 22.120001 94.709999
-3.699304 -8.693125 1.954936 -13.020000 22.400000 107.029999
-3.929015 -9.346365 2.158326 1.540000 19.879999 110.739998
-4.591826 -9.174082 2.179861 2.380000 22.540001 107.239998
-5.431707 -9.509077 1.880759 -31.639999 17.639999 107.940002
-5.431707 -9.509077 1.880759 -31.639999 17.639999 107.940002
-5.862415 -10.088140 1.694118 -15.120000 15.960000 113.959999
-6.967900 -10.088140 1.567299 -16.799999 10.500000 110.809998
-7.513463 -8.992228 1.256232 -13.090000 8.190000 109.270004
-6.982256 -9.523434 0.894916 -24.990000 2.800000 115.919998
-7.587641 -9.248260 1.012164 2.100000 13.440001 105.000000
-7.747960 -9.212367 0.961915 -4.620000 11.550000 100.029999
-7.747960 -9.212367 0.961915 -4.620000 11.550000 100.029999
-8.018349 -9.382257 0.717847 -25.900000 11.970000 89.110001
-8.542377 -8.248059 0.966700 -32.759998 10.220000 68.040001
-8.319844 -5.970093 0.004786 -60.549999 1.050000 50.610001
-7.357929 -7.326823 0.543171 -10.780000 1.960000 66.709999
-8.221739 -6.987042 0.413958 45.709999 12.460000 69.370003
-8.221739 -6.987042 0.413958 45.709999 12.460000 69.370003
-8.664411 -6.190232 0.763310 76.160004 18.200001 61.180000
-9.018548 -6.376873 1.607977 50.330002 18.129999 47.180000
-8.901299 -5.793024 1.268196 -14.210000 3.570000 21.490000
-8.609376 -6.001199 1.060020 -14.140000 1.890000 13.160000
-8.807980 -5.747560 1.016950 -2.100000 3.500000 7.840000
-8.807980 -5.747560 1.016950 -2.100000 3.500000 7.840000
-8.910872 -4.907679 0.770489 -9.660000 -0.420000 1.470000
-8.693125 -4.886144 0.555135 -12.880000 -1.750000 -0.210000
-8.695518 -4.823930 0.473779 3.500000 -0.840000 -1.330000
-8.903693 -4.359723 0.471386 4.550000 -0.700000 -4.270000
-8.973085 -4.297509 0.468993 2.660000 -0.980000 -4.830000
-8.901299 -4.094120 0.418744 -0.140000 1.750000 -6.650000
-9.004191 -3.967300 0.521635 4.550000 4.550000 -6.370000
-9.013763 -3.869194 0.559920 1.190000 3.220000 -5.530000
