1.079163 0.452243 9.449257 0.910000 -1.470000 -1.050000
1.079163 0.452243 9.449257 0.910000 -1.470000 -1.050000
1.079163 0.452243 9.449257 0.910000 -1.470000 -1.050000
1.119841 0.684347 9.358330 0.630000 -0.910000 -0.350000
1.170090 0.612563 9.430114 2.940000 0.840000 1.470000
1.198804 0.461815 9.506684 0.280000 -0.420000 1.260000
1.160519 0.411566 9.420543 1.750000 -0.350000 0.980000
1.237089 0.411566 9.367901 -0.980000 -1.960000 -0.630000
1.237089 0.411566 9.367901 -0.980000 -1.960000 -0.630000
1.086342 0.447458 9.446864 0.420000 0.420000 -1.190000
1.100698 0.509671 9.516255 -0.210000 -0.910000 -1.750000
1.081556 0.485743 9.446864 0.210000 -1.050000 -1.190000
1.052842 0.490529 9.399008 4.690000 1.120000 -1.260000
1.201197 0.392423 9.468399 4.340000 -0.350000 -0.420000
1.201197 0.392423 9.468399 4.340000 -0.350000 -0.420000
1.213161 0.686740 9.511470 8.470000 0.210000 -1.680000
1.213161 0.686740 9.511470 8.470000 0.210000 -1.680000
1.167697 0.777667 9.492328 -0.420000 -1.820000 -1.680000
1.167697 0.777667 9.492328 -0.420000 -1.820000 -1.680000
1.167697 0.777667 9.492328 -0.420000 -1.820000 -1.680000
1.167697 0.777667 9.492328 -0.420000 -1.820000 -1.680000
1.167697 0.777667 9.492328 -0.420000 -1.820000 -1.680000
1.167697 0.777667 9.492328 -0.420000 -1.820000 -1.680000
1.167697 0.777667 9.492328 -0.420000 -1.820000 -1.680000
1.167697 0.777667 9.492328 -0.420000 -1.820000 -1.680000
1.119841 0.916451 9.415757 -0.420000 -1.260000 3.150000
1.282553 0.267996 9.394222 -3.430000 -2.380000 1.890000
1.215554 0.593420 9.334401 4.060000 0.630000 0.140000
1.304088 0.583849 9.403792 -2.030000 -1.050000 0.350000
1.179662 0.382852 9.305687 -1.680000 -0.140000 -0.070000
1.179662 0.382852 9.305687 -1.680000 -0.140000 -0.070000
1.225125 0.614955 9.281759 2.310000 1.820000 -0.630000
1.177269 0.610170 9.600004 3.150000 1.750000 0.140000
1.194018 0.641276 9.561719 2.100000 0.910000 -0.280000
1.194018 0.641276 9.561719 2.100000 0.910000 -0.280000
1.162912 0.612563 9.573684 1.260000 -0.210000 -0.350000
1.162912 0.612563 9.573684 1.260000 -0.210000 -0.350000
1.131805 0.744168 9.525827 -0.420000 -1.540000 1.400000
1.220340 0.480957 9.396614 -0.210000 -1.750000 0.210000
1.138984 0.504886 9.418150 3.220000 0.070000 -0.070000
1.127020 0.722632 9.324830 2.030000 -0.490000 0.070000
1.227518 0.421137 9.241080 0.770000 -0.840000 -0.560000
1.227518 0.421137 9.241080 0.770000 -0.840000 -0.560000
1.227518 0.421137 9.241080 0.770000 -0.840000 -0.560000
1.272982 0.287139 9.286544 -6.790000 -1.960000 1.470000
1.172483 0.665205 9.403792 9.030000 4.340000 -0.490000
1.194018 0.507278 9.506684 -4.340000 -1.540000 0.280000
1.227518 0.495314 9.504292 1.400000 0.770000 -0.490000
1.227518 0.495314 9.504292 1.400000 0.770000 -0.490000
1.227518 0.495314 9.504292 1.400000 0.770000 -0.490000
1.227518 0.495314 9.504292 1.400000 0.770000 -0.490000
1.227518 0.495314 9.504292 1.400000 0.770000 -0.490000
1.227518 0.495314 9.504292 1.400000 0.770000 -0.490000
1.227518 0.495314 9.504292 1.400000 0.770000 -0.490000
1.227518 0.495314 9.504292 1.400000 0.770000 -0.490000
1.227518 0.495314 9.504292 1.400000 0.770000 -0.490000
1.227518 0.495314 9.504292 1.400000 0.770000 -0.490000
1.227518 0.495314 9.504292 1.400000 0.770000 -0.490000
1.227518 0.495314 9.504292 1.400000 0.770000 -0.490000
1.299303 0.435494 9.437292 -5.530000 -1.400000 1.190000
1.280160 0.361316 9.578469 -2.870000 -0.210000 1.120000
1.203590 0.241675 9.473185 3.710000 1.890000 0.700000
1.117448 0.593420 9.724431 4.550000 0.630000 -1.050000
1.134198 0.626920 9.628718 -1.400000 -2.100000 -1.050000
1.134198 0.626920 9.628718 -1.400000 -2.100000 -1.050000
1.052842 0.868595 9.312866 0.980000 -0.350000 -0.700000
1.328017 0.385244 9.358330 -4.060000 -3.430000 0.840000
1.098306 0.488136 9.236296 3.570000 0.490000 1.260000
1.249053 0.483350 9.377472 0.420000 -1.400000 -0.210000
1.194018 0.464208 9.334401 3.640000 0.980000 0.210000
1.165305 0.646062 9.454042 2.730000 0.910000 0.350000
1.229911 0.361316 9.387043 3.080000 0.560000 0.210000
1.229911 0.361316 9.387043 3.080000 0.560000 0.210000
1.229911 0.361316 9.387043 3.080000 0.560000 0.210000
1.229911 0.361316 9.387043 3.080000 0.560000 0.210000
1.229911 0.361316 9.387043 3.080000 0.560000 0.210000
1.229911 0.361316 9.387043 3.080000 0.560000 0.210000
1.215554 0.715454 9.415757 2.450000 -0.910000 -2.940000
1.088734 0.715454 9.300901 -1.120000 -1.680000 -2.870000
1.088734 0.715454 9.300901 -1.120000 -1.680000 -2.870000
1.251446 0.662812 9.296116 -1.820000 -1.680000 -2.100000
1.194018 0.701097 9.166903 -1.470000 -0.070000 -0.840000
1.411765 0.672383 9.379865 -1.050000 -0.630000 -1.190000
1.275374 0.703490 9.463614 -2.030000 -0.070000 0.910000
1.280160 0.653241 9.451650 -0.770000 0.350000 0.700000
1.194018 0.629312 9.533006 1.470000 0.560000 0.350000
1.198804 0.648455 9.542577 -2.520000 -1.540000 1.190000
1.227518 0.571885 9.518648 -1.400000 -1.610000 0.420000
1.158126 0.715454 9.475577 0.980000 -1.470000 0.350000
1.158126 0.715454 9.475577 0.980000 -1.470000 0.350000
1.272982 0.591027 9.351151 0.420000 -1.050000 0.630000
1.272982 0.591027 9.351151 0.420000 -1.050000 0.630000
1.249053 0.468993 9.257831 -3.780000 -1.680000 0.140000
1.249053 0.468993 9.257831 -3.780000 -1.680000 0.140000
1.253839 0.526421 9.231510 -2.450000 -0.840000 0.350000
1.270589 0.519243 9.370294 -0.420000 1.330000 1.050000
1.375873 0.626920 9.463614 -2.310000 1.120000 1.050000
1.244268 0.471386 9.477970 -1.470000 0.140000 0.630000
1.251446 0.473779 9.367901 -0.560000 0.840000 0.490000
1.275374 0.425922 9.351151 0.770000 0.700000 -0.280000
1.184447 0.512064 9.439686 3.920000 1.750000 -0.490000
1.184447 0.512064 9.439686 3.920000 1.750000 -0.490000
1.296910 0.401994 9.408579 -1.540000 0.140000 -0.420000
1.227518 0.488136 9.604790 3.360000 1.750000 -0.350000
1.220340 0.528814 9.619147 -0.280000 -0.560000 -0.350000
1.263410 0.473779 9.614362 -0.350000 -0.420000 -1.050000
1.189233 0.559920 9.592826 3.780000 0.420000 -1.050000
1.189233 0.559920 9.592826 3.780000 0.420000 -1.050000
1.306481 0.600598 9.576077 -1.050000 -3.080000 -1.610000
1.191626 0.531207 9.473185 0.630000 -2.590000 -1.750000
1.191626 0.531207 9.473185 0.630000 -2.590000 -1.750000
1.191626 0.531207 9.473185 0.630000 -2.590000 -1.750000
1.232304 0.713061 9.458827 0.910000 -2.730000 -1.960000
1.258625 0.658026 9.389436 -1.260000 -3.150000 -1.190000
1.258625 0.658026 9.389436 -1.260000 -3.150000 -1.190000
1.258625 0.658026 9.389436 -1.260000 -3.150000 -1.190000
1.292124 0.547956 9.293723 0.980000 1.400000 1.960000
1.292124 0.547956 9.293723 0.980000 1.400000 1.960000
1.316052 0.598206 9.477970 0.910000 1.050000 0.280000
1.287339 0.648455 9.623933 1.820000 1.610000 0.840000
1.237089 0.677169 9.585647 -0.980000 0.560000 1.610000
1.287339 0.435494 9.480364 -2.380000 -0.980000 1.190000
1.304088 0.617348 9.360723 2.170000 -0.700000 -0.420000
1.361516 0.557528 9.370294 -0.980000 -1.400000 -0.490000
1.361516 0.557528 9.370294 -0.980000 -1.400000 -0.490000
1.270589 0.636491 9.255438 1.260000 -0.210000 -0.210000
1.308874 0.617348 9.315259 -1.260000 -0.630000 -0.910000
1.277767 0.550349 9.530612 3.220000 1.400000 -0.630000
1.277767 0.550349 9.530612 3.220000 1.400000 -0.630000
1.351945 0.586242 9.513863 6.160000 0.420000 -1.120000
1.304088 0.784846 9.600004 1.120000 -2.590000 -2.100000
1.272982 0.859023 9.332008 2.240000 -1.890000 -0.770000
1.363909 0.614955 9.274581 -2.590000 -1.820000 0.560000
1.363909 0.614955 9.274581 -2.590000 -1.820000 0.560000
1.304088 0.545564 9.221939 -2.100000 -1.470000 0.490000
1.213161 0.669990 9.198010 2.730000 1.120000 0.070000
1.406980 0.586242 9.267403 2.520000 1.750000 -0.420000
1.406980 0.586242 9.267403 2.520000 1.750000 -0.420000
1.229911 0.801596 9.410972 2.170000 1.260000 -0.420000
1.335195 0.708275 9.406186 0.630000 1.470000 0.700000
1.253839 0.744168 9.497113 1.960000 1.470000 0.280000
1.229911 0.650848 9.489935 0.980000 0.700000 0.350000
1.308874 0.748954 9.494720 -0.490000 -0.700000 -0.490000
1.344766 0.665205 9.552148 1.260000 -0.420000 0.210000
1.344766 0.665205 9.552148 1.260000 -0.420000 0.210000
1.299303 0.686740 9.530612 1.470000 -0.350000 0.210000
1.299303 0.686740 9.530612 1.470000 -0.350000 0.210000
1.313660 0.806381 9.353544 1.260000 -0.420000 -0.770000
1.306481 0.887737 9.367901 -0.140000 -1.400000 -0.560000
1.275374 0.693919 9.343972 0.280000 -0.770000 -0.700000
1.354338 0.808774 9.358330 -0.770000 -0.560000 1.190000
1.347159 0.705883 9.343972 0.140000 0.770000 0.630000
1.292124 0.574277 9.305687 -0.420000 0.770000 -0.350000
1.409373 0.713061 9.403792 1.540000 1.610000 -0.490000
1.409373 0.713061 9.403792 1.540000 1.610000 -0.490000
1.330409 0.715454 9.537791 -0.910000 1.260000 0.070000
1.418944 0.662812 9.590433 -2.800000 0.420000 -0.140000
1.222732 0.602991 9.454042 -0.210000 -0.210000 -0.630000
1.323231 0.734596 9.525827 2.240000 0.980000 -1.120000
1.323231 0.734596 9.525827 2.240000 0.980000 -1.120000
1.323231 0.734596 9.525827 2.240000 0.980000 -1.120000
1.215554 0.629312 9.418150 -1.400000 -0.280000 -0.070000
1.215554 0.629312 9.418150 -1.400000 -0.280000 -0.070000
1.363909 0.672383 9.260223 -1.050000 -0.210000 -0.630000
1.416551 0.748954 9.384650 -0.140000 0.770000 -0.210000
1.201197 0.583849 9.410972 -1.960000 0.280000 -0.210000
1.256232 0.579063 9.425328 -2.310000 -0.210000 0.210000
1.256232 0.579063 9.425328 -2.310000 -0.210000 0.210000
1.277767 0.581456 9.418150 -0.630000 -0.280000 -0.420000
1.284946 0.598206 9.513863 1.260000 0.070000 -0.420000
1.253839 0.614955 9.418150 -1.260000 -1.470000 -0.490000
1.225125 0.703490 9.365508 0.770000 -0.140000 0.350000
1.368695 0.605384 9.303294 -2.310000 -1.260000 -0.280000
1.284946 0.593420 9.329616 -1.400000 -0.420000 -0.840000
1.328017 0.655633 9.291330 0.770000 0.840000 -0.140000
1.246661 0.600598 9.339187 -0.420000 1.400000 0.770000
1.234696 0.595813 9.391829 -1.050000 0.770000 0.770000
1.234696 0.595813 9.391829 -1.050000 0.770000 0.770000
1.433301 0.480957 9.351151 -2.170000 -0.280000 -0.560000
1.351945 0.689133 9.561719 1.820000 1.750000 -0.840000
1.268196 0.564706 9.482756 -0.630000 0.700000 -0.070000
1.335195 0.476172 9.485149 3.080000 2.100000 -1.050000
1.244268 0.763310 9.695717 4.340000 3.360000 -0.070000
1.308874 0.593420 9.619147 -3.640000 -2.520000 0.980000
1.349552 0.540778 9.487542 0.350000 -1.330000 -0.700000
1.349552 0.540778 9.487542 0.350000 -1.330000 -0.700000
1.294517 0.543171 9.466006 2.520000 -0.560000 -0.700000
1.308874 0.626920 9.391829 0.210000 -1.540000 0.210000
1.287339 0.449851 9.260223 -2.590000 -1.050000 0.840000
1.282553 0.430708 9.300901 -0.210000 0.420000 0.770000
1.282553 0.430708 9.300901 -0.210000 0.420000 0.770000
1.280160 0.619741 9.384650 -0.770000 0.140000 -0.420000
1.258625 0.646062 9.559326 0.280000 0.070000 -0.770000
1.284946 0.672383 9.477970 2.940000 0.700000 -1.190000
1.227518 0.533599 9.418150 -1.120000 -1.540000 -0.490000
1.284946 0.562313 9.406186 0.140000 -0.490000 -0.560000
1.284946 0.562313 9.406186 0.140000 -0.490000 -0.560000
1.246661 0.641276 9.372685 -0.420000 -0.840000 -0.350000
1.368695 0.641276 9.288938 -0.280000 -0.280000 -0.840000
1.284946 0.679562 9.377472 -0.420000 0.070000 -0.700000
1.284946 0.679562 9.377472 -0.420000 0.070000 -0.700000
1.347159 0.624527 9.382257 -0.490000 0.630000 0.210000
1.347159 0.624527 9.382257 -0.490000 0.630000 0.210000
1.347159 0.624527 9.382257 -0.490000 0.630000 0.210000
1.177269 0.646062 9.571291 0.070000 -0.280000 0.560000
1.299303 0.519243 9.458827 -1.120000 -1.400000 -0.210000
1.256232 0.485743 9.341579 -1.120000 -1.050000 -0.700000
1.392623 0.641276 9.432507 2.380000 0.700000 0.070000
1.306481 0.571885 9.516255 -3.430000 -1.540000 1.750000
1.339981 0.540778 9.305687 2.100000 1.470000 -0.630000
1.339981 0.540778 9.305687 2.100000 1.470000 -0.630000
1.256232 0.689133 9.382257 2.940000 1.120000 -0.140000
1.239482 0.461815 9.391829 -2.100000 -0.560000 0.490000
1.292124 0.555135 9.367901 -0.210000 1.540000 0.980000
1.263410 0.466600 9.360723 -3.570000 -0.210000 0.420000
1.328017 0.344566 9.288938 2.380000 1.820000 -1.820000
1.227518 0.715454 9.473185 -1.820000 -1.050000 -2.100000
1.227518 0.715454 9.473185 -1.820000 -1.050000 -2.100000
1.318445 0.686740 9.530612 0.350000 0.350000 -0.630000
1.227518 0.648455 9.482756 0.490000 0.140000 0.840000
1.179662 0.538385 9.410972 -0.070000 -0.490000 -0.350000
1.198804 0.796810 9.332008 0.630000 -0.070000 0.490000
1.320838 0.622134 9.355937 -1.190000 -0.560000 0.840000
1.280160 0.521635 9.324830 -1.610000 -0.980000 1.190000
1.194018 0.528814 9.494720 0.420000 0.210000 1.750000
1.213161 0.471386 9.293723 -0.910000 -0.140000 0.770000
1.213161 0.471386 9.293723 -0.910000 -0.140000 0.770000
1.213161 0.471386 9.293723 -0.910000 -0.140000 0.770000
1.311267 0.677169 9.403792 1.330000 1.890000 0.490000
1.296910 0.468993 9.391829 -2.590000 -0.210000 0.840000
1.296910 0.468993 9.391829 -2.590000 -0.210000 0.840000
1.277767 0.526421 9.501899 0.140000 -0.490000 -0.840000
1.277767 0.526421 9.501899 0.140000 -0.490000 -0.840000
1.234696 0.562313 9.461221 -0.280000 -0.630000 -0.980000
1.234696 0.562313 9.461221 -0.280000 -0.630000 -0.980000
1.182054 0.614955 9.391829 0.700000 -0.490000 -1.120000
1.215554 0.643669 9.434900 -0.070000 0.140000 0.280000
1.198804 0.586242 9.367901 0.280000 0.560000 0.140000
1.275374 0.519243 9.413363 -2.170000 -0.770000 -0.210000
1.371087 0.483350 9.437292 0.140000 0.350000 0.070000
1.304088 0.473779 9.415757 -0.980000 -0.700000 -0.420000
1.261017 0.368495 9.492328 -0.280000 -0.420000 -2.240000
1.325624 0.581456 9.509077 2.310000 0.140000 -2.940000
1.198804 0.636491 9.568897 3.710000 -0.630000 -2.940000
1.100698 0.653241 9.372685 -0.420000 -2.450000 -1.540000
1.253839 0.686740 9.329616 2.240000 -0.140000 -0.770000
1.339981 0.725025 9.324830 2.660000 0.140000 -1.330000
1.189233 0.722632 9.410972 2.520000 -0.420000 -1.260000
1.232304 0.763310 9.365508 0.420000 -0.350000 0.350000
1.244268 0.655633 9.265009 -0.980000 -0.700000 0.910000
1.277767 0.583849 9.229117 0.350000 0.210000 0.980000
1.277767 0.583849 9.229117 0.350000 0.210000 0.980000
1.179662 0.792024 9.372685 0.840000 0.980000 0.770000
1.179662 0.792024 9.372685 0.840000 0.980000 0.770000
1.194018 0.567099 9.370294 -1.330000 0.700000 0.980000
1.263410 0.641276 9.485149 -2.100000 0.070000 1.260000
1.263410 0.598206 9.578469 0.770000 0.840000 1.680000
1.301696 0.571885 9.542577 0.630000 0.700000 1.890000
1.158126 0.500100 9.544970 -0.490000 -0.980000 -0.280000
1.251446 0.681954 9.477970 3.150000 0.350000 -0.560000
1.251446 0.681954 9.477970 3.150000 0.350000 -0.560000
1.127020 0.763310 9.341579 1.120000 -0.350000 0.420000
1.203590 0.717847 9.207582 -1.750000 -1.120000 0.910000
1.258625 0.502493 9.116654 -1.540000 0.560000 0.490000
1.277767 0.686740 9.365508 -0.420000 1.960000 0.420000
1.184447 0.641276 9.444471 -3.220000 0.840000 1.050000
1.184447 0.641276 9.444471 -3.220000 0.840000 1.050000
1.347159 0.459422 9.473185 0.910000 1.890000 0.490000
1.261017 0.598206 9.619147 1.470000 0.560000 -0.350000
1.261017 0.598206 9.619147 1.470000 0.560000 -0.350000
1.186840 0.681954 9.559326 -0.910000 -1.190000 -0.770000
1.227518 0.610170 9.449257 -0.840000 -2.100000 -1.820000
1.153341 0.672383 9.418150 -1.890000 -1.330000 0.840000
1.237089 0.598206 9.346365 1.610000 -0.910000 -0.350000
1.237089 0.598206 9.346365 1.610000 -0.910000 -0.350000
1.127020 0.689133 9.274581 -0.560000 -1.050000 -0.350000
1.196411 0.650848 9.119047 -0.630000 -0.210000 0.420000
1.184447 0.617348 9.241080 1.330000 2.100000 -0.210000
1.182054 0.653241 9.430114 -1.820000 1.610000 3.010000
1.182054 0.502493 9.571291 1.050000 2.100000 1.750000
1.289732 0.567099 9.688539 1.890000 0.420000 -0.350000
1.289732 0.567099 9.688539 1.890000 0.420000 -0.350000
1.196411 0.492921 9.623933 2.380000 0.420000 -0.700000
1.198804 0.643669 9.583255 -0.210000 -2.660000 -1.680000
1.196411 0.512064 9.430114 -0.140000 -3.150000 -2.030000
1.196411 0.512064 9.430114 -0.140000 -3.150000 -2.030000
1.196411 0.512064 9.430114 -0.140000 -3.150000 -2.030000
1.196411 0.512064 9.430114 -0.140000 -3.150000 -2.030000
1.196411 0.512064 9.430114 -0.140000 -3.150000 -2.030000
1.196411 0.512064 9.430114 -0.140000 -3.150000 -2.030000
1.196411 0.512064 9.430114 -0.140000 -3.150000 -2.030000
1.196411 0.512064 9.430114 -0.140000 -3.150000 -2.030000
1.196411 0.512064 9.430114 -0.140000 -3.150000 -2.030000
1.177269 0.806381 9.269794 -0.560000 -1.960000 -0.630000
1.299303 0.693919 9.332008 -0.490000 -0.770000 -0.630000
1.351945 0.598206 9.439686 -0.210000 -0.560000 0.630000
1.351945 0.598206 9.439686 -0.210000 -0.560000 0.630000
1.277767 0.710668 9.410972 2.940000 0.490000 0.560000
1.249053 0.751346 9.391829 -0.980000 -0.840000 0.700000
1.284946 0.765703 9.396614 2.520000 -1.050000 -0.770000
1.222732 0.741775 9.427721 0.560000 -0.630000 -0.210000
1.222732 0.741775 9.427721 0.560000 -0.630000 -0.210000
1.308874 0.588634 9.320045 2.100000 0.770000 -0.420000
1.308874 0.588634 9.320045 2.100000 0.770000 -0.420000
1.385444 0.772882 9.408579 0.210000 0.350000 -0.280000
1.263410 0.626920 9.332008 -2.100000 -0.420000 0.210000
1.277767 0.772882 9.475577 0.350000 0.770000 0.490000
1.277767 0.772882 9.475577 0.350000 0.770000 0.490000
1.280160 0.681954 9.504292 0.070000 0.840000 0.980000
1.249053 0.648455 9.561719 1.120000 0.350000 -0.070000
1.280160 0.722632 9.537791 0.490000 -0.980000 1.260000
1.232304 0.643669 9.336794 1.400000 -0.980000 -0.490000
1.246661 0.681954 9.255438 0.420000 -0.700000 0.350000
1.246661 0.681954 9.255438 0.420000 -0.700000 0.350000
1.246661 0.681954 9.255438 0.420000 -0.700000 0.350000
1.289732 0.701097 9.233903 -0.210000 -0.140000 -0.070000
1.311267 0.677169 9.499505 2.030000 1.610000 -0.630000
1.215554 0.825524 9.399008 1.050000 1.470000 0.490000
1.222732 0.684347 9.379865 -0.560000 0.840000 1.050000
1.294517 0.734596 9.556933 0.770000 -0.140000 -0.560000
1.294517 0.734596 9.556933 0.770000 -0.140000 -0.560000
1.332802 0.545564 9.480364 -1.050000 -1.610000 -0.490000
1.359123 0.605384 9.518648 1.470000 -1.610000 -2.030000
1.368695 0.825524 9.425328 1.120000 -1.120000 -0.350000
1.280160 0.868595 9.346365 -1.470000 -0.910000 0.280000
1.280160 0.868595 9.346365 -1.470000 -0.910000 0.280000
1.351945 0.698704 9.269794 -2.100000 -1.470000 1.190000
1.308874 0.674776 9.176475 2.870000 0.840000 -0.700000
1.289732 0.792024 9.353544 -0.140000 1.120000 0.630000
1.249053 0.734596 9.449257 -1.470000 0.980000 1.960000
1.249053 0.734596 9.449257 -1.470000 0.980000 1.960000
1.368695 0.643669 9.420543 -1.750000 1.120000 2.380000
1.239482 0.629312 9.585647 1.260000 0.980000 1.050000
1.304088 0.722632 9.554541 1.120000 0.070000 -0.840000
1.299303 0.681954 9.377472 -1.400000 -1.050000 0.210000
1.299303 0.681954 9.377472 -1.400000 -1.050000 0.210000
1.421337 0.641276 9.430114 0.350000 -0.140000 -0.630000
1.311267 0.679562 9.363115 0.630000 -0.420000 0.560000
1.361516 0.588634 9.250652 -1.120000 -0.840000 -0.280000
1.361516 0.588634 9.250652 -1.120000 -0.840000 -0.280000
1.361516 0.588634 9.250652 -1.120000 -0.840000 -0.280000
1.361516 0.588634 9.250652 -1.120000 -0.840000 -0.280000
1.361516 0.588634 9.250652 -1.120000 -0.840000 -0.280000
1.361516 0.588634 9.250652 -1.120000 -0.840000 -0.280000
1.339981 0.681954 9.348758 -0.140000 0.420000 -0.420000
1.390230 0.605384 9.425328 -0.490000 -0.490000 -0.770000
1.304088 0.624527 9.379865 -0.630000 -0.630000 0.210000
1.272982 0.612563 9.420543 1.330000 0.210000 -0.910000
1.308874 0.693919 9.396614 0.350000 -0.490000 -0.770000
1.316052 0.576670 9.336794 2.100000 0.280000 -1.540000
1.217947 0.892523 9.635897 -0.560000 -0.700000 0.140000
1.217947 0.892523 9.635897 -0.560000 -0.700000 0.140000
1.244268 0.667598 9.456435 -0.140000 -1.260000 0.070000
1.342373 0.760918 9.439686 0.210000 -1.050000 -0.280000
1.296910 0.760918 9.422935 0.210000 -0.140000 0.910000
1.296910 0.760918 9.422935 0.210000 -0.140000 0.910000
1.284946 0.713061 9.339187 -0.840000 -0.840000 0.630000
1.284946 0.713061 9.339187 -0.840000 -0.840000 0.630000
1.265803 0.660419 9.257831 -0.280000 -0.490000 0.350000
1.287339 0.708275 9.387043 -1.890000 -0.840000 0.210000
1.330409 0.717847 9.528220 -1.400000 -0.070000 0.560000
1.395016 0.736989 9.492328 -1.120000 -0.140000 0.700000
1.282553 0.701097 9.456435 3.150000 -0.070000 -0.910000
1.261017 0.727418 9.434900 2.870000 -0.070000 -0.420000
1.261017 0.727418 9.434900 2.870000 -0.070000 -0.420000
1.282553 0.736989 9.571291 2.310000 -0.350000 -0.210000
1.191626 0.808774 9.475577 -1.190000 -2.450000 0.070000
1.282553 0.741775 9.054441 1.540000 0.350000 -1.330000
1.409373 0.736989 9.245867 -3.150000 -0.840000 -0.420000
1.373480 0.662812 9.310472 -1.400000 1.050000 0.630000
1.373480 0.662812 9.310472 -1.400000 1.050000 0.630000
1.366302 0.736989 9.444471 -0.210000 1.400000 0.630000
1.148555 0.689133 9.427721 -0.140000 0.910000 -0.280000
1.256232 0.715454 9.477970 0.140000 0.630000 -0.210000
1.256232 0.715454 9.477970 0.140000 0.630000 -0.210000
1.409373 0.827917 9.485149 1.260000 -0.420000 -0.070000
1.294517 0.748954 9.372685 0.140000 -1.260000 0.280000
1.294517 0.748954 9.372685 0.140000 -1.260000 0.280000
1.294517 0.748954 9.372685 0.140000 -1.260000 0.280000
1.294517 0.748954 9.372685 0.140000 -1.260000 0.280000
1.294517 0.748954 9.372685 0.140000 -1.260000 0.280000
1.241875 0.744168 9.353544 -1.610000 -0.630000 0.490000
1.306481 0.691526 9.451650 0.910000 1.540000 0.210000
1.306481 0.691526 9.451650 0.910000 1.540000 0.210000
1.335195 0.768096 9.470792 -1.330000 0.070000 0.490000
1.280160 0.658026 9.449257 -1.750000 -0.070000 0.350000
1.304088 0.705883 9.446864 -0.420000 -0.560000 -0.070000
1.330409 0.701097 9.329616 1.540000 -0.280000 -0.280000
1.194018 0.782453 9.272188 1.470000 -0.070000 -0.140000
1.363909 0.725025 9.308081 -0.560000 0.560000 0.490000
1.344766 0.729811 9.442079 -0.070000 1.050000 -0.140000
1.344766 0.729811 9.442079 -0.070000 1.050000 -0.140000
1.208375 0.835095 9.542577 2.940000 1.890000 -0.560000
1.184447 0.890130 9.513863 -0.280000 1.890000 -0.070000
1.301696 0.928415 9.525827 0.420000 0.140000 0.070000
1.301696 0.928415 9.525827 0.420000 0.140000 0.070000
1.308874 0.586242 9.442079 -1.190000 -1.050000 1.680000
1.308874 0.586242 9.442079 -1.190000 -1.050000 1.680000
1.251446 0.691526 9.377472 -2.030000 -2.030000 1.400000
1.378266 0.545564 9.303294 -2.030000 -2.380000 -0.280000
1.301696 0.780060 9.257831 1.960000 0.980000 0.070000
1.311267 0.705883 9.317651 -2.380000 -0.210000 1.610000
1.380659 0.555135 9.327222 -2.450000 -0.140000 1.680000
1.284946 0.715454 9.324830 -0.490000 0.490000 0.070000
1.284946 0.715454 9.324830 -0.490000 0.490000 0.070000
1.366302 0.598206 9.339187 0.980000 1.750000 -0.070000
1.308874 0.703490 9.561719 1.610000 1.330000 -0.560000
1.237089 0.746561 9.243474 -6.720000 -0.490000 -0.280000
1.287339 0.502493 9.279366 -9.590000 -2.310000 -0.910000
1.328017 0.583849 9.389436 6.300000 4.690000 0.140000
1.186840 0.734596 9.430114 -2.660000 -0.140000 0.420000
1.186840 0.734596 9.430114 -2.660000 -0.140000 0.420000
1.213161 0.488136 9.310472 -2.800000 -0.770000 -0.840000
1.258625 0.634098 9.521042 0.560000 1.960000 -0.490000
1.256232 0.708275 9.686146 -1.820000 -0.070000 0.490000
1.244268 0.799203 9.693325 -2.030000 -0.980000 0.560000
1.244268 0.799203 9.693325 -2.030000 -0.980000 0.560000
1.244268 0.799203 9.693325 -2.030000 -0.980000 0.560000
1.249053 0.849452 9.681360 -5.950000 -2.100000 0.210000
1.347159 0.366102 9.389436 -4.830000 -4.130000 0.280000
1.277767 0.593420 9.353544 -1.190000 -3.010000 0.280000
1.265803 0.626920 9.243474 2.940000 -0.700000 -0.630000
1.402194 0.638884 9.298509 1.540000 -0.770000 -0.210000
1.402194 0.638884 9.298509 1.540000 -0.770000 -0.210000
1.347159 0.550349 9.274581 2.940000 0.490000 0.280000
1.301696 0.684347 9.425328 -1.260000 -0.910000 0.910000
1.301696 0.516850 9.272188 -0.070000 0.210000 0.350000
1.366302 0.667598 9.382257 -0.910000 -0.070000 0.350000
1.349552 0.540778 9.499505 0.910000 0.630000 -0.140000
1.251446 0.665205 9.437292 0.350000 0.350000 0.140000
1.263410 0.605384 9.367901 0.700000 0.770000 0.210000
1.306481 0.634098 9.635897 -0.560000 0.140000 1.260000
1.232304 0.428315 9.466006 -2.730000 -1.680000 1.470000
1.232304 0.428315 9.466006 -2.730000 -1.680000 1.470000
1.344766 0.760918 9.410972 0.490000 -0.700000 -0.560000
1.304088 0.598206 9.442079 -0.140000 -0.560000 0.280000
1.320838 0.452243 9.341579 -0.910000 -1.050000 0.420000
1.320838 0.452243 9.341579 -0.910000 -1.050000 0.420000
1.217947 0.576670 9.312866 0.980000 0.560000 0.350000
1.435694 0.571885 9.300901 -1.750000 -0.560000 -0.560000
1.332802 0.650848 9.449257 3.150000 0.980000 -1.190000
1.332802 0.650848 9.449257 3.150000 0.980000 -1.190000
1.299303 0.681954 9.360723 0.490000 0.280000 -0.280000
1.339981 0.686740 9.533006 1.960000 0.420000 0.560000
1.339981 0.686740 9.533006 1.960000 0.420000 0.560000
1.287339 0.646062 9.430114 -1.260000 -1.050000 1.050000
1.325624 0.619741 9.276974 0.700000 -0.700000 -0.140000
1.325624 0.619741 9.276974 0.700000 -0.700000 -0.140000
1.282553 0.614955 9.336794 1.400000 0.210000 0.070000
1.272982 0.693919 9.308081 0.700000 0.980000 0.280000
1.351945 0.557528 9.351151 -0.490000 0.840000 0.140000
1.344766 0.588634 9.348758 -0.630000 0.700000 -0.070000
1.344766 0.588634 9.348758 -0.630000 0.700000 -0.070000
1.261017 0.581456 9.320045 0.350000 1.470000 -0.140000
1.299303 0.653241 9.521042 0.770000 1.120000 -0.210000
1.299303 0.653241 9.521042 0.770000 1.120000 -0.210000
1.275374 0.583849 9.477970 -0.350000 -1.470000 -0.770000
1.227518 0.705883 9.458827 -1.050000 -1.400000 -0.070000
1.318445 0.734596 9.303294 0.840000 -0.070000 -1.050000
1.332802 0.648455 9.281759 1.960000 -0.700000 -1.680000
