-4.969893 -2.584249 7.537392 1.890000 6.930000 -3.430000
-5.599205 -2.598605 7.987241 -0.140000 5.530000 -9.100000
-5.357530 -2.249253 7.889136 -0.140000 2.380000 -7.910000
-5.216353 -2.167897 7.625926 -2.870000 1.470000 -5.040000
-5.142176 -2.112862 7.740781 1.120000 3.500000 -3.990000
-5.142176 -2.112862 7.740781 1.120000 3.500000 -3.990000
-5.154140 -2.141576 7.805387 -0.490000 3.220000 -1.890000
-5.154140 -2.141576 7.805387 -0.490000 3.220000 -1.890000
-5.335995 -2.455036 7.673782 -4.830000 3.220000 -0.140000
-5.333601 -2.773281 7.587641 -8.260000 3.920000 -1.190000
-5.161318 -2.309074 7.609176 -2.450000 5.810000 -3.220000
-5.161318 -2.309074 7.609176 -2.450000 5.810000 -3.220000
-5.458029 -2.179861 7.757531 -3.500000 5.040000 -3.710000
-5.541777 -2.371287 7.929814 -4.200000 0.980000 -1.260000
-5.383851 -2.754139 7.219146 -12.880000 0.560000 2.520000
-5.405386 -3.132205 7.116255 -9.590000 1.540000 2.730000
-5.405386 -3.132205 7.116255 -9.590000 1.540000 2.730000
-5.443672 -2.490928 7.336394 -8.470000 4.900000 -1.610000
-5.443672 -2.490928 7.336394 -8.470000 4.900000 -1.610000
-5.374279 -2.880959 7.652246 0.700000 6.510000 -0.420000
-5.340781 -2.658426 7.893922 2.870000 -0.210000 -0.700000
-5.340781 -2.658426 7.893922 2.870000 -0.210000 -0.700000
-5.654240 -3.115455 7.592427 -2.590000 -0.980000 -2.520000
-5.474778 -3.055635 7.590034 0.910000 -1.680000 -1.400000
-5.474778 -3.055635 7.590034 0.910000 -1.680000 -1.400000
-5.477170 -2.792424 7.537392 0.910000 -3.640000 -0.980000
-5.304887 -3.046063 7.776673 0.910000 -9.590000 -4.900000
-5.314459 -2.878566 7.652246 1.190000 -5.880000 -1.610000
-5.314459 -2.878566 7.652246 1.190000 -5.880000 -1.610000
-5.187639 -2.778067 7.810174 5.600000 -4.830000 -1.890000
-5.187639 -2.778067 7.810174 5.600000 -4.830000 -1.890000
-5.517848 -3.084348 8.037491 5.460000 -6.930000 -4.550000
-5.046463 -2.849852 7.814958 4.410000 -9.940000 -2.520000
-5.077570 -2.660819 7.362715 0.910000 -3.360000 -2.170000
-5.077570 -2.660819 7.362715 0.910000 -3.360000 -2.170000
-5.003392 -2.782853 7.025328 -14.000000 1.260000 -2.310000
-5.185246 -3.005385 7.200003 -12.670000 0.770000 -5.810000
-5.096712 -2.823531 7.537392 -4.060000 -4.060000 -7.840000
-5.096712 -2.823531 7.537392 -4.060000 -4.060000 -7.840000
-4.890929 -2.878566 7.446464 -7.980000 -2.170000 -6.580000
-5.039285 -2.806781 7.389036 1.470000 2.310000 -3.220000
-5.039285 -2.806781 7.389036 1.470000 2.310000 -3.220000
-5.039285 -2.806781 7.389036 1.470000 2.310000 -3.220000
-5.039285 -2.806781 7.389036 1.470000 2.310000 -3.220000
-5.039285 -2.806781 7.389036 1.470000 2.310000 -3.220000
-5.039285 -2.806781 7.389036 1.470000 2.310000 -3.220000
-5.039285 -2.806781 7.389036 1.470000 2.310000 -3.220000
-5.039285 -2.806781 7.389036 1.470000 2.310000 -3.220000
-5.352744 -2.967100 7.752745 1.890000 3.150000 -0.280000
-5.249853 -3.326023 7.410572 -0.210000 -0.560000 -0.770000
-5.280960 -3.163311 7.752745 0.840000 -1.120000 1.680000
-5.280960 -3.163311 7.752745 0.840000 -1.120000 1.680000
-5.044070 -3.249453 7.401000 -0.210000 -1.890000 0.700000
-5.017749 -3.287738 7.503892 -0.770000 -1.400000 -0.280000
-5.000999 -3.058028 7.570890 3.850000 1.050000 0.700000
-5.201996 -2.943172 7.714460 3.990000 1.960000 0.560000
-5.120641 -2.878566 7.714460 1.470000 -0.770000 0.350000
-4.960321 -3.136991 7.518249 -3.920000 -0.490000 -0.210000
-5.070391 -3.510271 7.326823 -1.190000 -0.560000 -1.190000
-5.070391 -3.510271 7.326823 -1.190000 -0.560000 -1.190000
-5.084748 -2.926422 7.752745 -0.630000 -0.910000 -0.910000
-5.144568 -2.986243 7.659425 -0.630000 -0.980000 0.490000
-5.166104 -3.091527 7.544570 -0.140000 -0.770000 0.140000
-5.154140 -3.139383 7.566105 0.490000 0.630000 -0.280000
-5.168497 -3.031706 7.692925 0.630000 -0.280000 -0.840000
-5.168497 -3.031706 7.692925 0.630000 -0.280000 -0.840000
-5.082355 -3.105884 7.456036 -0.910000 0.070000 0.140000
-5.082355 -3.105884 7.456036 -0.910000 0.070000 0.140000
-5.137390 -3.177669 7.630712 -0.770000 0.910000 0.140000
-5.137390 -3.177669 7.630712 -0.770000 0.910000 0.140000
-5.175675 -2.974278 7.530212 -1.960000 -0.280000 0.140000
-4.996214 -3.000600 7.654640 1.750000 -0.840000 -0.280000
-5.056034 -3.010171 7.515855 0.630000 -1.120000 -0.070000
-5.084748 -3.146562 7.575676 0.070000 -0.910000 -0.070000
-5.082355 -3.132205 7.654640 1.610000 -1.050000 -0.490000
-5.017749 -3.139383 7.585248 3.990000 -0.910000 -1.190000
-5.017749 -3.139383 7.585248 3.990000 -0.910000 -1.190000
-5.185246 -3.074777 7.637890 -2.170000 -0.420000 -0.210000
-5.137390 -2.866602 7.657032 1.190000 -0.350000 0.210000
-5.137390 -2.866602 7.657032 1.190000 -0.350000 0.210000
-5.015356 -3.105884 7.613962 -2.800000 -0.420000 0.420000
-5.015356 -3.225525 7.625926 -1.050000 -0.490000 -0.140000
-4.969893 -2.998207 7.558927 -0.560000 -0.490000 -0.700000
-5.053641 -3.017349 7.594819 -0.280000 -0.630000 -0.700000
-5.067998 -3.110669 7.659425 0.490000 -0.910000 -0.910000
-5.041678 -3.048456 7.642675 -1.050000 -0.910000 -0.560000
-5.041678 -3.048456 7.642675 -1.050000 -0.910000 -0.560000
-5.106283 -3.120241 7.575676 -1.540000 -0.280000 -0.280000
-5.096712 -3.017349 7.728817 2.100000 0.070000 -0.630000
-5.111069 -3.196811 7.585248 0.280000 -0.700000 -0.770000
-4.867002 -3.050849 7.764710 1.260000 -0.700000 -0.350000
-4.867002 -3.050849 7.764710 1.260000 -0.700000 -0.350000
-5.072784 -3.012564 7.671390 1.190000 -0.910000 -0.140000
-5.041678 -3.141776 7.439285 -1.610000 -2.030000 -0.490000
-5.041678 -3.141776 7.439285 -1.610000 -2.030000 -0.490000
-5.000999 -2.976671 7.817351 -0.140000 0.910000 1.050000
-5.003392 -3.029313 7.671390 1.050000 -0.420000 0.840000
-4.957928 -3.048456 7.609176 0.350000 -1.400000 0.490000
-4.938786 -3.227918 7.678568 -0.700000 -1.400000 -1.330000
-4.991428 -3.024528 7.683353 0.770000 -1.540000 -2.660000
-4.969893 -2.921637 7.685746 -0.700000 -1.540000 -2.100000
-5.005785 -3.065206 7.721639 0.490000 -2.870000 -1.260000
-4.979464 -3.010171 7.580462 -0.280000 -2.240000 -0.910000
-5.029713 -3.129812 7.642675 -0.910000 -1.470000 -0.560000
-5.048856 -3.192025 7.649854 0.630000 -0.770000 0.070000
-5.048856 -3.192025 7.649854 0.630000 -0.770000 0.070000
-4.914857 -3.031706 7.676175 1.960000 -0.630000 -0.280000
-5.027320 -3.026921 7.611568 -0.490000 -1.680000 -1.260000
-5.044070 -3.113062 7.661818 -1.120000 -2.030000 -1.330000
-5.036892 -2.986243 7.704889 -0.140000 -0.420000 -1.260000
-5.036892 -2.986243 7.704889 -0.140000 -0.420000 -1.260000
-4.953143 -3.101098 7.652246 -0.700000 -1.330000 0.070000
-4.907679 -3.141776 7.587641 -1.050000 -0.560000 -0.630000
-4.902894 -3.089134 7.764710 -0.490000 -1.400000 -0.630000
-4.929214 -3.081956 7.690532 -2.240000 -2.030000 -0.070000
-4.855037 -3.225525 7.685746 -0.490000 -1.260000 -0.350000
-4.855037 -3.225525 7.685746 -0.490000 -1.260000 -0.350000
-4.749753 -3.132205 7.802995 0.420000 -1.190000 -0.980000
-4.857430 -3.129812 7.755138 0.420000 -0.980000 -0.770000
-4.857430 -3.129812 7.755138 0.420000 -0.980000 -0.770000
-4.907679 -2.995814 7.695317 1.330000 -1.260000 -1.470000
-4.945964 -3.117848 7.726424 0.210000 -0.700000 -0.490000
-4.929214 -3.041277 7.587641 -0.910000 -1.120000 0.280000
-4.833502 -3.141776 7.865208 0.490000 0.140000 0.350000
-4.833502 -3.141776 7.865208 0.490000 0.140000 0.350000
-4.792823 -3.058028 7.759924 -1.610000 -0.070000 0.350000
-4.847858 -3.038885 7.795816 0.140000 0.280000 0.140000
-4.847858 -3.127419 7.774280 -0.840000 0.070000 0.140000
-4.852644 -3.144169 7.697710 -0.140000 0.770000 0.210000
-4.852644 -3.144169 7.697710 -0.140000 0.770000 0.210000
-4.852644 -3.144169 7.697710 -0.140000 0.770000 0.210000
-4.852644 -3.144169 7.697710 -0.140000 0.770000 0.210000
-4.881358 -3.139383 7.731210 0.980000 0.700000 -0.420000
-4.881358 -3.139383 7.731210 0.980000 0.700000 -0.420000
-4.881358 -3.139383 7.731210 0.980000 0.700000 -0.420000
-4.795217 -3.086741 7.793423 0.630000 -0.630000 -1.260000
-4.934000 -2.983850 7.714460 -0.070000 -0.840000 -0.700000
-4.965107 -3.014957 7.673782 -0.700000 -0.840000 -0.350000
-4.857430 -3.139383 7.745567 -0.140000 -0.420000 0.560000
-4.711468 -3.282953 7.791030 -0.420000 -0.490000 0.140000
-4.728218 -3.215954 7.733603 -0.980000 -0.630000 -0.420000
-4.713861 -3.101098 7.869993 0.630000 -1.120000 -1.470000
-4.878965 -3.101098 7.704889 -1.330000 -2.660000 -0.910000
-4.878965 -3.108276 7.767102 -1.680000 -3.150000 -1.540000
-4.902894 -3.146562 7.774280 -1.190000 -3.430000 -0.560000
-4.759324 -3.203990 7.812566 -0.560000 -3.430000 -0.490000
-4.735396 -3.273381 7.695317 -1.610000 -2.730000 -0.420000
-4.728218 -3.266203 7.884350 0.420000 -1.120000 -0.210000
-4.596612 -3.172883 7.884350 0.700000 1.190000 0.280000
-4.764110 -3.151347 7.735995 -0.980000 -0.350000 -0.420000
-4.778467 -3.270989 7.774280 -0.560000 0.700000 -0.840000
-4.778467 -3.270989 7.774280 -0.560000 0.700000 -0.840000
-4.795217 -3.208775 7.774280 -0.910000 0.350000 0.350000
-4.771288 -3.326023 7.786245 -0.560000 0.840000 0.350000
-4.706682 -3.227918 7.774280 0.490000 0.840000 -0.140000
-4.706682 -3.227918 7.774280 0.490000 0.840000 -0.140000
-4.706682 -3.227918 7.774280 0.490000 0.840000 -0.140000
-4.744967 -3.158526 7.750352 -0.350000 0.630000 0.350000
-4.764110 -3.213561 7.819745 -0.350000 0.490000 0.280000
-4.764110 -3.213561 7.819745 -0.350000 0.490000 0.280000
-4.768896 -3.227918 7.700103 -0.070000 0.280000 0.140000
-4.826324 -3.156133 7.750352 0.840000 0.770000 -0.210000
-4.780859 -2.995814 7.836494 0.770000 0.490000 0.280000
-4.759324 -3.244668 7.738388 -1.470000 -0.280000 0.910000
-4.759324 -3.256632 7.805387 -0.630000 -0.350000 -0.490000
-4.776074 -3.096312 7.719246 0.140000 0.350000 -0.070000
-4.809574 -3.184847 7.800602 -0.140000 0.280000 0.210000
-4.807181 -3.259024 7.747960 0.280000 0.560000 0.490000
-4.814359 -3.206382 7.776673 0.700000 0.560000 0.350000
-4.766503 -3.160919 7.709675 0.280000 -0.490000 0.350000
-4.807181 -3.153740 7.769495 -0.140000 -0.910000 -0.350000
-4.749753 -3.151347 7.822137 1.120000 -0.280000 0.210000
-4.778467 -3.192025 7.740781 -0.070000 -0.420000 0.210000
-4.835894 -3.182454 7.745567 0.210000 -0.350000 -0.140000
-4.835894 -3.182454 7.745567 0.210000 -0.350000 -0.140000
-4.735396 -3.170490 7.812566 -0.070000 0.280000 0.140000
-4.811966 -3.175276 7.752745 0.350000 -0.420000 -0.070000
-4.764110 -3.278167 7.752745 -0.700000 -0.560000 -0.560000
-4.785645 -3.194418 7.788638 -0.700000 -1.050000 0.070000
-4.742575 -3.213561 7.791030 1.750000 0.280000 -0.140000
-4.742575 -3.213561 7.791030 1.750000 0.280000 -0.140000
-4.752146 -3.034099 7.791030 0.560000 0.070000 0.140000
-4.840680 -3.345166 7.750352 -0.140000 -0.910000 0.070000
-4.754539 -3.146562 7.831708 -0.350000 0.210000 -0.420000
-4.790431 -3.182454 7.700103 0.420000 -0.420000 0.070000
-4.718646 -3.285345 7.764710 -0.560000 0.070000 -0.350000
-4.718646 -3.285345 7.764710 -0.560000 0.070000 -0.350000
-4.809574 -3.172883 7.757531 0.910000 0.420000 -0.210000
-4.749753 -3.194418 7.743174 0.630000 -0.210000 -0.070000
-4.768896 -3.203990 7.757531 0.560000 0.210000 -0.210000
-4.742575 -3.086741 7.819745 0.070000 -0.210000 -0.280000
-4.771288 -3.223132 7.692925 -1.120000 -1.120000 -0.140000
-4.823930 -3.251846 7.721639 -0.140000 -0.560000 -0.210000
-4.823930 -3.251846 7.721639 -0.140000 -0.560000 -0.210000
-4.713861 -3.239882 7.776673 -0.840000 -1.120000 -0.070000
-4.742575 -3.189633 7.767102 0.490000 0.140000 -0.700000
-4.826324 -3.220739 7.793423 -0.070000 -0.560000 -0.770000
-4.804788 -3.168097 7.695317 0.210000 -0.350000 -0.560000
-4.804788 -3.168097 7.695317 0.210000 -0.350000 -0.560000
-4.847858 -3.182454 7.740781 0.280000 -0.350000 -0.210000
-4.790431 -3.146562 7.783852 -0.560000 -1.120000 0.210000
-4.706682 -3.187240 7.719246 -0.070000 -0.700000 0.070000
-4.773681 -3.213561 7.879565 0.420000 -0.630000 -0.560000
-4.754539 -3.206382 7.776673 -1.050000 -0.840000 -0.140000
-4.785645 -3.297310 7.764710 0.980000 0.070000 -0.630000
-4.718646 -3.096312 7.745567 1.540000 0.140000 -0.490000
-4.718646 -3.096312 7.745567 1.540000 0.140000 -0.490000
-4.773681 -3.158526 7.724032 -0.700000 -0.840000 -0.210000
-4.721039 -3.199204 7.826923 0.140000 -1.260000 -0.700000
-4.673182 -3.278167 7.810174 0.490000 -0.280000 -0.560000
-4.673182 -3.278167 7.810174 0.490000 -0.280000 -0.560000
-4.711468 -3.232704 7.846066 0.420000 -0.280000 -0.560000
-4.706682 -3.096312 7.688138 -1.260000 -0.420000 -0.560000
-4.857430 -3.342773 7.779066 0.140000 0.420000 -0.770000
-4.694718 -3.170490 7.824530 1.120000 -0.350000 -0.630000
-4.694718 -3.170490 7.824530 1.120000 -0.350000 -0.630000
-4.694718 -3.170490 7.824530 1.120000 -0.350000 -0.630000
-4.694718 -3.170490 7.824530 1.120000 -0.350000 -0.630000
