-0.665205 8.650054 4.450650 3.850000 2.520000 -1.050000
-0.698704 8.472985 4.620540 0.350000 1.680000 1.330000
-0.748954 8.523234 4.644469 -1.470000 1.190000 1.400000
-0.748954 8.523234 4.644469 -1.470000 1.190000 1.400000
-0.665205 8.288737 4.455436 -1.190000 0.280000 2.310000
-0.689133 8.262416 4.443472 -0.910000 0.840000 1.470000
-0.653241 8.379664 4.366901 2.380000 1.120000 -0.420000
-0.653241 8.379664 4.366901 2.380000 1.120000 -0.420000
-0.667598 8.449057 4.563113 -1.890000 0.420000 -0.700000
-0.669990 8.317451 4.354938 -2.940000 -0.350000 -0.070000
-0.669990 8.317451 4.354938 -2.940000 -0.350000 -0.070000
-0.765703 8.298308 4.524827 -1.330000 0.350000 -0.840000
-0.715454 8.422735 4.594220 -2.310000 -0.350000 -1.400000
-0.770489 8.539984 4.689932 1.050000 0.910000 -0.700000
-0.662812 8.420342 4.539185 -1.330000 -0.840000 0.770000
-0.662812 8.420342 4.539185 -1.330000 -0.840000 0.770000
-0.631705 8.456236 4.433900 0.560000 -1.400000 0.420000
-0.727418 8.360522 4.637290 2.170000 -0.070000 1.890000
-0.727418 8.360522 4.637290 2.170000 -0.070000 1.890000
-0.641276 8.437093 4.546363 2.730000 0.910000 1.610000
-0.591027 8.157133 4.445865 1.050000 0.910000 1.820000
-0.569492 8.286345 4.539185 3.780000 1.190000 0.770000
-0.669990 8.202596 4.419543 1.750000 -1.190000 0.210000
-0.634098 8.250452 4.412365 1.120000 -0.210000 1.050000
-0.634098 8.250452 4.412365 1.120000 -0.210000 1.050000
-0.744168 8.312666 4.503292 3.570000 -0.210000 -0.840000
-0.641276 8.152347 4.400401 -2.520000 -2.030000 -0.210000
-0.605384 8.346166 4.240082 -0.980000 -0.560000 -0.770000
-0.691526 8.492127 4.347759 -1.050000 0.980000 -0.630000
-0.691526 8.492127 4.347759 -1.050000 0.980000 -0.630000
-0.691526 8.492127 4.347759 -1.050000 0.980000 -0.630000
-0.691526 8.492127 4.347759 -1.050000 0.980000 -0.630000
-0.691526 8.492127 4.347759 -1.050000 0.980000 -0.630000
-0.691526 8.492127 4.347759 -1.050000 0.980000 -0.630000
-0.691526 8.492127 4.347759 -1.050000 0.980000 -0.630000
-0.691526 8.492127 4.347759 -1.050000 0.980000 -0.630000
-0.748954 8.621340 4.515256 2.660000 1.680000 -1.050000
-0.586242 8.336594 4.436293 0.350000 -0.560000 0.560000
-0.586242 8.336594 4.436293 0.350000 -0.560000 0.560000
-0.581456 8.295916 4.362115 1.050000 -0.350000 0.280000
-0.614955 8.298308 4.328616 2.520000 -0.350000 -0.070000
-0.614955 8.298308 4.328616 2.520000 -0.350000 -0.070000
-0.701097 8.257630 4.271189 0.070000 -1.050000 0.210000
-0.619741 8.415558 4.448257 1.190000 0.700000 0.140000
-0.696311 8.542377 4.606184 -1.540000 -0.210000 -0.560000
-0.545564 8.310273 4.287938 -2.100000 0.420000 -0.350000
-0.545564 8.310273 4.287938 -2.100000 0.420000 -0.350000
-0.612563 8.401200 4.292724 -1.470000 0.140000 -1.050000
-0.612563 8.690732 4.374080 0.980000 0.630000 -1.680000
-0.739382 8.630912 4.457829 3.080000 1.820000 -1.680000
-0.717847 8.724231 4.603791 -0.700000 2.030000 -0.070000
-0.717847 8.724231 4.603791 -0.700000 2.030000 -0.070000
-0.717847 8.724231 4.603791 -0.700000 2.030000 -0.070000
-0.717847 8.724231 4.603791 -0.700000 2.030000 -0.070000
-0.717847 8.724231 4.603791 -0.700000 2.030000 -0.070000
-0.717847 8.724231 4.603791 -0.700000 2.030000 -0.070000
-0.717847 8.724231 4.603791 -0.700000 2.030000 -0.070000
-0.715454 8.394022 4.395615 -2.030000 -0.700000 1.820000
-0.550349 8.384450 4.354938 -3.710000 -0.630000 -0.350000
-0.638884 8.427521 4.393222 0.070000 -2.100000 -0.840000
-0.660419 8.606983 4.280759 5.180000 0.560000 -0.280000
-0.614955 8.571091 4.342973 -3.780000 -0.980000 2.520000
-0.674776 8.322237 4.302295 0.210000 0.420000 1.540000
-0.576670 8.389235 4.565506 -0.770000 -0.770000 0.280000
-0.595813 8.283953 4.316652 -3.640000 -1.050000 0.210000
-0.552742 8.604590 4.460221 0.560000 1.680000 -1.050000
-0.552742 8.604590 4.460221 0.560000 1.680000 -1.050000
-0.655633 8.611769 4.345366 0.490000 0.350000 -0.700000
-0.655633 8.611769 4.345366 0.490000 0.350000 -0.700000
-0.636491 8.362915 4.307081 3.710000 2.170000 -0.140000
-0.641276 8.516055 4.608576 -3.710000 -0.700000 -0.280000
-0.713061 8.528020 4.498507 3.920000 0.280000 -0.560000
-0.612563 8.449057 4.436293 -5.880000 -3.570000 0.840000
-0.583849 8.176274 4.285545 -0.770000 -3.360000 0.280000
-0.593420 8.379664 4.268795 -0.980000 -1.190000 -0.770000
-0.593420 8.379664 4.268795 -0.980000 -1.190000 -0.770000
-0.658026 8.465806 4.469792 -0.630000 0.560000 0.280000
-0.653241 8.458629 4.352544 3.150000 -0.070000 -1.540000
-0.653241 8.458629 4.352544 3.150000 -0.070000 -1.540000
-0.653241 8.458629 4.352544 3.150000 -0.070000 -1.540000
-0.538385 8.513663 4.235296 -1.470000 -0.980000 0.210000
-0.612563 8.539984 4.326223 0.350000 -0.490000 0.490000
-0.612563 8.539984 4.326223 0.350000 -0.490000 0.490000
-0.655633 8.413164 4.472186 0.840000 0.490000 1.260000
-0.614955 8.288737 4.302295 0.770000 -0.210000 -0.490000
-0.614955 8.274381 4.426722 0.140000 -0.840000 -0.560000
-0.669990 8.240881 4.266403 2.730000 0.070000 -0.980000
-0.693919 8.391629 4.319045 -1.890000 1.610000 0.280000
-0.605384 8.539984 4.522435 2.100000 2.380000 -1.540000
-0.777667 8.319844 4.412365 -3.710000 -2.590000 -0.980000
-0.674776 8.181061 4.122833 -4.830000 -3.640000 -1.190000
-0.344566 8.618947 4.187439 3.150000 4.620000 -2.870000
-0.689133 8.750552 4.481757 -0.980000 2.870000 0.910000
-0.689133 8.750552 4.481757 -0.980000 2.870000 0.910000
-0.863809 8.657232 4.637290 0.490000 3.080000 0.560000
-0.686740 8.571091 4.405186 -1.120000 -0.910000 0.910000
-0.574277 8.621340 4.462614 -0.420000 -0.280000 1.960000
-0.574277 8.621340 4.462614 -0.420000 -0.280000 1.960000
-0.703490 8.152347 4.383651 2.100000 0.420000 1.960000
-0.631705 8.238488 4.412365 3.850000 1.120000 0.210000
-0.681954 8.413164 4.297509 -1.680000 -2.590000 0.840000
-0.586242 8.458629 4.445865 3.080000 0.280000 -1.680000
-0.595813 8.305488 4.180261 -5.250000 -2.800000 1.400000
-0.646062 8.465806 4.400401 3.500000 1.610000 -1.400000
-0.643669 8.575876 4.390830 -0.630000 0.070000 -0.840000
-0.593420 8.367701 4.307081 -0.210000 0.700000 -0.350000
-0.689133 8.563912 4.421937 0.140000 0.350000 -0.840000
-0.593420 8.408379 4.388437 0.070000 -0.280000 -0.700000
-0.622134 8.439486 4.357330 0.630000 -0.630000 -0.840000
-0.686740 8.700303 4.402793 -0.770000 -0.070000 -0.490000
-0.622134 8.547162 4.424329 0.770000 -0.980000 -0.840000
-0.713061 8.592626 4.319045 1.050000 -0.490000 -0.700000
-0.713061 8.592626 4.319045 1.050000 -0.490000 -0.700000
-0.559920 8.372486 4.254438 -0.630000 -0.420000 0.770000
-0.641276 8.554340 4.206582 0.490000 -0.910000 0.490000
-0.669990 8.597411 4.388437 -1.050000 0.280000 2.170000
-0.734596 8.403593 4.228118 1.750000 -0.350000 0.560000
-0.586242 8.377272 4.340580 0.420000 -0.210000 0.560000
-0.574277 8.434700 4.371687 -1.330000 -0.490000 0.770000
-0.770489 8.281559 4.316652 4.480000 1.470000 -0.560000
-0.629312 8.370094 4.460221 4.760000 1.400000 -2.100000
-0.629312 8.370094 4.460221 4.760000 1.400000 -2.100000
-0.552742 8.702696 4.285545 8.680000 2.520000 -3.500000
-0.689133 8.482556 4.467400 2.870000 1.610000 -0.280000
-0.729811 8.528020 4.249653 1.120000 -0.770000 -0.840000
-0.729811 8.528020 4.249653 1.120000 -0.770000 -0.840000
-0.693919 8.662018 4.398008 -0.420000 -1.610000 -1.190000
-0.693919 8.662018 4.398008 -0.420000 -1.610000 -1.190000
-0.626920 8.590233 4.252046 0.210000 -0.210000 0.210000
-0.693919 8.508877 4.249653 0.840000 -0.210000 0.910000
-0.734596 8.508877 4.252046 -1.610000 -2.030000 -0.070000
-0.648455 8.618947 4.331009 0.630000 0.140000 0.770000
-0.648455 8.453842 4.331009 2.660000 0.070000 0.350000
-0.691526 8.523234 4.252046 -0.630000 -0.560000 0.700000
-0.643669 8.238488 4.192225 5.600000 1.260000 -0.770000
-0.643669 8.238488 4.192225 5.600000 1.260000 -0.770000
-0.765703 8.642875 4.189832 -2.030000 -1.400000 -1.610000
-0.612563 8.494520 4.347759 0.630000 1.330000 -1.260000
-0.612563 8.494520 4.347759 0.630000 1.330000 -1.260000
-0.612563 8.494520 4.347759 0.630000 1.330000 -1.260000
-0.612563 8.494520 4.347759 0.630000 1.330000 -1.260000
-0.612563 8.494520 4.347759 0.630000 1.330000 -1.260000
-0.672383 8.499306 4.218546 -2.310000 -0.910000 0.210000
-0.672383 8.499306 4.218546 -2.310000 -0.910000 0.210000
-0.672383 8.499306 4.218546 -2.310000 -0.910000 0.210000
-0.672383 8.499306 4.218546 -2.310000 -0.910000 0.210000
-0.672383 8.499306 4.218546 -2.310000 -0.910000 0.210000
-0.725025 8.566305 4.216154 -0.700000 0.140000 0.070000
-0.689133 8.415558 4.170690 2.870000 0.140000 -0.420000
-0.689133 8.415558 4.170690 2.870000 0.140000 -0.420000
-0.689133 8.415558 4.170690 2.870000 0.140000 -0.420000
-0.605384 8.449057 4.141976 -0.840000 -0.980000 0.140000
-0.598206 8.630912 4.405186 3.150000 0.840000 -0.280000
-0.693919 8.472985 4.292724 -0.700000 -1.890000 -0.490000
-0.693919 8.472985 4.292724 -0.700000 -1.890000 -0.490000
-0.646062 8.657232 4.187439 0.630000 -0.140000 -0.560000
-0.708275 8.690732 4.321437 -3.010000 -0.700000 -0.070000
-0.557528 8.609376 4.309474 1.050000 -0.350000 -0.630000
-0.756132 8.470592 4.175476 -1.120000 -1.890000 0.140000
-0.662812 8.712267 4.381258 4.690000 1.680000 -1.680000
-0.669990 8.489735 4.199404 -1.540000 -0.280000 1.260000
-0.650848 8.408379 4.390830 3.500000 1.610000 -1.400000
-0.669990 8.489735 4.436293 -1.820000 -1.120000 -1.050000
-0.669990 8.489735 4.436293 -1.820000 -1.120000 -1.050000
-0.662812 8.645268 4.106083 0.910000 0.210000 -0.630000
-0.739382 8.475377 4.134798 0.770000 -0.280000 -0.280000
-0.782453 8.568698 4.134798 1.960000 -0.700000 -1.470000
-0.598206 8.487342 4.137190 -2.940000 0.490000 1.190000
-0.598206 8.487342 4.137190 -2.940000 0.490000 1.190000
-0.598206 8.487342 4.137190 -2.940000 0.490000 1.190000
-0.708275 8.537591 4.354938 -4.060000 -1.470000 1.050000
-0.681954 8.484949 4.311867 1.680000 0.840000 -0.700000
-0.693919 8.645268 4.419543 -0.140000 1.470000 0.350000
-0.693919 8.645268 4.419543 -0.140000 1.470000 0.350000
-0.698704 8.547162 4.218546 0.070000 -0.350000 1.050000
-0.698704 8.547162 4.218546 0.070000 -0.350000 1.050000
-0.648455 8.530413 4.307081 3.920000 0.560000 -1.120000
-0.686740 8.537591 4.275974 0.210000 -0.210000 1.260000
-0.686740 8.537591 4.275974 0.210000 -0.210000 1.260000
-0.638884 8.602197 4.302295 -0.980000 -2.100000 0.140000
-0.638884 8.602197 4.302295 -0.980000 -2.100000 0.140000
-0.638884 8.602197 4.302295 -0.980000 -2.100000 0.140000
-0.569492 8.597411 4.149154 3.500000 -0.980000 -1.190000
-0.703490 8.482556 4.240082 4.060000 -0.910000 -1.820000
-0.717847 8.437093 4.041477 1.750000 -1.680000 -0.140000
-0.732204 8.446664 4.146761 4.340000 -0.630000 -2.170000
-0.581456 8.501699 3.897908 1.260000 -0.980000 -1.680000
-0.581456 8.501699 3.897908 1.260000 -0.980000 -1.680000
-0.691526 8.571091 4.192225 -2.240000 2.870000 0.420000
-0.727418 8.554340 4.168297 1.750000 2.310000 -0.490000
-0.679562 8.673983 4.256832 1.050000 2.380000 -0.350000
-0.679562 8.673983 4.256832 1.050000 2.380000 -0.350000
-0.794417 8.697910 4.445865 1.400000 1.190000 0.350000
-0.677169 8.587841 4.362115 -0.700000 1.190000 0.840000
-0.674776 8.398808 4.280759 0.420000 -0.420000 1.260000
-0.662812 8.310273 4.275974 -2.870000 -3.080000 0.490000
-0.662812 8.310273 4.275974 -2.870000 -3.080000 0.490000
-0.662812 8.310273 4.275974 -2.870000 -3.080000 0.490000
-0.720240 8.606983 4.232903 -2.170000 -1.260000 -0.420000
-0.720240 8.606983 4.232903 -2.170000 -1.260000 -0.420000
-0.600598 8.559127 3.931407 3.990000 0.910000 -1.750000
-0.787239 8.865408 4.259224 3.710000 2.100000 -3.430000
-0.696311 8.580662 4.034299 0.560000 0.630000 0.210000
-0.765703 8.403593 3.842873 1.330000 -0.980000 -1.540000
-0.765703 8.403593 3.842873 1.330000 -0.980000 -1.540000
-0.770489 8.743374 4.208975 -1.470000 0.350000 0.700000
-0.595813 8.597411 4.015156 1.400000 -0.140000 -0.070000
-0.854238 8.530413 4.151547 -8.330000 -2.660000 2.730000
-0.725025 8.863015 4.328616 1.400000 0.980000 -0.420000
-0.725025 8.863015 4.328616 1.400000 0.980000 -0.420000
-0.725025 8.863015 4.328616 1.400000 0.980000 -0.420000
-0.780060 8.508877 4.170690 3.640000 1.190000 -1.470000
-0.631705 8.748159 4.110869 -3.080000 -0.350000 0.140000
-0.827917 8.568698 4.055835 -2.730000 1.750000 1.540000
-0.722632 8.233703 4.079762 -1.470000 1.260000 0.980000
-0.701097 8.231310 3.957729 3.640000 2.100000 -0.700000
-0.691526 9.056834 4.259224 2.170000 3.150000 -1.050000
-0.792024 8.647661 4.206582 -1.260000 1.680000 -0.700000
-0.792024 8.647661 4.206582 -1.260000 1.680000 -0.700000
-0.619741 8.477771 4.249653 1.960000 2.100000 -1.820000
-0.782453 8.796017 4.331009 0.350000 1.540000 -1.120000
-0.859023 8.638089 4.386044 -0.630000 0.490000 0.840000
-0.720240 8.695518 4.197011 -1.750000 -0.770000 0.140000
-0.720240 8.482556 4.259224 0.070000 -0.770000 -0.210000
-0.720240 8.482556 4.259224 0.070000 -0.770000 -0.210000
-0.758525 8.353344 4.134798 3.850000 0.280000 -1.400000
-0.758525 8.353344 4.134798 3.850000 0.280000 -1.400000
-0.775275 8.506484 4.153940 -2.380000 -1.050000 -0.350000
-0.813560 8.621340 4.051049 0.770000 -0.980000 -1.260000
-0.744168 8.750552 4.225725 -1.610000 -0.770000 -0.490000
-0.777667 8.721838 4.118048 0.700000 0.840000 0.630000
-0.777667 8.721838 4.118048 0.700000 0.840000 0.630000
-0.777667 8.721838 4.118048 0.700000 0.840000 0.630000
-0.777667 8.721838 4.118048 0.700000 0.840000 0.630000
-0.777667 8.721838 4.118048 0.700000 0.840000 0.630000
-0.777667 8.721838 4.118048 0.700000 0.840000 0.630000
-0.777667 8.721838 4.118048 0.700000 0.840000 0.630000
-0.684347 8.487342 4.048656 2.870000 1.050000 -0.350000
-0.736989 8.633304 4.208975 -0.140000 1.190000 0.140000
-0.772882 8.444271 4.161119 0.490000 0.420000 -0.700000
-0.727418 8.678767 4.369294 0.420000 0.350000 -1.190000
-0.727418 8.678767 4.369294 0.420000 0.350000 -1.190000
-0.811167 8.635696 4.237689 -1.050000 -2.100000 -0.280000
-0.777667 8.551948 4.216154 -1.610000 -2.100000 0.490000
-0.770489 8.566305 4.098906 -1.540000 -2.870000 -0.630000
-0.770489 8.566305 4.098906 -1.540000 -2.870000 -0.630000
-0.775275 8.240881 4.065405 2.450000 -1.260000 -0.350000
-0.605384 8.590233 3.945765 -1.610000 -1.890000 0.420000
-0.605384 8.590233 3.945765 -1.610000 -1.890000 0.420000
-0.789631 8.566305 4.120440 2.100000 -0.560000 0.140000
-0.811167 8.580662 4.048656 0.420000 -0.910000 -1.190000
-0.638884 8.611769 3.996014 3.430000 0.700000 -1.050000
-0.638884 8.611769 3.996014 3.430000 0.700000 -1.050000
-0.772882 8.470592 4.103691 -2.240000 0.280000 0.980000
-0.741775 8.451449 4.125226 -0.770000 1.400000 0.630000
-0.801596 8.477771 4.144369 0.420000 -0.490000 -0.840000
-0.801596 8.477771 4.144369 0.420000 -0.490000 -0.840000
-0.801596 8.477771 4.144369 0.420000 -0.490000 -0.840000
-0.806381 8.587841 3.967300 -4.690000 -1.540000 0.910000
-0.760918 8.494520 3.986443 -0.070000 -0.140000 0.490000
-0.780060 8.518449 3.921836 3.920000 1.680000 -0.700000
-0.744168 8.681160 4.058227 -0.770000 -0.840000 0.210000
-0.744168 8.681160 4.058227 -0.770000 -0.840000 0.210000
-0.880559 8.623734 4.039084 0.350000 -0.910000 0.210000
-0.610170 8.587841 4.108476 1.050000 0.350000 -0.630000
-0.624527 8.456236 3.976871 0.420000 0.070000 -0.700000
-0.624527 8.456236 3.976871 0.420000 0.070000 -0.700000
-0.574277 8.930015 4.108476 0.490000 2.030000 -0.700000
-0.803988 8.796017 4.352544 3.220000 1.540000 -1.540000
-0.803988 8.796017 4.352544 3.220000 1.540000 -1.540000
-0.832702 8.695518 4.063013 1.190000 -1.540000 -0.420000
-0.770489 8.487342 4.161119 6.720000 -0.980000 -2.240000
-0.717847 8.240881 3.730411 -3.710000 -3.220000 1.190000
-0.746561 8.769694 3.964907 -7.980000 -2.730000 1.470000
-0.701097 8.470592 4.046263 -5.180000 -0.910000 1.120000
-0.701097 8.470592 4.046263 -5.180000 -0.910000 1.120000
-0.681954 8.580662 4.108476 2.450000 2.240000 -1.260000
-0.775275 8.654840 4.053442 0.560000 0.560000 -0.560000
-0.701097 8.666803 4.113262 4.270000 1.960000 -2.170000
-0.835095 8.585447 3.890730 -3.780000 -2.380000 1.470000
-0.734596 8.678767 4.199404 3.500000 2.310000 -0.070000
-0.725025 8.496914 4.120440 -0.560000 -0.210000 -0.140000
-0.667598 8.523234 4.039084 -3.150000 -1.470000 1.050000
-0.832702 8.659625 4.228118 -6.650000 -2.170000 1.960000
-0.763310 8.494520 4.149154 3.990000 1.050000 -1.120000
-0.763310 8.494520 4.149154 3.990000 1.050000 -1.120000
-0.626920 8.700303 4.199404 -2.380000 -0.140000 -0.560000
-0.906880 8.736196 3.969693 0.630000 -0.280000 -0.840000
-0.686740 8.444271 4.106083 -2.380000 -0.560000 -0.140000
-0.758525 8.432307 4.204189 0.770000 -0.280000 -1.260000
-0.717847 8.697910 4.261617 -0.140000 -1.330000 -1.680000
-0.717847 8.697910 4.261617 -0.140000 -1.330000 -1.680000
-0.703490 8.738588 4.086941 -3.430000 -2.730000 -0.980000
-0.911665 8.788837 3.905087 3.500000 0.210000 -1.610000
-0.902094 8.863015 4.041477 -2.240000 0.490000 1.120000
-0.808774 8.523234 4.051049 -0.280000 0.700000 1.470000
-0.753739 8.520842 4.058227 -0.140000 0.770000 0.630000
-0.753739 8.520842 4.058227 -0.140000 0.770000 0.630000
-0.799203 8.544770 4.261617 3.010000 1.890000 -0.840000
-0.847059 8.606983 4.347759 -3.780000 -0.840000 1.680000
-0.847059 8.606983 4.347759 -3.780000 -0.840000 1.680000
-0.775275 8.683553 4.113262 1.960000 1.330000 0.700000
-0.811167 8.688338 4.228118 -1.750000 -0.070000 1.330000
-0.751346 8.499306 4.161119 -3.080000 -0.490000 2.310000
-0.758525 8.274381 4.005585 4.620000 0.350000 -0.770000
-0.643669 8.623734 4.074977 -6.580000 -2.450000 0.840000
-0.696311 8.449057 4.055835 -2.590000 -0.210000 1.400000
-0.701097 8.580662 4.285545 -1.190000 0.210000 0.840000
-0.770489 8.532805 4.134798 0.700000 -1.750000 -0.770000
-0.715454 8.482556 3.938586 -0.560000 -3.640000 -2.030000
-0.715454 8.482556 3.938586 -0.560000 -3.640000 -2.030000
-0.744168 8.441878 3.926622 -1.400000 -2.100000 -1.680000
-0.717847 8.865408 4.048656 -1.540000 1.050000 0.350000
-0.854238 8.863015 3.974478 3.500000 2.800000 -0.630000
-0.880559 8.480164 4.311867 -0.770000 -0.070000 -0.560000
-0.665205 8.697910 4.271189 -2.730000 -0.560000 0.770000
-0.777667 8.638089 4.120440 2.800000 0.140000 -1.190000
-0.799203 8.595018 4.189832 0.770000 0.140000 -0.280000
-0.715454 8.523234 4.153940 -2.240000 0.490000 1.680000
-0.629312 8.726624 4.216154 -3.010000 -0.420000 0.210000
-0.669990 8.530413 4.120440 0.910000 1.260000 0.700000
-0.669990 8.530413 4.120440 0.910000 1.260000 0.700000
-0.669990 8.530413 4.120440 0.910000 1.260000 0.700000
-0.669990 8.530413 4.120440 0.910000 1.260000 0.700000
-0.808774 8.669197 4.311867 -0.700000 -0.350000 -0.910000
-0.693919 8.592626 4.247260 -0.420000 -0.910000 1.120000
-0.693919 8.592626 4.247260 -0.420000 -0.910000 1.120000
-0.693919 8.592626 4.247260 -0.420000 -0.910000 1.120000
-0.610170 8.528020 4.180261 3.360000 0.700000 -0.210000
-0.650848 8.575876 4.134798 -2.030000 -1.330000 0.280000
-0.746561 8.374879 4.244867 1.260000 0.280000 -0.490000
-0.614955 8.578269 4.144369 -2.800000 -1.050000 0.140000
-0.614955 8.578269 4.144369 -2.800000 -1.050000 0.140000
-0.758525 8.398808 4.098906 -2.800000 0.210000 -0.350000
-0.631705 8.489735 4.517649 3.640000 2.590000 -2.450000
-0.631705 8.489735 4.517649 3.640000 2.590000 -2.450000
-0.715454 8.458629 4.493721 -0.630000 -0.490000 -2.730000
-0.760918 8.640482 4.441079 3.150000 -0.210000 -3.290000
-0.713061 8.599805 4.364508 -0.280000 -2.100000 -1.890000
-0.847059 8.729016 4.115655 0.630000 -1.820000 -1.750000
-0.741775 8.676375 3.876373 -2.520000 -2.100000 -1.260000
-0.818345 8.566305 4.177868 1.750000 -0.070000 -0.700000
-0.849452 8.752945 4.065405 2.870000 1.120000 -0.770000
-0.849452 8.752945 4.065405 2.870000 1.120000 -0.770000
-0.825524 8.705089 4.314260 3.780000 3.360000 0.280000
-0.825524 8.705089 4.314260 3.780000 3.360000 0.280000
-0.787239 8.602197 4.347759 -3.220000 3.360000 1.750000
-0.729811 8.626125 4.113262 -1.050000 0.140000 1.260000
-0.729811 8.626125 4.113262 -1.050000 0.140000 1.260000
-0.684347 8.262416 4.225725 1.610000 1.050000 0.840000
-0.691526 8.425128 4.333402 2.800000 0.910000 -0.910000
-0.691526 8.425128 4.333402 2.800000 0.910000 -0.910000
-0.741775 8.444271 4.220939 -2.870000 -0.420000 0.280000
-0.648455 8.255238 4.043870 -1.400000 0.070000 0.070000
-0.626920 8.587841 4.359723 0.280000 0.770000 -1.540000
-0.789631 8.573483 4.290331 -0.210000 -0.490000 -1.750000
-0.789631 8.561519 4.127619 -4.760000 -3.220000 0.280000
-0.789631 8.595018 4.134798 -1.190000 -0.280000 0.140000
-0.789631 8.595018 4.134798 -1.190000 -0.280000 0.140000
-0.772882 8.678767 4.125226 0.560000 -0.350000 -1.050000
-0.789631 8.480164 4.208975 1.050000 2.590000 1.680000
-0.686740 8.470592 4.283153 -0.910000 1.540000 1.050000
-0.660419 8.606983 4.417150 0.560000 1.960000 -0.700000
-0.713061 8.563912 4.287938 -0.980000 -0.420000 -0.700000
-0.746561 8.681160 4.252046 1.400000 0.140000 -0.350000
-0.746561 8.681160 4.252046 1.400000 0.140000 -0.350000
-0.803988 8.429914 4.366901 -1.890000 -1.820000 1.330000
-0.775275 8.530413 4.280759 2.520000 -0.140000 -0.560000
-0.662812 8.307880 4.206582 -2.100000 -1.890000 0.770000
-0.653241 8.427521 4.168297 0.280000 -2.170000 -2.310000
-0.787239 8.635696 4.017549 -0.490000 -1.120000 -1.260000
-0.787239 8.635696 4.017549 -0.490000 -1.120000 -1.260000
-0.827917 8.662018 4.216154 1.470000 1.960000 -0.280000
-0.906880 8.458629 4.275974 -1.050000 0.070000 0.210000
-0.751346 8.556733 4.381258 -1.610000 0.770000 0.980000
-0.751346 8.556733 4.381258 -1.610000 0.770000 0.980000
-0.732204 8.547162 4.249653 -0.700000 -0.140000 1.050000
-0.732204 8.547162 4.249653 -0.700000 -0.140000 1.050000
-0.782453 8.535198 4.223332 -4.550000 -3.500000 -1.470000
-0.782453 8.535198 4.223332 -4.550000 -3.500000 -1.470000
-0.650848 8.559127 4.110869 1.050000 1.190000 -1.610000
-0.899701 8.606983 4.118048 0.070000 0.840000 -0.280000
-0.708275 8.626125 4.366901 -1.330000 2.100000 0.560000
-0.820738 8.587841 4.290331 2.870000 2.590000 0.700000
-0.875773 8.626125 4.488935 -0.070000 0.980000 1.890000
-0.875773 8.626125 4.488935 -0.070000 0.980000 1.890000
-0.629312 8.350951 4.352544 -0.420000 -0.560000 0.980000
-0.629312 8.350951 4.352544 -0.420000 -0.560000 0.980000
-0.547956 8.446664 4.565506 -2.100000 -2.450000 0.560000
-0.760918 8.506484 4.323831 5.530000 -0.910000 -1.470000
-0.823131 8.465806 4.237689 -1.050000 -4.830000 -0.770000
-0.854238 8.386844 4.113262 1.260000 -4.550000 -1.260000
-0.677169 8.461020 4.031906 0.560000 -3.360000 -1.260000
-0.677169 8.461020 4.031906 0.560000 -3.360000 -1.260000
-0.868595 8.666803 3.926622 -2.240000 -2.730000 0.140000
-0.760918 8.563912 3.993621 -0.700000 1.750000 1.470000
-0.760918 8.563912 3.993621 -0.700000 1.750000 1.470000
-0.765703 8.441878 4.122833 0.910000 1.050000 0.350000
-0.772882 8.528020 4.151547 0.980000 0.840000 0.700000
-0.705883 8.391629 4.084548 -0.210000 1.330000 1.120000
-0.725025 8.343772 4.237689 5.530000 3.570000 -0.770000
-0.674776 8.609376 4.297509 4.200000 2.660000 -1.120000
-0.665205 8.506484 4.237689 -1.960000 0.280000 0.140000
-0.703490 8.539984 4.426722 -1.400000 1.050000 -0.070000
-0.780060 8.434700 4.383651 -1.750000 0.280000 0.700000
-0.780060 8.434700 4.383651 -1.750000 0.280000 0.700000
-0.705883 8.554340 4.457829 -1.540000 -0.070000 -0.420000
-0.799203 8.405986 4.254438 -1.330000 -1.330000 -0.770000
-0.641276 8.662018 4.295116 -1.820000 -0.840000 -0.070000
-0.691526 8.374879 4.261617 1.960000 -0.770000 -1.050000
-0.681954 8.389235 4.249653 -5.740000 -2.730000 0.770000
-0.624527 8.662018 4.283153 -0.700000 1.540000 1.190000
-0.617348 8.456236 4.383651 3.500000 1.470000 -1.050000
-0.617348 8.456236 4.383651 3.500000 1.470000 -1.050000
-0.617348 8.456236 4.383651 3.500000 1.470000 -1.050000
-0.617348 8.456236 4.383651 3.500000 1.470000 -1.050000
-0.617348 8.456236 4.383651 3.500000 1.470000 -1.050000
-0.617348 8.456236 4.383651 3.500000 1.470000 -1.050000
-0.617348 8.456236 4.383651 3.500000 1.470000 -1.050000
-0.617348 8.456236 4.383651 3.500000 1.470000 -1.050000
-0.617348 8.456236 4.383651 3.500000 1.470000 -1.050000
-0.715454 8.360522 4.407579 1.050000 -0.490000 -1.610000
-0.681954 8.420342 4.275974 1.330000 0.140000 -1.260000
-0.622134 8.449057 4.192225 2.520000 0.980000 -1.610000
-0.744168 8.745767 4.347759 3.780000 0.490000 -1.610000
-0.744168 8.745767 4.347759 3.780000 0.490000 -1.610000
-0.748954 8.477771 4.448257 3.990000 0.910000 -0.420000
-0.689133 8.633304 4.520042 2.660000 0.980000 -0.350000
-0.689133 8.633304 4.520042 2.660000 0.980000 -0.350000
-0.677169 8.472985 4.192225 0.350000 -3.010000 -0.490000
-0.701097 8.599805 4.151547 0.840000 -1.610000 -0.770000
-0.741775 8.568698 4.000800 -4.060000 -1.680000 0.910000
-0.686740 8.317451 4.074977 -0.630000 0.280000 0.350000
-0.686740 8.317451 4.074977 -0.630000 0.280000 0.350000
-0.799203 8.398808 4.218546 0.070000 0.280000 -0.910000
