9.667004 0.198604 1.808974 0.980000 0.700000 0.210000
9.681360 0.174676 1.847259 1.540000 -0.770000 -0.490000
9.547362 0.062213 1.835295 0.210000 -1.890000 -0.770000
9.552148 0.172283 1.660619 0.770000 -1.260000 -1.050000
9.552148 0.172283 1.660619 0.770000 -1.260000 -1.050000
9.556933 0.210568 1.622334 0.070000 -0.700000 -0.910000
9.513863 0.241675 1.758725 1.470000 1.050000 -1.260000
9.552148 0.189033 1.847259 0.560000 0.980000 -0.420000
9.552148 0.189033 1.847259 0.560000 0.980000 -0.420000
9.518648 0.196211 1.878366 0.490000 -0.070000 0.070000
9.518648 0.196211 1.878366 0.490000 -0.070000 0.070000
9.628718 0.157926 1.820938 0.840000 -0.980000 -0.560000
9.585647 0.179462 1.804188 0.350000 -0.700000 -0.420000
9.595219 0.153141 1.777867 1.050000 -0.630000 -0.770000
9.595219 0.153141 1.777867 1.050000 -0.630000 -0.770000
9.611969 0.155533 1.722832 0.070000 -1.260000 -0.980000
9.611969 0.155533 1.722832 0.070000 -1.260000 -0.980000
9.504292 0.162712 1.691726 1.260000 -0.420000 -1.750000
9.518648 0.203390 1.734797 -0.350000 -0.420000 -0.560000
9.635897 0.210568 1.744368 -0.070000 -0.490000 -0.560000
9.635897 0.210568 1.744368 -0.070000 -0.490000 -0.560000
9.552148 0.220140 1.715654 -1.260000 -0.630000 1.260000
9.638289 0.150748 1.775474 -1.750000 -0.140000 0.630000
9.655040 0.212961 1.727618 0.350000 1.120000 -1.400000
9.614362 0.351745 1.871187 2.310000 1.820000 -0.980000
9.614362 0.351745 1.871187 2.310000 1.820000 -0.980000
9.702895 0.258425 1.919044 0.490000 0.070000 -0.070000
9.595219 0.119641 1.921437 0.840000 -0.490000 -0.350000
9.592826 0.205783 1.907080 0.280000 -1.470000 -1.190000
9.623933 0.205783 1.785046 1.540000 -1.190000 -1.680000
9.516255 0.313460 1.710868 0.980000 -1.470000 -1.190000
9.516255 0.313460 1.710868 0.980000 -1.470000 -1.190000
9.523434 0.217747 1.720440 0.700000 -1.470000 -0.980000
9.583255 0.320638 1.624727 -0.630000 -1.330000 -0.070000
9.528220 0.174676 1.734797 0.490000 -0.350000 0.070000
9.576077 0.208176 1.792224 -0.350000 -0.420000 0.070000
9.576077 0.208176 1.792224 -0.350000 -0.420000 0.070000
9.564112 0.272782 1.770689 0.980000 0.490000 -0.700000
9.564112 0.272782 1.770689 0.980000 0.490000 -0.700000
9.523434 0.275175 1.722832 0.840000 -0.350000 0.420000
9.700503 0.270389 1.674976 -2.800000 -1.050000 2.240000
9.657433 0.090927 1.674976 -0.560000 -0.350000 0.210000
9.583255 0.287139 1.744368 -0.280000 0.210000 -2.520000
9.583255 0.287139 1.744368 -0.280000 0.210000 -2.520000
9.506684 0.299103 1.765903 1.470000 0.490000 -2.100000
9.568897 0.387637 1.811367 0.210000 -0.280000 -0.350000
9.568897 0.387637 1.811367 0.210000 -0.280000 -0.350000
9.583255 0.358923 1.777867 0.630000 -1.050000 0.070000
9.583255 0.358923 1.777867 0.630000 -1.050000 0.070000
9.588040 0.119641 1.799403 0.210000 -1.470000 -0.350000
9.518648 0.296710 1.689333 -0.210000 -2.030000 0.070000
9.576077 0.313460 1.682154 -1.400000 -1.890000 0.350000
9.576077 0.313460 1.682154 -1.400000 -1.890000 0.350000
9.540184 0.265603 1.725225 1.680000 -1.050000 -0.140000
9.540184 0.265603 1.725225 1.680000 -1.050000 -0.140000
9.540184 0.265603 1.725225 1.680000 -1.050000 -0.140000
9.540184 0.265603 1.725225 1.680000 -1.050000 -0.140000
9.554541 0.160319 1.634298 1.050000 -0.490000 -0.630000
9.588040 0.227318 1.634298 0.980000 -0.350000 -0.560000
9.619147 0.244068 1.658226 -0.210000 -0.630000 -0.210000
9.676575 0.239282 1.696511 1.400000 -0.210000 -0.630000
9.693325 0.234497 1.696511 1.400000 -0.490000 -0.490000
9.616754 0.303888 1.634298 1.330000 -0.630000 -0.980000
9.710074 0.251246 1.636691 0.490000 -0.910000 -0.070000
9.623933 0.323031 1.600798 2.380000 0.140000 -0.420000
9.568897 0.277567 1.629512 -0.700000 -1.120000 0.700000
9.571291 0.191426 1.684547 -1.890000 -1.260000 -0.140000
9.604790 0.299103 1.703690 1.120000 -0.840000 -1.400000
9.628718 0.294317 1.598405 -0.350000 -1.610000 -1.190000
9.573684 0.275175 1.576870 0.560000 -0.910000 -1.400000
9.573684 0.275175 1.576870 0.560000 -0.910000 -1.400000
9.511470 0.363709 1.581656 0.630000 -0.770000 -0.490000
9.511470 0.363709 1.581656 0.630000 -0.770000 -0.490000
9.597611 0.339781 1.636691 -0.070000 -0.210000 0.770000
9.657433 0.394816 1.526621 0.350000 -0.420000 1.330000
9.657433 0.394816 1.526621 0.350000 -0.420000 1.330000
9.736395 0.356531 1.548156 1.120000 -0.420000 1.260000
9.640682 0.169890 1.619941 0.910000 -0.070000 1.750000
9.571291 0.055035 1.543371 0.630000 0.350000 -0.210000
9.578469 0.057428 1.596013 1.890000 0.630000 -1.610000
9.604790 0.301496 1.569692 0.770000 0.490000 -1.400000
9.645468 0.337388 1.663012 0.070000 -0.210000 -0.910000
9.554541 0.299103 1.572084 0.980000 -0.210000 -0.980000
9.554541 0.299103 1.572084 0.980000 -0.210000 -0.980000
9.647861 0.275175 1.581656 -1.050000 -0.980000 -0.630000
9.647861 0.275175 1.581656 -1.050000 -0.980000 -0.630000
9.647861 0.275175 1.581656 -1.050000 -0.980000 -0.630000
9.659825 0.301496 1.560120 0.910000 1.400000 -2.240000
9.659825 0.301496 1.560120 0.910000 1.400000 -2.240000
9.659825 0.301496 1.560120 0.910000 1.400000 -2.240000
9.657433 0.610170 1.600798 1.680000 -2.100000 -1.820000
9.583255 0.579063 1.505085 -0.420000 -5.530000 -0.420000
9.559326 0.466600 1.414158 -3.710000 -6.790000 0.420000
9.528220 0.358923 1.452443 -2.170000 -3.220000 -0.070000
9.492328 0.313460 1.641476 -2.940000 0.910000 0.350000
9.489935 0.423530 1.741975 -1.540000 2.240000 -0.980000
9.425328 0.416351 2.007578 -0.630000 -0.350000 0.210000
9.540184 0.500100 1.959722 -0.420000 -1.400000 0.210000
9.549755 0.550349 1.703690 1.050000 -2.660000 -0.280000
9.822537 0.571885 1.488336 1.330000 -2.450000 0.210000
9.796216 0.619741 1.375873 3.010000 -1.470000 0.910000
9.657433 0.346959 1.457229 1.960000 -0.210000 0.770000
9.722038 0.227318 1.473979 1.330000 -0.070000 -0.070000
9.592826 0.519243 1.555335 3.290000 0.840000 -2.660000
9.609575 0.483350 1.586441 1.470000 0.070000 -1.050000
9.631111 0.478565 1.550549 0.910000 -0.630000 -0.280000
9.631111 0.478565 1.550549 0.910000 -0.630000 -0.280000
9.571291 0.363709 1.378266 0.070000 0.700000 -0.210000
9.571291 0.363709 1.378266 0.070000 0.700000 -0.210000
9.590433 0.478565 1.639083 -0.560000 0.700000 -1.050000
9.552148 0.538385 1.648655 -1.610000 -0.070000 -0.560000
9.552148 0.538385 1.648655 -1.610000 -0.070000 -0.560000
9.530612 0.512064 1.646262 -3.430000 -1.260000 -0.070000
9.595219 0.667598 1.579263 -0.980000 0.420000 -0.980000
9.576077 0.691526 1.741975 1.470000 2.450000 -0.350000
9.628718 0.595813 1.830509 -0.700000 1.540000 2.240000
9.645468 0.361316 1.856830 -0.350000 -0.980000 1.610000
9.540184 0.303888 1.782653 0.630000 -0.910000 0.910000
9.540184 0.303888 1.782653 0.630000 -0.910000 0.910000
9.647861 0.457029 1.627119 1.750000 -0.770000 -0.910000
9.635897 0.564706 1.540978 2.450000 0.140000 -1.400000
9.633504 0.380459 1.655833 -0.980000 -0.630000 0.420000
9.602397 0.476172 1.622334 2.590000 -0.350000 -2.660000
9.571291 0.655633 1.634298 -0.840000 -1.750000 -1.820000
9.571291 0.655633 1.634298 -0.840000 -1.750000 -1.820000
9.547362 0.636491 1.586441 -1.330000 -1.540000 -0.770000
9.494720 0.624527 1.564906 -0.980000 -1.610000 -0.700000
9.559326 0.638884 1.478764 0.490000 0.630000 -0.280000
9.559326 0.638884 1.478764 0.490000 0.630000 -0.280000
9.559326 0.622134 1.550549 -0.840000 1.050000 1.190000
9.564112 0.409173 1.730011 0.350000 1.540000 0.350000
9.633504 0.519243 1.696511 0.420000 1.330000 -0.420000
9.535398 0.574277 1.689333 1.610000 1.680000 -0.630000
9.683753 0.533599 1.643869 -0.980000 1.750000 0.980000
9.683753 0.533599 1.643869 -0.980000 1.750000 0.980000
9.633504 0.514457 1.799403 0.980000 0.350000 -0.840000
9.683753 0.650848 1.663012 0.770000 -1.260000 -0.770000
9.705289 0.547956 1.600798 -0.280000 -1.400000 1.120000
9.705289 0.547956 1.600798 -0.280000 -1.400000 1.120000
9.640682 0.418744 1.631905 1.540000 -0.700000 0.210000
9.626326 0.282353 1.533799 -0.490000 -1.470000 -0.910000
9.626326 0.282353 1.533799 -0.490000 -1.470000 -0.910000
9.556933 0.334995 1.567299 -0.070000 0.210000 -3.080000
9.576077 0.382852 1.713261 0.560000 0.210000 -3.500000
9.523434 0.777667 1.730011 0.770000 0.980000 -3.990000
9.571291 0.782453 1.698904 0.700000 0.210000 -3.360000
9.626326 0.693919 1.646262 -1.330000 -0.560000 -2.450000
9.626326 0.693919 1.646262 -1.330000 -0.560000 -2.450000
9.626326 0.693919 1.646262 -1.330000 -0.560000 -2.450000
9.626326 0.693919 1.646262 -1.330000 -0.560000 -2.450000
9.626326 0.693919 1.646262 -1.330000 -0.560000 -2.450000
9.544970 0.614955 1.718047 2.520000 4.270000 -0.420000
9.576077 0.626920 1.885544 0.980000 1.890000 -0.770000
9.576077 0.626920 1.885544 0.980000 1.890000 -0.770000
9.607183 0.686740 1.842474 1.120000 0.770000 -0.210000
9.714860 0.636491 1.773082 -1.190000 -2.310000 0.840000
9.698111 0.638884 1.689333 -0.070000 -1.330000 1.330000
9.698111 0.638884 1.689333 -0.070000 -1.330000 1.330000
9.602397 0.519243 1.667797 -1.330000 -3.780000 0.420000
9.600004 0.579063 1.660619 -0.350000 -2.730000 -1.890000
9.578469 0.665205 1.610370 -0.070000 -2.590000 -2.520000
9.590433 0.653241 1.627119 0.840000 -2.170000 -2.800000
9.516255 0.629312 1.538585 -0.700000 -1.680000 -2.170000
9.516255 0.629312 1.538585 -0.700000 -1.680000 -2.170000
9.516255 0.705883 1.531406 1.260000 0.630000 -3.430000
9.578469 0.686740 1.605584 1.330000 1.120000 -2.240000
9.492328 0.722632 1.598405 1.120000 0.980000 -1.260000
9.556933 0.806381 1.624727 1.960000 3.500000 -0.770000
9.578469 0.849452 1.651048 0.700000 1.610000 0.420000
9.597611 0.708275 1.655833 -0.070000 1.190000 0.910000
9.530612 0.655633 1.708475 -0.140000 0.980000 1.050000
9.619147 0.624527 1.741975 -0.070000 -0.420000 0.070000
9.554541 0.703490 1.691726 0.420000 -0.560000 -0.770000
9.554541 0.703490 1.691726 0.420000 -0.560000 -0.770000
9.554541 0.703490 1.691726 0.420000 -0.560000 -0.770000
9.554541 0.703490 1.691726 0.420000 -0.560000 -0.770000
9.588040 0.720240 1.739582 -1.610000 -1.470000 -0.140000
9.588040 0.720240 1.739582 -1.610000 -1.470000 -0.140000
9.588040 0.720240 1.739582 -1.610000 -1.470000 -0.140000
9.588040 0.720240 1.739582 -1.610000 -1.470000 -0.140000
9.588040 0.720240 1.739582 -1.610000 -1.470000 -0.140000
9.588040 0.720240 1.739582 -1.610000 -1.470000 -0.140000
9.592826 0.799203 1.715654 1.400000 0.140000 -0.420000
9.556933 0.708275 1.562513 1.820000 1.750000 -1.540000
9.556933 0.708275 1.562513 1.820000 1.750000 -1.540000
9.509077 0.679562 1.722832 0.700000 0.140000 -0.700000
9.509077 0.679562 1.722832 0.700000 0.140000 -0.700000
9.509077 0.679562 1.722832 0.700000 0.140000 -0.700000
9.482756 0.758525 1.619941 -0.070000 -0.350000 0.070000
9.609575 0.777667 1.588834 0.350000 0.070000 -0.070000
9.614362 0.744168 1.708475 -0.070000 0.350000 -0.070000
9.614362 0.595813 1.794617 -0.560000 -0.420000 0.210000
9.614362 0.595813 1.794617 -0.560000 -0.420000 0.210000
9.676575 0.624527 1.785046 -0.560000 -0.350000 -0.980000
9.631111 0.784846 1.622334 0.420000 -0.700000 -1.470000
9.585647 0.792024 1.667797 0.560000 -1.120000 -1.050000
9.525827 0.760918 1.624727 -0.070000 -1.190000 -0.140000
9.621540 0.736989 1.622334 -0.420000 -1.260000 0.420000
9.597611 0.701097 1.627119 -1.400000 -1.400000 0.700000
9.616754 0.691526 1.607977 0.210000 -1.190000 -0.560000
9.576077 0.715454 1.636691 -0.490000 -0.770000 -1.050000
9.552148 0.753739 1.631905 0.210000 -0.420000 -0.910000
9.544970 0.780060 1.557728 0.280000 0.140000 -0.490000
9.544970 0.780060 1.557728 0.280000 0.140000 -0.490000
9.609575 0.720240 1.591227 -0.910000 0.140000 0.560000
9.568897 0.799203 1.569692 0.490000 0.420000 0.560000
9.568897 0.799203 1.569692 0.490000 0.420000 0.560000
9.552148 0.760918 1.581656 -0.140000 0.910000 0.280000
9.604790 0.744168 1.619941 -1.190000 0.630000 0.560000
9.566505 0.602991 1.643869 -4.410000 -0.140000 0.700000
9.633504 0.631705 1.655833 -0.140000 1.400000 -1.190000
9.633504 0.631705 1.655833 -0.140000 1.400000 -1.190000
9.662218 0.748954 1.763510 1.050000 1.050000 -2.310000
9.662218 0.748954 1.763510 1.050000 1.050000 -2.310000
9.657433 0.859023 1.694118 0.910000 -1.330000 -0.630000
9.504292 0.832702 1.677369 1.470000 -1.680000 0.700000
9.504292 0.677169 1.655833 0.560000 -1.820000 1.610000
9.504292 0.677169 1.655833 0.560000 -1.820000 1.610000
9.504292 0.677169 1.655833 0.560000 -1.820000 1.610000
9.528220 0.758525 1.555335 1.400000 -0.770000 -0.630000
9.597611 0.717847 1.536192 0.630000 0.280000 -0.350000
9.542577 0.684347 1.576870 5.250000 2.310000 -1.190000
9.628718 0.875773 1.663012 7.140000 2.590000 -1.120000
9.571291 0.787239 1.708475 0.770000 1.400000 0.070000
9.540184 0.727418 1.672583 0.070000 0.210000 0.700000
9.516255 0.693919 1.660619 -0.630000 -0.490000 0.560000
9.619147 0.890130 1.627119 2.380000 0.910000 -0.630000
9.652647 0.772882 1.663012 -0.070000 0.070000 0.700000
9.544970 0.646062 1.646262 0.700000 0.490000 0.350000
9.542577 0.629312 1.686940 0.210000 -0.140000 0.280000
9.604790 0.837488 1.627119 -0.910000 -0.140000 -0.770000
9.607183 0.801596 1.639083 0.280000 -0.140000 -0.980000
9.513863 0.851845 1.655833 0.280000 0.490000 -0.560000
9.576077 0.705883 1.634298 0.070000 0.700000 -0.140000
9.576077 0.705883 1.634298 0.070000 0.700000 -0.140000
9.595219 0.763310 1.722832 0.770000 0.910000 -0.560000
9.564112 0.782453 1.773082 0.910000 0.140000 -0.630000
9.628718 0.772882 1.775474 0.910000 -0.490000 -0.770000
9.540184 0.717847 1.708475 -0.770000 -0.980000 -0.280000
9.571291 0.782453 1.725225 1.050000 -0.770000 -0.910000
9.542577 0.760918 1.698904 -0.560000 -0.910000 -0.840000
9.516255 0.825524 1.552942 1.260000 -0.070000 -0.560000
9.566505 0.880559 1.569692 0.280000 -0.070000 -0.560000
9.604790 0.842274 1.567299 -0.560000 -0.140000 -0.070000
9.604790 0.842274 1.567299 -0.560000 -0.140000 -0.070000
9.640682 0.792024 1.593620 -0.140000 0.070000 0.210000
9.635897 0.756132 1.667797 -0.490000 -0.070000 0.210000
9.499505 0.693919 1.706082 0.350000 -0.140000 -1.400000
9.657433 0.825524 1.579263 -0.210000 -0.210000 -1.120000
9.592826 0.815953 1.651048 0.490000 0.420000 -0.560000
9.552148 0.887737 1.713261 -0.210000 -0.770000 0.280000
9.592826 0.799203 1.579263 -1.820000 -2.030000 1.330000
9.609575 0.746561 1.476372 -1.330000 -0.490000 0.420000
9.585647 0.842274 1.505085 0.350000 0.770000 -0.350000
9.597611 0.844666 1.741975 0.210000 2.660000 -0.350000
9.571291 0.796810 1.811367 -0.420000 1.680000 -0.070000
9.607183 0.746561 1.849652 -0.140000 -0.490000 -0.630000
9.607183 0.746561 1.849652 -0.140000 -0.490000 -0.630000
9.588040 0.818345 1.619941 0.280000 -1.400000 -1.470000
9.588040 0.818345 1.619941 0.280000 -1.400000 -1.470000
9.521042 0.851845 1.514657 1.190000 -0.770000 -1.190000
9.521042 0.851845 1.514657 1.190000 -0.770000 -1.190000
9.521042 0.851845 1.514657 1.190000 -0.770000 -1.190000
9.454042 0.902094 1.596013 2.730000 2.240000 -1.890000
9.578469 0.923629 1.667797 0.210000 2.520000 0.350000
9.604790 0.875773 1.627119 -0.980000 -0.140000 1.540000
9.604790 0.875773 1.627119 -0.980000 -0.140000 1.540000
9.604790 0.748954 1.598405 -1.050000 0.700000 1.470000
9.430114 0.765703 1.751546 0.560000 0.980000 1.680000
9.616754 0.847059 1.677369 -0.070000 0.910000 0.770000
9.492328 0.684347 1.823331 -0.630000 0.560000 -0.210000
9.576077 0.732204 1.770689 -0.840000 -0.490000 -0.350000
9.509077 0.870987 1.684547 0.070000 0.630000 -0.280000
9.576077 0.885344 1.749153 0.350000 0.630000 -0.490000
9.442079 0.760918 1.773082 -0.560000 0.420000 -0.210000
9.449257 0.669990 1.789831 -1.470000 -0.770000 0.350000
9.449257 0.669990 1.789831 -1.470000 -0.770000 0.350000
9.592826 0.720240 1.746760 0.630000 -0.420000 0.070000
9.592826 0.720240 1.746760 0.630000 -0.420000 0.070000
9.494720 0.973879 1.603191 -0.210000 -0.350000 -0.280000
9.566505 0.847059 1.753939 0.700000 0.490000 0.490000
9.566505 0.847059 1.753939 0.700000 0.490000 0.490000
9.542577 0.748954 1.799403 -0.350000 -0.630000 1.540000
9.501899 0.751346 1.768296 -0.420000 -0.210000 1.400000
9.602397 0.686740 1.727618 -0.210000 0.070000 0.280000
9.664611 0.832702 1.753939 0.700000 0.560000 -0.280000
9.544970 0.732204 1.861616 0.980000 -0.350000 -0.490000
9.600004 0.727418 1.730011 -0.210000 -1.050000 -0.420000
9.523434 0.689133 1.694118 0.350000 -0.700000 -0.770000
9.554541 0.758525 1.758725 0.980000 -0.700000 -0.840000
9.554541 0.758525 1.758725 0.980000 -0.700000 -0.840000
9.566505 0.684347 1.682154 1.330000 -0.490000 -1.050000
9.566505 0.684347 1.682154 1.330000 -0.490000 -1.050000
9.399008 0.911665 1.758725 2.590000 1.750000 -0.070000
9.559326 0.937986 1.710868 1.610000 1.120000 1.330000
9.559326 0.937986 1.710868 1.610000 1.120000 1.330000
9.585647 0.748954 1.765903 -1.330000 -0.140000 3.010000
9.676575 0.662812 1.801795 -1.330000 -0.560000 3.080000
9.676575 0.662812 1.801795 -1.330000 -0.560000 3.080000
9.635897 0.744168 1.820938 1.120000 0.420000 -1.540000
9.631111 0.780060 1.825724 1.260000 0.070000 -1.540000
9.509077 0.748954 1.813759 -0.210000 -0.070000 -0.280000
9.509077 0.748954 1.813759 -0.210000 -0.070000 -0.280000
9.607183 0.844666 1.703690 1.750000 -0.490000 -0.490000
9.607183 0.844666 1.703690 1.750000 -0.490000 -0.490000
9.552148 0.801596 1.686940 -1.540000 -1.470000 1.050000
9.552148 0.801596 1.686940 -1.540000 -1.470000 1.050000
9.588040 0.703490 1.689333 0.490000 -0.910000 0.070000
9.588040 0.689133 1.631905 -0.420000 -0.630000 0.350000
9.609575 0.717847 1.689333 -0.070000 -0.140000 -0.910000
9.475577 0.722632 1.801795 -0.140000 0.770000 -0.560000
9.425328 0.617348 1.732404 -0.560000 1.680000 -1.400000
9.509077 0.708275 1.768296 -0.070000 3.220000 -2.380000
9.509077 0.708275 1.768296 -0.070000 3.220000 -2.380000
9.509077 0.823131 1.923829 0.840000 3.080000 -2.870000
9.511470 0.844666 1.916651 1.190000 2.030000 -2.940000
9.554541 1.009771 2.000400 -0.070000 -1.260000 -1.610000
9.547362 0.691526 1.741975 0.700000 -0.910000 0.910000
9.547362 0.691526 1.741975 0.700000 -0.910000 0.910000
9.523434 0.696311 1.737189 1.540000 -0.350000 0.840000
9.590433 0.748954 1.825724 0.770000 -1.190000 0.140000
9.489935 0.624527 1.718047 -0.700000 -2.310000 -0.630000
9.492328 0.880559 1.598405 -0.140000 -1.190000 -1.610000
9.485149 0.928415 1.579263 0.070000 0.070000 -1.610000
9.494720 0.954736 1.768296 -0.770000 -0.420000 -0.910000
9.604790 0.993021 1.586441 -0.420000 -0.630000 0.560000
9.559326 0.890130 1.615155 -1.540000 0.280000 1.470000
9.559326 0.890130 1.615155 -1.540000 0.280000 1.470000
9.559326 0.890130 1.615155 -1.540000 0.280000 1.470000
9.626326 0.689133 1.883151 0.140000 -0.700000 0.560000
9.611969 0.715454 1.890330 -0.910000 -1.400000 0.070000
9.427721 0.806381 1.696511 -0.490000 -1.260000 -0.840000
9.635897 0.902094 1.768296 1.330000 -0.420000 -1.120000
9.576077 0.851845 1.773082 0.210000 -1.120000 -1.120000
9.580862 0.818345 1.794617 0.350000 -1.820000 0.700000
9.547362 0.693919 1.617548 -0.070000 -1.470000 0.910000
9.635897 0.736989 1.605584 1.260000 -0.560000 -0.350000
9.633504 0.696311 1.536192 -0.630000 0.420000 0.210000
9.542577 0.646062 1.581656 -0.630000 0.770000 0.210000
9.521042 0.660419 1.619941 -0.910000 1.190000 -1.400000
9.573684 0.799203 1.718047 -0.560000 0.490000 -1.890000
9.559326 0.830309 1.744368 -1.260000 0.350000 -1.260000
9.485149 0.878166 1.722832 0.560000 1.050000 0.140000
9.494720 0.851845 1.797010 -0.420000 0.980000 0.070000
9.494720 0.851845 1.797010 -0.420000 0.980000 0.070000
9.590433 0.844666 1.785046 0.910000 1.190000 -0.070000
9.676575 0.787239 1.775474 0.630000 -0.700000 0.140000
9.676575 0.787239 1.775474 0.630000 -0.700000 0.140000
9.676575 0.787239 1.775474 0.630000 -0.700000 0.140000
9.676575 0.787239 1.775474 0.630000 -0.700000 0.140000
9.671788 0.732204 1.792224 -0.630000 -1.610000 0.140000
9.671788 0.732204 1.792224 -0.630000 -1.610000 0.140000
9.671788 0.732204 1.792224 -0.630000 -1.610000 0.140000
9.671788 0.732204 1.792224 -0.630000 -1.610000 0.140000
9.671788 0.732204 1.792224 -0.630000 -1.610000 0.140000
9.671788 0.732204 1.792224 -0.630000 -1.610000 0.140000
9.671788 0.732204 1.792224 -0.630000 -1.610000 0.140000
9.480364 0.923629 1.536192 -0.700000 -1.610000 -0.700000
9.571291 0.875773 1.540978 1.190000 -0.350000 -0.280000
9.602397 0.911665 1.529014 0.070000 0.560000 1.330000
9.597611 0.878166 1.481157 0.840000 2.450000 1.400000
9.597611 0.878166 1.481157 0.840000 2.450000 1.400000
9.616754 0.933201 1.462015 0.280000 3.360000 2.100000
9.616754 0.933201 1.462015 0.280000 3.360000 2.100000
9.504292 0.595813 1.875973 0.210000 2.380000 0.910000
9.504292 0.595813 1.875973 0.210000 2.380000 0.910000
9.556933 0.545564 1.892723 -0.350000 1.120000 0.490000
9.585647 0.624527 1.799403 -1.610000 -1.260000 -0.980000
9.585647 0.624527 1.799403 -1.610000 -1.260000 -0.980000
9.640682 0.914058 1.701297 1.470000 1.120000 -1.470000
9.521042 0.911665 1.749153 1.330000 1.400000 0.490000
9.521042 0.911665 1.749153 1.330000 1.400000 0.490000
9.626326 0.949951 1.694118 0.910000 0.630000 0.840000
9.466006 0.722632 1.887937 -1.190000 -0.980000 0.350000
9.463614 0.629312 1.785046 -0.560000 -1.330000 -0.350000
9.556933 0.756132 1.710868 -0.840000 -1.610000 -0.700000
9.638289 0.849452 1.734797 1.400000 -0.280000 -1.540000
9.559326 0.820738 1.765903 0.770000 -0.770000 -0.770000
9.576077 0.839881 1.732404 0.070000 -0.910000 -0.700000
9.576077 0.839881 1.732404 0.070000 -0.910000 -0.700000
9.511470 0.796810 1.718047 2.590000 -0.840000 0.140000
9.571291 0.744168 1.634298 -0.350000 -1.050000 0.700000
9.477970 0.732204 1.481157 0.700000 2.310000 0.420000
9.504292 0.772882 1.600798 -0.280000 2.520000 0.910000
9.487542 0.696311 1.840081 -0.420000 2.380000 0.420000
9.487542 0.696311 1.840081 -0.420000 2.380000 0.420000
9.592826 0.794417 1.780260 -2.030000 0.490000 0.350000
9.643075 0.873380 1.761117 -0.910000 -0.140000 -0.420000
9.643075 0.873380 1.761117 -0.910000 -0.140000 -0.420000
9.643075 0.873380 1.761117 -0.910000 -0.140000 -0.420000
9.571291 0.882952 1.770689 0.140000 -0.140000 -0.140000
9.542577 0.818345 1.797010 0.280000 -1.050000 -0.770000
9.542577 0.818345 1.797010 0.280000 -1.050000 -0.770000
9.542577 0.818345 1.797010 0.280000 -1.050000 -0.770000
9.470792 0.873380 1.682154 0.280000 -0.770000 -0.070000
9.561719 0.899701 1.672583 0.910000 0.700000 0.630000
9.501899 0.806381 1.660619 0.910000 2.030000 0.770000
9.573684 0.839881 1.732404 2.170000 1.750000 0.490000
9.628718 0.727418 1.823331 0.420000 -0.420000 0.490000
9.647861 0.768096 1.720440 -0.280000 -1.610000 0.980000
9.525827 0.567099 1.761117 -0.140000 -1.260000 -0.420000
9.602397 0.725025 1.670190 1.190000 -0.630000 -1.120000
9.537791 0.713061 1.708475 -0.630000 -0.350000 -1.330000
9.497113 0.885344 1.679761 -0.140000 0.630000 -0.630000
9.475577 0.839881 1.677369 -0.070000 0.280000 0.490000
9.657433 0.909273 1.639083 -0.420000 0.700000 0.840000
9.657433 0.909273 1.639083 -0.420000 0.700000 0.840000
9.537791 0.765703 1.804188 -0.560000 0.770000 0.770000
9.609575 0.729811 1.799403 0.420000 0.560000 -0.490000
9.619147 0.782453 1.856830 0.280000 0.140000 -0.770000
9.571291 0.916451 1.727618 0.630000 -1.050000 -0.630000
9.521042 0.794417 1.686940 0.210000 -0.490000 -0.140000
9.521042 0.794417 1.686940 0.210000 -0.490000 -0.140000
9.521042 0.794417 1.686940 0.210000 -0.490000 -0.140000
9.521042 0.794417 1.686940 0.210000 -0.490000 -0.140000
9.521042 0.794417 1.686940 0.210000 -0.490000 -0.140000
9.583255 0.847059 1.725225 1.120000 0.210000 -0.280000
9.650253 0.861416 1.715654 -0.560000 -0.070000 1.050000
9.559326 0.772882 1.758725 0.350000 0.070000 0.700000
9.559326 0.772882 1.758725 0.350000 0.070000 0.700000
9.466006 0.763310 1.727618 0.210000 -0.350000 0.770000
9.571291 0.691526 1.698904 0.140000 -1.050000 -0.280000
9.528220 0.799203 1.619941 -0.070000 0.070000 -0.210000
9.513863 0.811167 1.713261 -0.630000 -0.210000 -0.140000
9.513863 0.811167 1.713261 -0.630000 -0.210000 -0.140000
9.573684 0.875773 1.737189 0.560000 0.280000 -0.070000
9.509077 0.746561 1.823331 -0.980000 -0.280000 0.420000
9.537791 0.760918 1.732404 0.910000 -0.490000 -0.700000
9.549755 0.803988 1.698904 0.140000 -0.420000 -0.700000
9.542577 0.765703 1.722832 -0.910000 -0.560000 0.560000
9.530612 0.725025 1.732404 -1.190000 -0.840000 0.070000
9.592826 0.808774 1.624727 -0.630000 -0.910000 -0.280000
9.614362 0.887737 1.646262 0.980000 -0.420000 -0.910000
9.535398 0.815953 1.639083 0.210000 0.210000 -0.700000
9.511470 0.863809 1.725225 0.840000 0.280000 -0.140000
9.566505 0.744168 1.715654 -1.540000 -0.350000 0.840000
9.566505 0.744168 1.715654 -1.540000 -0.350000 0.840000
9.566505 0.744168 1.715654 -1.540000 -0.350000 0.840000
9.523434 0.763310 1.672583 -0.560000 -0.770000 -0.560000
9.516255 0.878166 1.677369 1.680000 1.190000 -1.190000
9.516255 0.878166 1.677369 1.680000 1.190000 -1.190000
9.516255 0.878166 1.677369 1.680000 1.190000 -1.190000
9.516255 0.878166 1.677369 1.680000 1.190000 -1.190000
9.516255 0.878166 1.677369 1.680000 1.190000 -1.190000
9.516255 0.878166 1.677369 1.680000 1.190000 -1.190000
9.516255 0.878166 1.677369 1.680000 1.190000 -1.190000
9.516255 0.878166 1.677369 1.680000 1.190000 -1.190000
9.516255 0.878166 1.677369 1.680000 1.190000 -1.190000
9.583255 0.739382 1.775474 0.140000 0.280000 0.210000
9.521042 0.815953 1.588834 0.350000 0.420000 -1.680000
9.477970 0.796810 1.651048 -0.490000 0.840000 -1.330000
9.549755 0.818345 1.653440 -0.490000 1.470000 -1.190000
9.544970 0.892523 1.710868 0.210000 2.170000 -0.840000
9.564112 0.957129 1.708475 -0.630000 1.610000 -0.700000
9.580862 0.988236 1.818545 0.840000 2.590000 -0.910000
9.576077 0.930808 1.954936 -0.280000 2.240000 0.280000
9.576077 0.930808 1.954936 -0.280000 2.240000 0.280000
9.607183 0.926022 1.921437 0.770000 2.100000 0.210000
9.509077 0.811167 1.969293 0.560000 0.630000 -0.350000
9.592826 0.827917 1.878366 -0.210000 -1.330000 -0.070000
9.592826 0.827917 1.878366 -0.210000 -1.330000 -0.070000
9.533006 0.813560 1.813759 0.770000 -0.910000 -0.630000
9.607183 0.835095 1.849652 0.140000 -1.050000 -0.420000
9.554541 0.746561 1.777867 0.490000 -1.470000 -1.050000
9.554541 0.746561 1.777867 0.490000 -1.470000 -1.050000
9.571291 0.921237 1.648655 0.280000 -0.910000 -0.770000
9.470792 0.880559 1.753939 0.140000 -0.700000 -0.770000
9.470792 0.880559 1.753939 0.140000 -0.700000 -0.770000
9.497113 0.969093 1.751546 1.400000 -0.070000 -0.700000
9.442079 0.923629 1.744368 -0.280000 -0.840000 -0.140000
9.504292 0.820738 1.758725 0.980000 -0.070000 0.490000
9.566505 0.928415 1.689333 1.470000 0.280000 -0.420000
9.705289 0.945165 1.763510 0.980000 0.980000 -0.140000
9.705289 0.945165 1.763510 0.980000 0.980000 -0.140000
9.609575 0.887737 1.797010 0.560000 1.050000 0.420000
9.499505 0.768096 1.871187 0.070000 -0.280000 -0.420000
9.559326 0.851845 1.770689 0.280000 -1.050000 -1.120000
9.564112 0.988236 1.730011 0.700000 -0.910000 -0.630000
9.564112 0.988236 1.730011 0.700000 -0.910000 -0.630000
9.506684 0.937986 1.684547 -0.700000 -0.840000 0.070000
9.506684 0.937986 1.684547 -0.700000 -0.840000 0.070000
9.535398 0.823131 1.753939 -0.280000 0.770000 0.630000
9.559326 0.882952 1.825724 -0.420000 0.280000 0.630000
9.559326 0.882952 1.825724 -0.420000 0.280000 0.630000
9.571291 0.801596 1.799403 -0.490000 0.280000 0.420000
9.571291 0.801596 1.799403 -0.490000 0.280000 0.420000
9.628718 0.861416 1.741975 -0.420000 0.140000 -0.210000
9.578469 0.859023 1.825724 -0.420000 0.070000 -0.070000
9.487542 0.859023 1.792224 0.210000 -0.210000 -0.420000
9.542577 0.789631 1.756332 -0.770000 -0.630000 0.140000
9.516255 0.811167 1.718047 0.630000 0.070000 -0.490000
9.516255 0.811167 1.718047 0.630000 0.070000 -0.490000
9.509077 0.870987 1.773082 0.840000 0.560000 -0.840000
9.516255 0.957129 1.744368 0.280000 0.630000 -0.840000
9.434900 0.878166 1.725225 -0.350000 0.350000 0.350000
9.540184 0.882952 1.727618 0.280000 0.560000 0.490000
9.506684 0.820738 1.787439 -1.190000 0.210000 1.190000
